1.0000001	-0.38215283	0.0846906	-0.0665166	0.013604499	-0.8406971	0.24706563	-0.08082539	0.06038924	-0.012022663	0.20875111	-0.15031078	0.071447514	-0.06470132	0.045802817	-0.17035055	0.12084986	-0.065320194	0.055412132	-0.042717185	0.06658694	-0.06660129	0.05378757	-0.041460533	0.044794638	-0.07829146	0.06907721	-0.05550977	0.044913832	-0.069693975
-0.38215283	1.0000004	-0.21815172	0.13180584	-0.019307943	0.24999803	-0.79539675	0.16643372	-0.1233776	0.017121878	-0.20950942	0.186167	-0.099892415	0.08751145	-0.061717276	0.14778833	-0.16385129	0.08415059	-0.07493941	0.055536475	-0.065718904	0.07505684	-0.06455195	0.048928462	-0.053541265	0.07254624	-0.079181686	0.06317338	-0.052372336	0.07744628
0.0846906	-0.21815172	1.0000005	-0.60205156	0.023467623	-0.08135541	0.17499672	-0.6748448	0.32491386	-0.021506533	0.081478335	-0.08042471	0.107795	-0.10781192	0.06211776	-0.067353204	0.07123902	-0.08345674	0.07798704	-0.05546368	0.033811476	-0.051021878	0.04924336	-0.038498726	0.04162757	-0.03745915	0.05186361	-0.04722396	0.03944829	-0.058055
-0.0665166	0.13180584	-0.60205156	1.0000004	-0.030733103	0.061957177	-0.14097735	0.32838264	-0.7017293	0.028219063	-0.07264318	0.06956024	-0.105732396	0.11608176	-0.070663735	0.05853622	-0.06451813	0.07813953	-0.08734716	0.05903219	-0.030635718	0.048002232	-0.047831498	0.03776778	-0.04138546	0.033495996	-0.049919575	0.044974193	-0.038428936	0.055160996
0.013604499	-0.019307943	0.023467623	-0.030733103	1.0000004	-0.014025989	0.021212123	-0.030353433	0.035743847	-0.9685828	0.025945991	-0.025979307	0.049642242	-0.07833947	0.1569088	-0.024796313	0.0260943	-0.056445643	0.066888295	-0.15036857	0.015783692	-0.03498656	0.036524456	-0.03537691	0.03999568	-0.017367473	0.034808904	-0.03778365	0.033485767	-0.055654548
-0.8406971	0.24999803	-0.08135541	0.061957177	-0.014025989	1.0000002	-0.3015631	0.077489324	-0.060565468	0.012358045	-0.31622016	0.15797657	-0.074639685	0.06547516	-0.047335885	0.16779257	-0.13455464	0.06659405	-0.057152975	0.04347853	-0.067219354	0.0672962	-0.05515511	0.041966293	-0.045738984	0.076054275	-0.07124425	0.055672716	-0.045533318	0.06889454
0.24706563	-0.79539675	0.17499672	-0.14097735	0.021212123	-0.3015631	1.0000001	-0.20034163	0.12514141	-0.018881492	0.21005829	-0.27918026	0.11454459	-0.103262365	0.0689604	-0.18522237	0.18031803	-0.100163385	0.08483726	-0.06407798	0.07830723	-0.089041196	0.07495284	-0.05751387	0.06205413	-0.09007342	0.09100392	-0.07533939	0.06140373	-0.093817115
-0.08082539	0.16643372	-0.6748448	0.32838264	-0.030353433	0.077489324	-0.20034163	1.0000001	-0.5923714	0.027751548	-0.08838306	0.08922641	-0.15329336	0.13351583	-0.07722022	0.07191461	-0.08024799	0.101148084	-0.099272214	0.066628814	-0.03700016	0.058177568	-0.05784994	0.044960648	-0.048817437	0.040567216	-0.05962903	0.05425444	-0.045761403	0.06576416
0.06038924	-0.1233776	0.32491386	-0.7017293	0.035743847	-0.060565468	0.12514141	-0.5923714	1.0000002	-0.03431689	0.07158792	-0.072743334	0.12612094	-0.16478094	0.07937998	-0.060850862	0.06586541	-0.09507437	0.10126795	-0.0689587	0.032160748	-0.053657707	0.054062273	-0.04288252	0.046435505	-0.035463084	0.054345917	-0.051065452	0.04317274	-0.06274634
-0.012022663	0.017121878	-0.021506533	0.028219063	-0.9685828	0.012358045	-0.018881492	0.027751548	-0.03431689	1.0000006	-0.022816453	0.022790754	-0.044335656	0.06872998	-0.18747254	0.021602763	-0.022913298	0.04891836	-0.059763934	0.12897238	-0.013750128	0.03025901	-0.031775557	0.030517159	-0.034614876	0.015092096	-0.030378478	0.032482922	-0.028908126	0.04722634
0.20875111	-0.20950942	0.081478335	-0.07264318	0.025945991	-0.31622016	0.21005829	-0.08838306	0.07158792	-0.022816453	1.0000001	-0.48600253	0.1531912	-0.1349233	0.0923601	-0.6144361	0.30752423	-0.14489393	0.11498267	-0.088272	0.18969351	-0.15849265	0.1207345	-0.09143755	0.0972743	-0.22387587	0.16265643	-0.1268888	0.09984992	-0.15728544
-0.15031078	0.186167	-0.08042471	0.06956024	-0.025979307	0.15797657	-0.27918026	0.08922641	-0.072743334	0.022790754	-0.48600253	0.99999964	-0.23644358	0.14803861	-0.09460555	0.29447916	-0.69478035	0.16439708	-0.1265753	0.08727766	-0.1219088	0.14757651	-0.12079142	0.083107986	-0.08899478	0.12833638	-0.14611247	0.10970877	-0.08861401	0.12483073
0.071447514	-0.099892415	0.107795	-0.105732396	0.049642242	-0.074639685	0.11454459	-0.15329336	0.12612094	-0.044335656	0.1531912	-0.23644358	0.9999995	-0.58240753	0.19390242	-0.13839947	0.17656757	-0.6135038	0.30471817	-0.19154295	0.076928444	-0.17561392	0.19615924	-0.1376071	0.13626632	-0.08408697	0.15345263	-0.17154795	0.13171889	-0.18340072
-0.06470132	0.08751145	-0.10781192	0.11608176	-0.07833947	0.06547516	-0.103262365	0.13351583	-0.16478094	0.06872998	-0.1349233	0.14803861	-0.58240753	0.9999992	-0.35071704	0.1138407	-0.14488511	0.3097287	-0.5757002	0.25328255	-0.06804539	0.14048016	-0.1633342	0.13366051	-0.14422818	0.07285435	-0.14181748	0.14150013	-0.12555946	0.16582246
0.045802817	-0.061717276	0.06211776	-0.070663735	0.1569088	-0.047335885	0.0689604	-0.07722022	0.07937998	-0.18747254	0.0923601	-0.09460555	0.19390242	-0.35071704	0.9999993	-0.088531	0.094915524	-0.22391607	0.2771895	-0.7945859	0.056706168	-0.12815326	0.1368233	-0.13939169	0.15953524	-0.062177125	0.12526307	-0.14041923	0.12606655	-0.20901603
-0.17035055	0.14778833	-0.067353204	0.05853622	-0.024796313	0.16779257	-0.18522237	0.07191461	-0.060850862	0.021602763	-0.6144361	0.29447916	-0.13839947	0.1138407	-0.088531	0.99999934	-0.5078494	0.12940039	-0.10894209	0.08048546	-0.35590538	0.16241938	-0.12292906	0.08738205	-0.095324345	0.24001034	-0.1955866	0.12048507	-0.097367264	0.13771582
0.12084986	-0.16385129	0.07123902	-0.06451813	0.0260943	-0.13455464	0.18031803	-0.08024799	0.06586541	-0.022913298	0.30752423	-0.69478035	0.17656757	-0.14488511	0.094915524	-0.5078494	0.9999991	-0.1791291	0.12603195	-0.09045255	0.16026954	-0.20921704	0.13850228	-0.09429153	0.09820438	-0.1785735	0.1723421	-0.12937756	0.10027428	-0.14434913
-0.065320194	0.08415059	-0.08345674	0.07813953	-0.056445643	0.06659405	-0.100163385	0.101148084	-0.09507437	0.04891836	-0.14489393	0.16439708	-0.6135038	0.3097287	-0.22391607	0.12940039	-0.1791291	0.99999917	-0.5173162	0.2026628	-0.081318185	0.20000601	-0.34769064	0.16697593	-0.1690402	0.08649404	-0.18772782	0.19643956	-0.16162412	0.19157378
0.055412132	-0.07493941	0.07798704	-0.08734716	0.066888295	-0.057152975	0.08483726	-0.099272214	0.10126795	-0.059763934	0.11498267	-0.1265753	0.30471817	-0.5757002	0.2771895	-0.10894209	0.12603195	-0.5173162	0.99999905	-0.42446402	0.06849562	-0.16931093	0.19569117	-0.18717936	0.17112003	-0.07466025	0.15333241	-0.17903455	0.14947072	-0.20575832
-0.042717185	0.055536475	-0.05546368	0.05903219	-0.15036857	0.04347853	-0.06407798	0.066628814	-0.0689587	0.12897238	-0.088272	0.08727766	-0.19154295	0.25328255	-0.7945859	0.08048546	-0.09045255	0.2026628	-0.42446402	0.9999994	-0.053208254	0.11679335	-0.13379355	0.14095722	-0.19124772	0.057174552	-0.12154566	0.12687345	-0.12340961	0.17496166
0.06658694	-0.065718904	0.033811476	-0.030635718	0.015783692	-0.067219354	0.07830723	-0.03700016	0.032160748	-0.013750128	0.18969351	-0.1219088	0.076928444	-0.06804539	0.056706168	-0.35590538	0.16026954	-0.081318185	0.06849562	-0.053208254	0.99999946	-0.16307521	0.09988217	-0.072371416	0.074592955	-0.8619548	0.19359504	-0.11342164	0.08136695	-0.12264031
-0.06660129	0.07505684	-0.051021878	0.048002232	-0.03498656	0.0672962	-0.089041196	0.058177568	-0.053657707	0.03025901	-0.15849265	0.14757651	-0.17561392	0.14048016	-0.12815326	0.16241938	-0.20921704	0.20000601	-0.16931093	0.11679335	-0.16307521	0.99999934	-0.55194145	0.19896616	-0.2066433	0.16382547	-0.6501445	0.28044838	-0.21731974	0.23591934
0.05378757	-0.06455195	0.04924336	-0.047831498	0.036524456	-0.05515511	0.07495284	-0.05784994	0.054062273	-0.031775557	0.1207345	-0.12079142	0.19615924	-0.1633342	0.1368233	-0.12292906	0.13850228	-0.34769064	0.19569117	-0.13379355	0.09988217	-0.55194145	0.9999991	-0.34449276	0.23540588	-0.10793775	0.2967674	-0.5150996	0.2657183	-0.2890761
-0.041460533	0.048928462	-0.038498726	0.03776778	-0.03537691	0.041966293	-0.05751387	0.044960648	-0.04288252	0.030517159	-0.09143755	0.083107986	-0.1376071	0.13366051	-0.13939169	0.08738205	-0.09429153	0.16697593	-0.18717936	0.14095722	-0.072371416	0.19896616	-0.34449276	0.99999905	-0.70863676	0.076136276	-0.21055843	0.26602036	-0.46729115	0.31164765
0.044794638	-0.053541265	0.04162757	-0.04138546	0.03999568	-0.045738984	0.06205413	-0.048817437	0.046435505	-0.034614876	0.0972743	-0.08899478	0.13626632	-0.14422818	0.15953524	-0.095324345	0.09820438	-0.1690402	0.17112003	-0.19124772	0.074592955	-0.2066433	0.23540588	-0.70863676	0.99999905	-0.08038152	0.19891348	-0.26699933	0.29489064	-0.52551216
-0.07829146	0.07254624	-0.03745915	0.033495996	-0.017367473	0.076054275	-0.09007342	0.040567216	-0.035463084	0.015092096	-0.22387587	0.12833638	-0.08408697	0.07285435	-0.062177125	0.24001034	-0.1785735	0.08649404	-0.07466025	0.057174552	-0.8619548	0.16382547	-0.10793775	0.076136276	-0.08038152	0.9999988	-0.2838194	0.11779246	-0.0874452	0.12319364
0.06907721	-0.079181686	0.05186361	-0.049919575	0.034808904	-0.07124425	0.09100392	-0.05962903	0.054345917	-0.030378478	0.16265643	-0.14611247	0.15345263	-0.14181748	0.12526307	-0.1955866	0.1723421	-0.18772782	0.15333241	-0.12154566	0.19359504	-0.6501445	0.2967674	-0.21055843	0.19891348	-0.2838194	0.99999875	-0.41436708	0.23623303	-0.35161743
-0.05550977	0.06317338	-0.04722396	0.044974193	-0.03778365	0.055672716	-0.07533939	0.05425444	-0.051065452	0.032482922	-0.1268888	0.10970877	-0.17154795	0.14150013	-0.14041923	0.12048507	-0.12937756	0.19643956	-0.17903455	0.12687345	-0.11342164	0.28044838	-0.5150996	0.26602036	-0.26699933	0.11779246	-0.41436708	0.9999986	-0.58129615	0.2955536
0.044913832	-0.052372336	0.03944829	-0.038428936	0.033485767	-0.045533318	0.06140373	-0.045761403	0.04317274	-0.028908126	0.09984992	-0.08861401	0.13171889	-0.12555946	0.12606655	-0.097367264	0.10027428	-0.16162412	0.14947072	-0.12340961	0.08136695	-0.21731974	0.2657183	-0.46729115	0.29489064	-0.0874452	0.23623303	-0.58129615	0.99999875	-0.5470804
-0.069693975	0.07744628	-0.058055	0.055160996	-0.055654548	0.06889454	-0.093817115	0.06576416	-0.06274634	0.04722634	-0.15728544	0.12483073	-0.18340072	0.16582246	-0.20901603	0.13771582	-0.14434913	0.19157378	-0.20575832	0.17496166	-0.12264031	0.23591934	-0.2890761	0.31164765	-0.52551216	0.12319364	-0.35161743	0.2955536	-0.5470804	0.99999875
