1.0	-0.8811429	0.1092234	-0.09965447	0.14589687	-0.3583379	0.2158458	-0.08593367	0.06945101	-0.0364552	0.06609996	-0.14606313	0.06596797	-0.0692004	0.0390185	-0.05493295	0.09578574	-0.06707412	0.06850003	-0.07785346	0.039173152	-0.046051394	0.045558993	-0.052111227	0.04931449	-0.036511343	0.04763292	-0.048123658	0.036364388	-0.034387328
-0.8811429	1.0000004	-0.14568162	0.110233024	-0.18844207	0.25199383	-0.26940432	0.0952777	-0.08092513	0.04235469	-0.07763199	0.15538307	-0.07689631	0.079100825	-0.046035144	0.06300369	-0.11560489	0.07860608	-0.08237093	0.09192339	-0.04696235	0.05460066	-0.0543587	0.061931074	-0.059367865	0.0432393	-0.05745016	0.057256095	-0.04372151	0.04109234
0.1092234	-0.14568162	1.0000005	-0.8888457	0.14300133	-0.10371289	0.09150932	-0.29585433	0.23624727	-0.09677867	0.049325198	-0.10729459	0.09620812	-0.11700807	0.0924369	-0.044380832	0.08179483	-0.074453086	0.07537112	-0.09427899	0.03604509	-0.049532633	0.048794925	-0.05814892	0.053312656	-0.03479976	0.048435066	-0.052076455	0.03888069	-0.037739493
-0.09965447	0.110233024	-0.8888457	1.0000006	-0.15009393	0.08787863	-0.08068334	0.23298226	-0.32612982	0.094049886	-0.04451232	0.093060665	-0.089828245	0.10531318	-0.0959404	0.03974124	-0.07450626	0.06694964	-0.069180705	0.08446294	-0.032675046	0.04454229	-0.044191454	0.0524236	-0.04846025	0.03137037	-0.043998025	0.046889868	-0.035281047	0.034082882
0.14589687	-0.18844207	0.14300133	-0.15009393	1.0000002	-0.3134444	0.22275788	-0.2013533	0.15424918	-0.1158281	0.16930987	-0.41453037	0.2114094	-0.25946146	0.11480816	-0.16484925	0.26409814	-0.2575814	0.2671898	-0.5369487	0.1440098	-0.21231972	0.19383524	-0.24818915	0.22851998	-0.15006112	0.19694442	-0.23600684	0.16587433	-0.17279337
-0.3583379	0.25199383	-0.10371289	0.08787863	-0.3134444	1.0	-0.7353021	0.12435379	-0.1057072	0.058949217	-0.15449569	0.28164658	-0.12913123	0.1256951	-0.066016905	0.1186025	-0.21536776	0.13583827	-0.14244008	0.1502798	-0.08331067	0.09296581	-0.09341941	0.10483525	-0.10104534	0.07580242	-0.098994024	0.096998766	-0.074521914	0.06940771
0.2158458	-0.26940432	0.09150932	-0.08068334	0.22275788	-0.7353021	0.9999997	-0.1375287	0.1030513	-0.054127984	0.12802443	-0.49002114	0.12477003	-0.12459864	0.05966695	-0.10732181	0.1870624	-0.12588061	0.12013286	-0.12845302	0.06863718	-0.08017634	0.079866104	-0.090022214	0.08362004	-0.06408801	0.08145264	-0.08236157	0.061840463	-0.058267035
-0.08593367	0.0952777	-0.29585433	0.23298226	-0.2013533	0.12435379	-0.1375287	0.99999964	-0.80172133	0.19681361	-0.0743582	0.1467664	-0.22565399	0.21142457	-0.23814973	0.06563296	-0.13406378	0.124277696	-0.12722152	0.12549403	-0.054049995	0.0739521	-0.076722756	0.08801131	-0.08139889	0.050592683	-0.07413791	0.07617145	-0.059060458	0.05545851
0.06945101	-0.08092513	0.23624727	-0.32612982	0.15424918	-0.1057072	0.1030513	-0.80172133	0.9999996	-0.26081035	0.060320105	-0.12591626	0.17683965	-0.24539277	0.20410602	-0.054217953	0.108277306	-0.106188856	0.10619058	-0.10791038	0.044123765	-0.062213387	0.063814804	-0.07470125	0.067425795	-0.04177293	0.060839556	-0.063848734	0.048920576	-0.046399884
-0.0364552	0.04235469	-0.09677867	0.094049886	-0.1158281	0.058949217	-0.054127984	0.19681361	-0.26081035	0.99999964	-0.038636938	0.07622897	-0.098325364	0.11816535	-0.9293512	0.03484732	-0.068800315	0.065304935	-0.06995691	0.081747614	-0.029705876	0.041635267	-0.042304624	0.050409924	-0.047953546	0.02818943	-0.041503277	0.04350129	-0.034002624	0.032344
0.06609996	-0.07763199	0.049325198	-0.04451232	0.16930987	-0.15449569	0.12802443	-0.0743582	0.060320105	-0.038636938	0.99999934	-0.27857813	0.11141433	-0.117739394	0.041610513	-0.8632576	0.23371461	-0.15863273	0.13034956	-0.14882052	0.17531191	-0.11506491	0.10246327	-0.10945473	0.09560055	-0.18346296	0.114332475	-0.11564874	0.07486526	-0.07244623
-0.14606313	0.15538307	-0.10729459	0.093060665	-0.41453037	0.28164658	-0.49002114	0.1467664	-0.12591626	0.07622897	-0.27857813	0.99999934	-0.2610677	0.21088763	-0.08498045	0.20487185	-0.4727825	0.24309707	-0.23557289	0.22349337	-0.13019453	0.14698112	-0.1516786	0.16538645	-0.15576899	0.11786783	-0.15265085	0.14996551	-0.11494215	0.106406435
0.06596797	-0.07689631	0.09620812	-0.089828245	0.2114094	-0.12913123	0.12477003	-0.22565399	0.17683965	-0.098325364	0.11141433	-0.2610677	0.9999994	-0.7810056	0.10366305	-0.104760356	0.2345432	-0.3899992	0.23284477	-0.18468738	0.07998494	-0.12921785	0.1396037	-0.15379894	0.12586083	-0.07552658	0.1148614	-0.12370793	0.092255004	-0.08661885
-0.0692004	0.079100825	-0.11700807	0.10531318	-0.25946146	0.1256951	-0.12459864	0.21142457	-0.24539277	0.11816535	-0.117739394	0.21088763	-0.7810056	0.9999993	-0.13890952	0.10540492	-0.24952601	0.26186618	-0.29933468	0.19339445	-0.08679909	0.12768349	-0.14315607	0.16157196	-0.14201756	0.08006368	-0.12518406	0.12735283	-0.10203755	0.09344747
0.0390185	-0.046035144	0.0924369	-0.0959404	0.11480816	-0.066016905	0.05966695	-0.23814973	0.20410602	-0.9293512	0.041610513	-0.08498045	0.10366305	-0.13890952	0.99999934	-0.037843462	0.07355021	-0.071464255	0.07497696	-0.09248268	0.03196318	-0.04542968	0.045785684	-0.055098623	0.05183768	-0.030526893	0.04467276	-0.047402415	0.03674969	-0.03521407
-0.05493295	0.06300369	-0.044380832	0.03974124	-0.16484925	0.1186025	-0.10732181	0.06563296	-0.054217953	0.03484732	-0.8632576	0.20487185	-0.104760356	0.10540492	-0.037843462	0.9999992	-0.3124045	0.15312992	-0.1289416	0.13222122	-0.22492707	0.10709824	-0.09864221	0.10159847	-0.090047374	0.16842069	-0.11015018	0.10567346	-0.070197456	0.066628896
0.09578574	-0.11560489	0.08179483	-0.07450626	0.26409814	-0.21536776	0.1870624	-0.13406378	0.108277306	-0.068800315	0.23371461	-0.4727825	0.2345432	-0.24952601	0.07355021	-0.3124045	0.9999991	-0.5697334	0.26719868	-0.27563652	0.13651913	-0.20001444	0.19647013	-0.21358515	0.17063239	-0.13256465	0.16660145	-0.18589628	0.1282817	-0.12404225
-0.06707412	0.07860608	-0.074453086	0.06694964	-0.2575814	0.13583827	-0.12588061	0.124277696	-0.106188856	0.065304935	-0.15863273	0.24309707	-0.3899992	0.26186618	-0.071464255	0.15312992	-0.5697334	0.9999988	-0.49120447	0.24397598	-0.115067855	0.20286858	-0.29816565	0.23334013	-0.18735492	0.10638056	-0.17462458	0.18445066	-0.13776407	0.12510483
0.06850003	-0.08237093	0.07537112	-0.069180705	0.2671898	-0.14244008	0.12013286	-0.12722152	0.10619058	-0.06995691	0.13034956	-0.23557289	0.23284477	-0.29933468	0.07497696	-0.1289416	0.26719868	-0.49120447	0.9999985	-0.4656035	0.11554604	-0.21679574	0.23332001	-0.49346736	0.26474684	-0.111193396	0.1863833	-0.21473548	0.18101038	-0.17574003
-0.07785346	0.09192339	-0.09427899	0.08446294	-0.5369487	0.1502798	-0.12845302	0.12549403	-0.10791038	0.081747614	-0.14882052	0.22349337	-0.18468738	0.19339445	-0.09248268	0.13222122	-0.27563652	0.24397598	-0.4656035	0.9999984	-0.1388377	0.1956049	-0.20928621	0.29317945	-0.45861349	0.1266579	-0.2213891	0.21829112	-0.22991668	0.20999396
0.039173152	-0.04696235	0.03604509	-0.032675046	0.1440098	-0.08331067	0.06863718	-0.054049995	0.044123765	-0.029705876	0.17531191	-0.13019453	0.07998494	-0.08679909	0.03196318	-0.22492707	0.13651913	-0.115067855	0.11554604	-0.1388377	0.9999984	-0.20927204	0.13998312	-0.12203556	0.10702322	-0.87915385	0.22279243	-0.19127086	0.096927755	-0.09377648
-0.046051394	0.05460066	-0.049532633	0.04454229	-0.21231972	0.09296581	-0.08017634	0.0739521	-0.062213387	0.041635267	-0.11506491	0.14698112	-0.12921785	0.12768349	-0.04542968	0.10709824	-0.20001444	0.20286858	-0.21679574	0.1956049	-0.20927204	0.9999983	-0.67658687	0.23567136	-0.21121193	0.17717874	-0.5216674	0.30136082	-0.17900336	0.15241602
0.045558993	-0.0543587	0.048794925	-0.044191454	0.19383524	-0.09341941	0.079866104	-0.076722756	0.063814804	-0.042304624	0.10246327	-0.1516786	0.1396037	-0.14315607	0.045785684	-0.09864221	0.19647013	-0.29816565	0.23332001	-0.20928621	0.13998312	-0.67658687	0.9999984	-0.37126532	0.21663482	-0.13468075	0.29540443	-0.42630237	0.19065022	-0.17142278
-0.052111227	0.061931074	-0.05814892	0.0524236	-0.24818915	0.10483525	-0.090022214	0.08801131	-0.07470125	0.050409924	-0.10945473	0.16538645	-0.15379894	0.16157196	-0.055098623	0.10159847	-0.21358515	0.23334013	-0.49346736	0.29317945	-0.12203556	0.23567136	-0.37126532	0.999998	-0.56067294	0.11237663	-0.23328196	0.24764831	-0.32552314	0.25297472
0.04931449	-0.059367865	0.053312656	-0.04846025	0.22851998	-0.10104534	0.08362004	-0.08139889	0.067425795	-0.047953546	0.09560055	-0.15576899	0.12586083	-0.14201756	0.05183768	-0.090047374	0.17063239	-0.18735492	0.26474684	-0.45861349	0.10702322	-0.21121193	0.21663482	-0.56067294	0.9999981	-0.10362497	0.19791985	-0.2605286	0.28909582	-0.4934764
-0.036511343	0.0432393	-0.03479976	0.03137037	-0.15006112	0.07580242	-0.06408801	0.050592683	-0.04177293	0.02818943	-0.18346296	0.11786783	-0.07552658	0.08006368	-0.030526893	0.16842069	-0.13256465	0.10638056	-0.111193396	0.1266579	-0.87915385	0.17717874	-0.13468075	0.11237663	-0.10362497	0.99999857	-0.30794343	0.17499906	-0.093873955	0.08664674
0.04763292	-0.05745016	0.048435066	-0.043998025	0.19694442	-0.098994024	0.08145264	-0.07413791	0.060839556	-0.041503277	0.114332475	-0.15265085	0.1148614	-0.12518406	0.04467276	-0.11015018	0.16660145	-0.17462458	0.1863833	-0.2213891	0.22279243	-0.5216674	0.29540443	-0.23328196	0.19791985	-0.30794343	0.99999857	-0.62220675	0.2115183	-0.20460771
-0.048123658	0.057256095	-0.052076455	0.046889868	-0.23600684	0.096998766	-0.08236157	0.07617145	-0.063848734	0.04350129	-0.11564874	0.14996551	-0.12370793	0.12735283	-0.047402415	0.10567346	-0.18589628	0.18445066	-0.21473548	0.21829112	-0.19127086	0.30136082	-0.42630237	0.24764831	-0.2605286	0.17499906	-0.62220675	0.9999984	-0.3973785	0.23693766
0.036364388	-0.04372151	0.03888069	-0.035281047	0.16587433	-0.074521914	0.061840463	-0.059060458	0.048920576	-0.034002624	0.07486526	-0.11494215	0.092255004	-0.10203755	0.03674969	-0.070197456	0.1282817	-0.13776407	0.18101038	-0.22991668	0.096927755	-0.17900336	0.19065022	-0.32552314	0.28909582	-0.093873955	0.2115183	-0.3973785	0.99999845	-0.7560087
-0.034387328	0.04109234	-0.037739493	0.034082882	-0.17279337	0.06940771	-0.058267035	0.05545851	-0.046399884	0.032344	-0.07244623	0.106406435	-0.08661885	0.09344747	-0.03521407	0.066628896	-0.12404225	0.12510483	-0.17574003	0.20999396	-0.09377648	0.15241602	-0.17142278	0.25297472	-0.4934764	0.08664674	-0.20460771	0.23693766	-0.7560087	0.99999845
