1.0000001	-0.4204275	0.28054214	-0.31497076	0.122394785	-0.6948498	0.29554743	-0.28693795	0.16579264	-0.13130055	0.17509262	-0.18922484	0.17514245	-0.065192685	0.06656449	-0.12709086	0.13446607	-0.15112412	0.079860024	-0.07334054	0.10577624	-0.11163971	0.084253795	-0.09098609	0.084790275	-0.12817496	0.10003812	-0.09747585	0.094229355	-0.08175373
-0.4204275	1.0000001	-0.5301496	0.21059403	-0.08941952	0.291446	-0.6244341	0.21538383	-0.12565754	0.09175972	-0.16594957	0.1956131	-0.1676588	0.04926318	-0.050858	0.10819446	-0.12483377	0.12445512	-0.061540995	0.05542746	-0.08844202	0.09083161	-0.06531611	0.067432836	-0.06333162	0.09582374	-0.07920546	0.0729539	-0.0709277	0.058973037
0.28054214	-0.5301496	0.99999994	-0.45998234	0.16911267	-0.29326636	0.27266538	-0.4987694	0.24977116	-0.1815253	0.13913259	-0.16395767	0.15240914	-0.07186266	0.07299034	-0.10114687	0.11132696	-0.1256009	0.06990075	-0.06381503	0.08508549	-0.08993907	0.068929814	-0.07482193	0.07151429	-0.100911684	0.08072914	-0.078643166	0.07810132	-0.06781882
-0.31497076	0.21059403	-0.45998234	0.9999998	-0.3784691	0.19794272	-0.22222365	0.32665125	-0.5695361	0.26512596	-0.1260984	0.12971	-0.1485106	0.0941738	-0.101596884	0.08710627	-0.10023468	0.11015545	-0.072056316	0.06398948	-0.07640207	0.0786737	-0.0638767	0.07009827	-0.07221705	0.086883	-0.073607035	0.070555486	-0.077043466	0.06516591
0.122394785	-0.08941952	0.16911267	-0.3784691	0.9999997	-0.08935916	0.09169091	-0.26019102	0.2702402	-0.8485991	0.05565524	-0.05862356	0.06853062	-0.07891825	0.079495214	-0.04021006	0.04590404	-0.054298926	0.04152963	-0.03819512	0.035391737	-0.037188563	0.03140562	-0.036254864	0.037645	-0.041941013	0.034817655	-0.035131093	0.038179666	-0.035193387
-0.6948498	0.291446	-0.29326636	0.19794272	-0.08935916	0.9999995	-0.4683148	0.19197735	-0.11725951	0.090129934	-0.2592661	0.22721098	-0.22629039	0.060019076	-0.062938705	0.15337136	-0.16993605	0.16723193	-0.08571946	0.076416	-0.12782997	0.1270336	-0.09332894	0.09591135	-0.092544116	0.13475507	-0.11439091	0.10289873	-0.10507579	0.084026106
0.29554743	-0.6244341	0.27266538	-0.22222365	0.09169091	-0.4683148	0.99999976	-0.2327981	0.1285277	-0.09653243	0.2125067	-0.38423976	0.2062071	-0.056974318	0.05823956	-0.14802618	0.1636254	-0.16730803	0.07640118	-0.06941756	0.114014335	-0.12098331	0.08291301	-0.08495644	0.0774896	-0.12510993	0.100764655	-0.09351997	0.08724797	-0.07300184
-0.28693795	0.21538383	-0.4987694	0.32665125	-0.26019102	0.19197735	-0.2327981	0.9999998	-0.62906456	0.22425462	-0.1223212	0.12972546	-0.15058139	0.08967504	-0.0955985	0.08478358	-0.09756537	0.1088121	-0.06834342	0.06070517	-0.07348033	0.0759374	-0.06086413	0.0663226	-0.06739114	0.08334307	-0.07019906	0.067325264	-0.071986	0.061194837
0.16579264	-0.12565754	0.24977116	-0.5695361	0.2702402	-0.11725951	0.1285277	-0.62906456	0.9999998	-0.38713884	0.073626	-0.07844593	0.09099575	-0.104578465	0.097968765	-0.052371487	0.060010526	-0.06984741	0.051430445	-0.045909133	0.045679245	-0.04771538	0.03948366	-0.044637352	0.046044897	-0.053031452	0.044346504	-0.0438439	0.0474157	-0.042295855
-0.13130055	0.09175972	-0.1815253	0.26512596	-0.8485991	0.090129934	-0.09653243	0.22425462	-0.38713884	0.99999976	-0.0578044	0.060284946	-0.07125262	0.08221579	-0.09140903	0.041228946	-0.047353312	0.055184294	-0.042806793	0.038829092	-0.036330216	0.037967917	-0.032030497	0.03675491	-0.038541473	0.04250664	-0.03561981	0.03558549	-0.039078373	0.03549465
0.17509262	-0.16594957	0.13913259	-0.1260984	0.05565524	-0.2592661	0.2125067	-0.1223212	0.073626	-0.0578044	0.99999964	-0.55462605	0.2685705	-0.060272582	0.061584786	-0.5752316	0.3003481	-0.28483418	0.10852339	-0.09917052	0.2391512	-0.2455922	0.13218684	-0.12641364	0.10607666	-0.23999646	0.17385253	-0.15138192	0.123420894	-0.100768186
-0.18922484	0.1956131	-0.16395767	0.12971	-0.05862356	0.22721098	-0.38423976	0.12972546	-0.07844593	0.060284946	-0.55462605	0.99999946	-0.48366824	0.06496202	-0.06679709	0.27058324	-0.38671005	0.2751106	-0.1070637	0.09458435	-0.19706513	0.19819428	-0.122137494	0.11515915	-0.10230392	0.18003294	-0.15466012	0.13171498	-0.11738514	0.09402275
0.17514245	-0.1676588	0.15240914	-0.1485106	0.06853062	-0.22629039	0.2062071	-0.15058139	0.09099575	-0.07125262	0.2685705	-0.48366824	0.99999934	-0.1098209	0.10285742	-0.25080112	0.28498256	-0.6397222	0.17119753	-0.16088304	0.18972583	-0.21928775	0.17084838	-0.17123342	0.14453958	-0.22768739	0.17745626	-0.19047736	0.15726672	-0.14285289
-0.065192685	0.04926318	-0.07186266	0.0941738	-0.07891825	0.060019076	-0.056974318	0.08967504	-0.104578465	0.08221579	-0.060272582	0.06496202	-0.1098209	0.9999992	-0.94173956	0.050875235	-0.06154609	0.09805902	-0.20776045	0.15348467	-0.046883073	0.052532475	-0.05752601	0.08132317	-0.09525687	0.060399435	-0.050940003	0.061905663	-0.07581747	0.086201765
0.06656449	-0.050858	0.07299034	-0.101596884	0.079495214	-0.062938705	0.05823956	-0.0955985	0.097968765	-0.09140903	0.061584786	-0.06679709	0.10285742	-0.94173956	0.999999	-0.053122286	0.063095234	-0.102136485	0.17161752	-0.17660643	0.04913112	-0.05564816	0.060540292	-0.087790385	0.09863732	-0.06520158	0.053902935	-0.06731207	0.079185896	-0.0970546
-0.12709086	0.10819446	-0.10114687	0.08710627	-0.04021006	0.15337136	-0.14802618	0.08478358	-0.052371487	0.041228946	-0.5752316	0.27058324	-0.25080112	0.050875235	-0.053122286	0.99999857	-0.5278679	0.23974489	-0.09816699	0.085003376	-0.4543375	0.2760424	-0.13024035	0.11397444	-0.09788954	0.22869305	-0.19244763	0.13936554	-0.11782319	0.08780815
0.13446607	-0.12483377	0.11132696	-0.10023468	0.04590404	-0.16993605	0.1636254	-0.09756537	0.060010526	-0.047353312	0.3003481	-0.38671005	0.28498256	-0.06154609	0.063095234	-0.5278679	0.99999857	-0.46690422	0.12684323	-0.111594036	0.27795509	-0.4293182	0.15853027	-0.1401136	0.11471045	-0.24310811	0.20736198	-0.17104255	0.13456297	-0.105593204
-0.15112412	0.12445512	-0.1256009	0.11015545	-0.054298926	0.16723193	-0.16730803	0.1088121	-0.06984741	0.055184294	-0.28483418	0.2751106	-0.6397222	0.09805902	-0.102136485	0.23974489	-0.46690422	0.99999833	-0.2582132	0.17777796	-0.2081893	0.22398227	-0.23155819	0.184283	-0.17126937	0.20575222	-0.1972065	0.1940519	-0.18349092	0.14710484
0.079860024	-0.061540995	0.06990075	-0.072056316	0.04152963	-0.08571946	0.07640118	-0.06834342	0.051430445	-0.042806793	0.10852339	-0.1070637	0.17119753	-0.20776045	0.17161752	-0.09816699	0.12684323	-0.2582132	0.99999815	-0.7962423	0.09539968	-0.11106901	0.14657876	-0.26393047	0.25731742	-0.12794699	0.11110659	-0.15241197	0.19341908	-0.2478515
-0.07334054	0.05542746	-0.06381503	0.06398948	-0.03819512	0.076416	-0.06941756	0.06070517	-0.045909133	0.038829092	-0.09917052	0.09458435	-0.16088304	0.15348467	-0.17660643	0.085003376	-0.111594036	0.17777796	-0.7962423	0.9999984	-0.08391517	0.09456058	-0.12536037	0.19321968	-0.41715476	0.10879896	-0.09723062	0.12518157	-0.19487754	0.22573543
0.10577624	-0.08844202	0.08508549	-0.07640207	0.035391737	-0.12782997	0.114014335	-0.07348033	0.045679245	-0.036330216	0.2391512	-0.19706513	0.18972583	-0.046883073	0.04913112	-0.4543375	0.27795509	-0.2081893	0.09539968	-0.08391517	0.999998	-0.6178929	0.16029407	-0.13278936	0.10369097	-0.49302915	0.27808142	-0.18258393	0.13278165	-0.09298572
-0.11163971	0.09083161	-0.08993907	0.0786737	-0.037188563	0.1270336	-0.12098331	0.0759374	-0.04771538	0.037967917	-0.2455922	0.19819428	-0.21928775	0.052532475	-0.05564816	0.2760424	-0.4293182	0.22398227	-0.11106901	0.09456058	-0.6178929	0.9999978	-0.2289788	0.15618536	-0.1228519	0.3111406	-0.44596896	0.21699998	-0.16238019	0.10637415
0.084253795	-0.06531611	0.068929814	-0.0638767	0.03140562	-0.09332894	0.08291301	-0.06086413	0.03948366	-0.032030497	0.13218684	-0.122137494	0.17084838	-0.05752601	0.060540292	-0.13024035	0.15853027	-0.23155819	0.14657876	-0.12536037	0.16029407	-0.2289788	0.99999744	-0.5196542	0.16810532	-0.23372856	0.24167347	-0.68305147	0.25672293	-0.15481174
-0.09098609	0.067432836	-0.07482193	0.07009827	-0.036254864	0.09591135	-0.08495644	0.0663226	-0.044637352	0.03675491	-0.12641364	0.11515915	-0.17123342	0.08132317	-0.087790385	0.11397444	-0.1401136	0.184283	-0.26393047	0.19321968	-0.13278936	0.15618536	-0.5196542	0.9999976	-0.31182176	0.1800795	-0.19047794	0.27785084	-0.6172588	0.25454748
0.084790275	-0.06333162	0.07151429	-0.07221705	0.037645	-0.092544116	0.0774896	-0.06739114	0.046044897	-0.038541473	0.10607666	-0.10230392	0.14453958	-0.09525687	0.09863732	-0.09788954	0.11471045	-0.17126937	0.25731742	-0.41715476	0.10369097	-0.1228519	0.16810532	-0.31182176	0.9999977	-0.15997736	0.13084699	-0.19791178	0.28477427	-0.7157179
-0.12817496	0.09582374	-0.100911684	0.086883	-0.041941013	0.13475507	-0.12510993	0.08334307	-0.053031452	0.04250664	-0.23999646	0.18003294	-0.22768739	0.060399435	-0.06520158	0.22869305	-0.24310811	0.20575222	-0.12794699	0.10879896	-0.49302915	0.3111406	-0.23372856	0.1800795	-0.15997736	0.99999756	-0.64173734	0.24931231	-0.21819969	0.13226348
0.10003812	-0.07920546	0.08072914	-0.073607035	0.034817655	-0.11439091	0.100764655	-0.07019906	0.044346504	-0.03561981	0.17385253	-0.15466012	0.17745626	-0.050940003	0.053902935	-0.19244763	0.20736198	-0.1972065	0.11110659	-0.09723062	0.27808142	-0.44596896	0.24167347	-0.19047794	0.13084699	-0.64173734	0.9999976	-0.4533308	0.1790753	-0.11702897
-0.09747585	0.0729539	-0.078643166	0.070555486	-0.035131093	0.10289873	-0.09351997	0.067325264	-0.0438439	0.03558549	-0.15138192	0.13171498	-0.19047736	0.061905663	-0.06731207	0.13936554	-0.17104255	0.1940519	-0.15241197	0.12518157	-0.18258393	0.21699998	-0.68305147	0.27785084	-0.19791178	0.24931231	-0.4533308	0.9999975	-0.30921823	0.16163696
0.094229355	-0.0709277	0.07810132	-0.077043466	0.038179666	-0.10507579	0.08724797	-0.071986	0.0474157	-0.039078373	0.123420894	-0.11738514	0.15726672	-0.07581747	0.079185896	-0.11782319	0.13456297	-0.18349092	0.19341908	-0.19487754	0.13278165	-0.16238019	0.25672293	-0.6172588	0.28477427	-0.21819969	0.1790753	-0.30921823	0.99999744	-0.52581865
-0.08175373	0.058973037	-0.06781882	0.06516591	-0.035193387	0.084026106	-0.07300184	0.061194837	-0.042295855	0.03549465	-0.100768186	0.09402275	-0.14285289	0.086201765	-0.0970546	0.08780815	-0.105593204	0.14710484	-0.2478515	0.22573543	-0.09298572	0.10637415	-0.15481174	0.25454748	-0.7157179	0.13226348	-0.11702897	0.16163696	-0.52581865	0.99999744
