1.0	-0.7547034	0.27632117	-0.30735123	0.2136632	-0.25576946	0.28460604	-0.27730778	0.17914459	-0.17496395	0.17493989	-0.1487859	0.19232063	-0.21867636	0.13334832	-0.23513907	0.1392599	-0.10923899	0.104738064	-0.20128275	0.08506505	-0.07567531	0.07727172	-0.09783847	0.067080155	-0.08121526	0.0712399	-0.079823665	0.07200444	-0.053231608
-0.7547034	1.0000001	-0.3765721	0.23355514	-0.17221114	0.18974167	-0.42862487	0.2431967	-0.14504588	0.12897538	-0.14158265	0.11529469	-0.15956163	0.159223	-0.0984838	0.16353564	-0.10850057	0.08108235	-0.078427516	0.14150856	-0.062310386	0.055756927	-0.056853164	0.07093747	-0.048927505	0.058302946	-0.052735474	0.05778652	-0.052835476	0.03847838
0.27632117	-0.3765721	1.0000001	-0.6806636	0.2722959	-0.21094689	0.26401693	-0.38745603	0.22967044	-0.20672616	0.16473609	-0.14811158	0.21414855	-0.24853629	0.15305871	-0.21682835	0.14046499	-0.11842151	0.11444169	-0.22135131	0.08531781	-0.076721765	0.08176996	-0.10345011	0.071916014	-0.08053409	0.07255341	-0.084210105	0.0766311	-0.056812845
-0.30735123	0.23355514	-0.6806636	0.99999994	-0.46490377	0.18352163	-0.24765278	0.2588938	-0.30183053	0.21265477	-0.16246633	0.14014757	-0.21915457	0.2398178	-0.16128477	0.19834527	-0.14114456	0.11554316	-0.11574861	0.2135448	-0.08492406	0.07578694	-0.08156941	0.10187325	-0.073151045	0.07843294	-0.07267934	0.08348362	-0.07802143	0.056945454
0.2136632	-0.17221114	0.2722959	-0.46490377	1.0	-0.24584319	0.22280824	-0.25881067	0.2824872	-0.37268183	0.20409553	-0.18934758	0.25851774	-0.3827503	0.26035815	-0.3323642	0.18944967	-0.18615417	0.17944753	-0.43886644	0.13132621	-0.11747875	0.13210547	-0.17403388	0.12290501	-0.1286229	0.11101166	-0.14337708	0.12665337	-0.09967894
-0.25576946	0.18974167	-0.21094689	0.18352163	-0.24584319	1.0000001	-0.40911102	0.23640206	-0.16372311	0.14415938	-0.71832216	0.20530732	-0.25401258	0.18485442	-0.11627641	0.27848697	-0.20788722	0.11120858	-0.1094544	0.16309634	-0.10595944	0.091182366	-0.08271962	0.09857999	-0.06814037	0.09218573	-0.08783849	0.08090656	-0.076185964	0.052557126
0.28460604	-0.42862487	0.26401693	-0.24765278	0.22280824	-0.40911102	0.9999999	-0.60000837	0.21286492	-0.18856068	0.23267327	-0.19817805	0.24789655	-0.23451959	0.140156	-0.25291613	0.1682691	-0.11986145	0.114137284	-0.19715908	0.09215052	-0.08316619	0.082573056	-0.10216658	0.06941251	-0.08590085	0.077958316	-0.08275534	0.07552814	-0.05446975
-0.27730778	0.2431967	-0.38745603	0.2588938	-0.25881067	0.23640206	-0.60000837	0.9999999	-0.3542358	0.21171145	-0.20843767	0.19346166	-0.4051344	0.2585038	-0.16094314	0.22005767	-0.17879869	0.13535266	-0.13181028	0.20176363	-0.09221063	0.08465761	-0.08902649	0.107568644	-0.073927134	0.0837958	-0.0802323	0.08654233	-0.08076515	0.057196897
0.17914459	-0.14504588	0.22967044	-0.30183053	0.2824872	-0.16372311	0.21286492	-0.3542358	0.99999976	-0.5827735	0.14411333	-0.1410322	0.23612413	-0.5429316	0.27648854	-0.17969108	0.1363882	-0.13663173	0.14268021	-0.28745997	0.08178427	-0.07513628	0.08824981	-0.11070961	0.080783665	-0.074529715	0.071659096	-0.087951906	0.08330912	-0.06206451
-0.17496395	0.12897538	-0.20672616	0.21265477	-0.37268183	0.14415938	-0.18856068	0.21171145	-0.5827735	1.0	-0.13679175	0.12692605	-0.21735993	0.31012544	-0.5671462	0.16535127	-0.13132448	0.12473716	-0.13728881	0.2975346	-0.08091467	0.07313598	-0.08648707	0.10708218	-0.08660981	0.07257313	-0.07087182	0.087509304	-0.08639348	0.064417996
0.17493989	-0.14158265	0.16473609	-0.16246633	0.20409553	-0.71832216	0.23267327	-0.20843767	0.14411333	-0.13679175	0.99999964	-0.28711522	0.22676004	-0.18243599	0.11030338	-0.47888196	0.2313937	-0.110090055	0.10477274	-0.16210803	0.11736265	-0.1011658	0.08363661	-0.1005042	0.0666708	-0.106104024	0.09404781	-0.08221565	0.074865304	-0.052149195
-0.1487859	0.11529469	-0.14811158	0.14014757	-0.18934758	0.20530732	-0.19817805	0.19346166	-0.1410322	0.12692605	-0.28711522	0.9999997	-0.49343458	0.18700245	-0.10782805	0.2905181	-0.7035856	0.13597982	-0.12605545	0.15138555	-0.1299362	0.13785873	-0.09944491	0.110992566	-0.06989095	0.1108186	-0.12537622	0.08928141	-0.08105117	0.054199573
0.19232063	-0.15956163	0.21414855	-0.21915457	0.25851774	-0.25401258	0.24789655	-0.4051344	0.23612413	-0.21735993	0.22676004	-0.49343458	0.9999995	-0.39076564	0.18442127	-0.33790314	0.2766772	-0.28405166	0.21004266	-0.2610965	0.13300979	-0.13137738	0.14043252	-0.16797131	0.10290011	-0.124096595	0.11810855	-0.13107851	0.11636819	-0.08072876
-0.21867636	0.159223	-0.24853629	0.2398178	-0.3827503	0.18485442	-0.23451959	0.2585038	-0.5429316	0.31012544	-0.18243599	0.18700245	-0.39076564	0.9999992	-0.4013881	0.21718685	-0.19210534	0.19207203	-0.23946527	0.29489228	-0.11026472	0.10146826	-0.123283096	0.14913884	-0.10863012	0.097407095	-0.09825856	0.11704316	-0.115645304	0.0809216
0.13334832	-0.0984838	0.15305871	-0.16128477	0.26035815	-0.11627641	0.140156	-0.16094314	0.27648854	-0.5671462	0.11030338	-0.10782805	0.18442127	-0.4013881	0.99999934	-0.13765505	0.110114425	-0.12925468	0.14373195	-0.63326705	0.07028148	-0.065050304	0.0834706	-0.10612591	0.089909784	-0.06297269	0.06257395	-0.084883995	0.08259106	-0.06824681
-0.23513907	0.16353564	-0.21682835	0.19834527	-0.3323642	0.27848697	-0.25291613	0.22005767	-0.17969108	0.16535127	-0.47888196	0.2905181	-0.33790314	0.21718685	-0.13765505	0.9999995	-0.49475777	0.14955452	-0.14797755	0.19539376	-0.24272603	0.17257133	-0.12597351	0.14262249	-0.096929565	0.17436041	-0.16845424	0.11811962	-0.11198849	0.07408271
0.1392599	-0.10850057	0.14046499	-0.14114456	0.18944967	-0.20788722	0.1682691	-0.17879869	0.1363882	-0.13132448	0.2313937	-0.7035856	0.2766772	-0.19210534	0.110114425	-0.49475777	0.9999995	-0.13637124	0.12197166	-0.1633778	0.16257042	-0.21471891	0.11252503	-0.12723559	0.07642382	-0.14704284	0.15533686	-0.10306881	0.08925953	-0.06018451
-0.10923899	0.08108235	-0.11842151	0.11554316	-0.18615417	0.11120858	-0.11986145	0.13535266	-0.13663173	0.12473716	-0.110090055	0.13597982	-0.28405166	0.19207203	-0.12925468	0.14955452	-0.13637124	0.9999994	-0.7987376	0.18431552	-0.112762555	0.12356404	-0.32582477	0.26195595	-0.134263	0.09501275	-0.11580856	0.18006073	-0.17258297	0.09961606
0.104738064	-0.078427516	0.11444169	-0.11574861	0.17944753	-0.1094544	0.114137284	-0.13181028	0.14268021	-0.13728881	0.10477274	-0.12605545	0.21004266	-0.23946527	0.14373195	-0.14797755	0.12197166	-0.7987376	0.9999993	-0.24065405	0.103105895	-0.11426665	0.23879322	-0.3572723	0.12961495	-0.09048346	0.103392534	-0.18097495	0.15772146	-0.099974155
-0.20128275	0.14150856	-0.22135131	0.2135448	-0.43886644	0.16309634	-0.19715908	0.20176363	-0.28745997	0.2975346	-0.16210803	0.15138555	-0.2610965	0.29489228	-0.63326705	0.19539376	-0.1633778	0.18431552	-0.24065405	0.9999994	-0.10766083	0.09816296	-0.12845306	0.15936731	-0.16333987	0.09459421	-0.095990404	0.13104394	-0.13577463	0.11123886
0.08506505	-0.062310386	0.08531781	-0.08492406	0.13132621	-0.10595944	0.09215052	-0.09221063	0.08178427	-0.08091467	0.11736265	-0.1299362	0.13300979	-0.11026472	0.07028148	-0.24272603	0.16257042	-0.112762555	0.103105895	-0.10766083	0.9999994	-0.46695635	0.15402468	-0.16636686	0.08311775	-0.7530881	0.31305727	-0.1345662	0.10542013	-0.06694596
-0.07567531	0.055756927	-0.076721765	0.07578694	-0.11747875	0.091182366	-0.08316619	0.08465761	-0.07513628	0.07313598	-0.1011658	0.13785873	-0.13137738	0.10146826	-0.065050304	0.17257133	-0.21471891	0.12356404	-0.11426665	0.09816296	-0.46695635	0.9999995	-0.26667035	0.18654685	-0.09105473	0.30432227	-0.72880274	0.15355214	-0.121993355	0.07166906
0.07727172	-0.056853164	0.08176996	-0.08156941	0.13210547	-0.08271962	0.082573056	-0.08902649	0.08824981	-0.08648707	0.08363661	-0.09944491	0.14043252	-0.123283096	0.0834706	-0.12597351	0.11252503	-0.32582477	0.23879322	-0.12845306	0.15402468	-0.26667035	0.99999976	-0.6461559	0.18276055	-0.13035086	0.17958103	-0.51113945	0.26572126	-0.14896308
-0.09783847	0.07093747	-0.10345011	0.10187325	-0.17403388	0.09857999	-0.10216658	0.107568644	-0.11070961	0.10708218	-0.1005042	0.110992566	-0.16797131	0.14913884	-0.10612591	0.14262249	-0.12723559	0.26195595	-0.3572723	0.15936731	-0.16636686	0.18654685	-0.6461559	0.99999934	-0.30510727	0.13141717	-0.18368816	0.30260983	-0.38144526	0.19937955
0.067080155	-0.048927505	0.071916014	-0.073151045	0.12290501	-0.06814037	0.06941251	-0.073927134	0.080783665	-0.08660981	0.0666708	-0.06989095	0.10290011	-0.10863012	0.089909784	-0.096929565	0.07642382	-0.134263	0.12961495	-0.16333987	0.08311775	-0.09105473	0.18276055	-0.30510727	0.99999905	-0.07541033	0.08367346	-0.30841282	0.2907879	-0.8141607
-0.08121526	0.058302946	-0.08053409	0.07843294	-0.1286229	0.09218573	-0.08590085	0.0837958	-0.074529715	0.07257313	-0.106104024	0.1108186	-0.124096595	0.097407095	-0.06297269	0.17436041	-0.14704284	0.09501275	-0.09048346	0.09459421	-0.7530881	0.30432227	-0.13035086	0.13141717	-0.07541033	0.99999887	-0.5262395	0.11017474	-0.09546483	0.058659464
0.0712399	-0.052735474	0.07255341	-0.07267934	0.11101166	-0.08783849	0.077958316	-0.0802323	0.071659096	-0.07087182	0.09404781	-0.12537622	0.11810855	-0.09825856	0.06257395	-0.16845424	0.15533686	-0.11580856	0.103392534	-0.095990404	0.31305727	-0.72880274	0.17958103	-0.18368816	0.08367346	-0.5262395	0.99999875	-0.14888455	0.10951454	-0.06784674
-0.079823665	0.05778652	-0.084210105	0.08348362	-0.14337708	0.08090656	-0.08275534	0.08654233	-0.087951906	0.087509304	-0.08221565	0.08928141	-0.13107851	0.11704316	-0.084883995	0.11811962	-0.10306881	0.18006073	-0.18097495	0.13104394	-0.1345662	0.15355214	-0.51113945	0.30260983	-0.30841282	0.11017474	-0.14888455	0.9999985	-0.66854614	0.23377673
0.07200444	-0.052835476	0.0766311	-0.07802143	0.12665337	-0.076185964	0.07552814	-0.08076515	0.08330912	-0.08639348	0.074865304	-0.08105117	0.11636819	-0.115645304	0.08259106	-0.11198849	0.08925953	-0.17258297	0.15772146	-0.13577463	0.10542013	-0.121993355	0.26572126	-0.38144526	0.2907879	-0.09546483	0.10951454	-0.66854614	0.99999845	-0.46768034
-0.053231608	0.03847838	-0.056812845	0.056945454	-0.09967894	0.052557126	-0.05446975	0.057196897	-0.06206451	0.064417996	-0.052149195	0.054199573	-0.08072876	0.0809216	-0.06824681	0.07408271	-0.06018451	0.09961606	-0.099974155	0.11123886	-0.06694596	0.07166906	-0.14896308	0.19937955	-0.8141607	0.058659464	-0.06784674	0.23377673	-0.46768034	0.99999845
