1.0	-0.30189136	0.17893858	-0.11936745	0.05834708	-0.8330947	0.1858373	-0.17287356	0.11459323	-0.051369816	0.23715462	-0.14816307	0.12278686	-0.08920633	0.099982254	-0.20259422	0.12108362	-0.10459582	0.06371084	-0.06843876	0.13388805	-0.13231574	0.11600466	-0.13848454	0.034932356	-0.15532266	0.094069526	-0.101437844	0.09758507	-0.039754834
-0.30189136	1.0	-0.73431003	0.2453608	-0.12686849	0.20337671	-0.35649458	0.27038437	-0.26036528	0.104204535	-0.15708588	0.16099562	-0.15471931	0.1364043	-0.16553119	0.115948305	-0.13536291	0.1119897	-0.06635468	0.06851886	-0.10534854	0.10432911	-0.1072466	0.11210887	-0.032271396	0.112384476	-0.07610721	0.08208593	-0.08423403	0.03610199
0.17893858	-0.73431003	0.9999998	-0.41316232	0.11575144	-0.17112066	0.2532219	-0.35951278	0.24864055	-0.10311235	0.12448887	-0.14182697	0.13256766	-0.1275389	0.13879067	-0.1009837	0.11253611	-0.09892041	0.058736175	-0.061778374	0.08862551	-0.09180083	0.09254911	-0.102246314	0.028895443	-0.102783345	0.06734881	-0.073628224	0.074200034	-0.032563914
-0.11936745	0.2453608	-0.41316232	0.9999997	-0.263577	0.10657611	-0.19992079	0.21987835	-0.7443514	0.2060898	-0.10245328	0.12364252	-0.13406731	0.19127233	-0.22420275	0.07994548	-0.104507215	0.09474105	-0.06176446	0.06340149	-0.07728387	0.080049455	-0.0860627	0.09166767	-0.028050428	0.08729537	-0.05975805	0.06542605	-0.06814978	0.03133476
0.05834708	-0.12686849	0.11575144	-0.263577	0.9999994	-0.05651033	0.08769949	-0.108609736	0.22656457	-0.9170633	0.05423744	-0.0677547	0.0701632	-0.11719423	0.11848785	-0.04488307	0.05533427	-0.053328853	0.03556425	-0.037800763	0.042690508	-0.045581497	0.048128385	-0.05488804	0.016545692	-0.05225922	0.034540046	-0.038368784	0.039293192	-0.018657574
-0.8330947	0.20337671	-0.17112066	0.10657611	-0.05651033	0.9999994	-0.21811423	0.16011435	-0.11117233	0.048788678	-0.35406592	0.14293978	-0.12054251	0.08399845	-0.097299315	0.18517533	-0.11865492	0.09768261	-0.05743142	0.060626514	-0.13184334	0.118014865	-0.106966205	0.11749496	-0.030672407	0.12966484	-0.08280529	0.08780615	-0.08656447	0.03460139
0.1858373	-0.35649458	0.2532219	-0.19992079	0.08769949	-0.21811423	0.99999946	-0.76139504	0.19570524	-0.0822388	0.15751754	-0.3152916	0.20063783	-0.1321938	0.13946603	-0.12297551	0.17546509	-0.14575154	0.07361579	-0.07721498	0.11034063	-0.11849774	0.12007496	-0.12528166	0.03549981	-0.12293435	0.083206356	-0.09127122	0.09128019	-0.039989583
-0.17287356	0.27038437	-0.35951278	0.21987835	-0.108609736	0.16011435	-0.76139504	0.99999946	-0.29182595	0.09777012	-0.14660963	0.21680456	-0.22789484	0.14363624	-0.15962592	0.10955572	-0.17154716	0.14015274	-0.072513655	0.07439719	-0.10495185	0.109938055	-0.11687803	0.11607964	-0.03400684	0.11200003	-0.07839708	0.085240915	-0.08731197	0.03800477
0.11459323	-0.26036528	0.24864055	-0.7443514	0.22656457	-0.11117233	0.19570524	-0.29182595	0.99999946	-0.2964642	0.10244582	-0.13318941	0.14060655	-0.27718383	0.2157084	-0.0836029	0.1067215	-0.10205381	0.06657687	-0.0694894	0.07893778	-0.08412574	0.08911929	-0.098851085	0.030094502	-0.09372301	0.0627102	-0.06949547	0.07129679	-0.033824712
-0.051369816	0.104204535	-0.10311235	0.2060898	-0.9170633	0.048788678	-0.0822388	0.09777012	-0.2964642	0.99999976	-0.048583414	0.061539385	-0.06610679	0.11384892	-0.13003951	0.039587226	-0.050814763	0.048826523	-0.033122268	0.034812484	-0.038228817	0.04066695	-0.043563638	0.04876974	-0.015030349	0.04589211	-0.030781567	0.034128115	-0.035291135	0.016887901
0.23715462	-0.15708588	0.12448887	-0.10245328	0.05423744	-0.35406592	0.15751754	-0.14660963	0.10244582	-0.048583414	0.9999996	-0.27640322	0.18479352	-0.11164196	0.12320178	-0.6686488	0.20100757	-0.16885097	0.098971896	-0.10674649	0.28070322	-0.25861225	0.19829777	-0.23159575	0.055314545	-0.27748993	0.16613637	-0.17552018	0.16308944	-0.06304846
-0.14816307	0.16099562	-0.14182697	0.12364252	-0.0677547	0.14293978	-0.3152916	0.21680456	-0.13318941	0.061539385	-0.27640322	0.9999997	-0.5453386	0.17429364	-0.19667344	0.1819782	-0.57727355	0.30023795	-0.124129355	0.12390603	-0.18600617	0.20712337	-0.21922101	0.18786742	-0.054744694	0.17681663	-0.1327465	0.1430587	-0.1433699	0.06093205
0.12278686	-0.15471931	0.13256766	-0.13406731	0.0701632	-0.12054251	0.20063783	-0.22789484	0.14060655	-0.06610679	0.18479352	-0.5453386	0.9999997	-0.29578766	0.22395791	-0.1600752	0.31609297	-0.56633425	0.15798545	-0.16798377	0.16306266	-0.20671938	0.23300986	-0.22670898	0.06655483	-0.19377668	0.13717064	-0.16213697	0.1542714	-0.07546507
-0.08920633	0.1364043	-0.1275389	0.19127233	-0.11719423	0.08399845	-0.1321938	0.14363624	-0.27718383	0.11384892	-0.11164196	0.17429364	-0.29578766	0.99999976	-0.84372574	0.09164303	-0.14704676	0.16332191	-0.13506794	0.12671211	-0.09596114	0.10709061	-0.12521145	0.13300525	-0.04782533	0.11310279	-0.079756096	0.09029091	-0.09612556	0.05284926
0.099982254	-0.16553119	0.13879067	-0.22420275	0.11848785	-0.097299315	0.13946603	-0.15962592	0.2157084	-0.13003951	0.12320178	-0.19667344	0.22395791	-0.84372574	0.99999976	-0.10691243	0.15246248	-0.1773978	0.13495892	-0.15260497	0.10794034	-0.12326825	0.13641472	-0.16359138	0.056404047	-0.139811	0.09343145	-0.10774718	0.111209445	-0.0639812
-0.20259422	0.115948305	-0.1009837	0.07994548	-0.04488307	0.18517533	-0.12297551	0.10955572	-0.0836029	0.039587226	-0.6686488	0.1819782	-0.1600752	0.09164303	-0.10691243	0.99999946	-0.18937448	0.14447473	-0.08123133	0.08438111	-0.5621111	0.24345198	-0.19644716	0.17596377	-0.04416304	0.21119805	-0.15107319	0.14494601	-0.14256935	0.049400467
0.12108362	-0.13536291	0.11253611	-0.104507215	0.05533427	-0.11865492	0.17546509	-0.17154716	0.1067215	-0.050814763	0.20100757	-0.57727355	0.31609297	-0.14704676	0.15246248	-0.18937448	0.99999946	-0.56231344	0.15064423	-0.15980187	0.20052356	-0.32854667	0.26168814	-0.23293059	0.065497376	-0.21210411	0.15918434	-0.17827788	0.16436438	-0.07404558
-0.10459582	0.1119897	-0.09892041	0.09474105	-0.053328853	0.09768261	-0.14575154	0.14015274	-0.10205381	0.048826523	-0.16885097	0.30023795	-0.56633425	0.16332191	-0.1773978	0.14447473	-0.56231344	0.9999995	-0.22315247	0.17900869	-0.17357129	0.22877325	-0.39666793	0.21908091	-0.06839157	0.17817228	-0.14471744	0.16760516	-0.16297302	0.07495633
0.06371084	-0.06635468	0.058736175	-0.06176446	0.03556425	-0.05743142	0.07361579	-0.072513655	0.06657687	-0.033122268	0.098971896	-0.124129355	0.15798545	-0.13506794	0.13495892	-0.08123133	0.15064423	-0.22315247	0.9999991	-0.8825428	0.099165514	-0.113143	0.15498663	-0.24741891	0.15607469	-0.11168243	0.08952665	-0.10639531	0.14915563	-0.17372015
-0.06843876	0.06851886	-0.061778374	0.06340149	-0.037800763	0.060626514	-0.07721498	0.07439719	-0.0694894	0.034812484	-0.10674649	0.12390603	-0.16798377	0.12671211	-0.15260497	0.08438111	-0.15980187	0.17900869	-0.8825428	0.99999905	-0.10568747	0.11402804	-0.16069576	0.1963756	-0.21029791	0.112090275	-0.09301599	0.107148275	-0.15992358	0.16861999
0.13388805	-0.10534854	0.08862551	-0.07728387	0.042690508	-0.13184334	0.11034063	-0.10495185	0.07893778	-0.038228817	0.28070322	-0.18600617	0.16306266	-0.09596114	0.10794034	-0.5621111	0.20052356	-0.17357129	0.099165514	-0.10568747	0.9999991	-0.5616625	0.25400946	-0.2467494	0.056374	-0.35753933	0.22071657	-0.21268189	0.18633765	-0.06368525
-0.13231574	0.10432911	-0.09180083	0.080049455	-0.045581497	0.118014865	-0.11849774	0.109938055	-0.08412574	0.04066695	-0.25861225	0.20712337	-0.20671938	0.10709061	-0.12326825	0.24345198	-0.32854667	0.22877325	-0.113143	0.11402804	-0.5616625	0.9999991	-0.51259446	0.24755149	-0.060132783	0.27908617	-0.33385083	0.2436323	-0.21922028	0.06633964
0.11600466	-0.1072466	0.09254911	-0.0860627	0.048128385	-0.106966205	0.12007496	-0.11687803	0.08911929	-0.043563638	0.19829777	-0.21922101	0.23300986	-0.12521145	0.13641472	-0.19644716	0.26168814	-0.39666793	0.15498663	-0.16069576	0.25400946	-0.51259446	0.9999987	-0.4524006	0.08213853	-0.30359942	0.25301498	-0.39352408	0.2732393	-0.09159354
-0.13848454	0.11210887	-0.102246314	0.09166767	-0.05488804	0.11749496	-0.12528166	0.11607964	-0.098851085	0.04876974	-0.23159575	0.18786742	-0.22670898	0.13300525	-0.16359138	0.17596377	-0.23293059	0.21908091	-0.24741891	0.1963756	-0.2467494	0.24755149	-0.4524006	0.9999988	-0.1447159	0.25417486	-0.2373175	0.28311414	-0.61785287	0.13778345
0.034932356	-0.032271396	0.028895443	-0.028050428	0.016545692	-0.030672407	0.03549981	-0.03400684	0.030094502	-0.015030349	0.055314545	-0.054744694	0.06655483	-0.04782533	0.056404047	-0.04416304	0.065497376	-0.06839157	0.15607469	-0.21029791	0.056374	-0.060132783	0.08213853	-0.1447159	0.9999988	-0.069572516	0.05602178	-0.07137306	0.11758109	-0.9466779
-0.15532266	0.112384476	-0.102783345	0.08729537	-0.05225922	0.12966484	-0.12293435	0.11200003	-0.09372301	0.04589211	-0.27748993	0.17681663	-0.19377668	0.11310279	-0.139811	0.21119805	-0.21210411	0.17817228	-0.11168243	0.112090275	-0.35753933	0.27908617	-0.30359942	0.25417486	-0.069572516	0.9999986	-0.6438141	0.30574918	-0.3564622	0.07525149
0.094069526	-0.07610721	0.06734881	-0.05975805	0.034540046	-0.08280529	0.083206356	-0.07839708	0.0627102	-0.030781567	0.16613637	-0.1327465	0.13717064	-0.079756096	0.09343145	-0.15107319	0.15918434	-0.14471744	0.08952665	-0.09301599	0.22071657	-0.33385083	0.25301498	-0.2373175	0.05602178	-0.6438141	0.99999857	-0.5777461	0.2673497	-0.062538184
-0.101437844	0.08208593	-0.073628224	0.06542605	-0.038368784	0.08780615	-0.09127122	0.085240915	-0.06949547	0.034128115	-0.17552018	0.1430587	-0.16213697	0.09029091	-0.10774718	0.14494601	-0.17827788	0.16760516	-0.10639531	0.107148275	-0.21268189	0.2436323	-0.39352408	0.28311414	-0.07137306	0.30574918	-0.5777461	0.9999985	-0.5586565	0.07803179
0.09758507	-0.08423403	0.074200034	-0.06814978	0.039293192	-0.08656447	0.09128019	-0.08731197	0.07129679	-0.035291135	0.16308944	-0.1433699	0.1542714	-0.09612556	0.111209445	-0.14256935	0.16436438	-0.16297302	0.14915563	-0.15992358	0.18633765	-0.21922028	0.2732393	-0.61785287	0.11758109	-0.3564622	0.2673497	-0.5586565	0.9999984	-0.14154604
-0.039754834	0.03610199	-0.032563914	0.03133476	-0.018657574	0.03460139	-0.039989583	0.03800477	-0.033824712	0.016887901	-0.06304846	0.06093205	-0.07546507	0.05284926	-0.0639812	0.049400467	-0.07404558	0.07495633	-0.17372015	0.16861999	-0.06368525	0.06633964	-0.09159354	0.13778345	-0.9466779	0.07525149	-0.062538184	0.07803179	-0.14154604	0.9999984
