1.2287698592990637
0.3641931600868702
0.47827625647187233
0.9195372741669416
1.2300930116325617
1.8088937867432833
1.9168990515172482
0.6479306742548943
1.5151723511517048
1.9616877250373363
0.9832309652119875
1.2283177580684423
1.9673436600714922
1.038699271157384
0.8217485249042511
1.7764343656599522
1.8051037676632404
0.9855705387890339
0.24736846797168255
1.9570392556488514
0.23526623286306858
0.4467136710882187
0.07796070724725723
1.6500837169587612
0.84584791213274
0.35024278424680233
0.08634847402572632
1.4102970287203789
1.7539076767861843
1.3307098429650068
0.8352504149079323
1.8357960488647223
0.5830237846821547
1.4474886171519756
1.762920618057251
0.7378283869475126
1.4798699282109737
0.7910771537572145
1.1210700422525406
1.3751752376556396
1.7860504798591137
0.9232182912528515
1.2437251023948193
0.5665635280311108
0.2797200009226799
1.5916918981820345
1.8210600893944502
0.6409314926713705
1.8956753499805927
