1.0000001	-0.3013899	0.17314781	-0.10828588	0.10346717	-0.84422874	0.2757076	-0.17838539	0.110321276	-0.09918662	0.1318717	-0.15578216	0.1208775	-0.11495434	0.11213281	-0.17718688	0.088946946	-0.086873665	0.08163569	-0.08473315	0.07872511	-0.09731817	0.06942711	-0.060377244	0.061446052	-0.09999982	0.07561462	-0.06825461	0.053198647	-0.059562918
-0.3013899	0.99999994	-0.4763671	0.16526102	-0.1554538	0.23390673	-0.720667	0.23148139	-0.16071263	0.12870763	-0.1261337	0.15468752	-0.14752734	0.13044743	-0.13861533	0.15084198	-0.09560721	0.090952724	-0.09029452	0.09201454	-0.07004565	0.08526262	-0.069180585	0.062268026	-0.06455921	0.08832065	-0.06981056	0.06626226	-0.054294795	0.060244698
0.17314781	-0.4763671	1.0	-0.41313604	0.24537612	-0.1544277	0.26205236	-0.5301435	0.2724109	-0.2283748	0.15615103	-0.20688039	0.22291648	-0.21473157	0.20387997	-0.23321347	0.13609602	-0.13914233	0.1357655	-0.14477153	0.106694475	-0.1330095	0.10411557	-0.09548579	0.09751561	-0.13872829	0.105705775	-0.10234436	0.08240944	-0.093480125
-0.10828588	0.16526102	-0.41313604	0.99999976	-0.6224696	0.08593189	-0.14909852	0.2683538	-0.5428076	0.29492134	-0.102799125	0.13013116	-0.1628916	0.1695539	-0.20581368	0.14572744	-0.09719395	0.09711761	-0.1078244	0.11751276	-0.06886328	0.08529349	-0.074585445	0.07135161	-0.07479095	0.09009106	-0.070800945	0.07204847	-0.06094868	0.06901408
0.10346717	-0.1554538	0.24537612	-0.6224696	0.9999999	-0.08549544	0.13373409	-0.26634043	0.31752175	-0.570176	0.12203247	-0.15836512	0.17636216	-0.2127777	0.24608275	-0.18898466	0.11528341	-0.118726484	0.1320434	-0.15563942	0.088385105	-0.11065062	0.09339554	-0.09048689	0.09380628	-0.117507644	0.09014216	-0.09232224	0.07679945	-0.08903513
-0.84422874	0.23390673	-0.1544277	0.08593189	-0.08549544	0.9999998	-0.4187604	0.13698187	-0.0899723	0.07759744	-0.12029195	0.12522219	-0.09784512	0.088408664	-0.09027316	0.12720576	-0.070038624	0.0663265	-0.06327449	0.06435676	-0.057173286	0.069208525	-0.051913485	0.0453686	-0.046624113	0.07051688	-0.055092983	0.05007652	-0.039916344	0.044219896
0.2757076	-0.720667	0.26205236	-0.14909852	0.13373409	-0.4187604	0.9999996	-0.2669259	0.14769681	-0.12648264	0.14585814	-0.20503111	0.15390058	-0.14026366	0.13618384	-0.18212797	0.10408476	-0.101307526	0.09526003	-0.098365165	0.08198196	-0.10049202	0.0761532	-0.06775735	0.0692534	-0.10288888	0.07935824	-0.07405725	0.059097078	-0.06609601
-0.17838539	0.23148139	-0.5301435	0.2683538	-0.26634043	0.13698187	-0.2669259	0.9999996	-0.47079313	0.2437536	-0.16346206	0.20217352	-0.42540103	0.25395983	-0.26492888	0.19723691	-0.15933064	0.15473275	-0.15832548	0.15563986	-0.09458479	0.114953	-0.105997495	0.09974106	-0.104415216	0.11971819	-0.09757389	0.09921583	-0.08531254	0.093979105
0.110321276	-0.16071263	0.2724109	-0.5428076	0.31752175	-0.0899723	0.14769681	-0.47079313	0.99999946	-0.5161204	0.12341376	-0.16024475	0.21055911	-0.24345897	0.24864157	-0.1776602	0.119068466	-0.12226048	0.13504599	-0.15163417	0.08369969	-0.1039393	0.091291286	-0.088965096	0.09231117	-0.10957426	0.08577863	-0.088774055	0.07510626	-0.08594856
-0.09918662	0.12870763	-0.2283748	0.29492134	-0.570176	0.07759744	-0.12648264	0.2437536	-0.5161204	0.9999992	-0.111917995	0.14054897	-0.18908545	0.22150812	-0.4800687	0.15724097	-0.114321604	0.11418895	-0.1453185	0.16584645	-0.07583938	0.09384234	-0.08953232	0.08996711	-0.097246215	0.09977311	-0.07986317	0.08555416	-0.0756984	0.08578258
0.1318717	-0.1261337	0.15615103	-0.102799125	0.12203247	-0.12029195	0.14585814	-0.16346206	0.12341376	-0.111917995	0.9999989	-0.7098153	0.21401909	-0.1780415	0.1643944	-0.5352636	0.18389668	-0.16202557	0.13003142	-0.12370539	0.1696734	-0.1870854	0.11359825	-0.09303756	0.093828	-0.15189938	0.12660292	-0.10477116	0.08187777	-0.08699798
-0.15578216	0.15468752	-0.20688039	0.13013116	-0.15836512	0.12522219	-0.20503111	0.20217352	-0.16024475	0.14054897	-0.7098153	0.9999988	-0.3675134	0.21676825	-0.21678026	0.28956312	-0.27170527	0.198472	-0.16328105	0.14735802	-0.1355676	0.14399122	-0.12256598	0.10510688	-0.10865206	0.13457693	-0.12045921	0.10909925	-0.09162179	0.096567534
0.1208775	-0.14752734	0.22291648	-0.1628916	0.17636216	-0.09784512	0.15390058	-0.42540103	0.21055911	-0.18908545	0.21401909	-0.3675134	0.9999991	-0.6164386	0.26744297	-0.25108826	0.22209488	-0.28487518	0.20813237	-0.1978073	0.11539648	-0.1402977	0.12847367	-0.12557665	0.12422528	-0.13943191	0.11335996	-0.12067337	0.10245503	-0.11376143
-0.11495434	0.13044743	-0.21473157	0.1695539	-0.2127777	0.088408664	-0.14026366	0.25395983	-0.24345897	0.22150812	-0.1780415	0.21676825	-0.6164386	0.99999887	-0.5052664	0.20001525	-0.20235218	0.20130038	-0.32629952	0.24309321	-0.10040882	0.12111469	-0.1367739	0.14476904	-0.14947417	0.1264371	-0.107659355	0.12313967	-0.117064096	0.1254503
0.11213281	-0.13861533	0.20387997	-0.20581368	0.24608275	-0.09027316	0.13618384	-0.26492888	0.24864157	-0.4800687	0.1643944	-0.21678026	0.26744297	-0.5052664	0.9999988	-0.24886051	0.17443323	-0.18656257	0.25568777	-0.39685157	0.11947431	-0.14950125	0.14564781	-0.15820287	0.1680231	-0.15914734	0.12552209	-0.14288023	0.12761857	-0.15141098
-0.17718688	0.15084198	-0.23321347	0.14572744	-0.18898466	0.12720576	-0.18212797	0.19723691	-0.1776602	0.15724097	-0.5352636	0.28956312	-0.25108826	0.20001525	-0.24886051	0.99999875	-0.259977	0.19152394	-0.18455061	0.16584967	-0.41867006	0.26742363	-0.17835154	0.13304639	-0.13919489	0.21400182	-0.21671556	0.15176004	-0.12196795	0.12237756
0.088946946	-0.09560721	0.13609602	-0.09719395	0.11528341	-0.070038624	0.10408476	-0.15933064	0.119068466	-0.114321604	0.18389668	-0.27170527	0.22209488	-0.20235218	0.17443323	-0.259977	0.9999987	-0.8213998	0.21573977	-0.20525116	0.12321648	-0.15310083	0.15260893	-0.1399933	0.12903123	-0.13755772	0.11722292	-0.1413014	0.110458605	-0.12305009
-0.086873665	0.090952724	-0.13914233	0.09711761	-0.118726484	0.0663265	-0.101307526	0.15473275	-0.12226048	0.11418895	-0.16202557	0.198472	-0.28487518	0.20130038	-0.18656257	0.19152394	-0.8213998	0.9999986	-0.29986992	0.19897833	-0.10316565	0.122801304	-0.17216651	0.14282551	-0.13363042	0.11897882	-0.106915176	0.1353919	-0.11281613	0.11814804
0.08163569	-0.09029452	0.1357655	-0.1078244	0.1320434	-0.06327449	0.09526003	-0.15832548	0.13504599	-0.1453185	0.13003142	-0.16328105	0.20813237	-0.32629952	0.25568777	-0.18455061	0.21573977	-0.29986992	0.99999857	-0.69111806	0.10116645	-0.1269883	0.19603331	-0.35743922	0.25556207	-0.13824172	0.12025734	-0.18394388	0.19345115	-0.21904105
-0.08473315	0.09201454	-0.14477153	0.11751276	-0.15563942	0.06435676	-0.098365165	0.15563986	-0.15163417	0.16584645	-0.12370539	0.14735802	-0.1978073	0.24309321	-0.39685157	0.16584967	-0.20525116	0.19897833	-0.69111806	0.9999986	-0.093917966	0.11570541	-0.19120389	0.24893531	-0.37445906	0.127731	-0.1157272	0.1662053	-0.19463065	0.21059047
0.07872511	-0.07004565	0.106694475	-0.06886328	0.088385105	-0.057173286	0.08198196	-0.09458479	0.08369969	-0.07583938	0.1696734	-0.1355676	0.11539648	-0.10040882	0.11947431	-0.41867006	0.12321648	-0.10316565	0.10116645	-0.093917966	0.99999875	-0.7838755	0.1535639	-0.09601741	0.09142898	-0.3166735	0.23630136	-0.1372248	0.08912174	-0.08680013
-0.09731817	0.08526262	-0.1330095	0.08529349	-0.11065062	0.069208525	-0.10049202	0.114953	-0.1039393	0.09384234	-0.1870854	0.14399122	-0.1402977	0.12111469	-0.14950125	0.26742363	-0.15310083	0.122801304	-0.1269883	0.11570541	-0.7838755	0.99999857	-0.22737604	0.1216846	-0.11687517	0.26096854	-0.33610976	0.17091282	-0.11415751	0.10761637
0.06942711	-0.069180585	0.10411557	-0.074585445	0.09339554	-0.051913485	0.0761532	-0.105997495	0.091291286	-0.08953232	0.11359825	-0.12256598	0.12847367	-0.1367739	0.14564781	-0.17835154	0.15260893	-0.17216651	0.19603331	-0.19120389	0.1535639	-0.22737604	0.9999977	-0.43978265	0.2425392	-0.2355883	0.21923283	-0.7032097	0.28411314	-0.27196324
-0.060377244	0.062268026	-0.09548579	0.07135161	-0.09048689	0.0453686	-0.06775735	0.09974106	-0.088965096	0.08996711	-0.09303756	0.10510688	-0.12557665	0.14476904	-0.15820287	0.13304639	-0.1399933	0.14282551	-0.35743922	0.24893531	-0.09601741	0.1216846	-0.43978265	0.9999975	-0.53335965	0.13892119	-0.1378241	0.28074044	-0.51345176	0.31303427
0.061446052	-0.06455921	0.09751561	-0.07479095	0.09380628	-0.046624113	0.0692534	-0.104415216	0.09231117	-0.097246215	0.093828	-0.10865206	0.12422528	-0.14947417	0.1680231	-0.13919489	0.12903123	-0.13363042	0.25556207	-0.37445906	0.09142898	-0.11687517	0.2425392	-0.53335965	0.99999714	-0.14355761	0.1311301	-0.25759912	0.30960613	-0.6152657
-0.09999982	0.08832065	-0.13872829	0.09009106	-0.117507644	0.07051688	-0.10288888	0.11971819	-0.10957426	0.09977311	-0.15189938	0.13457693	-0.13943191	0.1264371	-0.15914734	0.21400182	-0.13755772	0.11897882	-0.13824172	0.127731	-0.3166735	0.26096854	-0.2355883	0.13892119	-0.14355761	0.99999696	-0.8020856	0.21964483	-0.14666602	0.12987083
0.07561462	-0.06981056	0.105705775	-0.070800945	0.09014216	-0.055092983	0.07935824	-0.09757389	0.08577863	-0.07986317	0.12660292	-0.12045921	0.11335996	-0.107659355	0.12552209	-0.21671556	0.11722292	-0.106915176	0.12025734	-0.1157272	0.23630136	-0.33610976	0.21923283	-0.1378241	0.1311301	-0.8020856	0.99999684	-0.31872645	0.14593071	-0.1367925
-0.06825461	0.06626226	-0.10234436	0.07204847	-0.09232224	0.05007652	-0.07405725	0.09921583	-0.088774055	0.08555416	-0.10477116	0.10909925	-0.12067337	0.12313967	-0.14288023	0.15176004	-0.1413014	0.1353919	-0.18394388	0.1662053	-0.1372248	0.17091282	-0.7032097	0.28074044	-0.25759912	0.21964483	-0.31872645	0.99999666	-0.4394864	0.24552079
0.053198647	-0.054294795	0.08240944	-0.06094868	0.07679945	-0.039916344	0.059097078	-0.08531254	0.07510626	-0.0756984	0.08187777	-0.09162179	0.10245503	-0.117064096	0.12761857	-0.12196795	0.110458605	-0.11281613	0.19345115	-0.19463065	0.08912174	-0.11415751	0.28411314	-0.51345176	0.30960613	-0.14666602	0.14593071	-0.4394864	0.9999967	-0.6232074
-0.059562918	0.060244698	-0.093480125	0.06901408	-0.08903513	0.044219896	-0.06609601	0.093979105	-0.08594856	0.08578258	-0.08699798	0.096567534	-0.11376143	0.1254503	-0.15141098	0.12237756	-0.12305009	0.11814804	-0.21904105	0.21059047	-0.08680013	0.10761637	-0.27196324	0.31303427	-0.6152657	0.12987083	-0.1367925	0.24552079	-0.6232074	0.9999967
