1.0000001	-0.12773834	0.09443963	-0.09846775	0.097496815	-0.907435	0.1870724	-0.13128375	0.10121917	-0.081442565	0.16591586	-0.18910721	0.1122231	-0.108267836	0.09144499	-0.12649618	0.11526654	-0.14342207	0.08102301	-0.09880263	0.13402411	-0.11314994	0.10563743	-0.10853254	0.057099465	-0.13361481	0.085808404	-0.08410339	0.08538489	-0.06218785
-0.12773834	1.0000002	-0.7747179	0.22855227	-0.2347064	0.11200344	-0.34679294	0.29028493	-0.27051243	0.14777382	-0.095488444	0.21642272	-0.20484234	0.1651281	-0.17850257	0.06677448	-0.122569725	0.13925211	-0.08059194	0.089301586	-0.10534447	0.09886423	-0.10338585	0.088060625	-0.051108155	0.0839704	-0.07091453	0.06488857	-0.07567133	0.051611986
0.09443963	-0.7747179	1.0000002	-0.29435644	0.19115686	-0.08839797	0.22709286	-0.44445586	0.24714465	-0.13167475	0.07454971	-0.19365536	0.18029039	-0.15532432	0.14396612	-0.053092588	0.10050145	-0.12207947	0.067551315	-0.076081835	0.08280687	-0.08261529	0.08402695	-0.0732367	0.042174697	-0.06859723	0.05728651	-0.053166922	0.061433174	-0.04296651
-0.09846775	0.22855227	-0.29435644	1.0000002	-0.53677565	0.0875015	-0.19203377	0.276511	-0.6512014	0.23978862	-0.08605338	0.17497167	-0.1948028	0.19151838	-0.2287141	0.060633745	-0.1112442	0.13683924	-0.08054584	0.09159534	-0.09712122	0.09252334	-0.09771952	0.08565928	-0.050155032	0.07963255	-0.067045785	0.06211751	-0.07243589	0.050829317
0.097496815	-0.2347064	0.19115686	-0.53677565	1.0000005	-0.092009746	0.17925507	-0.2626339	0.2816794	-0.58931094	0.09119279	-0.20716543	0.20454188	-0.27361795	0.2839988	-0.066013	0.1240811	-0.1679262	0.09713779	-0.11634266	0.10444353	-0.10755486	0.11007756	-0.10265026	0.05963104	-0.09266374	0.075790174	-0.07243186	0.08292012	-0.06159706
-0.907435	0.11200344	-0.08839797	0.0875015	-0.092009746	1.0000005	-0.22668874	0.11789937	-0.09569675	0.07285948	-0.20692685	0.16762748	-0.10287753	0.09487803	-0.08463389	0.12554476	-0.10681176	0.12245509	-0.070309244	0.083374284	-0.13920303	0.100736745	-0.0958492	0.09316115	-0.04982686	0.115791835	-0.07739545	0.07337883	-0.07642611	0.05327889
0.1870724	-0.34679294	0.22709286	-0.19203377	0.17925507	-0.22668874	1.0000004	-0.37116143	0.21036085	-0.14386193	0.12406221	-0.70987284	0.2393997	-0.20548399	0.16554299	-0.09111293	0.18787615	-0.20406112	0.10447742	-0.11819366	0.13097347	-0.15126786	0.13526228	-0.118360244	0.06557628	-0.11226136	0.09136312	-0.08564792	0.09630355	-0.06781419
-0.13128375	0.29028493	-0.44445586	0.276511	-0.2626339	0.11789937	-0.37116143	1.0000004	-0.5151303	0.18774144	-0.1082335	0.25591242	-0.40476993	0.2431205	-0.22838564	0.0763373	-0.14983843	0.18022689	-0.10003425	0.109075285	-0.120789774	0.11832492	-0.124696106	0.105109364	-0.06127297	0.09730102	-0.08347526	0.07653317	-0.08983218	0.061618723
0.10121917	-0.27051243	0.24714465	-0.6512014	0.2816794	-0.09569675	0.21036085	-0.5151303	1.0000006	-0.25510994	0.08840405	-0.21660489	0.22128227	-0.24015835	0.20595804	-0.06362643	0.121229924	-0.15781642	0.087548934	-0.101306275	0.09982748	-0.102185085	0.10406361	-0.093483455	0.053989764	-0.08552125	0.07094186	-0.06678819	0.07687627	-0.055382196
-0.081442565	0.14777382	-0.13167475	0.23978862	-0.58931094	0.07285948	-0.14386193	0.18774144	-0.25510994	1.0000007	-0.07901249	0.15295452	-0.2030387	0.24585874	-0.65050733	0.055977583	-0.10526168	0.13618417	-0.091183774	0.10546263	-0.090711094	0.08815991	-0.09573455	0.085547335	-0.052655987	0.07546902	-0.06485822	0.060486935	-0.07215493	0.052258514
0.16591586	-0.095488444	0.07454971	-0.08605338	0.09119279	-0.20692685	0.12406221	-0.1082335	0.08840405	-0.07901249	1.0000007	-0.15345363	0.11139158	-0.107717134	0.091511525	-0.7703531	0.17712517	-0.20920177	0.11896127	-0.14775495	0.30666682	-0.1991327	0.16561536	-0.1818004	0.08951278	-0.30362514	0.15875867	-0.15661994	0.14201465	-0.1003038
-0.18910721	0.21642272	-0.19365536	0.17497167	-0.20716543	0.16762748	-0.70987284	0.25591242	-0.21660489	0.15295452	-0.15345363	1.0000007	-0.34434608	0.21748453	-0.20094894	0.10956685	-0.30475	0.22987252	-0.1228359	0.13184154	-0.16510786	0.1835334	-0.17291553	0.1375529	-0.07696684	0.1300718	-0.11224924	0.10165589	-0.117311694	0.07782691
0.1122231	-0.20484234	0.18029039	-0.1948028	0.20454188	-0.10287753	0.2393997	-0.40476993	0.22128227	-0.2030387	0.11139158	-0.34434608	1.0000011	-0.65442914	0.25230628	-0.080967456	0.18482819	-0.31971198	0.1299654	-0.13759844	0.1277178	-0.14173673	0.14688754	-0.12318934	0.07122489	-0.105637744	0.09229993	-0.08595188	0.10114433	-0.07159976
-0.108267836	0.1651281	-0.15532432	0.19151838	-0.27361795	0.09487803	-0.20548399	0.2431205	-0.24015835	0.24585874	-0.107717134	0.21748453	-0.65442914	1.0000012	-0.5120691	0.07616985	-0.15791348	0.20446151	-0.12206418	0.12818244	-0.12362085	0.122293785	-0.13570918	0.11292247	-0.06811484	0.09913727	-0.08762458	0.08042817	-0.09660033	0.06713575
0.09144499	-0.17850257	0.14396612	-0.2287141	0.2839988	-0.08463389	0.16554299	-0.22838564	0.20595804	-0.65050733	0.091511525	-0.20094894	0.25230628	-0.5120691	1.0000011	-0.06603112	0.12936753	-0.18249862	0.12082459	-0.15651324	0.105750285	-0.10961611	0.11615854	-0.10847525	0.06750921	-0.091515146	0.077956945	-0.07428529	0.08808307	-0.06767873
-0.12649618	0.06677448	-0.053092588	0.060633745	-0.066013	0.12554476	-0.09111293	0.0763373	-0.06362643	0.055977583	-0.7703531	0.10956685	-0.080967456	0.07616985	-0.06603112	1.0000011	-0.16896664	0.15215401	-0.08591455	0.102436684	-0.51929414	0.16252892	-0.13083003	0.12859045	-0.06423068	0.21786956	-0.12395367	0.11229658	-0.106271364	0.07027712
0.11526654	-0.122569725	0.10050145	-0.1112442	0.1240811	-0.10681176	0.18787615	-0.14983843	0.121229924	-0.10526168	0.17712517	-0.30475	0.18482819	-0.15791348	0.12936753	-0.16896664	1.0000012	-0.53827703	0.18533409	-0.19874054	0.21797419	-0.6232405	0.27797654	-0.21783818	0.107798755	-0.18802227	0.16654597	-0.15475477	0.16363169	-0.11130387
-0.14342207	0.13925211	-0.12207947	0.13683924	-0.1679262	0.12245509	-0.20406112	0.18022689	-0.15781642	0.13618417	-0.20920177	0.22987252	-0.31971198	0.20446151	-0.18249862	0.15215401	-0.53827703	1.0000011	-0.38102916	0.256619	-0.2517675	0.2888776	-0.37082183	0.2446683	-0.1427997	0.19133003	-0.18681613	0.16831815	-0.20817393	0.13514796
0.08102301	-0.08059194	0.067551315	-0.08054584	0.09713779	-0.070309244	0.10447742	-0.10003425	0.087548934	-0.091183774	0.11896127	-0.1228359	0.1299654	-0.12206418	0.12082459	-0.08591455	0.18533409	-0.38102916	1.000001	-0.7941626	0.14739364	-0.1627305	0.21062635	-0.31217185	0.17890432	-0.12912247	0.1258785	-0.12813047	0.18020175	-0.17499971
-0.09880263	0.089301586	-0.076081835	0.09159534	-0.11634266	0.083374284	-0.11819366	0.109075285	-0.101306275	0.10546263	-0.14775495	0.13184154	-0.13759844	0.12818244	-0.15651324	0.102436684	-0.19874054	0.256619	-0.7941626	1.0000008	-0.1812673	0.16613495	-0.23010075	0.24209423	-0.2696389	0.14572373	-0.14862062	0.14121133	-0.21119799	0.1932723
0.13402411	-0.10534447	0.08280687	-0.09712122	0.10444353	-0.13920303	0.13097347	-0.120789774	0.09982748	-0.090711094	0.30666682	-0.16510786	0.1277178	-0.12362085	0.105750285	-0.51929414	0.21797419	-0.2517675	0.14739364	-0.1812673	1.0000006	-0.3119919	0.22320902	-0.23762366	0.11485192	-0.53245133	0.23594448	-0.21953101	0.1925546	-0.12830977
-0.11314994	0.09886423	-0.08261529	0.09252334	-0.10755486	0.100736745	-0.15126786	0.11832492	-0.102185085	0.08815991	-0.1991327	0.1835334	-0.14173673	0.122293785	-0.10961611	0.16252892	-0.6232405	0.2888776	-0.1627305	0.16613495	-0.3119919	1.0000006	-0.52206993	0.24386315	-0.115105055	0.2197672	-0.24760766	0.19242495	-0.20360413	0.115577415
0.10563743	-0.10338585	0.08402695	-0.09771952	0.11007756	-0.0958492	0.13526228	-0.124696106	0.10406361	-0.09573455	0.16561536	-0.17291553	0.14688754	-0.13570918	0.11615854	-0.13083003	0.27797654	-0.37082183	0.21062635	-0.23010075	0.22320902	-0.52206993	1.000001	-0.5496721	0.15670243	-0.24106036	0.22229953	-0.28761232	0.26449868	-0.16486265
-0.10853254	0.088060625	-0.0732367	0.08565928	-0.10265026	0.09316115	-0.118360244	0.105109364	-0.093483455	0.085547335	-0.1818004	0.1375529	-0.12318934	0.11292247	-0.10847525	0.12859045	-0.21783818	0.2446683	-0.31217185	0.24209423	-0.23762366	0.24386315	-0.5496721	1.000001	-0.2595726	0.21577281	-0.24434051	0.25879037	-0.52627474	0.21543066
0.057099465	-0.051108155	0.042174697	-0.050155032	0.05963104	-0.04982686	0.06557628	-0.06127297	0.053989764	-0.052655987	0.08951278	-0.07696684	0.07122489	-0.06811484	0.06750921	-0.06423068	0.107798755	-0.1427997	0.17890432	-0.2696389	0.11485192	-0.115105055	0.15670243	-0.2595726	1.0000011	-0.121612266	0.11830345	-0.14380698	0.21702795	-0.87343967
-0.13361481	0.0839704	-0.06859723	0.07963255	-0.09266374	0.115791835	-0.11226136	0.09730102	-0.08552125	0.07546902	-0.30362514	0.1300718	-0.105637744	0.09913727	-0.091515146	0.21786956	-0.18802227	0.19133003	-0.12912247	0.14572373	-0.53245133	0.2197672	-0.24106036	0.21577281	-0.121612266	1.0000008	-0.5827558	0.27027816	-0.27897862	0.12532686
0.085808404	-0.07091453	0.05728651	-0.067045785	0.075790174	-0.07739545	0.09136312	-0.08347526	0.07094186	-0.06485822	0.15875867	-0.11224924	0.09229993	-0.08762458	0.077956945	-0.12395367	0.16654597	-0.18681613	0.1258785	-0.14862062	0.23594448	-0.24760766	0.22229953	-0.24434051	0.11830345	-0.5827558	1.0000008	-0.6181696	0.2718892	-0.13523957
-0.08410339	0.06488857	-0.053166922	0.06211751	-0.07243186	0.07337883	-0.08564792	0.07653317	-0.06678819	0.060486935	-0.15661994	0.10165589	-0.08595188	0.08042817	-0.07428529	0.11229658	-0.15475477	0.16831815	-0.12813047	0.14121133	-0.21953101	0.19242495	-0.28761232	0.25879037	-0.14380698	0.27027816	-0.6181696	1.0000008	-0.58446586	0.15265805
0.08538489	-0.07567133	0.061433174	-0.07243589	0.08292012	-0.07642611	0.09630355	-0.08983218	0.07687627	-0.07215493	0.14201465	-0.117311694	0.10114433	-0.09660033	0.08808307	-0.106271364	0.16363169	-0.20817393	0.18020175	-0.21119799	0.1925546	-0.20360413	0.26449868	-0.52627474	0.21702795	-0.27897862	0.2718892	-0.58446586	1.0000008	-0.3045643
-0.06218785	0.051611986	-0.04296651	0.050829317	-0.06159706	0.05327889	-0.06781419	0.061618723	-0.055382196	0.052258514	-0.1003038	0.07782691	-0.07159976	0.06713575	-0.06767873	0.07027712	-0.11130387	0.13514796	-0.17499971	0.1932723	-0.12830977	0.115577415	-0.16486265	0.21543066	-0.87343967	0.12532686	-0.13523957	0.15265805	-0.3045643	1.0000008
