0.047294482588768005
1.9832372311502695
1.6851804573088884
0.9494195356965065
1.1606943644583225
1.7959218714386225
0.3824548237025738
1.9001821335405111
0.37734579667449
0.3577941730618477
1.060343373566866
0.10051431134343147
0.535811385139823
0.9517954029142857
1.5422980692237616
0.5537493620067835
1.8520399518311024
1.999282704666257
0.48132107593119144
0.751852385699749
0.5654307119548321
1.4954604096710682
1.5965142361819744
0.644646218046546
1.910978026688099
1.881236581131816
1.6152474116533995
1.0073578301817179
0.480252493172884
0.9653807934373617
0.26674956269562244
0.697071447968483
0.7301061656326056
0.591928955167532
1.2283772677183151
1.7022886909544468
0.5650001838803291
1.6128658410161734
0.49475802294909954
1.8220597486943007
0.36432737670838833
0.4937876332551241
0.5626929700374603
0.007298910990357399
0.9049580059945583
1.655731175094843
1.7557689864188433
0.14971844665706158
0.2242271564900875
