1.0000001	-0.26559424	0.15263443	-0.0997526	0.062848	-0.90180683	0.22932571	-0.18569797	0.09800626	-0.070782155	0.13366695	-0.13761736	0.10542553	-0.110502996	0.060151882	-0.08945251	0.072895944	-0.06816667	0.059793297	-0.046615947	0.047757648	-0.044441983	0.051216416	-0.048071027	0.042961955	-0.03310168	0.034314964	-0.0487272	0.04050741	-0.04117439
-0.26559424	1.0000002	-0.61139023	0.18270625	-0.12164675	0.20586854	-0.5980245	0.32028607	-0.19345503	0.1171323	-0.18147415	0.17416686	-0.15177374	0.13633813	-0.0790451	0.1019535	-0.093334265	0.083259724	-0.07586702	0.058860242	-0.05928319	0.05375403	-0.063423045	0.058271136	-0.053342793	0.039601393	-0.042137556	0.05801597	-0.049714472	0.04929228
0.15263443	-0.61139023	1.0000001	-0.31902024	0.14977564	-0.14752227	0.3056392	-0.6004692	0.23305169	-0.15621276	0.12621675	-0.13463502	0.14913882	-0.14731064	0.07250606	-0.086108126	0.07612989	-0.07758712	0.07024694	-0.056100946	0.04911996	-0.04617564	0.0562998	-0.054398913	0.04820553	-0.03410785	0.035851862	-0.053202454	0.0449571	-0.04553194
-0.0997526	0.18270625	-0.31902024	1.0000001	-0.52896845	0.08778725	-0.17519414	0.22879563	-0.6727963	0.31266972	-0.091996945	0.08985396	-0.119611695	0.119838506	-0.07830107	0.068058	-0.06291879	0.06583902	-0.06421323	0.057769008	-0.04094042	0.038762346	-0.048919935	0.04899767	-0.044054974	0.02866012	-0.030359492	0.046500362	-0.04021208	0.041022692
0.062848	-0.12164675	0.14977564	-0.52896845	1.0	-0.05812875	0.10547862	-0.14761174	0.30795047	-0.76877666	0.06069277	-0.061061542	0.079679064	-0.086198755	0.07705574	-0.05203703	0.046692498	-0.053176563	0.052022208	-0.058974348	0.030903475	-0.03009962	0.038530335	-0.04159469	0.036350206	-0.022383694	0.023419527	-0.038612667	0.03286211	-0.03498928
-0.90180683	0.20586854	-0.14752227	0.08778725	-0.05812875	0.9999998	-0.2985406	0.16443723	-0.09278717	0.06284966	-0.15560187	0.13713971	-0.10256772	0.099267714	-0.058154542	0.085254915	-0.07293455	0.064053684	-0.05693997	0.043873627	-0.04706155	0.04279885	-0.04918139	0.04494356	-0.04097452	0.031718615	-0.03333543	0.045561142	-0.038469676	0.038452826
0.22932571	-0.5980245	0.3056392	-0.17519414	0.10547862	-0.2985406	0.9999999	-0.5452571	0.1771254	-0.119523	0.20315205	-0.28698507	0.17294823	-0.1653536	0.08161792	-0.11706061	0.09958988	-0.093055114	0.082179226	-0.06302857	0.06331904	-0.058298077	0.06834775	-0.063721165	0.056909632	-0.042975042	0.045138713	-0.063633256	0.053518705	-0.053639755
-0.18569797	0.32028607	-0.6004692	0.22879563	-0.14761174	0.16443723	-0.5452571	0.9999998	-0.327006	0.15475	-0.16956377	0.17214692	-0.23303732	0.17709233	-0.08640864	0.10369453	-0.09484138	0.09420206	-0.08561413	0.065760136	-0.060175024	0.055908423	-0.068607435	0.06466103	-0.05797949	0.041068014	-0.043589856	0.063206606	-0.054009322	0.05385991
0.09800626	-0.19345503	0.23305169	-0.6727963	0.30795047	-0.09278717	0.1771254	-0.327006	0.9999996	-0.51255995	0.09584387	-0.09840518	0.13616112	-0.158742	0.088852696	-0.07571873	0.06843668	-0.07565323	0.073650196	-0.06856411	0.044737834	-0.043034263	0.05479567	-0.05654045	0.049704116	-0.031833466	0.033489976	-0.053133767	0.045459606	-0.047035128
-0.070782155	0.1171323	-0.15621276	0.31266972	-0.76877666	0.06284966	-0.119523	0.15475	-0.51255995	0.9999997	-0.069598615	0.06811219	-0.092961624	0.097184576	-0.100646414	0.058357038	-0.05350352	0.06038992	-0.06091128	0.06921752	-0.035243534	0.034172278	-0.04413525	0.04760907	-0.042127173	0.025355155	-0.026692392	0.043748952	-0.0377684	0.039894905
0.13366695	-0.18147415	0.12621675	-0.091996945	0.06069277	-0.15560187	0.20315205	-0.16956377	0.09584387	-0.069598615	0.99999976	-0.810086	0.21759818	-0.2291542	0.10924798	-0.33243972	0.19034147	-0.1464986	0.11918728	-0.08555545	0.11893802	-0.10489431	0.10790859	-0.093344055	0.08308969	-0.07705662	0.07884929	-0.09857083	0.08039176	-0.07928812
-0.13761736	0.17416686	-0.13463502	0.08985396	-0.061061542	0.13713971	-0.28698507	0.17214692	-0.09840518	0.06811219	-0.810086	0.9999997	-0.30505356	0.2108187	-0.112456106	0.21293598	-0.19112955	0.13855962	-0.11953156	0.08413894	-0.11311017	0.09711119	-0.10593883	0.08941468	-0.082402356	0.07043818	-0.07557493	0.092329815	-0.07850567	0.075327165
0.10542553	-0.15177374	0.14913882	-0.119611695	0.079679064	-0.10256772	0.17294823	-0.23303732	0.13616112	-0.092961624	0.21759818	-0.30505356	0.9999995	-0.78868073	0.15863077	-0.19076845	0.17162186	-0.26168162	0.20590071	-0.13633545	0.108142756	-0.10901339	0.14910719	-0.14866993	0.121625	-0.078451134	0.082308814	-0.13944097	0.115541294	-0.11578024
-0.110502996	0.13633813	-0.14731064	0.119838506	-0.086198755	0.099267714	-0.1653536	0.17709233	-0.158742	0.097184576	-0.2291542	0.2108187	-0.78868073	0.9999997	-0.21148789	0.1775415	-0.18469746	0.22342063	-0.30124593	0.16205196	-0.1161452	0.11225661	-0.16124459	0.16485494	-0.14701653	0.08082059	-0.08799713	0.1414067	-0.13233213	0.12521859
0.060151882	-0.0790451	0.07250606	-0.07830107	0.07705574	-0.058154542	0.08161792	-0.08640864	0.088852696	-0.100646414	0.10924798	-0.112456106	0.15863077	-0.21148789	0.9999995	-0.19532311	0.16741544	-0.27264306	0.29284796	-0.7857509	0.11640842	-0.12658794	0.17748764	-0.2573844	0.20804961	-0.09413465	0.09599885	-0.20758422	0.173551	-0.2139109
-0.08945251	0.1019535	-0.086108126	0.068058	-0.05203703	0.085254915	-0.11706061	0.10369453	-0.07571873	0.058357038	-0.33243972	0.21293598	-0.19076845	0.1775415	-0.19532311	0.99999917	-0.67178893	0.25631213	-0.20187528	0.13826615	-0.37567955	0.25700256	-0.22266233	0.15257485	-0.14789402	0.18527257	-0.19938627	0.17596886	-0.14754917	0.13255388
0.072895944	-0.093334265	0.07612989	-0.06291879	0.046692498	-0.07293455	0.09958988	-0.09484138	0.06843668	-0.05350352	0.19034147	-0.19112955	0.17162186	-0.18469746	0.16741544	-0.67178893	0.9999991	-0.43907297	0.20105337	-0.13870247	0.25523812	-0.3619981	0.23504303	-0.16393656	0.14074637	-0.18812649	0.18726549	-0.20155433	0.14678483	-0.1407125
-0.06816667	0.083259724	-0.07758712	0.06583902	-0.053176563	0.064053684	-0.093055114	0.09420206	-0.07565323	0.06038992	-0.1464986	0.13855962	-0.26168162	0.22342063	-0.27264306	0.25631213	-0.43907297	0.999999	-0.46474412	0.21180277	-0.18908532	0.20960608	-0.4973005	0.23956051	-0.21525715	0.13333206	-0.1518563	0.26189458	-0.22355697	0.18710525
0.059793297	-0.07586702	0.07024694	-0.06421323	0.052022208	-0.05693997	0.082179226	-0.08561413	0.073650196	-0.06091128	0.11918728	-0.11953156	0.20590071	-0.30124593	0.29284796	-0.20187528	0.20105337	-0.46474412	0.99999905	-0.46171895	0.12947972	-0.14289168	0.22890007	-0.4920543	0.24695837	-0.10116967	0.10738079	-0.23964916	0.22247703	-0.22364824
-0.046615947	0.058860242	-0.056100946	0.057769008	-0.058974348	0.043873627	-0.06302857	0.065760136	-0.06856411	0.06921752	-0.08555545	0.08413894	-0.13633545	0.16205196	-0.7857509	0.13826615	-0.13870247	0.21180277	-0.46171895	0.99999905	-0.09206149	0.097407185	-0.15135057	0.22601727	-0.23855488	0.070813105	-0.07555696	0.15491064	-0.15546548	0.17345065
0.047757648	-0.05928319	0.04911996	-0.04094042	0.030903475	-0.04706155	0.06331904	-0.060175024	0.044737834	-0.035243534	0.11893802	-0.11311017	0.108142756	-0.1161452	0.11640842	-0.37567955	0.25523812	-0.18908532	0.12947972	-0.09206149	0.99999905	-0.6050401	0.20139277	-0.12168356	0.1062281	-0.5510784	0.31623736	-0.18737635	0.1200657	-0.11400237
-0.044441983	0.05375403	-0.04617564	0.038762346	-0.03009962	0.04279885	-0.058298077	0.055908423	-0.043034263	0.034172278	-0.10489431	0.09711119	-0.10901339	0.11225661	-0.12658794	0.25700256	-0.3619981	0.20960608	-0.14289168	0.097407185	-0.6050401	0.9999989	-0.31924498	0.12751192	-0.11478048	0.30707493	-0.51436305	0.20495628	-0.13484125	0.11738487
0.051216416	-0.063423045	0.0562998	-0.048919935	0.038530335	-0.04918139	0.06834775	-0.068607435	0.05479567	-0.04413525	0.10790859	-0.10593883	0.14910719	-0.16124459	0.17748764	-0.22266233	0.23504303	-0.4973005	0.22890007	-0.15135057	0.20139277	-0.31924498	0.99999905	-0.24593839	0.19041716	-0.16363578	0.18516238	-0.6267621	0.25253582	-0.22879677
-0.048071027	0.058271136	-0.054398913	0.04899767	-0.04159469	0.04494356	-0.063721165	0.06466103	-0.05654045	0.04760907	-0.093344055	0.08941468	-0.14866993	0.16485494	-0.2573844	0.15257485	-0.16393656	0.23956051	-0.4920543	0.22601727	-0.12168356	0.12751192	-0.24593839	0.99999917	-0.5512296	0.091718234	-0.10450359	0.24443056	-0.46284506	0.3053525
0.042961955	-0.053342793	0.04820553	-0.044054974	0.036350206	-0.04097452	0.056909632	-0.05797949	0.049704116	-0.042127173	0.08308969	-0.082402356	0.121625	-0.14701653	0.20804961	-0.14789402	0.14074637	-0.21525715	0.24695837	-0.23855488	0.1062281	-0.11478048	0.19041716	-0.5512296	0.99999905	-0.08517694	0.09222185	-0.2382821	0.30169922	-0.6660909
-0.03310168	0.039601393	-0.03410785	0.02866012	-0.022383694	0.031718615	-0.042975042	0.041068014	-0.031833466	0.025355155	-0.07705662	0.07043818	-0.078451134	0.08082059	-0.09413465	0.18527257	-0.18812649	0.13333206	-0.10116967	0.070813105	-0.5510784	0.30707493	-0.16363578	0.091718234	-0.08517694	0.999999	-0.738068	0.15043119	-0.1010969	0.08609488
0.034314964	-0.042137556	0.035851862	-0.030359492	0.023419527	-0.03333543	0.045138713	-0.043589856	0.033489976	-0.026692392	0.07884929	-0.07557493	0.082308814	-0.08799713	0.09599885	-0.19938627	0.18726549	-0.1518563	0.10738079	-0.07555696	0.31623736	-0.51436305	0.18516238	-0.10450359	0.09222185	-0.738068	0.99999875	-0.20815359	0.114319615	-0.10038239
-0.0487272	0.05801597	-0.053202454	0.046500362	-0.038612667	0.045561142	-0.063633256	0.063206606	-0.053133767	0.043748952	-0.09857083	0.092329815	-0.13944097	0.1414067	-0.20758422	0.17596886	-0.20155433	0.26189458	-0.23964916	0.15491064	-0.18737635	0.20495628	-0.6267621	0.24443056	-0.2382821	0.15043119	-0.20815359	0.9999985	-0.52347654	0.24480088
0.04050741	-0.049714472	0.0449571	-0.04021208	0.03286211	-0.038469676	0.053518705	-0.054009322	0.045459606	-0.0377684	0.08039176	-0.07850567	0.115541294	-0.13233213	0.173551	-0.14754917	0.14678483	-0.22355697	0.22247703	-0.15546548	0.1200657	-0.13484125	0.25253582	-0.46284506	0.30169922	-0.1010969	0.114319615	-0.52347654	0.99999857	-0.56482524
-0.04117439	0.04929228	-0.04553194	0.041022692	-0.03498928	0.038452826	-0.053639755	0.05385991	-0.047035128	0.039894905	-0.07928812	0.075327165	-0.11578024	0.12521859	-0.2139109	0.13255388	-0.1407125	0.18710525	-0.22364824	0.17345065	-0.11400237	0.11738487	-0.22879677	0.3053525	-0.6660909	0.08609488	-0.10038239	0.24480088	-0.56482524	0.99999857
