1.0	-0.36809495	0.2121555	-0.16796543	0.12876163	-0.5955817	0.22791095	-0.21526794	0.15055005	-0.11498389	0.3254825	-0.33629337	0.20080025	-0.2150102	0.14184053	-0.28296012	0.2061871	-0.19389611	0.17649703	-0.11608573	0.18576118	-0.1809189	0.14924704	-0.11597885	0.09210276	-0.35079578	0.22129609	-0.16527882	0.09665326	-0.09613363
-0.36809495	0.99999994	-0.4975898	0.24032988	-0.19389023	0.19046588	-0.56623477	0.29880193	-0.23262353	0.15694751	-0.25336048	0.2629595	-0.2510668	0.23072189	-0.16673976	0.18717311	-0.18104137	0.18844607	-0.19935451	0.12499017	-0.1462671	0.14429177	-0.13605821	0.11035615	-0.093672045	0.21494676	-0.20569748	0.14147496	-0.09323359	0.093019456
0.2121555	-0.4975898	0.9999999	-0.57389593	0.21145569	-0.12813641	0.269334	-0.3610113	0.2882275	-0.20208311	0.16999231	-0.252509	0.23879017	-0.30568063	0.16826113	-0.18466382	0.16524269	-0.20018536	0.19920225	-0.13482904	0.13973102	-0.14119539	0.13532197	-0.11670669	0.09718643	-0.23148681	0.18630223	-0.14751941	0.09586371	-0.09957362
-0.16796543	0.24032988	-0.57389593	0.9999998	-0.3285646	0.097453155	-0.21692993	0.26123765	-0.60240763	0.24717149	-0.1355036	0.17754516	-0.21718821	0.2505475	-0.16822548	0.13236623	-0.1258737	0.15914515	-0.18484752	0.12254384	-0.10476271	0.10575076	-0.10743413	0.09642081	-0.08446741	0.15826693	-0.14754058	0.1132521	-0.079860196	0.08343669
0.12876163	-0.19389023	0.21145569	-0.3285646	0.9999998	-0.07671439	0.15329869	-0.21364957	0.27961084	-0.8142612	0.10593435	-0.15679169	0.17017093	-0.24280493	0.19001317	-0.11997598	0.10949994	-0.14726692	0.16020428	-0.15517987	0.093411684	-0.09566034	0.09930128	-0.102520525	0.091064304	-0.14933202	0.12706107	-0.10967831	0.0810953	-0.09459223
-0.5955817	0.19046588	-0.12813641	0.097453155	-0.07671439	0.9999999	-0.17671508	0.13482894	-0.09077559	0.06745133	-0.7157823	0.19878523	-0.12156713	0.12137035	-0.08270867	0.1689401	-0.12793294	0.111671455	-0.10346481	0.06643716	-0.111278825	0.10456842	-0.08620203	0.0655162	-0.052571513	0.17945175	-0.12932481	0.09263702	-0.054984823	0.054164518
0.22791095	-0.56623477	0.269334	-0.21692993	0.15329869	-0.17671508	0.99999994	-0.60599655	0.21800965	-0.14133173	0.19286436	-0.35706016	0.23259103	-0.21679133	0.13458087	-0.1705002	0.1745352	-0.17671174	0.16657896	-0.10482798	0.12748201	-0.13005169	0.1182535	-0.0937801	0.07799648	-0.18033269	0.1669105	-0.123076424	0.078395426	-0.078401186
-0.21526794	0.29880193	-0.3610113	0.26123765	-0.21364957	0.13482894	-0.60599655	0.9999998	-0.4203511	0.18551682	-0.1789414	0.24278764	-0.37070227	0.2598534	-0.16317125	0.1602402	-0.16419242	0.20095187	-0.20032124	0.122954026	-0.12644137	0.12780163	-0.12763713	0.104520015	-0.08897497	0.17923787	-0.17367578	0.13087198	-0.087350026	0.08808071
0.15055005	-0.23262353	0.2882275	-0.60240763	0.27961084	-0.09077559	0.21800965	-0.4203511	0.9999998	-0.4030117	0.123453476	-0.17801374	0.22496368	-0.37476146	0.16526744	-0.12765402	0.12195738	-0.16323166	0.18412073	-0.12495849	0.09978174	-0.10185053	0.10436029	-0.09517978	0.08276186	-0.15005757	0.13708225	-0.11059069	0.07779303	-0.0824723
-0.11498389	0.15694751	-0.20208311	0.24717149	-0.8142612	0.06745133	-0.14133173	0.18551682	-0.4030117	0.9999998	-0.09422516	0.13147406	-0.15745924	0.20356649	-0.22991157	0.100786164	-0.0944812	0.12752067	-0.15008177	0.14334682	-0.07988402	0.081617124	-0.08641694	0.08969277	-0.08314834	0.12269516	-0.11114272	0.09352667	-0.07177617	0.08288589
0.3254825	-0.25336048	0.16999231	-0.1355036	0.10593435	-0.7157823	0.19286436	-0.1789414	0.123453476	-0.09422516	0.99999976	-0.3303452	0.17214118	-0.17680794	0.11907434	-0.2929876	0.19581865	-0.16676338	0.15002438	-0.097027645	0.17092946	-0.16247182	0.12942979	-0.097685404	0.077491246	-0.28320667	0.19183254	-0.14063857	0.08175027	-0.08047156
-0.33629337	0.2629595	-0.252509	0.17754516	-0.15679169	0.19878523	-0.35706016	0.24278764	-0.17801374	0.13147406	-0.3303452	0.9999999	-0.33539417	0.23752955	-0.18145698	0.29070932	-0.5326717	0.2568183	-0.2407906	0.13983521	-0.24332663	0.2417231	-0.20010673	0.13643184	-0.112008944	0.26498285	-0.30961025	0.19134673	-0.117525384	0.11097645
0.20080025	-0.2510668	0.23879017	-0.21718821	0.17017093	-0.12156713	0.23259103	-0.37070227	0.22496368	-0.15745924	0.17214118	-0.33539417	1.0000001	-0.5215063	0.19826795	-0.21774313	0.22435282	-0.53177536	0.29589242	-0.16829897	0.1673262	-0.18068254	0.199247	-0.15362523	0.12298191	-0.23012817	0.21606076	-0.20699304	0.1251052	-0.12456109
-0.2150102	0.23072189	-0.30568063	0.2505475	-0.24280493	0.12137035	-0.21679133	0.2598534	-0.37476146	0.20356649	-0.17680794	0.23752955	-0.5215063	1.0000002	-0.29835764	0.1857005	-0.18666908	0.29143792	-0.47408468	0.21264315	-0.15255351	0.15663104	-0.17651618	0.16352956	-0.14573614	0.21297026	-0.2187396	0.17842607	-0.13581082	0.13690278
0.14184053	-0.16673976	0.16826113	-0.16822548	0.19001317	-0.08270867	0.13458087	-0.16317125	0.16526744	-0.22991157	0.11907434	-0.18145698	0.19826795	-0.29835764	1.0000004	-0.15550359	0.14231576	-0.22920144	0.2797159	-0.730774	0.12596484	-0.13320485	0.16092005	-0.24420555	0.24828649	-0.19640099	0.17238761	-0.18605982	0.17816433	-0.25913903
-0.28296012	0.18717311	-0.18466382	0.13236623	-0.11997598	0.1689401	-0.1705002	0.1602402	-0.12765402	0.100786164	-0.2929876	0.29070932	-0.21774313	0.1857005	-0.15550359	1.0000005	-0.53935266	0.22472924	-0.20804933	0.12141641	-0.53653586	0.3073614	-0.20984861	0.12869626	-0.10254759	0.28640616	-0.33144516	0.19480231	-0.11199185	0.10243187
0.2061871	-0.18104137	0.16524269	-0.1258737	0.10949994	-0.12793294	0.1745352	-0.16419242	0.12195738	-0.0944812	0.19581865	-0.5326717	0.22435282	-0.18666908	0.14231576	-0.53935266	1.0000002	-0.32268223	0.20354396	-0.11674617	0.2873209	-0.43237895	0.20781587	-0.12648557	0.097029105	-0.25697356	0.2630498	-0.19941898	0.10678771	-0.09855657
-0.19389611	0.18844607	-0.20018536	0.15914515	-0.14726692	0.111671455	-0.17671174	0.20095187	-0.16323166	0.12752067	-0.16676338	0.2568183	-0.53177536	0.29143792	-0.22920144	0.22472924	-0.32268223	1.0000004	-0.53208095	0.19314088	-0.19451292	0.21177244	-0.34407488	0.18211073	-0.14728835	0.22340941	-0.24973555	0.24175395	-0.15355688	0.14005545
0.17649703	-0.19935451	0.19920225	-0.18484752	0.16020428	-0.10346481	0.16657896	-0.20032124	0.18412073	-0.15008177	0.15002438	-0.2407906	0.29589242	-0.47408468	0.2797159	-0.20804933	0.20354396	-0.53208095	1.0000001	-0.3894157	0.16424096	-0.17924085	0.21935013	-0.26817372	0.20044555	-0.23474468	0.21553256	-0.23737344	0.18274291	-0.19606826
-0.11608573	0.12499017	-0.13482904	0.12254384	-0.15517987	0.06643716	-0.10482798	0.122954026	-0.12495849	0.14334682	-0.097027645	0.13983521	-0.16829897	0.21264315	-0.730774	0.12141641	-0.11674617	0.19314088	-0.3894157	1.0	-0.10228171	0.108063966	-0.14080071	0.21849968	-0.39632136	0.1468244	-0.14546117	0.15080893	-0.17651196	0.22801594
0.18576118	-0.1462671	0.13973102	-0.10476271	0.093411684	-0.111278825	0.12748201	-0.12644137	0.09978174	-0.07988402	0.17092946	-0.24332663	0.1673262	-0.15255351	0.12596484	-0.53653586	0.2873209	-0.19451292	0.16424096	-0.10228171	1.0000001	-0.6159177	0.21464613	-0.123714745	0.0913216	-0.41807443	0.29363942	-0.21638405	0.1050765	-0.094698235
-0.1809189	0.14429177	-0.14119539	0.10575076	-0.09566034	0.10456842	-0.13005169	0.12780163	-0.10185053	0.081617124	-0.16247182	0.2417231	-0.18068254	0.15663104	-0.13320485	0.3073614	-0.43237895	0.21177244	-0.17924085	0.108063966	-0.6159177	1.0000001	-0.35913646	0.13699171	-0.100379884	0.28154874	-0.42156816	0.24353725	-0.119110964	0.102109715
0.14924704	-0.13605821	0.13532197	-0.10743413	0.09930128	-0.08620203	0.1182535	-0.12763713	0.10436029	-0.08641694	0.12942979	-0.20010673	0.199247	-0.17651618	0.16092005	-0.20984861	0.20781587	-0.34407488	0.21935013	-0.14080071	0.21464613	-0.35913646	1.0000004	-0.28305116	0.15687948	-0.23059958	0.26373544	-0.71748006	0.21396992	-0.16711551
-0.11597885	0.11035615	-0.11670669	0.09642081	-0.102520525	0.0655162	-0.0937801	0.104520015	-0.09517978	0.08969277	-0.097685404	0.13643184	-0.15362523	0.16352956	-0.24420555	0.12869626	-0.12648557	0.18211073	-0.26817372	0.21849968	-0.123714745	0.13699171	-0.28305116	1.0000006	-0.49422428	0.15250428	-0.18040192	0.24378082	-0.653337	0.32001922
0.09210276	-0.093672045	0.09718643	-0.08446741	0.091064304	-0.052571513	0.07799648	-0.08897497	0.08276186	-0.08314834	0.077491246	-0.112008944	0.12298191	-0.14573614	0.24828649	-0.10254759	0.097029105	-0.14728835	0.20044555	-0.39632136	0.0913216	-0.100379884	0.15687948	-0.49422428	1.0000007	-0.12531814	0.13161598	-0.17831492	0.30209	-0.6642799
-0.35079578	0.21494676	-0.23148681	0.15826693	-0.14933202	0.17945175	-0.18033269	0.17923787	-0.15005757	0.12269516	-0.28320667	0.26498285	-0.23012817	0.21297026	-0.19640099	0.28640616	-0.25697356	0.22340941	-0.23474468	0.1468244	-0.41807443	0.28154874	-0.23059958	0.15250428	-0.12531814	1.0000008	-0.60304874	0.22869603	-0.13570197	0.12426047
0.22129609	-0.20569748	0.18630223	-0.14754058	0.12706107	-0.12932481	0.1669105	-0.17367578	0.13708225	-0.11114272	0.19183254	-0.30961025	0.21606076	-0.2187396	0.17238761	-0.33144516	0.2630498	-0.24973555	0.21553256	-0.14546117	0.29363942	-0.42156816	0.26373544	-0.18040192	0.13161598	-0.60304874	1.0000008	-0.37021074	0.15503104	-0.14393535
-0.16527882	0.14147496	-0.14751941	0.1132521	-0.10967831	0.09263702	-0.123076424	0.13087198	-0.11059069	0.09352667	-0.14063857	0.19134673	-0.20699304	0.17842607	-0.18605982	0.19480231	-0.19941898	0.24175395	-0.23737344	0.15080893	-0.21638405	0.24353725	-0.71748006	0.24378082	-0.17831492	0.22869603	-0.37021074	1.0000007	-0.31965226	0.18375406
0.09665326	-0.09323359	0.09586371	-0.079860196	0.0810953	-0.054984823	0.078395426	-0.087350026	0.07779303	-0.07177617	0.08175027	-0.117525384	0.1251052	-0.13581082	0.17816433	-0.11199185	0.10678771	-0.15355688	0.18274291	-0.17651196	0.1050765	-0.119110964	0.21396992	-0.653337	0.30209	-0.13570197	0.15503104	-0.31965226	1.0000007	-0.5701153
-0.09613363	0.093019456	-0.09957362	0.08343669	-0.09459223	0.054164518	-0.078401186	0.08808071	-0.0824723	0.08288589	-0.08047156	0.11097645	-0.12456109	0.13690278	-0.25913903	0.10243187	-0.09855657	0.14005545	-0.19606826	0.22801594	-0.094698235	0.102109715	-0.16711551	0.32001922	-0.6642799	0.12426047	-0.14393535	0.18375406	-0.5701153	1.0000007
