0.9093125406652689
0.07383191213011742
1.892982617020607
0.7100787740200758
0.8440336044877768
1.6414572149515152
1.6799467038363218
0.8895263765007257
0.9431819766759872
1.73188310675323
1.0952994115650654
1.7665479127317667
1.390718013048172
0.08990903943777084
1.0457558277994394
1.5623952448368073
0.367659829556942
0.527541870251298
1.9644090924412012
0.579626614227891
1.569081675261259
0.6941593587398529
1.9734958969056606
1.7224106714129448
1.4749065190553665
1.3913089279085398
1.5816645696759224
1.3748254161328077
1.0512418244034052
0.8172704372555017
1.9836317207664251
1.7924983408302069
1.0090324599295855
0.17581126652657986
0.9519308507442474
0.2634051088243723
1.9908153880387545
1.2482690066099167
0.7694135792553425
1.4873681645840406
1.3759789075702429
0.7811463009566069
1.2256381753832102
0.9634651970118284
1.3588761519640684
0.44589344784617424
1.8118567895144224
0.23113391362130642
1.7446004878729582
