1.0	-0.7903514	0.18048783	-0.10913569	0.088617966	-0.3826323	0.2519677	-0.17222571	0.09593102	-0.09205378	0.19634978	-0.2577005	0.14391728	-0.1110369	0.09765166	-0.18271457	0.17334762	-0.10859387	0.09760081	-0.08708854	0.069801845	-0.08420813	0.102974966	-0.076397836	0.07963722	-0.05949883	0.08226399	-0.06704232	0.062210225	-0.1420791
-0.7903514	0.9999996	-0.26171112	0.10586516	-0.0900378	0.2380978	-0.36953208	0.17689344	-0.09875523	0.09085752	-0.18007505	0.2323019	-0.15116063	0.1093186	-0.09895355	0.15152054	-0.1760482	0.10747534	-0.09802738	0.08503841	-0.06845947	0.08209753	-0.10323507	0.07532295	-0.07908661	0.05739328	-0.08179418	0.06437953	-0.060280215	0.1309465
0.18048783	-0.26171112	0.9999995	-0.24600452	0.17245	-0.12915684	0.1407401	-0.8211483	0.2369443	-0.20149991	0.09527561	-0.13671216	0.20316169	-0.2278838	0.16887523	-0.1088232	0.12300849	-0.12494994	0.11808197	-0.1226337	0.06514593	-0.08254217	0.11299291	-0.093172446	0.1031818	-0.057861313	0.08138555	-0.079171725	0.073173225	-0.18163304
-0.10913569	0.10586516	-0.24600452	0.9999998	-0.6861516	0.09617145	-0.094344504	0.20944354	-0.47234327	0.31741795	-0.077543125	0.098072454	-0.24844491	0.27671745	-0.30641574	0.096347965	-0.120445885	0.13821815	-0.15805972	0.16525508	-0.07437029	0.09249246	-0.1392446	0.11770726	-0.14601287	0.06483239	-0.09531147	0.090155125	-0.08607318	0.19120537
0.088617966	-0.0900378	0.17245	-0.6861516	0.9999997	-0.08783092	0.08091021	-0.17937697	0.29728648	-0.5517202	0.06889378	-0.08885229	0.19995655	-0.29190913	0.26511365	-0.08895731	0.10618296	-0.12441239	0.13827123	-0.16736646	0.06709319	-0.08493957	0.12289428	-0.1089547	0.13080595	-0.060055275	0.08618929	-0.088651426	0.08298736	-0.20843649
-0.3826323	0.2380978	-0.12915684	0.09617145	-0.08783092	0.9999996	-0.33675283	0.11429463	-0.08594634	0.08541902	-0.6703665	0.25523838	-0.18406335	0.10864924	-0.10630819	0.2867388	-0.3148785	0.14943744	-0.13155776	0.10273409	-0.10595678	0.12145495	-0.14574642	0.09936543	-0.10035247	0.084722586	-0.12137674	0.084263094	-0.07939298	0.15573256
0.2519677	-0.36953208	0.1407401	-0.094344504	0.08091021	-0.33675283	0.9999994	-0.13911326	0.08467157	-0.08180207	0.21169308	-0.77072144	0.15103802	-0.102214724	0.09339111	-0.20981525	0.22270504	-0.122239	0.10420481	-0.08832329	0.07807379	-0.09564482	0.112826295	-0.08121458	0.08244274	-0.06600158	0.09091496	-0.070603386	0.06545167	-0.14270774
-0.17222571	0.17689344	-0.8211483	0.20944354	-0.17937697	0.11429463	-0.13911326	0.9999997	-0.34213755	0.18968335	-0.08893149	0.12235725	-0.24705735	0.21438256	-0.1761906	0.09934302	-0.11897724	0.12359685	-0.11760768	0.11673947	-0.062448576	0.07873846	-0.11181485	0.0901483	-0.10104102	0.054735437	-0.07812216	0.07364547	-0.068704076	0.16089545
0.09593102	-0.09875523	0.2369443	-0.47234327	0.29728648	-0.08594634	0.08467157	-0.34213755	0.9999994	-0.5071295	0.06766695	-0.08876849	0.21970922	-0.5366089	0.2842581	-0.08517545	0.10315902	-0.12440531	0.13603562	-0.15189973	0.062427565	-0.07934865	0.11719261	-0.1030015	0.12345512	-0.055270124	0.079554625	-0.07901541	0.07431386	-0.17279999
-0.09205378	0.09085752	-0.20149991	0.31741795	-0.5517202	0.08541902	-0.08180207	0.18968335	-0.5071295	0.9999993	-0.06827882	0.08691136	-0.21934743	0.30044058	-0.5036052	0.08691968	-0.10733069	0.12849006	-0.15252958	0.18482366	-0.06729407	0.08490875	-0.12817556	0.115167215	-0.15049864	0.05926085	-0.086285315	0.08531384	-0.08120559	0.1831433
0.19634978	-0.18007505	0.09527561	-0.077543125	0.06889378	-0.6703665	0.21169308	-0.08893149	0.06766695	-0.06827882	0.999999	-0.26485366	0.1419915	-0.087477915	0.08368412	-0.5727018	0.26670805	-0.12870689	0.1054694	-0.084647104	0.093207926	-0.10693905	0.11815677	-0.08192497	0.08082138	-0.0763722	0.09946351	-0.07112399	0.065796174	-0.13523443
-0.2577005	0.2323019	-0.13671216	0.098072454	-0.08885229	0.25523838	-0.77072144	0.12235725	-0.08876849	0.08691136	-0.26485366	0.999999	-0.19141449	0.111132346	-0.10641797	0.22325139	-0.3544627	0.15276861	-0.12959892	0.102428295	-0.097551055	0.1184861	-0.14282723	0.098186314	-0.09865329	0.07981023	-0.114552304	0.08297356	-0.07773938	0.15690884
0.14391728	-0.15116063	0.20316169	-0.24844491	0.19995655	-0.18406335	0.15103802	-0.24705735	0.21970922	-0.21934743	0.1419915	-0.19141449	0.9999987	-0.4077466	0.25357938	-0.20798044	0.23693296	-0.4860763	0.26754212	-0.26083392	0.14126045	-0.19454706	0.27192143	-0.22252487	0.21379632	-0.13076624	0.1771393	-0.19308986	0.17153326	-0.44842485
-0.1110369	0.1093186	-0.2278838	0.27671745	-0.29190913	0.10864924	-0.102214724	0.21438256	-0.5366089	0.30044058	-0.087477915	0.111132346	-0.4077466	0.9999989	-0.52562886	0.11426415	-0.1437164	0.1880047	-0.22201526	0.22000657	-0.089217514	0.113614425	-0.17655066	0.1548019	-0.1896501	0.078253895	-0.11393171	0.11167265	-0.10622916	0.23055965
0.09765166	-0.09895355	0.16887523	-0.30641574	0.26511365	-0.10630819	0.09339111	-0.1761906	0.2842581	-0.5036052	0.08368412	-0.10641797	0.25357938	-0.52562886	0.99999905	-0.112823345	0.13491255	-0.17343464	0.20878372	-0.4216981	0.08870709	-0.1147973	0.16944106	-0.17107898	0.22186887	-0.08011352	0.11420744	-0.123430006	0.11555237	-0.27912933
-0.18271457	0.15152054	-0.1088232	0.096347965	-0.08895731	0.2867388	-0.20981525	0.09934302	-0.08517545	0.08691968	-0.5727018	0.22325139	-0.20798044	0.11426415	-0.112823345	0.9999989	-0.61606944	0.19824569	-0.16010845	0.1177542	-0.15972228	0.16731684	-0.18508804	0.120216675	-0.11607151	0.11716019	-0.15681462	0.10134382	-0.094689436	0.1771335
0.17334762	-0.1760482	0.12300849	-0.120445885	0.10618296	-0.3148785	0.22270504	-0.11897724	0.10315902	-0.10733069	0.26670805	-0.3544627	0.23693296	-0.1437164	0.13491255	-0.61606944	0.9999988	-0.3660565	0.19721407	-0.15399148	0.16392867	-0.25348234	0.23024881	-0.15836643	0.14296128	-0.13881333	0.18040946	-0.13355137	0.119939215	-0.24546665
-0.10859387	0.10747534	-0.12494994	0.13821815	-0.12441239	0.14943744	-0.122239	0.12359685	-0.12440531	0.12849006	-0.12870689	0.15276861	-0.4860763	0.1880047	-0.17343464	0.19824569	-0.3660565	0.9999991	-0.45331508	0.21518496	-0.1516214	0.21111602	-0.5279976	0.25785428	-0.21023639	0.126438	-0.1843944	0.17073406	-0.15939374	0.27827033
0.09760081	-0.09802738	0.11808197	-0.15805972	0.13827123	-0.13155776	0.10420481	-0.11760768	0.13603562	-0.15252958	0.1054694	-0.12959892	0.26754212	-0.22201526	0.20878372	-0.16010845	0.19721407	-0.45331508	0.9999994	-0.41084608	0.12880997	-0.18277046	0.29884127	-0.5767721	0.3006167	-0.117612	0.16405465	-0.20558533	0.18989913	-0.33901906
-0.08708854	0.08503841	-0.1226337	0.16525508	-0.16736646	0.10273409	-0.08832329	0.11673947	-0.15189973	0.18482366	-0.084647104	0.102428295	-0.26083392	0.22000657	-0.4216981	0.1177542	-0.15399148	0.21518496	-0.41084608	0.99999946	-0.10915606	0.14057669	-0.24342547	0.28757167	-0.647581	0.09494668	-0.14183405	0.14841317	-0.15032366	0.26017627
0.069801845	-0.06845947	0.06514593	-0.07437029	0.06709319	-0.10595678	0.07807379	-0.062448576	0.062427565	-0.06729407	0.093207926	-0.097551055	0.14126045	-0.089217514	0.08870709	-0.15972228	0.16392867	-0.1516214	0.12880997	-0.10915606	0.9999994	-0.5426273	0.19685385	-0.12346532	0.106834814	-0.7087163	0.32241926	-0.13638343	0.11451523	-0.2020893
-0.08420813	0.08209753	-0.08254217	0.09249246	-0.08493957	0.12145495	-0.09564482	0.07873846	-0.07934865	0.08490875	-0.10693905	0.1184861	-0.19454706	0.113614425	-0.1147973	0.16731684	-0.25348234	0.21111602	-0.18277046	0.14057669	-0.5426273	0.99999946	-0.40501505	0.17144224	-0.14729142	0.30504003	-0.56206673	0.17499453	-0.15527697	0.22921853
0.102974966	-0.10323507	0.11299291	-0.1392446	0.12289428	-0.14574642	0.112826295	-0.11181485	0.11719261	-0.12817556	0.11815677	-0.14282723	0.27192143	-0.17655066	0.16944106	-0.18508804	0.23024881	-0.5279976	0.29884127	-0.24342547	0.19685385	-0.40501505	0.99999946	-0.41706425	0.23640573	-0.17616187	0.23660523	-0.2762351	0.21401985	-0.36279267
-0.076397836	0.07532295	-0.093172446	0.11770726	-0.1089547	0.09936543	-0.08121458	0.0901483	-0.1030015	0.115167215	-0.08192497	0.098186314	-0.22252487	0.1548019	-0.17107898	0.120216675	-0.15836643	0.25785428	-0.5767721	0.28757167	-0.12346532	0.17144224	-0.41706425	0.99999934	-0.53772426	0.10761799	-0.16108477	0.20891146	-0.25910193	0.2675359
0.07963722	-0.07908661	0.1031818	-0.14601287	0.13080595	-0.10035247	0.08244274	-0.10104102	0.12345512	-0.15049864	0.08082138	-0.09865329	0.21379632	-0.1896501	0.22186887	-0.11607151	0.14296128	-0.21023639	0.3006167	-0.647581	0.106834814	-0.14729142	0.23640573	-0.53772426	0.9999993	-0.09760931	0.13938917	-0.17909333	0.17215514	-0.3334693
-0.05949883	0.05739328	-0.057861313	0.06483239	-0.060055275	0.084722586	-0.06600158	0.054735437	-0.055270124	0.05926085	-0.0763722	0.07981023	-0.13076624	0.078253895	-0.08011352	0.11716019	-0.13881333	0.126438	-0.117612	0.09494668	-0.7087163	0.30504003	-0.17616187	0.10761799	-0.09760931	0.9999992	-0.59036547	0.13650347	-0.12054766	0.16905083
0.08226399	-0.08179418	0.08138555	-0.09531147	0.08618929	-0.12137674	0.09091496	-0.07812216	0.079554625	-0.086285315	0.09946351	-0.114552304	0.1771393	-0.11393171	0.11420744	-0.15681462	0.18040946	-0.1843944	0.16405465	-0.14183405	0.32241926	-0.56206673	0.23660523	-0.16108477	0.13938917	-0.59036547	0.9999994	-0.2622719	0.18354869	-0.2873387
-0.06704232	0.06437953	-0.079171725	0.090155125	-0.088651426	0.084263094	-0.070603386	0.07364547	-0.07901541	0.08531384	-0.07112399	0.08297356	-0.19308986	0.11167265	-0.123430006	0.10134382	-0.13355137	0.17073406	-0.20558533	0.14841317	-0.13638343	0.17499453	-0.2762351	0.20891146	-0.17909333	0.13650347	-0.2622719	0.99999946	-0.83201784	0.2639632
0.062210225	-0.060280215	0.073173225	-0.08607318	0.08298736	-0.07939298	0.06545167	-0.068704076	0.07431386	-0.08120559	0.065796174	-0.07773938	0.17153326	-0.10622916	0.11555237	-0.094689436	0.119939215	-0.15939374	0.18989913	-0.15032366	0.11451523	-0.15527697	0.21401985	-0.25910193	0.17215514	-0.12054766	0.18354869	-0.83201784	0.9999995	-0.37411907
-0.1420791	0.1309465	-0.18163304	0.19120537	-0.20843649	0.15573256	-0.14270774	0.16089545	-0.17279999	0.1831433	-0.13523443	0.15690884	-0.44842485	0.23055965	-0.27912933	0.1771335	-0.24546665	0.27827033	-0.33901906	0.26017627	-0.2020893	0.22921853	-0.36279267	0.2675359	-0.3334693	0.16905083	-0.2873387	0.2639632	-0.37411907	0.9999995
