1.0	-0.4479869	0.25298515	-0.15242845	0.11138412	-0.75420594	0.25101203	-0.24265179	0.10963745	-0.09411234	0.22253527	-0.22003627	0.16804074	-0.11728936	0.10810076	-0.109936655	0.09676107	-0.12561484	0.11167869	-0.11532498	0.07320171	-0.095379986	0.071915574	-0.077311076	0.082800485	-0.06008084	0.072246395	-0.08120063	0.09041394	-0.12915348
-0.4479869	1.0000002	-0.73880565	0.18545768	-0.14734578	0.25797406	-0.27041867	0.24169056	-0.13084261	0.10999174	-0.23772447	0.19768597	-0.19131862	0.12993918	-0.12967733	0.108547516	-0.10184654	0.12959588	-0.12470115	0.12264641	-0.07795184	0.09751667	-0.076037735	0.08370749	-0.091181524	0.062135402	-0.0775376	0.08375753	-0.10023033	0.13296053
0.25298515	-0.73880565	1.0000004	-0.28541565	0.17219317	-0.2577057	0.24325381	-0.36688527	0.15844072	-0.13595824	0.21790448	-0.2228065	0.21319233	-0.16162048	0.15161176	-0.1230536	0.113553576	-0.1568343	0.14550747	-0.15336543	0.08708684	-0.11486704	0.08980803	-0.10116867	0.10963945	-0.071668185	0.08767906	-0.10142605	0.11870699	-0.1699823
-0.15242845	0.18545768	-0.28541565	1.0000006	-0.6444115	0.13969769	-0.17504299	0.1982929	-0.4097032	0.30210438	-0.23655671	0.18663013	-0.24526334	0.26582855	-0.33611414	0.1332955	-0.13181745	0.180957	-0.22108959	0.221167	-0.104394585	0.13044317	-0.11003875	0.14419301	-0.16662286	0.08293345	-0.10749234	0.11930422	-0.17567365	0.21176013
0.11138412	-0.14734578	0.17219317	-0.6444115	1.0000002	-0.10967286	0.13327491	-0.16258453	0.27756774	-0.55694264	0.17317286	-0.15619707	0.1893465	-0.25598335	0.28937802	-0.1165167	0.111890376	-0.16369118	0.1861671	-0.24511078	0.088517	-0.11822931	0.09808725	-0.13677302	0.15604544	-0.073116526	0.09175254	-0.1108448	0.15749255	-0.23884945
-0.75420594	0.25797406	-0.2577057	0.13969769	-0.10967286	1.0000004	-0.40296176	0.23334022	-0.10908345	0.09062827	-0.31866425	0.23013684	-0.17920405	0.11400516	-0.10659233	0.11324032	-0.10100386	0.12268925	-0.110936575	0.10876165	-0.07520888	0.093831554	-0.07079482	0.07452647	-0.079835705	0.05996825	-0.07299895	0.07840041	-0.087911114	0.119579665
0.25101203	-0.27041867	0.24325381	-0.17504299	0.13327491	-0.40296176	1.0000002	-0.6289127	0.15058178	-0.11970526	0.2704854	-0.4707239	0.2695206	-0.1609515	0.13599017	-0.1333925	0.12481157	-0.16575462	0.14281459	-0.13921091	0.08980643	-0.116283365	0.09067154	-0.09502379	0.10062325	-0.07273864	0.08884163	-0.100439206	0.10993096	-0.15005875
-0.24265179	0.24169056	-0.36688527	0.1982929	-0.16258453	0.23334022	-0.6289127	1.0	-0.21919462	0.1447643	-0.27519703	0.29106852	-0.46326306	0.20014808	-0.16759674	0.13775586	-0.13616848	0.19011898	-0.17213385	0.15525714	-0.097837925	0.12418499	-0.103413634	0.10825496	-0.115065254	0.07803392	-0.097907	0.110577345	-0.12606099	0.161385
0.10963745	-0.13084261	0.15844072	-0.4097032	0.27756774	-0.10908345	0.15058178	-0.21919462	0.99999964	-0.4646984	0.17187518	-0.16991128	0.23279771	-0.6515759	0.2947713	-0.1143008	0.11189523	-0.17517513	0.2061247	-0.21173334	0.084426835	-0.11219629	0.096477225	-0.13147144	0.1408572	-0.06914367	0.08704559	-0.107042626	0.14200129	-0.18842658
-0.09411234	0.10999174	-0.13595824	0.30210438	-0.55694264	0.09062827	-0.11970526	0.1447643	-0.4646984	0.99999946	-0.15381679	0.13491125	-0.1845921	0.27710035	-0.56554836	0.0990247	-0.09788982	0.14444491	-0.18215606	0.21989433	-0.07574507	0.09869637	-0.08525003	0.121816516	-0.14517057	0.061479412	-0.078490235	0.093711995	-0.13849574	0.1800038
0.22253527	-0.23772447	0.21790448	-0.23655671	0.17317286	-0.31866425	0.2704854	-0.27519703	0.17187518	-0.15381679	0.9999994	-0.60273397	0.2815483	-0.19836734	0.18040366	-0.3412878	0.22909358	-0.25621587	0.2070468	-0.21377426	0.16863537	-0.21449983	0.14592965	-0.145006	0.15224354	-0.13884993	0.15642257	-0.16663451	0.16743736	-0.24540435
-0.22003627	0.19768597	-0.2228065	0.18663013	-0.15619707	0.23013684	-0.4707239	0.29106852	-0.16991128	0.13491125	-0.60273397	0.9999992	-0.44528103	0.18653986	-0.16652332	0.19563271	-0.20025238	0.2132232	-0.18668064	0.16530895	-0.1306454	0.1570612	-0.12025135	0.11800953	-0.12467392	0.10065605	-0.12545715	0.1278465	-0.13893403	0.17639828
0.16804074	-0.19131862	0.21319233	-0.24526334	0.1893465	-0.17920405	0.2695206	-0.46326306	0.23279771	-0.1845921	0.2815483	-0.44528103	0.9999988	-0.36939946	0.21540113	-0.20120613	0.19735874	-0.41475368	0.25333494	-0.22791374	0.13436928	-0.1851317	0.16310698	-0.15975924	0.1611164	-0.111239485	0.13634859	-0.17968737	0.1744505	-0.23191854
-0.11728936	0.12993918	-0.16162048	0.26582855	-0.25598335	0.11400516	-0.1609515	0.20014808	-0.6515759	0.27710035	-0.19836734	0.18653986	-0.36939946	0.99999887	-0.4145655	0.13005295	-0.13262966	0.2123636	-0.32219836	0.23117594	-0.096760705	0.12642877	-0.11445608	0.1563374	-0.16634889	0.07817051	-0.09983533	0.12248539	-0.16768703	0.19909436
0.10810076	-0.12967733	0.15161176	-0.33611414	0.28937802	-0.10659233	0.13599017	-0.16759674	0.2947713	-0.56554836	0.18040366	-0.16652332	0.21540113	-0.4145655	0.99999887	-0.12835637	0.124982364	-0.19317812	0.23605555	-0.45150602	0.09674073	-0.13018827	0.112479664	-0.176851	0.21096045	-0.079978175	0.100751005	-0.12651308	0.18730575	-0.27174246
-0.109936655	0.108547516	-0.1230536	0.1332955	-0.1165167	0.11324032	-0.1333925	0.13775586	-0.1143008	0.0990247	-0.3412878	0.19563271	-0.20120613	0.13005295	-0.12835637	0.99999887	-0.69393414	0.24473411	-0.19865437	0.14319281	-0.4037485	0.2791935	-0.15780683	0.11509085	-0.11656282	0.21110645	-0.24457788	0.1568585	-0.13800533	0.15361547
0.09676107	-0.10184654	0.113553576	-0.13181745	0.111890376	-0.10100386	0.12481157	-0.13616848	0.11189523	-0.09788982	0.22909358	-0.20025238	0.19735874	-0.13262966	0.124982364	-0.69393414	0.9999992	-0.4024744	0.20308252	-0.14957255	0.2444169	-0.40834442	0.17692031	-0.1209131	0.11708673	-0.19039433	0.21499969	-0.17890526	0.13668549	-0.15739085
-0.12561484	0.12959588	-0.1568343	0.180957	-0.16369118	0.12268925	-0.16575462	0.19011898	-0.17517513	0.14444491	-0.25621587	0.2132232	-0.41475368	0.2123636	-0.19317812	0.24473411	-0.4024744	0.99999917	-0.5234998	0.22379597	-0.1756979	0.23096363	-0.34724456	0.20109504	-0.18898693	0.13553452	-0.18203299	0.2449162	-0.22086382	0.21758655
0.11167869	-0.12470115	0.14550747	-0.22108959	0.1861671	-0.110936575	0.14281459	-0.17213385	0.2061247	-0.18215606	0.2070468	-0.18668064	0.25333494	-0.32219836	0.23605555	-0.19865437	0.20308252	-0.5234998	0.99999917	-0.4102629	0.13739637	-0.19559728	0.19376118	-0.42055705	0.27006823	-0.114690736	0.14396803	-0.21495885	0.2672731	-0.30616117
-0.11532498	0.12264641	-0.15336543	0.221167	-0.24511078	0.10876165	-0.13921091	0.15525714	-0.21173334	0.21989433	-0.21377426	0.16530895	-0.22791374	0.23117594	-0.45150602	0.14319281	-0.14957255	0.22379597	-0.4102629	0.9999991	-0.1147749	0.14580971	-0.14065087	0.27964664	-0.55352783	0.091447726	-0.121235095	0.14849919	-0.30252987	0.293891
0.07320171	-0.07795184	0.08708684	-0.104394585	0.088517	-0.07520888	0.08980643	-0.097837925	0.084426835	-0.07574507	0.16863537	-0.1306454	0.13436928	-0.096760705	0.09674073	-0.4037485	0.2444169	-0.1756979	0.13739637	-0.1147749	0.9999993	-0.45123002	0.15164132	-0.09163956	0.091704495	-0.6746851	0.3150912	-0.1725093	0.110913984	-0.13111767
-0.095379986	0.09751667	-0.11486704	0.13044317	-0.11822931	0.093831554	-0.116283365	0.12418499	-0.11219629	0.09869637	-0.21449983	0.1570612	-0.1851317	0.12642877	-0.13018827	0.2791935	-0.40834442	0.23096363	-0.19559728	0.14580971	-0.45123002	0.9999989	-0.2915665	0.12357263	-0.123861164	0.29087138	-0.5826574	0.23535568	-0.15530097	0.16140544
0.071915574	-0.076037735	0.08980803	-0.11003875	0.09808725	-0.07079482	0.09067154	-0.103413634	0.096477225	-0.08525003	0.14592965	-0.12025135	0.16310698	-0.11445608	0.112479664	-0.15780683	0.17692031	-0.34724456	0.19376118	-0.14065087	0.15164132	-0.2915665	0.999999	-0.14783816	0.123767935	-0.13381238	0.19973087	-0.82314306	0.17064068	-0.16263217
-0.077311076	0.08370749	-0.10116867	0.14419301	-0.13677302	0.07452647	-0.09502379	0.10825496	-0.13147144	0.121816516	-0.145006	0.11800953	-0.15975924	0.1563374	-0.176851	0.11509085	-0.1209131	0.20109504	-0.42055705	0.27964664	-0.09163956	0.12357263	-0.14783816	0.9999986	-0.5735677	0.07503464	-0.09991638	0.15291783	-0.5846909	0.30828562
0.082800485	-0.091181524	0.10963945	-0.16662286	0.15604544	-0.079835705	0.10062325	-0.115065254	0.1408572	-0.14517057	0.15224354	-0.12467392	0.1611164	-0.16634889	0.21096045	-0.11656282	0.11708673	-0.18898693	0.27006823	-0.55352783	0.091704495	-0.123861164	0.123767935	-0.5735677	0.9999984	-0.075558394	0.098303005	-0.13880423	0.30696192	-0.46240926
-0.06008084	0.062135402	-0.071668185	0.08293345	-0.073116526	0.05996825	-0.07273864	0.07803392	-0.06914367	0.061479412	-0.13884993	0.10065605	-0.111239485	0.07817051	-0.079978175	0.21110645	-0.19039433	0.13553452	-0.114690736	0.091447726	-0.6746851	0.29087138	-0.13381238	0.07503464	-0.075558394	0.9999985	-0.6177938	0.14681832	-0.09377382	0.10333565
0.072246395	-0.0775376	0.08767906	-0.10749234	0.09175254	-0.07299895	0.08884163	-0.097907	0.08704559	-0.078490235	0.15642257	-0.12545715	0.13634859	-0.09983533	0.100751005	-0.24457788	0.21499969	-0.18203299	0.14396803	-0.121235095	0.3150912	-0.5826574	0.19973087	-0.09991638	0.098303005	-0.6177938	0.99999845	-0.26680374	0.122967236	-0.14141001
-0.08120063	0.08375753	-0.10142605	0.11930422	-0.1108448	0.07840041	-0.100439206	0.110577345	-0.107042626	0.093711995	-0.16663451	0.1278465	-0.17968737	0.12248539	-0.12651308	0.1568585	-0.17890526	0.2449162	-0.21495885	0.14849919	-0.1725093	0.23535568	-0.82314306	0.15291783	-0.13880423	0.14681832	-0.26680374	0.9999987	-0.22645736	0.17392226
0.09041394	-0.10023033	0.11870699	-0.17567365	0.15749255	-0.087911114	0.10993096	-0.12606099	0.14200129	-0.13849574	0.16743736	-0.13893403	0.1744505	-0.16768703	0.18730575	-0.13800533	0.13668549	-0.22086382	0.2672731	-0.30252987	0.110913984	-0.15530097	0.17064068	-0.5846909	0.30696192	-0.09377382	0.122967236	-0.22645736	0.9999988	-0.60656554
-0.12915348	0.13296053	-0.1699823	0.21176013	-0.23884945	0.119579665	-0.15005875	0.161385	-0.18842658	0.1800038	-0.24540435	0.17639828	-0.23191854	0.19909436	-0.27174246	0.15361547	-0.15739085	0.21758655	-0.30616117	0.293891	-0.13111767	0.16140544	-0.16263217	0.30828562	-0.46240926	0.10333565	-0.14141001	0.17392226	-0.60656554	0.9999988
