1.0000002	-0.8635313	0.2548503	-0.16873337	0.14403568	-0.17211159	0.17294092	-0.2677617	0.07272815	-0.077620775	0.12934588	-0.20937818	0.10086699	-0.07040221	0.06428804	-0.085651174	0.07167014	-0.08890262	0.06748664	-0.056473266	0.049924843	-0.06386535	0.05982496	-0.057237923	0.047214825	-0.059705816	0.0699934	-0.039075237	0.038979035	-0.06369936
-0.8635313	1.0000004	-0.3715991	0.15405214	-0.1455214	0.12307606	-0.1694104	0.21536824	-0.064483136	0.06690978	-0.10872193	0.16235602	-0.08471614	0.05848073	-0.054276664	0.0676327	-0.05812203	0.0715792	-0.056530815	0.046543077	-0.040044867	0.051295362	-0.048901603	0.04628845	-0.038574975	0.047132965	-0.05737562	0.031661082	-0.031809296	0.05124303
0.2548503	-0.3715991	1.0000004	-0.48720175	0.2826507	-0.1411325	0.21806377	-0.5920275	0.1275058	-0.13585012	0.11787181	-0.2564707	0.16242798	-0.11444478	0.1013222	-0.111490846	0.09655512	-0.13915077	0.10665408	-0.08815131	0.06595555	-0.08829744	0.08897163	-0.08615381	0.07137452	-0.08078765	0.09477463	-0.056514706	0.05612878	-0.09583376
-0.16873337	0.15405214	-0.48720175	1.0	-0.7595727	0.08676308	-0.12964617	0.2499489	-0.18808565	0.17954107	-0.07527023	0.14762187	-0.1279596	0.112891935	-0.10752947	0.081689455	-0.07284373	0.10548264	-0.10600635	0.085117854	-0.049982607	0.068341985	-0.07550384	0.07296369	-0.06421202	0.06114689	-0.075595476	0.047080338	-0.047374666	0.08287567
0.14403568	-0.1455214	0.2826507	-0.7595727	0.9999999	-0.11482612	0.15967849	-0.33392578	0.20105699	-0.2880995	0.09606138	-0.20830244	0.1558544	-0.14425658	0.13341168	-0.11245879	0.09667415	-0.14043039	0.12979905	-0.11225242	0.0677249	-0.09206036	0.098170504	-0.097633496	0.08469269	-0.08485393	0.09875856	-0.06311353	0.062536836	-0.11379825
-0.17211159	0.12307606	-0.1411325	0.08676308	-0.11482612	1.0	-0.2577991	0.15104264	-0.06006645	0.059320286	-0.8854396	0.23503412	-0.09829437	0.060880024	-0.061161984	0.14751095	-0.11867575	0.08334168	-0.06452361	0.05139251	-0.08371607	0.0867161	-0.06512675	0.056530513	-0.04644494	0.07937087	-0.10893474	0.04508509	-0.046943434	0.059133317
0.17294092	-0.1694104	0.21806377	-0.12964617	0.15967849	-0.2577991	1.0	-0.43611842	0.08138737	-0.08079179	0.20768802	-0.78016573	0.13058016	-0.07953936	0.07383042	-0.11208189	0.101255074	-0.10581749	0.07898344	-0.06290592	0.06394272	-0.082529165	0.07133092	-0.06529087	0.053491745	-0.072326444	0.09015594	-0.045820322	0.046431247	-0.06951692
-0.2677617	0.21536824	-0.5920275	0.2499489	-0.33392578	0.15104264	-0.43611842	0.9999997	-0.15958834	0.1493817	-0.1416836	0.2726019	-0.28636807	0.14163181	-0.12805332	0.1266881	-0.11973861	0.17657879	-0.13867036	0.10611824	-0.07749251	0.10533505	-0.11266517	0.10348613	-0.0864945	0.09121552	-0.118462086	0.06792276	-0.06883336	0.11056395
0.07272815	-0.064483136	0.1275058	-0.18808565	0.20105699	-0.06006645	0.08138737	-0.15958834	0.9999997	-0.8068743	0.053087786	-0.097100094	0.17096587	-0.39162573	0.22081667	-0.09139856	0.08532184	-0.15182327	0.21919437	-0.1804294	0.05638705	-0.084068514	0.11099892	-0.11597436	0.109533004	-0.0696354	0.08974433	-0.06705577	0.06698628	-0.13750513
-0.077620775	0.06690978	-0.13585012	0.17954107	-0.2880995	0.059320286	-0.08079179	0.1493817	-0.8068743	0.9999996	-0.052988276	0.09417207	-0.18057916	0.2548976	-0.299461	0.08984803	-0.08612852	0.14674279	-0.23576331	0.18107854	-0.05654325	0.08415844	-0.115341775	0.11494312	-0.1132809	0.06887001	-0.09284142	0.067318104	-0.068650745	0.13363382
0.12934588	-0.10872193	0.11787181	-0.07527023	0.09606138	-0.8854396	0.20768802	-0.1416836	0.053087786	-0.052988276	0.99999964	-0.31025168	0.09013777	-0.055873916	0.055404462	-0.1824985	0.116818905	-0.07967283	0.059084654	-0.04732858	0.083523884	-0.08590514	0.060891036	-0.053159714	0.043043617	-0.081451476	0.1012756	-0.042163655	0.043475214	-0.055300623
-0.20937818	0.16235602	-0.2564707	0.14762187	-0.20830244	0.23503412	-0.78016573	0.2726019	-0.097100094	0.09417207	-0.31025168	0.99999964	-0.14551696	0.08965672	-0.08804683	0.13093713	-0.13062127	0.11400213	-0.09223731	0.07272369	-0.07732526	0.09811334	-0.08393716	0.07484439	-0.062441126	0.08423305	-0.11258284	0.054317493	-0.05584461	0.07960866
0.10086699	-0.08471614	0.16242798	-0.1279596	0.1558544	-0.09829437	0.13058016	-0.28636807	0.17096587	-0.18057916	0.09013777	-0.14551696	1.0000001	-0.35397285	0.198836	-0.21595438	0.20836581	-0.70671934	0.27041078	-0.19400544	0.11934142	-0.18719935	0.21739961	-0.21369807	0.15405528	-0.1466452	0.17206588	-0.11771544	0.11276882	-0.2047323
-0.07040221	0.05848073	-0.11444478	0.112891935	-0.14425658	0.060880024	-0.07953936	0.14163181	-0.39162573	0.2548976	-0.055873916	0.08965672	-0.35397285	1.0	-0.38500476	0.11821482	-0.12061902	0.24916989	-0.6560153	0.26080155	-0.07326103	0.11406599	-0.171829	0.17255117	-0.15980262	0.0881105	-0.12087352	0.09019368	-0.09190542	0.17787978
0.06428804	-0.054276664	0.1013222	-0.10752947	0.13341168	-0.061161984	0.07383042	-0.12805332	0.22081667	-0.299461	0.055404462	-0.08804683	0.198836	-0.38500476	1.0	-0.12287792	0.11453635	-0.1989297	0.29167435	-0.69786626	0.07744424	-0.12181119	0.18005642	-0.21036974	0.25044873	-0.09698217	0.12992595	-0.1206575	0.11888762	-0.3178544
-0.085651174	0.0676327	-0.111490846	0.081689455	-0.11245879	0.14751095	-0.11208189	0.1266881	-0.09139856	0.08984803	-0.1824985	0.13093713	-0.21595438	0.11821482	-0.12287792	0.9999999	-0.6400751	0.20400354	-0.13882619	0.10586011	-0.44314614	0.29583806	-0.1703205	0.13533624	-0.1060492	0.27500924	-0.37066063	0.122334614	-0.12883253	0.13141976
0.07167014	-0.05812203	0.09655512	-0.07284373	0.09667415	-0.11867575	0.101255074	-0.11973861	0.08532184	-0.08612852	0.116818905	-0.13062127	0.20836581	-0.12061902	0.11453635	-0.6400751	0.99999994	-0.30677524	0.13940224	-0.105851285	0.23378965	-0.5376704	0.17767046	-0.14763874	0.10409894	-0.25294763	0.28768176	-0.11278696	0.1101465	-0.13349243
-0.08890262	0.0715792	-0.13915077	0.10548264	-0.14043039	0.08334168	-0.10581749	0.17657879	-0.15182327	0.14674279	-0.07967283	0.11400213	-0.70671934	0.24916989	-0.1989297	0.20400354	-0.30677524	1.0000001	-0.36657527	0.18228327	-0.12028084	0.19584304	-0.31324956	0.21414565	-0.15486643	0.13543127	-0.18816632	0.1181708	-0.1173486	0.18193395
0.06748664	-0.056530815	0.10665408	-0.10600635	0.12979905	-0.06452361	0.07898344	-0.13867036	0.21919437	-0.23576331	0.059084654	-0.09223731	0.27041078	-0.6560153	0.29167435	-0.13882619	0.13940224	-0.36657527	1.0	-0.41403326	0.08361065	-0.1348582	0.20387784	-0.2509719	0.19878545	-0.10160047	0.1353216	-0.1079233	0.107499145	-0.22724855
-0.056473266	0.046543077	-0.08815131	0.085117854	-0.11225242	0.05139251	-0.06290592	0.10611824	-0.1804294	0.18107854	-0.04732858	0.07272369	-0.19400544	0.26080155	-0.69786626	0.10586011	-0.105851285	0.18228327	-0.41403326	0.9999998	-0.06886562	0.11046186	-0.1928654	0.2080959	-0.40817738	0.083365835	-0.1233159	0.10779972	-0.11433705	0.26521677
0.049924843	-0.040044867	0.06595555	-0.049982607	0.0677249	-0.08371607	0.06394272	-0.07749251	0.05638705	-0.05654325	0.083523884	-0.07732526	0.11934142	-0.07326103	0.07744424	-0.44314614	0.23378965	-0.12028084	0.08361065	-0.06886562	1.0	-0.27526182	0.113788165	-0.09520686	0.07139973	-0.79322225	0.2593726	-0.08741262	0.08790958	-0.092353195
-0.06386535	0.051295362	-0.08829744	0.068341985	-0.09206036	0.0867161	-0.082529165	0.10533505	-0.084068514	0.08415844	-0.08590514	0.09811334	-0.18719935	0.11406599	-0.12181119	0.29583806	-0.5376704	0.19584304	-0.1348582	0.11046186	-0.27526182	1.0	-0.26730618	0.17635825	-0.12401708	0.24383157	-0.6399807	0.16070125	-0.16047023	0.15424074
0.05982496	-0.048901603	0.08897163	-0.07550384	0.098170504	-0.06512675	0.07133092	-0.11266517	0.11099892	-0.115341775	0.060891036	-0.08393716	0.21739961	-0.171829	0.18005642	-0.1703205	0.17767046	-0.31324956	0.20387784	-0.1928654	0.113788165	-0.26730618	1.0000001	-0.72397065	0.2554974	-0.13525634	0.21131645	-0.2478008	0.19818318	-0.32390293
-0.057237923	0.04628845	-0.08615381	0.07296369	-0.097633496	0.056530513	-0.06529087	0.10348613	-0.11597436	0.11494312	-0.053159714	0.07484439	-0.21369807	0.17255117	-0.21036974	0.13533624	-0.14763874	0.21414565	-0.2509719	0.2080959	-0.09520686	0.17635825	-0.72397065	1.0000002	-0.43754086	0.10954756	-0.19202003	0.17477553	-0.19323789	0.28023824
0.047214825	-0.038574975	0.07137452	-0.06421202	0.08469269	-0.04644494	0.053491745	-0.0864945	0.109533004	-0.1132809	0.043043617	-0.062441126	0.15405528	-0.15980262	0.25044873	-0.1060492	0.10409894	-0.15486643	0.19878545	-0.40817738	0.07139973	-0.12401708	0.2554974	-0.43754086	1.0000001	-0.08727077	0.13732731	-0.1585348	0.16512136	-0.69837725
-0.059705816	0.047132965	-0.08078765	0.06114689	-0.08485393	0.07937087	-0.072326444	0.09121552	-0.0696354	0.06887001	-0.081451476	0.08423305	-0.1466452	0.0881105	-0.09698217	0.27500924	-0.25294763	0.13543127	-0.10160047	0.083365835	-0.79322225	0.24383157	-0.13525634	0.10954756	-0.08727077	1.0000001	-0.4085217	0.11472311	-0.12078527	0.11000399
0.0699934	-0.05737562	0.09477463	-0.075595476	0.09875856	-0.10893474	0.09015594	-0.118462086	0.08974433	-0.09284142	0.1012756	-0.11258284	0.17206588	-0.12087352	0.12992595	-0.37066063	0.28768176	-0.18816632	0.1353216	-0.1233159	0.2593726	-0.6399807	0.21131645	-0.19202003	0.13732731	-0.4085217	1.0000002	-0.2704608	0.19765647	-0.19557884
-0.039075237	0.031661082	-0.056514706	0.047080338	-0.06311353	0.04508509	-0.045820322	0.06792276	-0.06705577	0.067318104	-0.042163655	0.054317493	-0.11771544	0.09019368	-0.1206575	0.122334614	-0.11278696	0.1181708	-0.1079233	0.10779972	-0.08741262	0.16070125	-0.2478008	0.17477553	-0.1585348	0.11472311	-0.2704608	1.0000002	-0.8712938	0.20624547
0.038979035	-0.031809296	0.05612878	-0.047374666	0.062536836	-0.046943434	0.046431247	-0.06883336	0.06698628	-0.068650745	0.043475214	-0.05584461	0.11276882	-0.09190542	0.11888762	-0.12883253	0.1101465	-0.1173486	0.107499145	-0.11433705	0.08790958	-0.16047023	0.19818318	-0.19323789	0.16512136	-0.12078527	0.19765647	-0.8712938	1.0000002	-0.29504338
-0.06369936	0.05124303	-0.09583376	0.08287567	-0.11379825	0.059133317	-0.06951692	0.11056395	-0.13750513	0.13363382	-0.055300623	0.07960866	-0.2047323	0.17787978	-0.3178544	0.13141976	-0.13349243	0.18193395	-0.22724855	0.26521677	-0.092353195	0.15424074	-0.32390293	0.28023824	-0.69837725	0.11000399	-0.19557884	0.20624547	-0.29504338	1.0000002
