1.0	-0.8599503	0.12207992	-0.060782243	0.06802955	-0.40270424	0.25777107	-0.14070894	0.056778517	-0.05946438	0.1317536	-0.13301158	0.12294391	-0.06410445	0.0567806	-0.081052735	0.07994651	-0.06792259	0.053819068	-0.06691132	0.039070494	-0.06604716	0.046573814	-0.046244193	0.052257918	-0.03042054	0.06091655	-0.052937858	0.043115273	-0.05957472
-0.8599503	1.0000004	-0.1511817	0.06866639	-0.07792469	0.2768369	-0.35980478	0.14794852	-0.06382919	0.065444686	-0.14958131	0.14570555	-0.14342882	0.06998542	-0.06264221	0.08730905	-0.090124846	0.07296835	-0.058636483	0.07179065	-0.04350962	0.07178931	-0.050665904	0.04992584	-0.056885894	0.03359132	-0.067879565	0.0571195	-0.04675983	0.06372332
0.12207992	-0.1511817	1.0000004	-0.48939404	0.2927588	-0.18509717	0.16636501	-0.5530133	0.2554402	-0.29268363	0.2091602	-0.1905319	0.23000896	-0.2471897	0.20348787	-0.15059493	0.14853004	-0.22569485	0.17822196	-0.25269502	0.091097966	-0.15564865	0.13967165	-0.15250343	0.17501807	-0.07277888	0.14483367	-0.16495647	0.13894713	-0.2116584
-0.060782243	0.06866639	-0.48939404	1.0000007	-0.6377273	0.090390876	-0.083597995	0.2194592	-0.4768593	0.30519223	-0.12181497	0.10054393	-0.12835099	0.19974458	-0.17316766	0.0836324	-0.08481771	0.13377878	-0.120545626	0.15702087	-0.054047283	0.08783434	-0.08368947	0.092508696	-0.11266276	0.04256628	-0.08607463	0.0953261	-0.08460746	0.12147401
0.06802955	-0.07792469	0.2927588	-0.6377273	1.000001	-0.11268945	0.10072962	-0.27377978	0.31365746	-0.533085	0.14735664	-0.124639176	0.15222704	-0.23690788	0.20442405	-0.10617138	0.10583942	-0.17834267	0.15054552	-0.21356001	0.06835794	-0.113998964	0.109578475	-0.122307815	0.14589874	-0.054436546	0.10914432	-0.12749004	0.11113056	-0.16661812
-0.40270424	0.2768369	-0.18509717	0.090390876	-0.11268945	1.000001	-0.7313786	0.2166164	-0.09217107	0.09255623	-0.29674137	0.24927765	-0.24854247	0.10484917	-0.09514355	0.15174389	-0.1571874	0.111928366	-0.09041719	0.10692131	-0.07214614	0.11779777	-0.07977581	0.07679287	-0.08723451	0.055283945	-0.112349644	0.08893323	-0.07236795	0.096016884
0.25777107	-0.35980478	0.16636501	-0.083597995	0.10072962	-0.7313786	1.0000011	-0.2682992	0.08499791	-0.08671738	0.22600672	-0.3841845	0.23758182	-0.10063124	0.08837752	-0.14561354	0.14655074	-0.10781922	0.085022524	-0.10214024	0.064278804	-0.113057174	0.074626654	-0.07260595	0.08109438	-0.050124396	0.10025686	-0.08395542	0.067714795	-0.091445826
-0.14070894	0.14794852	-0.5530133	0.2194592	-0.27377978	0.2166164	-0.2682992	1.0000012	-0.21503015	0.19872837	-0.32871783	0.2692482	-0.49485725	0.19841203	-0.18272002	0.18653327	-0.20058243	0.18632998	-0.1577736	0.18946944	-0.10910352	0.16762692	-0.12887084	0.1289561	-0.15384941	0.083037995	-0.17034411	0.1436229	-0.12179082	0.16345076
0.056778517	-0.06382919	0.2554402	-0.4768593	0.31365746	-0.09217107	0.08499791	-0.21503015	1.000001	-0.64106953	0.13300136	-0.10995586	0.14208658	-0.41582242	0.25062728	-0.09244206	0.09458051	-0.16880313	0.16187944	-0.2019426	0.06160452	-0.09945179	0.10124888	-0.11517703	0.13902204	-0.048496835	0.09870693	-0.11285697	0.10286207	-0.14258623
-0.05946438	0.065444686	-0.29268363	0.30519223	-0.533085	0.09255623	-0.08671738	0.19872837	-0.64106953	1.0000004	-0.1450307	0.11043321	-0.14503872	0.26912346	-0.3294409	0.095813416	-0.09944308	0.15843557	-0.15808763	0.20244303	-0.06604944	0.10213208	-0.10188319	0.113362074	-0.15215842	0.05128549	-0.10518613	0.1122611	-0.10509708	0.14322384
0.1317536	-0.14958131	0.2091602	-0.12181497	0.14735664	-0.29674137	0.22600672	-0.32871783	0.13300136	-0.1450307	1.0000002	-0.41907674	0.2753763	-0.17923321	0.15464768	-0.55828035	0.29825696	-0.22618657	0.16547482	-0.208648	0.13069198	-0.2560251	0.15441161	-0.15090153	0.15896265	-0.10621344	0.19870432	-0.18009256	0.13845518	-0.19571629
-0.13301158	0.14570555	-0.1905319	0.10054393	-0.124639176	0.24927765	-0.3841845	0.2692482	-0.10995586	0.11043321	-0.41907674	1.0000005	-0.64980036	0.14325687	-0.12418806	0.23774594	-0.32245395	0.15379213	-0.121835634	0.13797201	-0.09727361	0.17739576	-0.1088111	0.10190317	-0.11151395	0.07535283	-0.15351194	0.11929373	-0.095217474	0.12408452
0.12294391	-0.14342882	0.23000896	-0.12835099	0.15222704	-0.24854247	0.23758182	-0.49485725	0.14208658	-0.14503872	0.2753763	-0.64980036	1.0000006	-0.21833591	0.16101201	-0.2141799	0.2124258	-0.20525824	0.15427686	-0.18194248	0.0963034	-0.18239702	0.12667276	-0.12638657	0.13760601	-0.07674712	0.15147741	-0.1425609	0.11533126	-0.15750378
-0.06410445	0.06998542	-0.2471897	0.19974458	-0.23690788	0.10484917	-0.10063124	0.19841203	-0.41582242	0.26912346	-0.17923321	0.14325687	-0.21833591	1.0000005	-0.64817584	0.118646406	-0.12696259	0.23446073	-0.349918	0.28218186	-0.08393933	0.12901303	-0.14521259	0.16824897	-0.21093038	0.06499431	-0.13549362	0.149185	-0.15093714	0.18169211
0.0567806	-0.06264221	0.20348787	-0.17316766	0.20442405	-0.09514355	0.08837752	-0.18272002	0.25062728	-0.3294409	0.15464768	-0.12418806	0.16101201	-0.64817584	1.0000005	-0.10890034	0.113317534	-0.23451896	0.24168879	-0.5166839	0.07722564	-0.123048216	0.13878244	-0.16710855	0.22518966	-0.06078408	0.1251052	-0.15151444	0.14655797	-0.20918792
-0.081052735	0.08730905	-0.15059493	0.0836324	-0.10617138	0.15174389	-0.14561354	0.18653327	-0.09244206	0.095813416	-0.55828035	0.23774594	-0.2141799	0.118646406	-0.10890034	1.0000001	-0.672312	0.16039374	-0.12523441	0.1335914	-0.16298911	0.2564323	-0.13341153	0.11189858	-0.116232194	0.118600145	-0.2388268	0.14195077	-0.1072405	0.12919024
0.07994651	-0.090124846	0.14853004	-0.08481771	0.10583942	-0.1571874	0.14655074	-0.20058243	0.09458051	-0.09944308	0.29825696	-0.32245395	0.2124258	-0.12696259	0.113317534	-0.672312	1.0000001	-0.195741	0.1367773	-0.14470164	0.14737816	-0.46509603	0.15006389	-0.12492424	0.121844515	-0.119252756	0.23433577	-0.16062397	0.11518181	-0.14080535
-0.06792259	0.07296835	-0.22569485	0.13377878	-0.17834267	0.111928366	-0.10781922	0.18632998	-0.16880313	0.15843557	-0.22618657	0.15379213	-0.20525824	0.23446073	-0.23451896	0.16039374	-0.195741	1.0000001	-0.66082734	0.25095585	-0.12839508	0.19616231	-0.39381987	0.27513146	-0.25203925	0.09886347	-0.216278	0.25739375	-0.2521225	0.22317469
0.053819068	-0.058636483	0.17822196	-0.120545626	0.15054552	-0.09041719	0.085022524	-0.1577736	0.16187944	-0.15808763	0.16547482	-0.121835634	0.15427686	-0.349918	0.24168879	-0.12523441	0.1367773	-0.66082734	1.0000004	-0.3475454	0.09565334	-0.15811646	0.24839792	-0.40426478	0.23578373	-0.07621532	0.16090128	-0.2377677	0.23648195	-0.23773932
-0.06691132	0.07179065	-0.25269502	0.15702087	-0.21356001	0.10692131	-0.10214024	0.18946944	-0.2019426	0.20244303	-0.208648	0.13797201	-0.18194248	0.28218186	-0.5166839	0.1335914	-0.14470164	0.25095585	-0.3475454	1.0000002	-0.10566417	0.15229398	-0.17792611	0.21079119	-0.53612137	0.080731094	-0.17046075	0.1833282	-0.20409763	0.2715495
0.039070494	-0.04350962	0.091097966	-0.054047283	0.06835794	-0.07214614	0.064278804	-0.10910352	0.06160452	-0.06604944	0.13069198	-0.09727361	0.0963034	-0.08393933	0.07722564	-0.16298911	0.14737816	-0.12839508	0.09565334	-0.10566417	0.99999994	-0.3111124	0.122814886	-0.100953616	0.09297558	-0.8552132	0.28177518	-0.16003574	0.0951835	-0.11397919
-0.06604716	0.07178931	-0.15564865	0.08783434	-0.113998964	0.11779777	-0.113057174	0.16762692	-0.09945179	0.10213208	-0.2560251	0.17739576	-0.18239702	0.12901303	-0.123048216	0.2564323	-0.46509603	0.19616231	-0.15811646	0.15229398	-0.3111124	0.9999999	-0.27265123	0.16286969	-0.14876656	0.22467153	-0.6198305	0.23724562	-0.15855788	0.16054061
0.046573814	-0.050665904	0.13967165	-0.08368947	0.109578475	-0.07977581	0.074626654	-0.12887084	0.10124888	-0.10188319	0.15441161	-0.1088111	0.12667276	-0.14521259	0.13878244	-0.13341153	0.15006389	-0.39381987	0.24839792	-0.17792611	0.122814886	-0.27265123	0.99999964	-0.4429625	0.19401792	-0.10378619	0.22942048	-0.67387456	0.2773166	-0.21625693
-0.046244193	0.04992584	-0.15250343	0.092508696	-0.122307815	0.07679287	-0.07260595	0.1289561	-0.11517703	0.113362074	-0.15090153	0.10190317	-0.12638657	0.16824897	-0.16710855	0.11189858	-0.12492424	0.27513146	-0.40426478	0.21079119	-0.100953616	0.16286969	-0.4429625	0.99999964	-0.30134857	0.0802498	-0.17777677	0.2912836	-0.63346636	0.27501017
0.052257918	-0.056885894	0.17501807	-0.11266276	0.14589874	-0.08723451	0.08109438	-0.15384941	0.13902204	-0.15215842	0.15896265	-0.11151395	0.13760601	-0.21093038	0.22518966	-0.116232194	0.121844515	-0.25203925	0.23578373	-0.53612137	0.09297558	-0.14876656	0.19401792	-0.30134857	0.9999997	-0.07441512	0.15447518	-0.22720902	0.26231956	-0.6350982
-0.03042054	0.03359132	-0.07277888	0.04256628	-0.054436546	0.055283945	-0.050124396	0.083037995	-0.048496835	0.05128549	-0.10621344	0.07535283	-0.07674712	0.06499431	-0.06078408	0.118600145	-0.119252756	0.09886347	-0.07621532	0.080731094	-0.8552132	0.22467153	-0.10378619	0.0802498	-0.07441512	0.9999997	-0.42046976	0.13133171	-0.07868414	0.08747875
0.06091655	-0.067879565	0.14483367	-0.08607463	0.10914432	-0.112349644	0.10025686	-0.17034411	0.09870693	-0.10518613	0.19870432	-0.15351194	0.15147741	-0.13549362	0.1251052	-0.2388268	0.23433577	-0.216278	0.16090128	-0.17046075	0.28177518	-0.6198305	0.22942048	-0.17777677	0.15447518	-0.42046976	0.9999996	-0.3557943	0.1697443	-0.18952055
-0.052937858	0.0571195	-0.16495647	0.0953261	-0.12749004	0.08893323	-0.08395542	0.1436229	-0.11285697	0.1122611	-0.18009256	0.11929373	-0.1425609	0.149185	-0.15151444	0.14195077	-0.16062397	0.25739375	-0.2377677	0.1833282	-0.16003574	0.23724562	-0.67387456	0.2912836	-0.22720902	0.13133171	-0.3557943	0.9999996	-0.40654072	0.22993593
0.043115273	-0.04675983	0.13894713	-0.08460746	0.11113056	-0.07236795	0.067714795	-0.12179082	0.10286207	-0.10509708	0.13845518	-0.095217474	0.11533126	-0.15093714	0.14655797	-0.1072405	0.11518181	-0.2521225	0.23648195	-0.20409763	0.0951835	-0.15855788	0.2773166	-0.63346636	0.26231956	-0.07868414	0.1697443	-0.40654072	0.99999946	-0.5028539
-0.05957472	0.06372332	-0.2116584	0.12147401	-0.16661812	0.096016884	-0.091445826	0.16345076	-0.14258623	0.14322384	-0.19571629	0.12408452	-0.15750378	0.18169211	-0.20918792	0.12919024	-0.14080535	0.22317469	-0.23773932	0.2715495	-0.11397919	0.16054061	-0.21625693	0.27501017	-0.6350982	0.08747875	-0.18952055	0.22993593	-0.5028539	0.99999946
