0.10291066020727158
0.12039504759013653
1.495350880548358
0.1534819882363081
1.172648049890995
0.48438904620707035
1.9958262369036674
0.9329092781990767
1.3420857395976782
1.419893914833665
1.4147873520851135
0.8100211229175329
0.4238259270787239
0.688263526186347
0.9996371921151876
1.4428363870829344
1.6409924309700727
0.6540729850530624
0.5397369917482138
1.7253705188632011
1.0191962718963623
0.9505918566137552
0.9293194189667702
0.9713654480874538
0.4860022272914648
0.23575029522180557
1.931354196742177
1.494547726586461
1.0997480414807796
0.41936093382537365
0.8585286941379309
0.8490030243992805
1.929425809532404
0.6604633443057537
0.045721326023340225
1.1529359500855207
0.6356666851788759
0.6430421378463507
0.7007834911346436
0.1791962943971157
1.80829937197268
1.9843079838901758
0.48538091592490673
1.9130317904055119
1.8719418924301863
0.42999955266714096
0.7470869552344084
0.7876028846949339
0.504631208255887
