1.0	-0.53304046	0.24959755	-0.10729042	0.17680791	-0.7321569	0.23500793	-0.22940704	0.0975701	-0.105495304	0.15997216	-0.18324868	0.122893594	-0.100569986	0.092305034	-0.14197317	0.12873998	-0.11299895	0.07384689	-0.09056026
-0.53304046	1.0	-0.5964707	0.12707564	-0.20158681	0.29895276	-0.38685855	0.2883069	-0.12310631	0.115736246	-0.18376003	0.20629996	-0.14994124	0.114174485	-0.1059033	0.14640495	-0.1538695	0.1227449	-0.08254607	0.097386874
0.24959755	-0.5964707	1.0000001	-0.19894028	0.18464264	-0.2951315	0.2797845	-0.608008	0.16808902	-0.1306748	0.16022703	-0.20520641	0.16937861	-0.14016882	0.11355796	-0.14610428	0.14114723	-0.12650299	0.08312799	-0.10234458
-0.10729042	0.12707564	-0.19894028	1.0	-0.22302653	0.120331585	-0.14409453	0.20063117	-0.9010035	0.165965	-0.117381215	0.11752974	-0.16699809	0.14683405	-0.14350605	0.11412984	-0.10276995	0.096517116	-0.07340061	0.08939709
0.17680791	-0.20158681	0.18464264	-0.22302653	1.0000001	-0.28226957	0.21227741	-0.23808989	0.18177076	-0.47480857	0.27555686	-0.2708201	0.23507093	-0.24484174	0.2605454	-0.4676972	0.23239142	-0.27499345	0.18256219	-0.26349145
-0.7321569	0.29895276	-0.2951315	0.120331585	-0.28226957	1.0	-0.33339858	0.23138942	-0.11706753	0.13744637	-0.24740821	0.2153888	-0.16223927	0.12446803	-0.12559114	0.1859914	-0.1778792	0.14219366	-0.09850012	0.11547982
0.23500793	-0.38685855	0.2797845	-0.14409453	0.21227741	-0.33339858	0.9999998	-0.4942042	0.13586055	-0.13833588	0.22409217	-0.56787175	0.1802539	-0.14372139	0.12428972	-0.19460262	0.22019297	-0.18485673	0.109278806	-0.13309345
-0.22940704	0.2883069	-0.608008	0.20063117	-0.23808989	0.23138942	-0.4942042	0.9999997	-0.24658613	0.15794387	-0.2064406	0.24247056	-0.28276718	0.17979635	-0.14869341	0.16889994	-0.18551373	0.15183793	-0.10362596	0.12206028
0.0975701	-0.12310631	0.16808902	-0.9010035	0.18177076	-0.11706753	0.13586055	-0.24658613	0.9999999	-0.19363783	0.10617202	-0.115808316	0.15851499	-0.16797863	0.14086221	-0.10820798	0.09642011	-0.094135724	0.070459045	-0.08818671
-0.105495304	0.115736246	-0.1306748	0.165965	-0.47480857	0.13744637	-0.13833588	0.15794387	-0.19363783	0.9999998	-0.16367377	0.15234429	-0.30250427	0.26451367	-0.70335746	0.18096761	-0.16252556	0.16670603	-0.16427162	0.19766203
0.15997216	-0.18376003	0.16022703	-0.117381215	0.27555686	-0.24740821	0.22409217	-0.2064406	0.10617202	-0.16367377	1.0000002	-0.41188502	0.16420704	-0.14141248	0.13785136	-0.7360747	0.23658489	-0.21968077	0.1311398	-0.16808647
-0.18324868	0.20629996	-0.20520641	0.11752974	-0.2708201	0.2153888	-0.56787175	0.24247056	-0.115808316	0.15234429	-0.41188502	1.0000001	-0.21024184	0.14977233	-0.14571184	0.25104737	-0.4784986	0.2407011	-0.14759873	0.16133693
0.122893594	-0.14994124	0.16937861	-0.16699809	0.23507093	-0.16223927	0.1802539	-0.28276718	0.15851499	-0.30250427	0.16420704	-0.21024184	1.0000001	-0.7511886	0.2723625	-0.18163386	0.18267897	-0.23586433	0.14811859	-0.19010046
-0.100569986	0.114174485	-0.14016882	0.14683405	-0.24484174	0.12446803	-0.14372139	0.17979635	-0.16797863	0.26451367	-0.14141248	0.14977233	-0.7511886	0.99999976	-0.46949908	0.14364363	-0.15111585	0.16342668	-0.13920453	0.16307221
0.092305034	-0.1059033	0.11355796	-0.14350605	0.2605454	-0.12559114	0.12428972	-0.14869341	0.14086221	-0.70335746	0.13785136	-0.14571184	0.2723625	-0.46949908	0.9999995	-0.16253258	0.1511397	-0.17759438	0.17502011	-0.28554443
-0.14197317	0.14640495	-0.14610428	0.11412984	-0.4676972	0.1859914	-0.19460262	0.16889994	-0.10820798	0.18096761	-0.7360747	0.25104737	-0.18163386	0.14364363	-0.16253258	0.9999996	-0.27039585	0.19650206	-0.1362971	0.15793297
0.12873998	-0.1538695	0.14114723	-0.10276995	0.23239142	-0.1778792	0.22019297	-0.18551373	0.09642011	-0.16252556	0.23658489	-0.4784986	0.18267897	-0.15111585	0.1511397	-0.27039585	0.9999997	-0.6598749	0.23253962	-0.27939156
-0.11299895	0.1227449	-0.12650299	0.096517116	-0.27499345	0.14219366	-0.18485673	0.15183793	-0.094135724	0.16670603	-0.21968077	0.2407011	-0.23586433	0.16342668	-0.17759438	0.19650206	-0.6598749	0.9999999	-0.47562328	0.28149617
0.07384689	-0.08254607	0.08312799	-0.07340061	0.18256219	-0.09850012	0.109278806	-0.10362596	0.070459045	-0.16427162	0.1311398	-0.14759873	0.14811859	-0.13920453	0.17502011	-0.1362971	0.23253962	-0.47562328	0.99999994	-0.78502494
-0.09056026	0.097386874	-0.10234458	0.08939709	-0.26349145	0.11547982	-0.13309345	0.12206028	-0.08818671	0.19766203	-0.16808647	0.16133693	-0.19010046	0.16307221	-0.28554443	0.15793297	-0.27939156	0.28149617	-0.78502494	0.99999994
