0.5301463194191456
0.9338071718811989
0.4501181095838547
1.2875683009624481
0.6556090135127306
1.6168505065143108
0.23262467980384827
0.5923932902514935
0.7597807608544827
1.807779872789979
0.6166539490222931
1.0122005641460419
1.461709825322032
0.41372026316821575
1.1215435769408941
1.5089249089360237
0.6231388933956623
0.6827490888535976
0.48989395424723625
0.5042086020112038
0.9941575117409229
0.6472880709916353
0.07403672859072685
0.5025305859744549
0.816992050036788
1.0672829914838076
0.6493336111307144
0.8217785116285086
0.29954068921506405
1.8935976698994637
0.8792976066470146
