1.0000001	-0.54963595	0.27854988	-0.116168216	0.08667754	-0.6425927	0.30191714	-0.31246087	0.12804131	-0.10074088	0.23031987	-0.26630083	0.11169955	-0.113144	0.06726835	-0.20165144	0.17050993	-0.12256374	0.106097266	-0.05581959
-0.54963595	0.99999976	-0.5829583	0.1428287	-0.105363764	0.2910661	-0.4561426	0.2913827	-0.1566658	0.111124635	-0.18672948	0.2178945	-0.11617769	0.11236709	-0.0687921	0.1456669	-0.15496518	0.1136132	-0.104938164	0.056427177
0.27854988	-0.5829583	0.9999996	-0.30668375	0.1718109	-0.29319245	0.2976223	-0.4791779	0.23397934	-0.20053673	0.19202219	-0.28271145	0.16828492	-0.18321641	0.09864197	-0.17899925	0.17718028	-0.16728108	0.14134449	-0.08467646
-0.116168216	0.1428287	-0.30668375	0.99999964	-0.54861164	0.10731738	-0.12243913	0.18673827	-0.67196715	0.3114282	-0.086346105	0.11971369	-0.14429282	0.14868996	-0.097665414	0.077990256	-0.08815195	0.11194294	-0.106341615	0.08202043
0.08667754	-0.105363764	0.1718109	-0.54861164	0.99999934	-0.08507716	0.09290544	-0.14759296	0.30475447	-0.7361643	0.07140158	-0.10470956	0.10233427	-0.11093021	0.1316874	-0.068183795	0.07751016	-0.122008584	0.10805752	-0.11849424
-0.6425927	0.2910661	-0.29319245	0.10731738	-0.08507716	0.9999991	-0.45445037	0.2638637	-0.12913154	0.092859365	-0.41032317	0.25522065	-0.10865738	0.1026523	-0.06918769	0.21561618	-0.20041394	0.120291226	-0.11175418	0.055897254
0.30191714	-0.4561426	0.2976223	-0.12243913	0.09290544	-0.45445037	0.99999905	-0.58775806	0.14634043	-0.10540499	0.22027515	-0.35845324	0.14162695	-0.1351	0.07318795	-0.17491437	0.19096294	-0.12755658	0.117212184	-0.059827924
-0.31246087	0.2913827	-0.4791779	0.18673827	-0.14759296	0.2638637	-0.58775806	0.99999934	-0.26759508	0.15762146	-0.21952279	0.2528902	-0.2864817	0.20814838	-0.10553957	0.16626728	-0.2043489	0.16338949	-0.16484234	0.085021995
0.12804131	-0.1566658	0.23397934	-0.67196715	0.30475447	-0.12913154	0.14634043	-0.26759508	0.99999887	-0.47820047	0.104096584	-0.15227008	0.189845	-0.25916004	0.124760285	-0.09698913	0.10881118	-0.15139996	0.13470572	-0.11195149
-0.10074088	0.111124635	-0.20053673	0.3114282	-0.7361643	0.092859365	-0.10540499	0.15762146	-0.47820047	0.99999887	-0.08198836	0.11442428	-0.13356625	0.13491166	-0.21425226	0.076010674	-0.090205766	0.14010979	-0.14388889	0.14646247
0.23031987	-0.18672948	0.19202219	-0.086346105	0.07140158	-0.41032317	0.22027515	-0.21952279	0.104096584	-0.08198836	0.99999887	-0.45671856	0.09948931	-0.09771597	0.07438653	-0.66609174	0.30072215	-0.1551584	0.12829717	-0.060411915
-0.26630083	0.2178945	-0.28271145	0.11971369	-0.10470956	0.25522065	-0.35845324	0.2528902	-0.15227008	0.11442428	-0.45671856	0.99999845	-0.1517326	0.13478573	-0.12158947	0.30380896	-0.59688634	0.21246667	-0.21425772	0.09442882
0.11169955	-0.11617769	0.16828492	-0.14429282	0.10233427	-0.10865738	0.14162695	-0.2864817	0.189845	-0.13356625	0.09948931	-0.1517326	0.9999985	-0.875413	0.09069774	-0.0902347	0.11390068	-0.19697006	0.16631003	-0.080658644
-0.113144	0.11236709	-0.18321641	0.14868996	-0.11093021	0.1026523	-0.1351	0.20814838	-0.25916004	0.13491166	-0.09771597	0.13478573	-0.875413	0.9999986	-0.10031883	0.08617639	-0.11137768	0.17267567	-0.20033908	0.08631154
0.06726835	-0.0687921	0.09864197	-0.097665414	0.1316874	-0.06918769	0.07318795	-0.10553957	0.124760285	-0.21425226	0.07438653	-0.12158947	0.09069774	-0.10031883	0.9999988	-0.083908916	0.10431825	-0.2985231	0.25763184	-0.86279964
-0.20165144	0.1456669	-0.17899925	0.077990256	-0.068183795	0.21561618	-0.17491437	0.16626728	-0.09698913	0.076010674	-0.66609174	0.30380896	-0.0902347	0.08617639	-0.083908916	0.9999989	-0.59149057	0.16814412	-0.15329914	0.066085525
0.17050993	-0.15496518	0.17718028	-0.08815195	0.07751016	-0.20041394	0.19096294	-0.2043489	0.10881118	-0.090205766	0.30072215	-0.59688634	0.11390068	-0.11137768	0.10431825	-0.59149057	0.9999989	-0.31858912	0.19792129	-0.08540461
-0.12256374	0.1136132	-0.16728108	0.11194294	-0.122008584	0.120291226	-0.12755658	0.16338949	-0.15139996	0.14010979	-0.1551584	0.21246667	-0.19697006	0.17267567	-0.2985231	0.16814412	-0.31858912	0.99999887	-0.77394253	0.23136298
0.106097266	-0.104938164	0.14134449	-0.106341615	0.10805752	-0.11175418	0.117212184	-0.16484234	0.13470572	-0.14388889	0.12829717	-0.21425772	0.16631003	-0.20033908	0.25763184	-0.15329914	0.19792129	-0.77394253	0.99999875	-0.38397115
-0.05581959	0.056427177	-0.08467646	0.08202043	-0.11849424	0.055897254	-0.059827924	0.085021995	-0.11195149	0.14646247	-0.060411915	0.09442882	-0.080658644	0.08631154	-0.86279964	0.066085525	-0.08540461	0.23136298	-0.38397115	0.99999875
