0.2178257629275322
1.4939360208809376
0.7070010546594858
1.691032337024808
1.2612839750945568
1.6771943643689156
1.419292749837041
1.4037105347961187
0.678299555554986
0.4415098540484905
1.4619812443852425
0.046779800206422806
1.28645402751863
1.426915641874075
0.3266002591699362
1.7409865576773882
0.36937035992741585
0.7670646458864212
0.2333752065896988
1.1798983346670866
1.9072663001716137
1.8886192124336958
1.2220583409070969
1.9392827544361353
1.8382634408771992
0.18986377492547035
1.6348860077559948
0.38136637955904007
0.6696151047945023
0.7314381506294012
0.1146173719316721
