0.2101921197026968
0.5021516531705856
0.6524341329932213
1.2161788996309042
1.8117821998894215
0.6628798265010118
1.0101076066493988
0.3830850124359131
0.5090330019593239
1.0999807473272085
1.335870360955596
0.9541834685951471
1.8816470131278038
0.6650992278009653
0.8211000002920628
0.9320427812635899
0.2457325253635645
0.8877846691757441
1.5948054231703281
0.07239368557929993
0.949215704575181
0.94919672049582
0.5047344211488962
1.3639170099049807
0.45945623330771923
0.3125743344426155
1.363121034577489
0.5612889565527439
1.7747378703206778
1.8993102759122849
0.33526888117194176
