1.521553298458457
1.5155504569411278
1.8975859992206097
0.4246356263756752
1.836893305182457
0.3986530303955078
0.8382550086826086
0.7689441088587046
0.5867494493722916
0.31064002960920334
1.0267153717577457
0.9874276891350746
0.820572879165411
0.03671153075993061
0.7751212697476149
0.8217780962586403
1.786450944840908
1.655792759731412
0.2812492959201336
0.26934532076120377
1.0761912986636162
1.3919327910989523
1.2738212514668703
1.850311502814293
1.6977954600006342
1.2364795003086329
0.13717644661664963
1.083102248609066
0.692943274974823
0.08080706559121609
1.5754261836409569
