1.4663190338760614
0.27682487666606903
1.0522273685783148
0.45377930253744125
0.9912797342985868
0.7009026929736137
1.0999083202332258
1.4367205779999495
0.9867939967662096
0.7847400512546301
1.0592322163283825
0.6132806576788425
0.6865928042680025
0.8551143519580364
0.8072592373937368
1.3932247832417488
1.8295286037027836
1.9224128238856792
0.164033442735672
0.026436204090714455
1.9255363419651985
0.595462242141366
1.530447956174612
0.7853701543062925
0.7300298474729061
0.7126358076930046
0.4464985616505146
1.06337571144104
1.2583293914794922
1.2455169316381216
1.859362592920661
