1.0000001	-0.21464732	0.056897365	-0.041036073	0.035573162	-0.93500257	0.17288534	-0.05526566	0.037810724	-0.0345018	0.15465133	-0.13459422	0.055104125	-0.05296037	0.035045285	-0.08585988	0.06514068	-0.060854997	0.04536478	-0.043749515
-0.21464732	0.99999976	-0.19609915	0.094798274	-0.067228116	0.16996132	-0.919142	0.15476534	-0.08676724	0.06256745	-0.10953617	0.104541056	-0.06037313	0.056190938	-0.043629814	0.052957498	-0.054999143	0.05770305	-0.05074431	0.04968188
0.056897365	-0.19609915	0.9999996	-0.423548	0.17869909	-0.055420272	0.1646058	-0.8022859	0.28019616	-0.18187425	0.08445044	-0.09243039	0.11030283	-0.10977174	0.0913986	-0.04358463	0.049248703	-0.10072444	0.09208439	-0.10214362
-0.041036073	0.094798274	-0.423548	0.99999964	-0.43201903	0.03874902	-0.10220341	0.28489184	-0.6987805	0.28056648	-0.08536959	0.08382411	-0.100524954	0.12331527	-0.12750836	0.042247694	-0.04886032	0.091693886	-0.11050476	0.13026941
0.035573162	-0.067228116	0.17869909	-0.43201903	0.9999996	-0.03408193	0.06908857	-0.19497292	0.28834426	-0.77114296	0.09245405	-0.09617572	0.10326278	-0.14195476	0.21272323	-0.048189305	0.05431878	-0.10621928	0.1236339	-0.26611242
-0.93500257	0.16996132	-0.055420272	0.03874902	-0.03408193	0.9999995	-0.19837186	0.05272227	-0.03634259	0.03255359	-0.19379951	0.12339322	-0.051354617	0.04872848	-0.032635503	0.08064539	-0.063387804	0.055719946	-0.042304486	0.04022881
0.17288534	-0.919142	0.1646058	-0.10220341	0.06908857	-0.19837186	0.9999992	-0.18284293	0.08985994	-0.06765975	0.11154849	-0.12523073	0.06664458	-0.062374737	0.04714725	-0.058203984	0.058692235	-0.06479442	0.05503303	-0.054680157
-0.05526566	0.15476534	-0.8022859	0.28489184	-0.19497292	0.05272227	-0.18284293	0.9999991	-0.41831902	0.17555173	-0.090454705	0.094859175	-0.13621882	0.11688922	-0.09568478	0.045212384	-0.052452095	0.10536692	-0.101758674	0.099998206
0.037810724	-0.08676724	0.28019616	-0.6987805	0.28834426	-0.03634259	0.08985994	-0.41831902	0.99999887	-0.4237436	0.08365474	-0.087128736	0.11064462	-0.15544872	0.13849102	-0.042284887	0.049041476	-0.10136399	0.117320046	-0.1451821
-0.0345018	0.06256745	-0.18187425	0.28056648	-0.77114296	0.03255359	-0.06765975	0.17555173	-0.4237436	0.9999989	-0.09207065	0.08905828	-0.10399399	0.1418457	-0.29083595	0.045654356	-0.05284405	0.099850915	-0.12882517	0.21984528
0.15465133	-0.10953617	0.08445044	-0.08536959	0.09245405	-0.19379951	0.11154849	-0.090454705	0.08365474	-0.09207065	0.9999992	-0.6715798	0.22231823	-0.20924443	0.12432532	-0.48259655	0.3004351	-0.25302187	0.17400862	-0.16017146
-0.13459422	0.104541056	-0.09243039	0.08382411	-0.09617572	0.12339322	-0.12523073	0.094859175	-0.087128736	0.08905828	-0.6715798	0.99999917	-0.37450734	0.2059386	-0.12858272	0.28047702	-0.44371033	0.23828109	-0.2054214	0.13899015
0.055104125	-0.06037313	0.11030283	-0.100524954	0.10326278	-0.051354617	0.06664458	-0.13621882	0.11064462	-0.10399399	0.22231823	-0.37450734	0.99999875	-0.5229354	0.16577858	-0.11598014	0.14871536	-0.64933264	0.31388378	-0.18143193
-0.05296037	0.056190938	-0.10977174	0.12331527	-0.14195476	0.04872848	-0.062374737	0.11688922	-0.15544872	0.1418457	-0.20924443	0.2059386	-0.5229354	0.9999983	-0.33980158	0.09899443	-0.12766746	0.31662476	-0.6359949	0.24962878
0.035045285	-0.043629814	0.0913986	-0.12750836	0.21272323	-0.032635503	0.04714725	-0.09568478	0.13849102	-0.29083595	0.12432532	-0.12858272	0.16577858	-0.33980158	0.99999845	-0.062460776	0.07401511	-0.16791594	0.22711328	-0.8269801
-0.08585988	0.052957498	-0.04358463	0.042247694	-0.048189305	0.08064539	-0.058203984	0.045212384	-0.042284887	0.045654356	-0.48259655	0.28047702	-0.11598014	0.09899443	-0.062460776	0.9999985	-0.80995536	0.12437967	-0.095795155	0.07434409
0.06514068	-0.054999143	0.049248703	-0.04886032	0.05431878	-0.063387804	0.058692235	-0.052452095	0.049041476	-0.05284405	0.3004351	-0.44371033	0.14871536	-0.12766746	0.07401511	-0.80995536	0.9999984	-0.17091873	0.115347736	-0.09015774
-0.060854997	0.05770305	-0.10072444	0.091693886	-0.10621928	0.055719946	-0.06479442	0.10536692	-0.10136399	0.099850915	-0.25302187	0.23828109	-0.64933264	0.31662476	-0.16791594	0.12437967	-0.17091873	0.9999984	-0.5872675	0.17279573
0.04536478	-0.05074431	0.09208439	-0.11050476	0.1236339	-0.042304486	0.05503303	-0.101758674	0.117320046	-0.12882517	0.17400862	-0.2054214	0.31388378	-0.6359949	0.22711328	-0.095795155	0.115347736	-0.5872675	0.9999984	-0.30517107
-0.043749515	0.04968188	-0.10214362	0.13026941	-0.26611242	0.04022881	-0.054680157	0.099998206	-0.1451821	0.21984528	-0.16017146	0.13899015	-0.18143193	0.24962878	-0.8269801	0.07434409	-0.09015774	0.17279573	-0.30517107	0.9999984
