0.12793284840881824
0.8962263185530901
0.47641609981656075
1.631695456802845
0.30539647676050663
1.6849646680057049
1.8876684494316578
1.836199201643467
0.4328445717692375
1.2285679429769516
0.28345427848398685
1.13404774479568
1.770583800971508
0.46967392787337303
0.701642345637083
1.7003203965723515
1.3915592338889837
0.2868576291948557
1.8563520163297653
0.6911941692233086
1.438866913318634
0.01678408682346344
0.09633316099643707
0.7042819131165743
1.067569451406598
1.2629297021776438
0.26988932490348816
0.5883829854428768
1.9196094665676355
0.8291855063289404
1.7374719735234976
