0.15136842988431454
1.4578584749251604
0.6095663737505674
1.2226956356316805
0.3613490127027035
0.07184465043246746
0.38124878890812397
0.5570239182561636
0.4974179957062006
1.5604411624372005
0.9155652448534966
1.5719329249113798
0.13582750596106052
0.37280864268541336
1.5401579923927784
0.9889191184192896
1.1636326350271702
1.5858868081122637
0.11085793003439903
1.9638674575835466
0.845133189111948
1.5398995392024517
0.07865251787006855
0.8031218238174915
0.6618180796504021
1.3764277342706919
0.5311279762536287
1.378715742379427
0.37624006904661655
1.2310311701148748
1.3785086628049612
