1.0	-0.7189455	0.18314134	-0.08766332	0.08431179	-0.4899913	0.3234859	-0.1748352	0.07265795	-0.06853763	0.2279973	-0.2340016	0.14187634	-0.1349926	0.06503176	-0.202807	0.12791845	-0.15228918	0.11781187	-0.080169216
-0.7189455	1.0	-0.22669096	0.08177673	-0.07519883	0.28391096	-0.56653565	0.1756619	-0.06868645	0.059541818	-0.18220419	0.17100962	-0.124231905	0.10758142	-0.05290699	0.144341	-0.09692094	0.11982062	-0.09530855	0.06398581
0.18314134	-0.22669096	0.99999994	-0.31264287	0.1831512	-0.19241308	0.23162025	-0.69537127	0.1970106	-0.15617183	0.19942339	-0.30226216	0.28349584	-0.24734479	0.1201149	-0.22902454	0.17547709	-0.26448932	0.1974263	-0.14445013
-0.08766332	0.08177673	-0.31264287	1.0000001	-0.42598253	0.085566565	-0.107934415	0.18381749	-0.76684606	0.2883196	-0.10539301	0.13396505	-0.13187303	0.1417414	-0.111367345	0.10709157	-0.083203115	0.11764997	-0.12407347	0.11705047
0.08431179	-0.07519883	0.1831512	-0.42598253	1.0000001	-0.08949376	0.10426535	-0.16491412	0.30003527	-0.7590512	0.11605556	-0.16152012	0.13933824	-0.20378377	0.18979642	-0.1317861	0.09922692	-0.14165734	0.15926181	-0.22205475
-0.4899913	0.28391096	-0.19241308	0.085566565	-0.08949376	1.0000001	-0.5526423	0.1739035	-0.07559506	0.068869784	-0.53930867	0.2335648	-0.14997225	0.13017116	-0.064442694	0.2086105	-0.13639371	0.15058035	-0.122700885	0.07777577
0.3234859	-0.56653565	0.23162025	-0.107934415	0.10426535	-0.5526423	1.0000002	-0.29269192	0.09155433	-0.084369406	0.2616664	-0.28297046	0.18698898	-0.16648768	0.079789266	-0.23860738	0.15445274	-0.18893605	0.14498177	-0.09762977
-0.1748352	0.1756619	-0.69537127	0.18381749	-0.16491412	0.1739035	-0.29269192	1.0000004	-0.17796163	0.1253611	-0.19431962	0.24592805	-0.48679447	0.2057867	-0.10404117	0.1833893	-0.1592179	0.22979692	-0.1905972	0.1170992
0.07265795	-0.06868645	0.1970106	-0.76684606	0.30003527	-0.07559506	0.09155433	-0.17796163	1.0000002	-0.48479924	0.09260511	-0.12620842	0.119467475	-0.14715885	0.121394694	-0.10045527	0.07747353	-0.111908264	0.11731335	-0.12989306
-0.06853763	0.059541818	-0.15617183	0.2883196	-0.7590512	0.068869784	-0.084369406	0.1253611	-0.48479924	1.0	-0.09258044	0.1159421	-0.11210412	0.1610561	-0.23313448	0.0948333	-0.074444324	0.10588552	-0.13911518	0.18449846
0.2279973	-0.18220419	0.19942339	-0.10539301	0.11605556	-0.53930867	0.2616664	-0.19431962	0.09260511	-0.09258044	1.0000001	-0.4917881	0.22203992	-0.20624655	0.09811262	-0.47261238	0.25562063	-0.26009414	0.1921226	-0.12109615
-0.2340016	0.17100962	-0.30226216	0.13396505	-0.16152012	0.2335648	-0.28297046	0.24592805	-0.12620842	0.1159421	-0.4917881	0.9999998	-0.4397521	0.2313668	-0.11969981	0.3111847	-0.44673887	0.3009228	-0.27418768	0.13524559
0.14187634	-0.124231905	0.28349584	-0.13187303	0.13933824	-0.14997225	0.18698898	-0.48679447	0.119467475	-0.11210412	0.22203992	-0.4397521	1.0	-0.38059005	0.14025636	-0.25140196	0.24438813	-0.51475877	0.2733016	-0.1596741
-0.1349926	0.10758142	-0.24734479	0.1417414	-0.20378377	0.13017116	-0.16648768	0.2057867	-0.14715885	0.1610561	-0.20624655	0.2313668	-0.38059005	0.9999999	-0.4102278	0.1895511	-0.17620328	0.26601183	-0.6428479	0.2826171
0.06503176	-0.05290699	0.1201149	-0.111367345	0.18979642	-0.064442694	0.079789266	-0.10404117	0.121394694	-0.23313448	0.09811262	-0.11969981	0.14025636	-0.4102278	0.99999994	-0.09913841	0.085391715	-0.13216764	0.24957052	-0.8223318
-0.202807	0.144341	-0.22902454	0.10709157	-0.1317861	0.2086105	-0.23860738	0.1833893	-0.10045527	0.0948333	-0.47261238	0.3111847	-0.25140196	0.1895511	-0.09913841	0.99999976	-0.6578278	0.28329903	-0.25327393	0.11463446
0.12791845	-0.09692094	0.17547709	-0.083203115	0.09922692	-0.13639371	0.15445274	-0.1592179	0.07747353	-0.074444324	0.25562063	-0.44673887	0.24438813	-0.17620328	0.085391715	-0.6578278	1.0	-0.5023603	0.21450338	-0.10114245
-0.15228918	0.11982062	-0.26448932	0.11764997	-0.14165734	0.15058035	-0.18893605	0.22979692	-0.111908264	0.10588552	-0.26009414	0.3009228	-0.51475877	0.26601183	-0.13216764	0.28329903	-0.5023603	1.0000001	-0.45751455	0.15220837
0.11781187	-0.09530855	0.1974263	-0.12407347	0.15926181	-0.122700885	0.14498177	-0.1905972	0.11731335	-0.13911518	0.1921226	-0.27418768	0.2733016	-0.6428479	0.24957052	-0.25327393	0.21450338	-0.45751455	1.0000001	-0.36667392
-0.080169216	0.06398581	-0.14445013	0.11705047	-0.22205475	0.07777577	-0.09762977	0.1170992	-0.12989306	0.18449846	-0.12109615	0.13524559	-0.1596741	0.2826171	-0.8223318	0.11463446	-0.10114245	0.15220837	-0.36667392	1.0000001
