1.0	-0.38232464	0.22003342	-0.10548374	0.08919774	-0.7836635	0.20939568	-0.20147023	0.091947526	-0.081955746	0.23774578	-0.2864747	0.060663074	-0.042076465	0.047224805	-0.057951383	0.038469784	-0.041109305	0.03826439	-0.050431963
-0.38232464	0.99999976	-0.7544932	0.16350771	-0.14359951	0.22483766	-0.35727325	0.27159765	-0.14510404	0.11212334	-0.1459842	0.1552905	-0.049470223	0.038041968	-0.049455334	0.043285877	-0.029297855	0.032512806	-0.03412003	0.04992493
0.22003342	-0.7544932	0.99999964	-0.24294755	0.15366052	-0.21777882	0.2756696	-0.4397417	0.16937588	-0.13424525	0.12473791	-0.14995284	0.05036102	-0.040362682	0.052546024	-0.04462123	0.029778762	-0.0336081	0.03559056	-0.05400174
-0.10548374	0.16350771	-0.24294755	0.9999996	-0.6148348	0.09385578	-0.18035999	0.19412081	-0.6393429	0.3243301	-0.07159848	0.079606086	-0.06387303	0.06429212	-0.09544432	0.05077935	-0.034807064	0.042080272	-0.05480191	0.09092158
0.08919774	-0.14359951	0.15366052	-0.6148348	0.99999994	-0.08808382	0.13665687	-0.16259886	0.32807848	-0.6685615	0.06190085	-0.07197473	0.069549344	-0.07144801	0.12905248	-0.061938494	0.04074225	-0.049429543	0.061727427	-0.13809608
-0.7836635	0.22483766	-0.21777882	0.09385578	-0.08808382	0.9999997	-0.23743363	0.17022493	-0.08652634	0.07410389	-0.40694076	0.25726792	-0.058081135	0.03890671	-0.044250935	0.051748205	-0.035726283	0.037623946	-0.035773978	0.045690384
0.20939568	-0.35727325	0.2756696	-0.18035999	0.13665687	-0.23743363	0.9999995	-0.746068	0.17411372	-0.1526172	0.19997308	-0.31441283	0.068015926	-0.051848147	0.06350848	-0.060599346	0.04060278	-0.04559257	0.04549106	-0.06722137
-0.20147023	0.27159765	-0.4397417	0.19412081	-0.16259886	0.17022493	-0.746068	0.99999946	-0.25816533	0.15974163	-0.16851473	0.18068093	-0.06351051	0.04962157	-0.0635019	0.052255563	-0.035527732	0.040612344	-0.04339424	0.06363819
0.091947526	-0.14510404	0.16937588	-0.6393429	0.32807848	-0.08652634	0.17411372	-0.25816533	0.9999993	-0.61290765	0.06689971	-0.07655569	0.07005657	-0.081154585	0.108829394	-0.055306807	0.037715532	-0.047014244	0.063070275	-0.10800838
-0.081955746	0.11212334	-0.13424525	0.3243301	-0.6685615	0.07410389	-0.1526172	0.15974163	-0.61290765	0.99999875	-0.060334172	0.066718854	-0.074893005	0.079932086	-0.170811	0.060511477	-0.041247897	0.050837617	-0.06794342	0.13721919
0.23774578	-0.1459842	0.12473791	-0.07159848	0.06190085	-0.40694076	0.19997308	-0.16851473	0.06689971	-0.060334172	0.9999988	-0.8326616	0.07013724	-0.045227796	0.041053973	-0.06288396	0.044395696	-0.047325693	0.03913603	-0.044507273
-0.2864747	0.1552905	-0.14995284	0.079606086	-0.07197473	0.25726792	-0.31441283	0.18068093	-0.07655569	0.066718854	-0.8326616	0.99999833	-0.08894503	0.052344117	-0.047113236	0.07047144	-0.053131077	0.05460714	-0.04575427	0.049990777
0.060663074	-0.049470223	0.05036102	-0.06387303	0.069549344	-0.058081135	0.068015926	-0.06351051	0.07005657	-0.074893005	0.07013724	-0.08894503	0.9999986	-0.5630073	0.21480894	-0.46939328	0.27283007	-0.50973654	0.32320347	-0.25871426
-0.042076465	0.038041968	-0.040362682	0.06429212	-0.07144801	0.03890671	-0.051848147	0.04962157	-0.081154585	0.079932086	-0.045227796	0.052344117	-0.5630073	0.9999987	-0.31453827	0.22749598	-0.1849846	0.27291822	-0.6737674	0.2448641
0.047224805	-0.049455334	0.052546024	-0.09544432	0.12905248	-0.044250935	0.06350848	-0.0635019	0.108829394	-0.170811	0.041053973	-0.047113236	0.21480894	-0.31453827	0.9999989	-0.19665343	0.12850468	-0.16998924	0.23024763	-0.86401784
-0.057951383	0.043285877	-0.04462123	0.05077935	-0.061938494	0.051748205	-0.060599346	0.052255563	-0.055306807	0.060511477	-0.06288396	0.07047144	-0.46939328	0.22749598	-0.19665343	0.9999992	-0.7259628	0.32082194	-0.31417647	0.1721183
0.038469784	-0.029297855	0.029778762	-0.034807064	0.04074225	-0.035726283	0.04060278	-0.035527732	0.037715532	-0.041247897	0.044395696	-0.053131077	0.27283007	-0.1849846	0.12850468	-0.7259628	0.9999991	-0.5827558	0.22736052	-0.13695803
-0.041109305	0.032512806	-0.0336081	0.042080272	-0.049429543	0.037623946	-0.04559257	0.040612344	-0.047014244	0.050837617	-0.047325693	0.05460714	-0.50973654	0.27291822	-0.16998924	0.32082194	-0.5827558	0.99999917	-0.49370077	0.16824837
0.03826439	-0.03412003	0.03559056	-0.05480191	0.061727427	-0.035773978	0.04549106	-0.04339424	0.063070275	-0.06794342	0.03913603	-0.04575427	0.32320347	-0.6737674	0.23024763	-0.31417647	0.22736052	-0.49370077	0.9999991	-0.30065796
-0.050431963	0.04992493	-0.05400174	0.09092158	-0.13809608	0.045690384	-0.06722137	0.06363819	-0.10800838	0.13721919	-0.044507273	0.049990777	-0.25871426	0.2448641	-0.86401784	0.1721183	-0.13695803	0.16824837	-0.30065796	0.9999991
