1.0000001	-0.11842568	0.08146686	-0.08876069	0.016350752	-0.9203651	0.13421503	-0.13828766	0.09198132	-0.017719736	0.21187073	-0.2333976	0.0603498	-0.054575466	0.050998826	-0.13752744	0.116495304	-0.053731885	0.056304198	-0.057242017
-0.11842568	1.0000004	-0.7234666	0.28711852	-0.054551512	0.09706085	-0.40344706	0.27695534	-0.3750533	0.055803977	-0.13521756	0.15605775	-0.121950984	0.105236344	-0.12577246	0.08557724	-0.11231373	0.06810427	-0.07881137	0.117095605
0.08146686	-0.7234666	1.0000002	-0.5152354	0.067030445	-0.07148932	0.23531711	-0.3008967	0.2863462	-0.070539966	0.097026296	-0.12220145	0.09804328	-0.08741784	0.10148346	-0.06475989	0.08217876	-0.05353456	0.060632937	-0.099983774
-0.08876069	0.28711852	-0.5152354	1.0000002	-0.15975368	0.07385064	-0.20589165	0.22286278	-0.6889462	0.13628228	-0.11369934	0.1314187	-0.16002566	0.14186396	-0.19481872	0.07937703	-0.10428681	0.07853914	-0.091915086	0.17201959
0.016350752	-0.054551512	0.067030445	-0.15975368	1.0000002	-0.013838465	0.03678621	-0.042507596	0.11741946	-0.9747625	0.021385187	-0.025616024	0.0348324	-0.033344097	0.0657226	-0.015551028	0.020038335	-0.016920898	0.019407814	-0.062127836
-0.9203651	0.09706085	-0.07148932	0.07385064	-0.013838465	1.0000004	-0.13398187	0.11672964	-0.08217287	0.014938305	-0.27809578	0.19365592	-0.05340588	0.04727353	-0.04454871	0.1261884	-0.1165333	0.04912795	-0.0529356	0.04854131
0.13421503	-0.40344706	0.23531711	-0.20589165	0.03678621	-0.13398187	1.0000004	-0.7689347	0.22803351	-0.039568957	0.17949902	-0.30415043	0.12273373	-0.10813696	0.0950794	-0.109651946	0.13620178	-0.073478326	0.08077589	-0.10139999
-0.13828766	0.27695534	-0.3008967	0.22286278	-0.042507596	0.11672964	-0.7689347	1.0000005	-0.35286897	0.045232687	-0.18404421	0.21087044	-0.17120524	0.13307653	-0.11867396	0.10982227	-0.14721297	0.08375834	-0.09484565	0.1201692
0.09198132	-0.3750533	0.2863462	-0.6889462	0.11741946	-0.08217287	0.22803351	-0.35286897	1.0000005	-0.13464898	0.12009946	-0.15902214	0.18257594	-0.20596488	0.20306061	-0.08883226	0.10906034	-0.09219775	0.10102581	-0.25989562
-0.017719736	0.055803977	-0.070539966	0.13628228	-0.9747625	0.014938305	-0.039568957	0.045232687	-0.13464898	1.0000004	-0.02323701	0.027645627	-0.03837053	0.03647038	-0.07456578	0.016876018	-0.021822954	0.018419899	-0.021205328	0.064772144
0.21187073	-0.13521756	0.097026296	-0.11369934	0.021385187	-0.27809578	0.17949902	-0.18404421	0.12009946	-0.02323701	1.0000006	-0.6968976	0.10210155	-0.09151908	0.075735524	-0.49371472	0.29090825	-0.11075576	0.113670975	-0.08511619
-0.2333976	0.15605775	-0.12220145	0.1314187	-0.025616024	0.19365592	-0.30415043	0.21087044	-0.15902214	0.027645627	-0.6968976	1.0000002	-0.14741029	0.11702725	-0.098377176	0.2868271	-0.41829735	0.138582	-0.1594166	0.10270167
0.0603498	-0.121950984	0.09804328	-0.16002566	0.0348324	-0.05340588	0.12273373	-0.17120524	0.18257594	-0.03837053	0.10210155	-0.14741029	1.0	-0.8557425	0.2246572	-0.09044402	0.11004913	-0.2119712	0.18575771	-0.27057442
-0.054575466	0.105236344	-0.08741784	0.14186396	-0.033344097	0.04727353	-0.10813696	0.13307653	-0.20596488	0.03647038	-0.09151908	0.11702725	-0.8557425	1.0000001	-0.30994412	0.078463	-0.10010433	0.1704772	-0.21311769	0.2299786
0.050998826	-0.12577246	0.10148346	-0.19481872	0.0657226	-0.04454871	0.0950794	-0.11867396	0.20306061	-0.07456578	0.075735524	-0.098377176	0.2246572	-0.30994412	1.0000002	-0.065418504	0.08018651	-0.10527503	0.114282556	-0.87381214
-0.13752744	0.08557724	-0.06475989	0.07937703	-0.015551028	0.1261884	-0.109651946	0.10982227	-0.08883226	0.016876018	-0.49371472	0.2868271	-0.09044402	0.078463	-0.065418504	1.0000002	-0.7701605	0.15914902	-0.17665349	0.07043343
0.116495304	-0.11231373	0.08217876	-0.10428681	0.020038335	-0.1165333	0.13620178	-0.14721297	0.10906034	-0.021822954	0.29090825	-0.41829735	0.11004913	-0.10010433	0.08018651	-0.7701605	1.0000002	-0.25654718	0.19334067	-0.09118014
-0.053731885	0.06810427	-0.05353456	0.07853914	-0.016920898	0.04912795	-0.073478326	0.08375834	-0.09219775	0.018419899	-0.11075576	0.138582	-0.2119712	0.1704772	-0.10527503	0.15914902	-0.25654718	1.0000002	-0.901832	0.11008657
0.056304198	-0.07881137	0.060632937	-0.091915086	0.019407814	-0.0529356	0.08077589	-0.09484565	0.10102581	-0.021205328	0.113670975	-0.1594166	0.18575771	-0.21311769	0.114282556	-0.17665349	0.19334067	-0.901832	1.0000001	-0.13446587
-0.057242017	0.117095605	-0.099983774	0.17201959	-0.062127836	0.04854131	-0.10139999	0.1201692	-0.25989562	0.064772144	-0.08511619	0.10270167	-0.27057442	0.2299786	-0.87381214	0.07043343	-0.09118014	0.11008657	-0.13446587	1.0000001
