1.0000001	-0.7938949	0.2614745	-0.2512018	0.17304587	-0.3768767	0.22636004	-0.24559514	0.16769275	-0.12120947	0.11183615	-0.1180778	0.13531473	-0.10536341	0.11356038	-0.09453714	0.10154819	-0.115208596	0.106398344	-0.17526534
-0.7938949	1.0000001	-0.43086442	0.22767253	-0.17927033	0.23026785	-0.22572796	0.21418905	-0.16910893	0.114078395	-0.09786377	0.10438507	-0.12756774	0.098012105	-0.10775933	0.08076462	-0.09206317	0.1027052	-0.09895347	0.15099919
0.2614745	-0.43086442	1.0000001	-0.63955283	0.2423694	-0.22757483	0.21551451	-0.45307752	0.24117877	-0.16646436	0.111924805	-0.13352516	0.17696382	-0.13860737	0.14625259	-0.099031314	0.11402037	-0.14035067	0.1319541	-0.21260391
-0.2512018	0.22767253	-0.63955283	1.0	-0.4492563	0.20583142	-0.21782714	0.28742787	-0.41146126	0.22636275	-0.12193564	0.14303756	-0.1972536	0.17059465	-0.19135301	0.1067455	-0.12837082	0.15817463	-0.16060993	0.24297614
0.17304587	-0.17927033	0.2423694	-0.4492563	0.9999999	-0.26280102	0.22638798	-0.32318017	0.32073522	-0.5209818	0.15340568	-0.18868622	0.2295821	-0.22422889	0.27899435	-0.14540048	0.16542836	-0.22700283	0.21121982	-0.48035884
-0.3768767	0.23026785	-0.22757483	0.20583142	-0.26280102	0.9999998	-0.69588554	0.27989984	-0.24784432	0.16943079	-0.28121036	0.21824223	-0.22109675	0.15967485	-0.17623693	0.18393897	-0.19843368	0.17938414	-0.17297973	0.23427111
0.22636004	-0.22572796	0.21551451	-0.21782714	0.22638798	-0.69588554	0.9999999	-0.45630032	0.22998981	-0.17003424	0.208553	-0.265635	0.22983542	-0.16641614	0.17257245	-0.1857089	0.1883454	-0.19911245	0.17314506	-0.2880543
-0.24559514	0.21418905	-0.45307752	0.28742787	-0.32318017	0.27989984	-0.45630032	1.0	-0.3909825	0.22398913	-0.18068743	0.2205117	-0.40420476	0.22445141	-0.23164505	0.1520421	-0.19021821	0.21711724	-0.21841766	0.27468178
0.16769275	-0.16910893	0.24117877	-0.41146126	0.32073522	-0.24784432	0.22998981	-0.3909825	1.0000001	-0.48738572	0.16004127	-0.20846295	0.26817605	-0.3727679	0.3000448	-0.15218027	0.17745906	-0.26285282	0.24615662	-0.4084261
-0.12120947	0.114078395	-0.16646436	0.22636275	-0.5209818	0.16943079	-0.17003424	0.22398913	-0.48738572	0.9999997	-0.12472284	0.15606116	-0.22844638	0.2617431	-0.58218735	0.11365353	-0.14155275	0.19467625	-0.22193898	0.30493054
0.11183615	-0.09786377	0.111924805	-0.12193564	0.15340568	-0.28121036	0.208553	-0.18068743	0.16004127	-0.12472284	0.9999998	-0.50751907	0.22066998	-0.14789468	0.13806179	-0.6921684	0.31444463	-0.21960832	0.16432025	-0.2096453
-0.1180778	0.10438507	-0.13352516	0.14303756	-0.18868622	0.21824223	-0.265635	0.2205117	-0.20846295	0.15606116	-0.50751907	0.99999964	-0.47337595	0.20645148	-0.18704394	0.30075067	-0.52794397	0.25994438	-0.22811407	0.22900169
0.13531473	-0.12756774	0.17696382	-0.1972536	0.2295821	-0.22109675	0.22983542	-0.40420476	0.26817605	-0.22844638	0.22066998	-0.47337595	0.9999997	-0.47041723	0.25481203	-0.20483801	0.25359318	-0.39586505	0.28656906	-0.33244938
-0.10536341	0.098012105	-0.13860737	0.17059465	-0.22422889	0.15967485	-0.16641614	0.22445141	-0.3727679	0.2617431	-0.14789468	0.20645148	-0.47041723	0.99999976	-0.51396596	0.1347397	-0.17981513	0.28329468	-0.5097242	0.2902408
0.11356038	-0.10775933	0.14625259	-0.19135301	0.27899435	-0.17623693	0.17257245	-0.23164505	0.3000448	-0.58218735	0.13806179	-0.18704394	0.25481203	-0.51396596	0.9999999	-0.13112469	0.16015016	-0.25121063	0.25861987	-0.4505397
-0.09453714	0.08076462	-0.099031314	0.1067455	-0.14540048	0.18393897	-0.1857089	0.1520421	-0.15218027	0.11365353	-0.6921684	0.30075067	-0.20483801	0.1347397	-0.13112469	1.0	-0.5801435	0.2099764	-0.1719595	0.17448248
0.10154819	-0.09206317	0.11402037	-0.12837082	0.16542836	-0.19843368	0.1883454	-0.19021821	0.17745906	-0.14155275	0.31444463	-0.52794397	0.25359318	-0.17981513	0.16015016	-0.5801435	0.9999998	-0.41863364	0.22329985	-0.24111274
-0.115208596	0.1027052	-0.14035067	0.15817463	-0.22700283	0.17938414	-0.19911245	0.21711724	-0.26285282	0.19467625	-0.21960832	0.25994438	-0.39586505	0.28329468	-0.25121063	0.2099764	-0.41863364	0.99999976	-0.6456416	0.27021557
0.106398344	-0.09895347	0.1319541	-0.16060993	0.21121982	-0.17297973	0.17314506	-0.21841766	0.24615662	-0.22193898	0.16432025	-0.22811407	0.28656906	-0.5097242	0.25861987	-0.1719595	0.22329985	-0.6456416	0.9999997	-0.3733417
-0.17526534	0.15099919	-0.21260391	0.24297614	-0.48035884	0.23427111	-0.2880543	0.27468178	-0.4084261	0.30493054	-0.2096453	0.22900169	-0.33244938	0.2902408	-0.4505397	0.17448248	-0.24111274	0.27021557	-0.3733417	0.9999997
