1.0	-0.33519182	0.21347314	-0.045630332	0.04433016	-0.77944803	0.26251966	-0.20685276	0.10167699	-0.16205361	0.26646695	-0.24953134	0.18478677	-0.16569293	0.09838292	-0.1806025	0.15189315	-0.17825152	0.122333646	-0.14260603
-0.33519182	0.99999976	-0.66174346	0.061092425	-0.061531376	0.23023635	-0.53958315	0.28463608	-0.07773363	0.11485263	-0.20381181	0.24636121	-0.2380024	0.1188908	-0.07107312	0.11848244	-0.12180555	0.13141951	-0.094531335	0.099037334
0.21347314	-0.66174346	0.99999994	-0.09425886	0.08432346	-0.19853202	0.30839545	-0.5201978	0.10359841	-0.15630984	0.19451936	-0.28505233	0.2621707	-0.15991686	0.09443063	-0.13295159	0.13269258	-0.17138194	0.11986332	-0.13312063
-0.045630332	0.061092425	-0.09425886	0.9999999	-0.97973627	0.036875624	-0.05000872	0.057286557	-0.09928793	0.10476811	-0.05353186	0.049373414	-0.053200033	0.074483156	-0.05035497	0.033507023	-0.042410463	0.04787166	-0.04805111	0.051213935
0.04433016	-0.061531376	0.08432346	-0.97973627	0.9999996	-0.03643766	0.048973914	-0.057563096	0.09279829	-0.11769573	0.052075885	-0.04950437	0.051992092	-0.07721	0.051442645	-0.03325868	0.041509006	-0.048920773	0.048054766	-0.053640503
-0.77944803	0.23023635	-0.19853202	0.036875624	-0.03643766	0.99999934	-0.33882013	0.17984061	-0.07653437	0.118675455	-0.40023112	0.22791764	-0.17486697	0.122656554	-0.07322519	0.16274594	-0.14657119	0.13704908	-0.09606615	0.10473753
0.26251966	-0.53958315	0.30839545	-0.05000872	0.048973914	-0.33882013	0.99999934	-0.45112023	0.09347122	-0.1405576	0.24314864	-0.48517048	0.28428662	-0.14691925	0.08678141	-0.14887956	0.14551806	-0.16434622	0.11484843	-0.12253596
-0.20685276	0.28463608	-0.5201978	0.057286557	-0.057563096	0.17984061	-0.45112023	0.99999964	-0.09616828	0.12879929	-0.20850933	0.29306874	-0.60240656	0.13879555	-0.08171575	0.124499545	-0.13534646	0.16043393	-0.11789771	0.11041928
0.10167699	-0.07773363	0.10359841	-0.09928793	0.09279829	-0.07653437	0.09347122	-0.09616828	0.99999964	-0.68986386	0.14084435	-0.10048048	0.12535793	-0.60559106	0.23589094	-0.08775565	0.124990106	-0.16240321	0.19839765	-0.22120523
-0.16205361	0.11485263	-0.15630984	0.10476811	-0.11769573	0.118675455	-0.1405576	0.12879929	-0.68986386	0.9999996	-0.22584412	0.14554805	-0.1800978	0.3232462	-0.38979134	0.13191226	-0.19489276	0.18825503	-0.2512996	0.25235087
0.26646695	-0.20381181	0.19451936	-0.05353186	0.052075885	-0.40023112	0.24314864	-0.20850933	0.14084435	-0.22584412	0.99999934	-0.45708963	0.24143165	-0.23317249	0.13838089	-0.48742685	0.28261057	-0.2652688	0.17707506	-0.20166458
-0.24953134	0.24636121	-0.28505233	0.049373414	-0.04950437	0.22791764	-0.48517048	0.29306874	-0.10048048	0.14554805	-0.45708963	0.99999946	-0.5537637	0.15716861	-0.09376507	0.19925298	-0.2259202	0.18953276	-0.1373226	0.12937863
0.18478677	-0.2380024	0.2621707	-0.053200033	0.051992092	-0.17486697	0.28428662	-0.60240656	0.12535793	-0.1800978	0.24143165	-0.5537637	0.9999994	-0.20865948	0.11580613	-0.16410133	0.17136802	-0.27096748	0.16924378	-0.16037543
-0.16569293	0.1188908	-0.15991686	0.074483156	-0.07721	0.122656554	-0.14691925	0.13879555	-0.60559106	0.3232462	-0.23317249	0.15716861	-0.20865948	0.99999917	-0.36921433	0.14085464	-0.20832309	0.2404095	-0.404543	0.26273966
0.09838292	-0.07107312	0.09443063	-0.05035497	0.051442645	-0.07322519	0.08678141	-0.08171575	0.23589094	-0.38979134	0.13838089	-0.09376507	0.11580613	-0.36921433	0.9999992	-0.086756915	0.12537247	-0.16927786	0.21915144	-0.7804623
-0.1806025	0.11848244	-0.13295159	0.033507023	-0.03325868	0.16274594	-0.14887956	0.124499545	-0.08775565	0.13191226	-0.48742685	0.19925298	-0.16410133	0.14085464	-0.086756915	0.99999875	-0.7680933	0.20040871	-0.14372605	0.121891595
0.15189315	-0.12180555	0.13269258	-0.042410463	0.041509006	-0.14657119	0.14551806	-0.13534646	0.124990106	-0.19489276	0.28261057	-0.2259202	0.17136802	-0.20832309	0.12537247	-0.7680933	0.9999988	-0.34555483	0.19475608	-0.18178996
-0.17825152	0.13141951	-0.17138194	0.04787166	-0.048920773	0.13704908	-0.16434622	0.16043393	-0.16240321	0.18825503	-0.2652688	0.18953276	-0.27096748	0.2404095	-0.16927786	0.20040871	-0.34555483	0.99999845	-0.72746193	0.20845695
0.122333646	-0.094531335	0.11986332	-0.04805111	0.048054766	-0.09606615	0.11484843	-0.11789771	0.19839765	-0.2512996	0.17707506	-0.1373226	0.16924378	-0.404543	0.21915144	-0.14372605	0.19475608	-0.72746193	0.99999833	-0.34282222
-0.14260603	0.099037334	-0.13312063	0.051213935	-0.053640503	0.10473753	-0.12253596	0.11041928	-0.22120523	0.25235087	-0.20166458	0.12937863	-0.16037543	0.26273966	-0.7804623	0.121891595	-0.18178996	0.20845695	-0.34282222	0.99999833
