1.0000001	-0.77456903	0.28998333	-0.17830929	0.152805	-0.23364472	0.24850188	-0.30800292	0.13956906	-0.14128998	0.14905432	-0.29578793	0.1852064	-0.16962677	0.083885185	-0.10807701	0.1293872	-0.22927095	0.14819984	-0.088011935
-0.77456903	1.0000006	-0.4658168	0.14958243	-0.13716355	0.16190557	-0.2832225	0.25846148	-0.117173776	0.1074976	-0.11678711	0.21677065	-0.14871274	0.12431347	-0.0640434	0.07891692	-0.099837095	0.15901093	-0.11424897	0.06511547
0.28998333	-0.4658168	1.0000008	-0.30907202	0.20578776	-0.20529082	0.26846033	-0.6352935	0.17800039	-0.16121915	0.14119461	-0.28063425	0.21791056	-0.18747918	0.09013268	-0.100768045	0.12470369	-0.23818058	0.16029413	-0.09271198
-0.17830929	0.14958243	-0.30907202	1.0000006	-0.7075212	0.13195232	-0.14537011	0.1949012	-0.4947114	0.30071896	-0.10120352	0.15550339	-0.14923625	0.16940278	-0.11946879	0.070346504	-0.090007685	0.16395284	-0.15965928	0.11819988
0.152805	-0.13716355	0.20578776	-0.7075212	1.0000006	-0.15744968	0.144256	-0.19768168	0.31619018	-0.5074488	0.11111845	-0.173479	0.15305248	-0.18108934	0.15194002	-0.08047492	0.09925353	-0.19325823	0.16597207	-0.16480693
-0.23364472	0.16190557	-0.20529082	0.13195232	-0.15744968	1.0000002	-0.33169305	0.19716883	-0.13090913	0.12154792	-0.717039	0.2593914	-0.17569743	0.14700858	-0.08698073	0.26710367	-0.3683026	0.19810592	-0.16173573	0.08456161
0.24850188	-0.2832225	0.26846033	-0.14537011	0.144256	-0.33169305	0.99999994	-0.4740378	0.13212347	-0.12123781	0.20480058	-0.66967547	0.2368227	-0.17633934	0.08096483	-0.13341333	0.16935137	-0.22720544	0.15823956	-0.081322625
-0.30800292	0.25846148	-0.6352935	0.1949012	-0.19768168	0.19716883	-0.4740378	0.9999998	-0.17812248	0.14639764	-0.15851969	0.2868832	-0.3413589	0.19395573	-0.09291564	0.10431359	-0.13882075	0.23245215	-0.18138786	0.09160908
0.13956906	-0.117173776	0.17800039	-0.4947114	0.31619018	-0.13090913	0.13212347	-0.17812248	0.9999998	-0.69080466	0.10026305	-0.15753736	0.17066793	-0.2901762	0.17668295	-0.07224012	0.091885604	-0.19455408	0.20575908	-0.18491045
-0.14128998	0.1074976	-0.16121915	0.30071896	-0.5074488	0.12154792	-0.12123781	0.14639764	-0.69080466	0.99999964	-0.09980789	0.13776062	-0.15255703	0.20407082	-0.28016248	0.06891757	-0.09014451	0.17078003	-0.21626398	0.20324722
0.14905432	-0.11678711	0.14119461	-0.10120352	0.11111845	-0.717039	0.20480058	-0.15851969	0.10026305	-0.09980789	0.9999996	-0.2697695	0.14915426	-0.12996106	0.069554165	-0.4932929	0.29714555	-0.19464734	0.1297264	-0.070979774
-0.29578793	0.21677065	-0.28063425	0.15550339	-0.173479	0.2593914	-0.66967547	0.2868832	-0.15753736	0.13776062	-0.2697695	0.99999934	-0.37102324	0.20388483	-0.09996416	0.16772874	-0.25257	0.25086212	-0.20530674	0.096966065
0.1852064	-0.14871274	0.21791056	-0.14923625	0.15305248	-0.17569743	0.2368227	-0.3413589	0.17066793	-0.15255703	0.14915426	-0.37102324	0.99999934	-0.5083059	0.12339868	-0.11492554	0.15320405	-0.60191363	0.297947	-0.123631
-0.16962677	0.12431347	-0.18747918	0.16940278	-0.18108934	0.14700858	-0.17633934	0.19395573	-0.2901762	0.20407082	-0.12996106	0.20388483	-0.5083059	0.999999	-0.2093522	0.09381324	-0.12742335	0.31582326	-0.6604423	0.18792559
0.083885185	-0.0640434	0.09013268	-0.11946879	0.15194002	-0.08698073	0.08096483	-0.09291564	0.17668295	-0.28016248	0.069554165	-0.09996416	0.12339868	-0.2093522	0.999999	-0.052065704	0.06668072	-0.16711797	0.21485561	-0.88602084
-0.10807701	0.07891692	-0.100768045	0.070346504	-0.08047492	0.26710367	-0.13341333	0.10431359	-0.07224012	0.06891757	-0.4932929	0.16772874	-0.11492554	0.09381324	-0.052065704	0.9999988	-0.7928496	0.15156749	-0.10601682	0.05142022
0.1293872	-0.099837095	0.12470369	-0.090007685	0.09925353	-0.3683026	0.16935137	-0.13882075	0.091885604	-0.09014451	0.29714555	-0.25257	0.15320405	-0.12742335	0.06668072	-0.7928496	0.99999875	-0.23895621	0.13485745	-0.067553475
-0.22927095	0.15901093	-0.23818058	0.16395284	-0.19325823	0.19810592	-0.22720544	0.23245215	-0.19455408	0.17078003	-0.19464734	0.25086212	-0.60191363	0.31582326	-0.16711797	0.15156749	-0.23895621	0.9999985	-0.51457053	0.15712325
0.14819984	-0.11424897	0.16029413	-0.15965928	0.16597207	-0.16173573	0.15823956	-0.18138786	0.20575908	-0.21626398	0.1297264	-0.20530674	0.297947	-0.6604423	0.21485561	-0.10601682	0.13485745	-0.51457053	0.9999985	-0.2962159
-0.088011935	0.06511547	-0.09271198	0.11819988	-0.16480693	0.08456161	-0.081322625	0.09160908	-0.18491045	0.20324722	-0.070979774	0.096966065	-0.123631	0.18792559	-0.88602084	0.05142022	-0.067553475	0.15712325	-0.2962159	0.9999985
