0.99999994	-0.4346739	0.23971178	-0.14282605	0.14432116	-0.76577234	0.15489395	-0.15478466	0.11971194	-0.109173834	0.22589108	-0.15683526	0.1349454	-0.10758806	0.13085754	-0.28571483	0.096478574	-0.07519142	0.0626483	-0.07689731
-0.4346739	0.9999999	-0.6969232	0.23365639	-0.24314643	0.25719061	-0.28035024	0.22371079	-0.1965225	0.16108981	-0.14072844	0.18281941	-0.17747357	0.14734724	-0.1868511	0.16369018	-0.10901084	0.083658256	-0.07374318	0.08626216
0.23971178	-0.6969232	0.9999999	-0.42463055	0.23345599	-0.2724959	0.21374695	-0.28261253	0.2111699	-0.18609601	0.14114842	-0.18824513	0.17621285	-0.16197395	0.17870848	-0.18466975	0.10557811	-0.085556224	0.07352069	-0.090048134
-0.14282605	0.23365639	-0.42463055	0.99999994	-0.56266904	0.1500068	-0.13816346	0.16562636	-0.5518059	0.30568185	-0.09471027	0.14200881	-0.15831698	0.2174621	-0.25519228	0.11984013	-0.09910028	0.07868072	-0.07530171	0.08975481
0.14432116	-0.24314643	0.23345599	-0.56266904	1.0	-0.1794143	0.13672362	-0.17215441	0.31259462	-0.64404196	0.10820872	-0.15520498	0.15370575	-0.21485789	0.23176566	-0.14572847	0.101752765	-0.08421566	0.077849455	-0.098942384
-0.76577234	0.25719061	-0.2724959	0.1500068	-0.1794143	0.99999976	-0.16904578	0.15463981	-0.1404269	0.12323183	-0.37109846	0.16658857	-0.15638569	0.121408395	-0.15986824	0.25984886	-0.11398219	0.083436266	-0.072178766	0.08431938
0.15489395	-0.28035024	0.21374695	-0.13816346	0.13672362	-0.16904578	0.9999998	-0.68976045	0.1378784	-0.11938347	0.15399532	-0.5415745	0.2959131	-0.15874514	0.17121264	-0.1745722	0.12518959	-0.10554663	0.08003527	-0.09244503
-0.15478466	0.22371079	-0.28261253	0.16562636	-0.17215441	0.15463981	-0.68976045	0.99999964	-0.184585	0.14716153	-0.13845108	0.31572342	-0.47966793	0.19973327	-0.23490466	0.15218717	-0.15857638	0.12774633	-0.10095378	0.10992428
0.11971194	-0.1965225	0.2111699	-0.5518059	0.31259462	-0.1404269	0.1378784	-0.184585	0.9999991	-0.55150783	0.09503018	-0.16483454	0.1835185	-0.4326632	0.2869752	-0.12227513	0.10300936	-0.08693661	0.08209858	-0.100426316
-0.109173834	0.16108981	-0.18609601	0.30568185	-0.64404196	0.12323183	-0.11938347	0.14716153	-0.55150783	0.9999988	-0.08516129	0.13823117	-0.15862066	0.2517065	-0.3770702	0.10850192	-0.1034648	0.082344055	-0.08384473	0.100418955
0.22589108	-0.14072844	0.14114842	-0.09471027	0.10820872	-0.37109846	0.15399532	-0.13845108	0.09503018	-0.08516129	0.99999887	-0.26652324	0.16698867	-0.102937154	0.124919966	-0.830029	0.11329905	-0.086750336	0.06554631	-0.078635626
-0.15683526	0.18281941	-0.18824513	0.14200881	-0.15520498	0.16658857	-0.5415745	0.31572342	-0.16483454	0.13823117	-0.26652324	0.99999887	-0.6160665	0.21300997	-0.24846575	0.21217518	-0.19209352	0.14997706	-0.11275348	0.122065835
0.1349454	-0.17747357	0.17621285	-0.15831698	0.15370575	-0.15638569	0.2959131	-0.47966793	0.1835185	-0.15862066	0.16698867	-0.6160665	0.999999	-0.38407415	0.25485492	-0.1969481	0.18919402	-0.21276858	0.12778077	-0.14278898
-0.10758806	0.14734724	-0.16197395	0.2174621	-0.21485789	0.121408395	-0.15874514	0.19973327	-0.4326632	0.2517065	-0.102937154	0.21300997	-0.38407415	0.9999986	-0.706283	0.124360465	-0.14078948	0.12010306	-0.12421396	0.13899806
0.13085754	-0.1868511	0.17870848	-0.25519228	0.23176566	-0.15986824	0.17121264	-0.23490466	0.2869752	-0.3770702	0.124919966	-0.24846575	0.25485492	-0.706283	0.9999988	-0.1637947	0.15599236	-0.13779747	0.14287739	-0.20793381
-0.28571483	0.16369018	-0.18466975	0.11984013	-0.14572847	0.25984886	-0.1745722	0.15218717	-0.12227513	0.10850192	-0.830029	0.21217518	-0.1969481	0.124360465	-0.1637947	0.9999989	-0.15643595	0.10631549	-0.08380618	0.097058
0.096478574	-0.10901084	0.10557811	-0.09910028	0.101752765	-0.11398219	0.12518959	-0.15857638	0.10300936	-0.1034648	0.11329905	-0.19209352	0.18919402	-0.14078948	0.15599236	-0.15643595	0.99999887	-0.77101445	0.297285	-0.4433085
-0.07519142	0.083658256	-0.085556224	0.07868072	-0.08421566	0.083436266	-0.10554663	0.12774633	-0.08693661	0.082344055	-0.086750336	0.14997706	-0.21276858	0.12010306	-0.13779747	0.10631549	-0.77101445	0.9999991	-0.48597693	0.29949448
0.0626483	-0.07374318	0.07352069	-0.07530171	0.077849455	-0.072178766	0.08003527	-0.10095378	0.08209858	-0.08384473	0.06554631	-0.11275348	0.12778077	-0.12421396	0.14287739	-0.08380618	0.297285	-0.48597693	0.9999991	-0.79686755
-0.07689731	0.08626216	-0.090048134	0.08975481	-0.098942384	0.08431938	-0.09244503	0.10992428	-0.100426316	0.100418955	-0.078635626	0.122065835	-0.14278898	0.13899806	-0.20793381	0.097058	-0.4433085	0.29949448	-0.79686755	0.9999991
