1.0000001	-0.8694681	0.07249722	-0.061387423	0.04508655	-0.37810886	0.12359468	-0.09263784	0.05121138	-0.04066364	0.25962144	-0.07434211	0.074419454	-0.04063345	0.04775134	-0.11999373	0.045893174	-0.039852276	0.047804072	-0.050792277
-0.8694681	1.0000002	-0.09081698	0.07027216	-0.053235166	0.2587658	-0.16704611	0.10440559	-0.06056271	0.047204796	-0.34872735	0.08707098	-0.09230309	0.04774171	-0.056560643	0.1292812	-0.05426562	0.046330098	-0.0561116	0.058025166
0.07249722	-0.09081698	1.0000005	-0.6901181	0.23870246	-0.0552728	0.18863939	-0.5465427	0.21420734	-0.21024357	0.06798498	-0.12264063	0.17655872	-0.14523873	0.1656742	-0.25540122	0.10495599	-0.093625456	0.13167028	-0.15099102
-0.061387423	0.07027216	-0.6901181	1.0000004	-0.46174732	0.04754097	-0.18062055	0.28362954	-0.31035444	0.2531297	-0.060074765	0.11408529	-0.1754236	0.17122121	-0.20981789	0.21321082	-0.104573734	0.09169825	-0.14233917	0.15166898
0.04508655	-0.053235166	0.23870246	-0.46174732	1.0000002	-0.040289637	0.14548224	-0.26174948	0.2685988	-0.7177385	0.049620524	-0.09997019	0.14702371	-0.18450199	0.21012889	-0.25953472	0.10161167	-0.09180333	0.1408448	-0.17652985
-0.37810886	0.2587658	-0.0552728	0.04754097	-0.040289637	1.0000005	-0.12329254	0.07685522	-0.047318723	0.035761364	-0.8723835	0.06880114	-0.07202394	0.037588693	-0.045203485	0.115820386	-0.045173436	0.037869077	-0.046503473	0.04656776
0.12359468	-0.16704611	0.18863939	-0.18062055	0.14548224	-0.12329254	1.0000005	-0.4282111	0.17775527	-0.1391208	0.12904637	-0.62994206	0.32335958	-0.15666845	0.16797966	-0.41436696	0.18234453	-0.17156442	0.17168958	-0.19905907
-0.09263784	0.10440559	-0.5465427	0.28362954	-0.26174948	0.07685522	-0.4282111	1.0000007	-0.31865647	0.2051217	-0.09622479	0.23170462	-0.3789697	0.20134869	-0.24261695	0.2850425	-0.16551657	0.1429262	-0.19338107	0.1934722
0.05121138	-0.06056271	0.21420734	-0.31035444	0.2685988	-0.047318723	0.17775527	-0.31865647	1.0000005	-0.46626753	0.05790886	-0.13686638	0.19932556	-0.57694334	0.31310335	-0.31621438	0.132624	-0.12499748	0.196355	-0.2529091
-0.04066364	0.047204796	-0.21024357	0.2531297	-0.7177385	0.035761364	-0.1391208	0.2051217	-0.46626753	1.0000005	-0.044406578	0.09748172	-0.14930327	0.23080915	-0.3214987	0.20895231	-0.09983864	0.08954921	-0.15155092	0.17262201
0.25962144	-0.34872735	0.06798498	-0.060074765	0.049620524	-0.8723835	0.12904637	-0.09622479	0.05790886	-0.044406578	1.0000004	-0.08079357	0.08369854	-0.04595877	0.055179086	-0.16178115	0.05501363	-0.046584543	0.05710623	-0.05824525
-0.07434211	0.08707098	-0.12264063	0.11408529	-0.09997019	0.06880114	-0.62994206	0.23170462	-0.13686638	0.09748172	-0.08079357	1.0000007	-0.6607332	0.13462363	-0.13677862	0.24490342	-0.20968392	0.16568291	-0.13815713	0.14555357
0.074419454	-0.09230309	0.17655872	-0.1754236	0.14702371	-0.07202394	0.32335958	-0.3789697	0.19932556	-0.14930327	0.08369854	-0.6607332	1.0000006	-0.23852992	0.19858909	-0.3845262	0.21245952	-0.23564252	0.19211164	-0.22009128
-0.04063345	0.04774171	-0.14523873	0.17122121	-0.18450199	0.037588693	-0.15666845	0.20134869	-0.57694334	0.23080915	-0.04595877	0.13462363	-0.23852992	1.0000012	-0.66518694	0.2316761	-0.12651703	0.12087267	-0.23547345	0.2397691
0.04775134	-0.056560643	0.1656742	-0.20981789	0.21012889	-0.045203485	0.16797966	-0.24261695	0.31310335	-0.3214987	0.055179086	-0.13677862	0.19858909	-0.66518694	1.000001	-0.31700456	0.14598623	-0.13912004	0.24393016	-0.4145353
-0.11999373	0.1292812	-0.25540122	0.21321082	-0.25953472	0.115820386	-0.41436696	0.2850425	-0.31621438	0.20895231	-0.16178115	0.24490342	-0.3845262	0.2316761	-0.31700456	1.0000012	-0.35177767	0.23898427	-0.3593852	0.2721137
0.045893174	-0.05426562	0.10495599	-0.104573734	0.10161167	-0.045173436	0.18234453	-0.16551657	0.132624	-0.09983864	0.05501363	-0.20968392	0.21245952	-0.12651703	0.14598623	-0.35177767	1.0000013	-0.81529367	0.265549	-0.27379885
-0.039852276	0.046330098	-0.093625456	0.09169825	-0.09180333	0.037869077	-0.17156442	0.1429262	-0.12499748	0.08954921	-0.046584543	0.16568291	-0.23564252	0.12087267	-0.13912004	0.23898427	-0.81529367	1.0000015	-0.40837434	0.23294388
0.047804072	-0.0561116	0.13167028	-0.14233917	0.1408448	-0.046503473	0.17168958	-0.19338107	0.196355	-0.15155092	0.05710623	-0.13815713	0.19211164	-0.23547345	0.24393016	-0.3593852	0.265549	-0.40837434	1.0000015	-0.7157859
-0.050792277	0.058025166	-0.15099102	0.15166898	-0.17652985	0.04656776	-0.19905907	0.1934722	-0.2529091	0.17262201	-0.05824525	0.14555357	-0.22009128	0.2397691	-0.4145353	0.2721137	-0.27379885	0.23294388	-0.7157859	1.0000015
