1.0	-0.4552953	0.2650333	-0.12740281	0.12939174	-0.67761314	0.32232833	-0.26346555	0.17527322	-0.17634495	0.1967163	-0.18091293	0.17071363	-0.18818821	0.12986617	-0.21033221	0.14968634	-0.2065818	0.14000522	-0.19287695
-0.4552953	1.0000002	-0.62555283	0.11754979	-0.12152002	0.278036	-0.5212455	0.26202866	-0.16592173	0.13740051	-0.13108656	0.1353021	-0.15366311	0.15139122	-0.10422049	0.12458285	-0.11802105	0.15817524	-0.110890426	0.14295006
0.2650333	-0.62555283	1.0000004	-0.19094352	0.17080502	-0.247273	0.29641354	-0.4984013	0.23760515	-0.2173874	0.12850605	-0.14346203	0.22010851	-0.23693608	0.15575512	-0.13528617	0.12453198	-0.24518721	0.16656445	-0.22489345
-0.12740281	0.11754979	-0.19094352	1.0000001	-0.8216932	0.0991085	-0.13165809	0.19516832	-0.4286982	0.21383186	-0.06536465	0.07173029	-0.1497127	0.17906307	-0.15108164	0.06648008	-0.06770126	0.14898336	-0.12599769	0.16833834
0.12939174	-0.12152002	0.17080502	-0.8216932	0.9999999	-0.10787703	0.13193558	-0.20772041	0.2837916	-0.2999414	0.07364062	-0.083563626	0.16389814	-0.21937935	0.18027201	-0.07818044	0.078168556	-0.19097786	0.15335897	-0.23440859
-0.67761314	0.278036	-0.247273	0.0991085	-0.10787703	0.99999964	-0.54482013	0.21028203	-0.14680171	0.12402378	-0.2856898	0.18027754	-0.14101234	0.13762921	-0.09684562	0.19782837	-0.15603465	0.14926504	-0.1045207	0.13203767
0.32232833	-0.5212455	0.29641354	-0.13165809	0.13193558	-0.54482013	1.0	-0.3924446	0.19344167	-0.16997111	0.18565865	-0.235046	0.18742462	-0.190603	0.12628852	-0.18057708	0.16784433	-0.20432986	0.13810806	-0.17874767
-0.26346555	0.26202866	-0.4984013	0.19516832	-0.20772041	0.21028203	-0.3924446	1.0	-0.47175536	0.21735618	-0.1247387	0.13738948	-0.4160522	0.26670176	-0.17326978	0.12022414	-0.12772743	0.2452426	-0.18425998	0.20544192
0.17527322	-0.16592173	0.23760515	-0.4286982	0.2837916	-0.14680171	0.19344167	-0.47175536	0.99999976	-0.4479652	0.09592086	-0.10988625	0.25668076	-0.39381537	0.24324974	-0.09897773	0.102904215	-0.25246525	0.21490337	-0.28748327
-0.17634495	0.13740051	-0.2173874	0.21383186	-0.2999414	0.12402378	-0.16997111	0.21735618	-0.4479652	0.9999998	-0.0859394	0.09188565	-0.20016238	0.22711207	-0.6813852	0.08411657	-0.09039394	0.19549023	-0.20679474	0.2850692
0.1967163	-0.13108656	0.12850605	-0.06536465	0.07364062	-0.2856898	0.18565865	-0.1247387	0.09592086	-0.0859394	0.99999976	-0.4552777	0.11012142	-0.103272595	0.07148555	-0.76423186	0.29809144	-0.1321093	0.08608309	-0.09851241
-0.18091293	0.1353021	-0.14346203	0.07173029	-0.083563626	0.18027754	-0.235046	0.13738948	-0.10988625	0.09188565	-0.4552777	0.9999996	-0.14917378	0.119127356	-0.08184001	0.30601433	-0.766696	0.16534962	-0.10832399	0.107106484
0.17071363	-0.15366311	0.22010851	-0.1497127	0.16389814	-0.14101234	0.18742462	-0.4160522	0.25668076	-0.20016238	0.11012142	-0.14917378	0.9999994	-0.5773793	0.18257016	-0.11611791	0.13921702	-0.5614217	0.287128	-0.25316584
-0.18818821	0.15139122	-0.23693608	0.17906307	-0.21937935	0.13762921	-0.190603	0.26670176	-0.39381537	0.22711207	-0.103272595	0.119127356	-0.5773793	0.99999917	-0.25519952	0.10228479	-0.120268546	0.3205796	-0.4937197	0.27487338
0.12986617	-0.10422049	0.15575512	-0.15108164	0.18027201	-0.09684562	0.12628852	-0.17326978	0.24324974	-0.6813852	0.07148555	-0.08184001	0.18257016	-0.25519952	0.999999	-0.073534906	0.08061781	-0.22428767	0.2307398	-0.5591788
-0.21033221	0.12458285	-0.13528617	0.06648008	-0.07818044	0.19782837	-0.18057708	0.12022414	-0.09897773	0.08411657	-0.76423186	0.30601433	-0.11611791	0.10228479	-0.073534906	0.9999986	-0.4849975	0.13568003	-0.09122411	0.096250124
0.14968634	-0.11802105	0.12453198	-0.06770126	0.078168556	-0.15603465	0.16784433	-0.12772743	0.102904215	-0.09039394	0.29809144	-0.766696	0.13921702	-0.120268546	0.08061781	-0.4849975	0.99999875	-0.21112977	0.11302465	-0.11111495
-0.2065818	0.15817524	-0.24518721	0.14898336	-0.19097786	0.14926504	-0.20432986	0.2452426	-0.25246525	0.19549023	-0.1321093	0.16534962	-0.5614217	0.3205796	-0.22428767	0.13568003	-0.21112977	0.9999988	-0.5613865	0.2711125
0.14000522	-0.110890426	0.16656445	-0.12599769	0.15335897	-0.1045207	0.13810806	-0.18425998	0.21490337	-0.20679474	0.08608309	-0.10832399	0.287128	-0.4937197	0.2307398	-0.09122411	0.11302465	-0.5613865	0.9999987	-0.54279643
-0.19287695	0.14295006	-0.22489345	0.16833834	-0.23440859	0.13203767	-0.17874767	0.20544192	-0.28748327	0.2850692	-0.09851241	0.107106484	-0.25316584	0.27487338	-0.5591788	0.096250124	-0.11111495	0.2711125	-0.54279643	0.9999987
