0.49206798523664474
0.9214209765195847
0.38095830008387566
0.4578661099076271
1.9119310602545738
0.7157899271696806
0.5815854128450155
0.7956919092684984
1.2325142472982407
0.7221570964902639
1.6086525041610003
0.3355580884963274
1.1516843251883984
0.24694008380174637
1.0833486281335354
0.4703387226909399
0.9440348986536264
0.08664124645292759
1.7446200735867023
0.8045224044471979
1.6534836199134588
0.6605515014380217
1.1751004811376333
0.5624766908586025
1.4323421604931355
0.93083131685853
0.6958304271101952
1.7211896292865276
1.759837832301855
0.35763275623321533
0.9755610972642899
