1.586432984098792
0.1499442122876644
0.006188904866576195
1.0943015348166227
1.6087124440819025
1.1258596610277891
1.1719521936029196
1.8949128706008196
0.6720762345939875
1.233281720429659
1.4231432117521763
0.5300736743956804
0.015268204733729362
1.231727983802557
1.9118167962878942
1.4058186635375023
0.052181584760546684
0.40026507154107094
1.398771507665515
0.31674508191645145
1.1570469550788403
0.9839044250547886
1.8449804577976465
0.40558697655797005
0.54606494307518
1.4103351067751646
0.2559622898697853
1.155563086271286
1.0552140213549137
1.7721008956432343
0.8290616720914841
0.16128389909863472
1.3123335614800453
0.7729566246271133
1.6260931268334389
1.3033707849681377
1.0470676869153976
0.13043390773236752
1.9513776618987322
1.5065946597605944
1.677975943312049
0.9258776381611824
1.1402382235974073
0.5590236689895391
1.9935042560100555
1.7305503953248262
0.7735237181186676
1.0646514128893614
1.7693395372480154
1.2379981353878975
0.5841160025447607
0.9101614933460951
1.4531573876738548
0.554169749841094
0.8210707884281874
0.1901665460318327
0.11102062836289406
1.7403969019651413
1.7254146076738834
0.7935254741460085
1.437858184799552
0.9722350854426622
0.05759096518158913
1.0539334043860435
0.44478949159383774
1.736230431124568
1.1881166342645884
