1.0000001	-0.54532254	0.18389796	-0.0831255	0.08743909	-0.6578267	0.2733891	-0.17404555	0.13011408	-0.11121053	0.30071673	-0.26193675	0.15973942	-0.14284071	0.08531759	-0.11517754	0.13326764	-0.18293948	0.11257706	-0.12531061	0.08572347	-0.10243004	0.1044965	-0.11630616	0.08320387	-0.0992148	0.093982086	-0.08888296	0.09179011	-0.07846522	0.0672647	-0.084232755	0.08641998	-0.07183395	0.07500958	-0.09123032	0.06746938	-0.088166386	0.07487033	-0.076190025
-0.54532254	1.0	-0.31754884	0.10905818	-0.11729672	0.2728029	-0.60824704	0.22500147	-0.16030726	0.11597695	-0.327598	0.26532283	-0.18527324	0.15775958	-0.09118178	0.11101821	-0.14165932	0.18188156	-0.11749162	0.12525342	-0.08526795	0.10210772	-0.10697628	0.1161978	-0.08501259	0.0954516	-0.0942794	0.08869382	-0.09342893	0.078433946	-0.065466926	0.08227936	-0.08719769	0.07186508	-0.07589492	0.08728436	-0.06622309	0.08544785	-0.07536805	0.07520547
0.18389796	-0.31754884	1.0	-0.331135	0.23543051	-0.15508486	0.25573996	-0.62938076	0.27005163	-0.21474537	0.20495059	-0.25582004	0.25491673	-0.28526583	0.15739173	-0.14866568	0.17979906	-0.2839051	0.18251467	-0.21006103	0.116879985	-0.145543	0.15407515	-0.18144217	0.13165794	-0.1367192	0.13459294	-0.13143502	0.1392917	-0.12185891	0.094374835	-0.12031877	0.1274573	-0.1071853	0.113504395	-0.1277103	0.09670931	-0.12678966	0.111342244	-0.11396333
-0.0831255	0.10905818	-0.331135	1.0000004	-0.8772885	0.06765024	-0.11139854	0.18540595	-0.1984983	0.15893476	-0.099389866	0.111724444	-0.11959176	0.15856493	-0.12262565	0.07172526	-0.09095951	0.12806277	-0.10223949	0.117520526	-0.058155496	0.07201373	-0.07839441	0.09397447	-0.07501233	0.06662834	-0.06879537	0.06731415	-0.07508985	0.06523805	-0.04672735	0.06002376	-0.06677503	0.056132343	-0.061313417	0.062220592	-0.04873826	0.06310046	-0.058960892	0.058921006
0.08743909	-0.11729672	0.23543051	-0.8772885	1.0000004	-0.073495775	0.11706945	-0.1987973	0.1781024	-0.22303075	0.1065907	-0.12537178	0.1301536	-0.18061727	0.14140655	-0.084036365	0.10349043	-0.15033013	0.1171643	-0.14425996	0.06766386	-0.084073514	0.090519495	-0.11092413	0.08723992	-0.07870327	0.07991577	-0.0787207	0.08687136	-0.077198505	0.055005815	-0.07067736	0.07746196	-0.06557039	0.07119816	-0.073854044	0.05722217	-0.074665576	0.06848998	-0.06952354
-0.6578267	0.2728029	-0.15508486	0.06765024	-0.073495775	1.0000002	-0.2854134	0.14230599	-0.11003454	0.08795755	-0.6062995	0.22898212	-0.13973837	0.11617974	-0.06866331	0.09635337	-0.114361994	0.14662722	-0.091472656	0.09897801	-0.07165291	0.08353614	-0.08569804	0.092920065	-0.067043684	0.07975384	-0.07665016	0.071658716	-0.07439093	0.06269701	-0.054161627	0.06755016	-0.07008621	0.057819013	-0.06055506	0.07256656	-0.054200187	0.07018592	-0.06048655	0.060791586
0.2733891	-0.60824704	0.25573996	-0.11139854	0.11706945	-0.2854134	1.0000001	-0.32901874	0.18867439	-0.13879457	0.27744958	-0.5029848	0.24166286	-0.20068672	0.10871515	-0.13592897	0.17023465	-0.2406498	0.14312108	-0.15297596	0.10266871	-0.12569872	0.1302806	-0.14276204	0.102050066	-0.116772756	0.11340717	-0.1079204	0.11234438	-0.09492008	0.07951894	-0.099996164	0.10474496	-0.086657956	0.090859875	-0.10674093	0.080160335	-0.10398394	0.090354666	-0.09089421
-0.17404555	0.22500147	-0.62938076	0.18540595	-0.1987973	0.14230599	-0.32901874	1.0000001	-0.4465797	0.16761526	-0.20872305	0.24889831	-0.3754402	0.27957863	-0.13683102	0.1241122	-0.16640435	0.2469259	-0.1659273	0.16702957	-0.09965034	0.12381501	-0.13701117	0.15114471	-0.111676894	0.111184865	-0.11470583	0.110598534	-0.119787976	0.10015826	-0.07739946	0.09865859	-0.10871511	0.089775816	-0.09600366	0.102262415	-0.07973015	0.102427624	-0.0941104	0.09303964
0.13011408	-0.16030726	0.27005163	-0.1984983	0.1781024	-0.11003454	0.18867439	-0.4465797	1.0	-0.2466471	0.16696955	-0.21417472	0.26014748	-0.7115426	0.19141735	-0.12467087	0.15990949	-0.25288844	0.19837841	-0.21142584	0.100975186	-0.12786846	0.14057074	-0.17841302	0.12800509	-0.11497453	0.11882352	-0.118246265	0.13058622	-0.11362558	0.080421835	-0.10357529	0.11512952	-0.09704503	0.104518145	-0.10687403	0.08371337	-0.10849835	0.10081202	-0.10143022
-0.11121053	0.11597695	-0.21474537	0.15893476	-0.22303075	0.08795755	-0.13879457	0.16761526	-0.2466471	1.0	-0.1470844	0.14227596	-0.1645168	0.22338447	-0.78346586	0.1107361	-0.15383698	0.17630446	-0.22902313	0.2796453	-0.09650287	0.11916449	-0.13859843	0.17319474	-0.18455939	0.10572263	-0.12246752	0.12218812	-0.15446275	0.13429703	-0.07714523	0.10132735	-0.1272671	0.10755607	-0.12736313	0.09872569	-0.08434721	0.106095575	-0.115614936	0.10958196
0.30071673	-0.327598	0.20495059	-0.099389866	0.1065907	-0.6062995	0.27744958	-0.20872305	0.16696955	-0.1470844	0.99999976	-0.4639645	0.22516924	-0.18995799	0.11330614	-0.17495872	0.18958722	-0.25762233	0.15319009	-0.16954613	0.12378345	-0.14422394	0.1451788	-0.15945943	0.113201246	-0.14036258	0.1309776	-0.12295265	0.12592034	-0.10722539	0.09432204	-0.11726408	0.11921076	-0.09881886	0.10271079	-0.12758929	0.0937473	-0.12224908	0.10292091	-0.10461277
-0.26193675	0.26532283	-0.25582004	0.111724444	-0.12537178	0.22898212	-0.5029848	0.24889831	-0.21417472	0.14227596	-0.4639645	0.99999994	-0.49164766	0.21664801	-0.117787205	0.16023912	-0.25394395	0.27492353	-0.1664762	0.16106224	-0.122156754	0.14863968	-0.15771174	0.15702367	-0.11402621	0.13041063	-0.1316715	0.122340746	-0.12844375	0.104096554	-0.08912136	0.111501925	-0.12006619	0.09726335	-0.102355056	0.116595946	-0.08960721	0.11382313	-0.10217202	0.09966707
0.15973942	-0.18527324	0.25491673	-0.11959176	0.1301536	-0.13973837	0.24166286	-0.3754402	0.26014748	-0.1645168	0.22516924	-0.49164766	0.9999999	-0.37556687	0.13914946	-0.14937694	0.20523557	-0.5702781	0.20245007	-0.18752503	0.11835105	-0.15678914	0.17744027	-0.1827937	0.12491516	-0.13018608	0.13403755	-0.13313931	0.13843414	-0.113494836	0.08968099	-0.11459107	0.12578972	-0.103025526	0.107978225	-0.117946975	0.09169864	-0.11760697	0.10669505	-0.10511605
-0.14284071	0.15775958	-0.28526583	0.15856493	-0.18061727	0.11617974	-0.20068672	0.27957863	-0.7115426	0.22338447	-0.18995799	0.21664801	-0.37556687	0.9999999	-0.2513685	0.12689497	-0.17555092	0.25166714	-0.2641151	0.21498309	-0.1055328	0.13256809	-0.15241788	0.18729334	-0.13951689	0.116013266	-0.1255793	0.12382191	-0.14209598	0.11822929	-0.08210406	0.1059544	-0.12285131	0.10218978	-0.11176716	0.10690855	-0.08629777	0.10991232	-0.10727314	0.10439737
0.08531759	-0.09118178	0.15739173	-0.12262565	0.14140655	-0.06866331	0.10871515	-0.13683102	0.19141735	-0.78346586	0.11330614	-0.117787205	0.13914946	-0.2513685	0.99999976	-0.09156903	0.12315004	-0.1555446	0.20201473	-0.4488088	0.07890883	-0.099396415	0.11469	-0.1592987	0.16270615	-0.087985836	0.099478334	-0.10267152	0.12746677	-0.124823086	0.06376549	-0.08411673	0.10354242	-0.08966062	0.10469514	-0.08258416	0.06943267	-0.088750005	0.09404126	-0.09346249
-0.11517754	0.11101821	-0.14866568	0.07172526	-0.084036365	0.09635337	-0.13592897	0.1241122	-0.12467087	0.1107361	-0.17495872	0.16023912	-0.14937694	0.12689497	-0.09156903	0.9999997	-0.5757713	0.19624655	-0.14789118	0.14320521	-0.630556	0.26571387	-0.22704524	0.16441761	-0.12429567	0.26977453	-0.24374236	0.1654877	-0.16130923	0.11667192	-0.17435995	0.1749956	-0.1710046	0.12633455	-0.12798774	0.18396923	-0.14092565	0.15721987	-0.13696682	0.1211246
0.13326764	-0.14165932	0.17979906	-0.09095951	0.10349043	-0.114361994	0.17023465	-0.16640435	0.15990949	-0.15383698	0.18958722	-0.25394395	0.20523557	-0.17555092	0.12315004	-0.5757713	0.99999934	-0.33104485	0.19509521	-0.19945654	0.2955986	-0.42014423	0.26752198	-0.2283895	0.15493143	-0.30082846	0.2507708	-0.21046515	0.19365112	-0.15065037	0.18251908	-0.21363342	0.19708282	-0.15513122	0.15312877	-0.23839796	0.16497174	-0.20513384	0.16112857	-0.15530924
-0.18293948	0.18188156	-0.2839051	0.12806277	-0.15033013	0.14662722	-0.2406498	0.2469259	-0.25288844	0.17630446	-0.25762233	0.27492353	-0.5702781	0.25166714	-0.1555446	0.19624655	-0.33104485	0.99999917	-0.34529424	0.22544107	-0.16683468	0.22473918	-0.33164713	0.24624063	-0.16891947	0.17044704	-0.19121964	0.18891959	-0.19907963	0.14934316	-0.11946612	0.15334907	-0.17986774	0.14140466	-0.14796343	0.1515258	-0.12330239	0.15371338	-0.14731655	0.138352
0.11257706	-0.11749162	0.18251467	-0.10223949	0.1171643	-0.091472656	0.14312108	-0.1659273	0.19837841	-0.22902313	0.15319009	-0.1664762	0.20245007	-0.2641151	0.20201473	-0.14789118	0.19509521	-0.34529424	0.99999917	-0.49861953	0.12878457	-0.17851695	0.2161366	-0.61720395	0.2300762	-0.14351958	0.16228777	-0.18577853	0.22993134	-0.19691445	0.1032663	-0.13844308	0.17044193	-0.15163583	0.16083689	-0.1339469	0.112131014	-0.14506659	0.14951406	-0.15033501
-0.12531061	0.12525342	-0.21006103	0.117520526	-0.14425996	0.09897801	-0.15297596	0.16702957	-0.21142584	0.2796453	-0.16954613	0.16106224	-0.18752503	0.21498309	-0.4488088	0.14320521	-0.19945654	0.22544107	-0.49861953	0.99999917	-0.1281702	0.16177823	-0.19541465	0.28068823	-0.41861168	0.1402804	-0.16808158	0.17719564	-0.24114281	0.23536448	-0.103772566	0.13879207	-0.18288213	0.15955333	-0.19749388	0.13189071	-0.115954794	0.14636718	-0.16846932	0.16295533
0.08572347	-0.08526795	0.116879985	-0.058155496	0.06766386	-0.07165291	0.10266871	-0.09965034	0.100975186	-0.09650287	0.12378345	-0.122156754	0.11835105	-0.1055328	0.07890883	-0.630556	0.2955986	-0.16683468	0.12878457	-0.1281702	0.99999917	-0.36278704	0.21580225	-0.15402995	0.11081324	-0.5234507	0.24365872	-0.16365749	0.1474342	-0.10724859	0.20732649	-0.19231616	0.16103308	-0.119238675	0.116153695	-0.23030631	0.14638533	-0.16357514	0.12688081	-0.113734245
-0.10243004	0.10210772	-0.145543	0.07201373	-0.084073514	0.08353614	-0.12569872	0.12381501	-0.12786846	0.11916449	-0.14422394	0.14863968	-0.15678914	0.13256809	-0.099396415	0.26571387	-0.42014423	0.22473918	-0.17851695	0.16177823	-0.36278704	0.99999887	-0.62184244	0.21318221	-0.14569984	0.24796318	-0.38067394	0.24236564	-0.20916481	0.1390398	-0.16495794	0.21254618	-0.21999264	0.15402842	-0.14809373	0.18972795	-0.1580069	0.18117559	-0.15845098	0.14025071
0.1044965	-0.10697628	0.15407515	-0.07839441	0.090519495	-0.08569804	0.1302806	-0.13701117	0.14057074	-0.13859843	0.1451788	-0.15771174	0.17744027	-0.15241788	0.11469	-0.22704524	0.26752198	-0.33164713	0.2161366	-0.19541465	0.21580225	-0.62184244	0.999999	-0.33083996	0.16799101	-0.22369301	0.25679705	-0.41440418	0.24712902	-0.16707765	0.15040535	-0.2079547	0.23821725	-0.17850246	0.16212063	-0.19100009	0.15427898	-0.19716683	0.16932634	-0.15958047
-0.11630616	0.1161978	-0.18144217	0.09397447	-0.11092413	0.092920065	-0.14276204	0.15114471	-0.17841302	0.17319474	-0.15945943	0.15702367	-0.1827937	0.18729334	-0.1592987	0.16441761	-0.2283895	0.24624063	-0.61720395	0.28068823	-0.15402995	0.21318221	-0.33083996	0.99999905	-0.30931878	0.16425796	-0.20559783	0.24243374	-0.41072604	0.23000437	-0.12143915	0.16523033	-0.22845618	0.19739132	-0.2074756	0.15244432	-0.1358472	0.1710103	-0.1967754	0.17845027
0.08320387	-0.08501259	0.13165794	-0.07501233	0.08723992	-0.067043684	0.102050066	-0.111676894	0.12800509	-0.18455939	0.113201246	-0.11402621	0.12491516	-0.13951689	0.16270615	-0.12429567	0.15493143	-0.16891947	0.2300762	-0.41861168	0.11081324	-0.14569984	0.16799101	-0.30931878	0.99999887	-0.1305892	0.1497317	-0.1892311	0.2541326	-0.71176636	0.09728882	-0.1355828	0.17560661	-0.1834981	0.23686908	-0.12824033	0.11155288	-0.15092848	0.17212895	-0.2205708
-0.0992148	0.0954516	-0.1367192	0.06662834	-0.07870327	0.07975384	-0.116772756	0.111184865	-0.11497453	0.10572263	-0.14036258	0.13041063	-0.13018608	0.116013266	-0.087985836	0.26977453	-0.30082846	0.17044704	-0.14351958	0.1402804	-0.5234507	0.24796318	-0.22369301	0.16425796	-0.1305892	0.9999986	-0.41931552	0.18725477	-0.1777554	0.12388629	-0.4900801	0.25982025	-0.2075169	0.1449463	-0.14327936	0.28812546	-0.20632702	0.19632155	-0.16112922	0.13416202
0.093982086	-0.0942794	0.13459294	-0.06879537	0.07991577	-0.07665016	0.11340717	-0.11470583	0.11882352	-0.12246752	0.1309776	-0.1316715	0.13403755	-0.1255793	0.099478334	-0.24374236	0.2507708	-0.19121964	0.16228777	-0.16808158	0.24365872	-0.38067394	0.25679705	-0.20559783	0.1497317	-0.41931552	0.9999987	-0.30827242	0.21583648	-0.15302487	0.25853306	-0.5578021	0.2582975	-0.18549062	0.16563162	-0.30398545	0.25502864	-0.28943402	0.1882359	-0.16923344
-0.08888296	0.08869382	-0.13143502	0.06731415	-0.0787207	0.071658716	-0.1079204	0.110598534	-0.118246265	0.12218812	-0.12295265	0.122340746	-0.13313931	0.12382191	-0.10267152	0.1654877	-0.21046515	0.18891959	-0.18577853	0.17719564	-0.16365749	0.24236564	-0.41440418	0.24243374	-0.1892311	0.18725477	-0.30827242	0.9999987	-0.5239156	0.19956663	-0.14436692	0.22216725	-0.543641	0.25946707	-0.20656143	0.17575811	-0.17100376	0.21461028	-0.22403172	0.18745704
0.09179011	-0.09342893	0.1392917	-0.07508985	0.08687136	-0.07439093	0.11234438	-0.119787976	0.13058622	-0.15446275	0.12592034	-0.12844375	0.13843414	-0.14209598	0.12746677	-0.16130923	0.19365112	-0.19907963	0.22993134	-0.24114281	0.1474342	-0.20916481	0.24712902	-0.41072604	0.2541326	-0.1777554	0.21583648	-0.5239156	0.9999988	-0.38387245	0.13370346	-0.19803333	0.2955451	-0.39459747	0.24814858	-0.1745947	0.15676905	-0.2160778	0.24452898	-0.24154426
-0.07846522	0.078433946	-0.12185891	0.06523805	-0.077198505	0.06269701	-0.09492008	0.10015826	-0.11362558	0.13429703	-0.10722539	0.104096554	-0.113494836	0.11822929	-0.124823086	0.11667192	-0.15065037	0.14934316	-0.19691445	0.23536448	-0.10724859	0.1390398	-0.16707765	0.23000437	-0.71176636	0.12388629	-0.15302487	0.19956663	-0.38387245	0.99999875	-0.09461478	0.13375281	-0.1981598	0.20860375	-0.39141494	0.1215074	-0.11244421	0.14836721	-0.19843334	0.22797681
0.0672647	-0.065466926	0.094374835	-0.04672735	0.055005815	-0.054161627	0.07951894	-0.07739946	0.080421835	-0.07714523	0.09432204	-0.08912136	0.08968099	-0.08210406	0.06376549	-0.17435995	0.18251908	-0.11946612	0.1032663	-0.103772566	0.20732649	-0.16495794	0.15040535	-0.12143915	0.09728882	-0.4900801	0.25853306	-0.14436692	0.13370346	-0.09461478	0.9999989	-0.3715534	0.1728929	-0.11913834	0.11195576	-0.69900197	0.23323128	-0.20463891	0.13273232	-0.10869216
-0.084232755	0.08227936	-0.12031877	0.06002376	-0.07067736	0.06755016	-0.099996164	0.09865859	-0.10357529	0.10132735	-0.11726408	0.111501925	-0.11459107	0.1059544	-0.08411673	0.1749956	-0.21363342	0.15334907	-0.13844308	0.13879207	-0.19231616	0.21254618	-0.2079547	0.16523033	-0.1355828	0.25982025	-0.5578021	0.22216725	-0.19803333	0.13375281	-0.3715534	0.9999989	-0.3353259	0.18391445	-0.16436045	0.28879693	-0.49381882	0.2902718	-0.20325914	0.1559244
0.08641998	-0.08719769	0.1274573	-0.06677503	0.07746196	-0.07008621	0.10474496	-0.10871511	0.11512952	-0.1272671	0.11921076	-0.12006619	0.12578972	-0.12285131	0.10354242	-0.1710046	0.19708282	-0.17986774	0.17044193	-0.18288213	0.16103308	-0.21999264	0.23821725	-0.22845618	0.17560661	-0.2075169	0.2582975	-0.543641	0.2955451	-0.1981598	0.1728929	-0.3353259	0.9999988	-0.47408724	0.23002133	-0.22289118	0.2247648	-0.34820062	0.2710069	-0.23968111
-0.07183395	0.07186508	-0.1071853	0.056132343	-0.06557039	0.057819013	-0.086657956	0.089775816	-0.09704503	0.10755607	-0.09881886	0.09726335	-0.103025526	0.10218978	-0.08966062	0.12633455	-0.15513122	0.14140466	-0.15163583	0.15955333	-0.119238675	0.15402842	-0.17850246	0.19739132	-0.1834981	0.1449463	-0.18549062	0.25946707	-0.39459747	0.20860375	-0.11913834	0.18391445	-0.47408724	0.999999	-0.4044145	0.1514303	-0.1624108	0.22520801	-0.5810339	0.2940942
0.07500958	-0.07589492	0.113504395	-0.061313417	0.07119816	-0.06055506	0.090859875	-0.09600366	0.104518145	-0.12736313	0.10271079	-0.102355056	0.107978225	-0.11176716	0.10469514	-0.12798774	0.15312877	-0.14796343	0.16083689	-0.19749388	0.116153695	-0.14809373	0.16212063	-0.2074756	0.23686908	-0.14327936	0.16563162	-0.20656143	0.24814858	-0.39141494	0.11195576	-0.16436045	0.23002133	-0.4044145	0.99999905	-0.14916675	0.13997163	-0.20149179	0.3021098	-0.672465
-0.09123032	0.08728436	-0.1277103	0.062220592	-0.073854044	0.07256656	-0.10674093	0.102262415	-0.10687403	0.09872569	-0.12758929	0.116595946	-0.117946975	0.10690855	-0.08258416	0.18396923	-0.23839796	0.1515258	-0.1339469	0.13189071	-0.23030631	0.18972795	-0.19100009	0.15244432	-0.12824033	0.28812546	-0.30398545	0.17575811	-0.1745947	0.1215074	-0.69900197	0.28879693	-0.22289118	0.1514303	-0.14916675	0.9999989	-0.37699017	0.24203391	-0.17914395	0.13842268
0.06746938	-0.06622309	0.09670931	-0.04873826	0.05722217	-0.054200187	0.080160335	-0.07973015	0.08371337	-0.08434721	0.0937473	-0.08960721	0.09169864	-0.08629777	0.06943267	-0.14092565	0.16497174	-0.12330239	0.112131014	-0.115954794	0.14638533	-0.1580069	0.15427898	-0.1358472	0.11155288	-0.20632702	0.25502864	-0.17100376	0.15676905	-0.11244421	0.23323128	-0.49381882	0.2247648	-0.1624108	0.13997163	-0.37699017	0.99999917	-0.67710894	0.19241117	-0.14836422
-0.088166386	0.08544785	-0.12678966	0.06310046	-0.074665576	0.07018592	-0.10398394	0.102427624	-0.10849835	0.106095575	-0.12224908	0.11382313	-0.11760697	0.10991232	-0.088750005	0.15721987	-0.20513384	0.15371338	-0.14506659	0.14636718	-0.16357514	0.18117559	-0.19716683	0.1710103	-0.15092848	0.19632155	-0.28943402	0.21461028	-0.2160778	0.14836721	-0.20463891	0.2902718	-0.34820062	0.22520801	-0.20149179	0.24203391	-0.67710894	0.99999905	-0.34611022	0.1983522
0.07487033	-0.07536805	0.111342244	-0.058960892	0.06848998	-0.06048655	0.090354666	-0.0941104	0.10081202	-0.115614936	0.10292091	-0.10217202	0.10669505	-0.10727314	0.09404126	-0.13696682	0.16112857	-0.14731655	0.14951406	-0.16846932	0.12688081	-0.15845098	0.16932634	-0.1967754	0.17212895	-0.16112922	0.1882359	-0.22403172	0.24452898	-0.19843334	0.13273232	-0.20325914	0.2710069	-0.5810339	0.3021098	-0.17914395	0.19241117	-0.34611022	0.9999991	-0.54442275
-0.076190025	0.07520547	-0.11396333	0.058921006	-0.06952354	0.060791586	-0.09089421	0.09303964	-0.10143022	0.10958196	-0.10461277	0.09966707	-0.10511605	0.10439737	-0.09346249	0.1211246	-0.15530924	0.138352	-0.15033501	0.16295533	-0.113734245	0.14025071	-0.15958047	0.17845027	-0.2205708	0.13416202	-0.16923344	0.18745704	-0.24154426	0.22797681	-0.10869216	0.1559244	-0.23968111	0.2940942	-0.672465	0.13842268	-0.14836422	0.1983522	-0.54442275	0.9999991
