1.0000001	-0.69708884	0.22933288	-0.14650753	0.13930766	-0.4528963	0.18868522	-0.20213923	0.14270313	-0.11543906	0.25973412	-0.1779932	0.18190138	-0.1463156	0.15494093	-0.26512975	0.1851544	-0.15720285	0.14194171	-0.12366156	0.16125953	-0.13301206	0.13266355	-0.14271201	0.085313834	-0.11353628	0.13098639	-0.12544613	0.096067525	-0.10381683	0.09208058	-0.1031153	0.12584044	-0.075684555	0.08082066	-0.22384915	0.10994815	-0.11388397	0.0603704	-0.07962251
-0.69708884	1.0000004	-0.42439768	0.18429701	-0.18625174	0.23609728	-0.25594348	0.24001347	-0.17945437	0.14045796	-0.24286011	0.19168566	-0.21613449	0.16624497	-0.19221483	0.21327107	-0.19519776	0.16206753	-0.15405194	0.12043333	-0.16373631	0.13394769	-0.13789833	0.14082448	-0.084568374	0.10974896	-0.13411151	0.12504427	-0.09566143	0.10132687	-0.09095552	0.09961655	-0.12579866	0.07389847	-0.07988448	0.1974557	-0.10649437	0.10862151	-0.05896562	0.076616734
0.22933288	-0.42439768	0.99999994	-0.41777486	0.23909207	-0.1586378	0.25462064	-0.59793	0.25003162	-0.19422202	0.15145312	-0.2173735	0.2293484	-0.21600863	0.21084549	-0.20402274	0.18041453	-0.18358551	0.17173493	-0.14200146	0.15463358	-0.13553995	0.14161271	-0.16450204	0.097290225	-0.112975925	0.1343101	-0.13309775	0.106865495	-0.11616625	0.09236943	-0.1046488	0.13010113	-0.08271572	0.08834903	-0.23008946	0.11232399	-0.117838986	0.06538474	-0.086584635
-0.14650753	0.18429701	-0.41777486	0.9999996	-0.6238282	0.10310342	-0.17188556	0.24258314	-0.4912997	0.2871864	-0.10480059	0.14703698	-0.19369265	0.24118206	-0.28368178	0.14472649	-0.13823901	0.151783	-0.16651441	0.12024126	-0.121359736	0.106055856	-0.115725145	0.14049128	-0.08314282	0.08789586	-0.10743165	0.10661445	-0.08975173	0.0965786	-0.07268301	0.081919745	-0.10435915	0.067916565	-0.073152184	0.17508131	-0.08840981	0.09260673	-0.053484585	0.07042443
0.13930766	-0.18625174	0.23909207	-0.6238282	0.99999964	-0.10802546	0.15776627	-0.22358608	0.30300146	-0.55357116	0.106939904	-0.14737302	0.1850441	-0.25410092	0.28552246	-0.1599696	0.14454019	-0.16440876	0.16960788	-0.14244947	0.13249022	-0.1157551	0.12520349	-0.16386805	0.096127145	-0.09928788	0.118015155	-0.119514205	0.1027054	-0.11321977	0.08188845	-0.09355232	0.117854446	-0.07914697	0.08436524	-0.21476942	0.10182133	-0.1077699	0.06215901	-0.08300362
-0.4528963	0.23609728	-0.1586378	0.10310342	-0.10802546	0.99999976	-0.17957346	0.14265408	-0.111050665	0.08803465	-0.76387596	0.17068647	-0.16555946	0.11529094	-0.1259184	0.24830225	-0.19202669	0.1295258	-0.11636342	0.09248008	-0.1547816	0.119672395	-0.11630979	0.10876803	-0.06538365	0.09568539	-0.11583965	0.10436771	-0.075518385	0.07930674	-0.078244515	0.0839357	-0.10343808	0.058368634	-0.06295353	0.1557176	-0.0877984	0.08858276	-0.046648454	0.06026433
0.18868522	-0.25594348	0.25462064	-0.17188556	0.15776627	-0.17957346	0.99999964	-0.5070683	0.18704341	-0.13990937	0.1759332	-0.64414495	0.28787792	-0.20005347	0.17803088	-0.2354721	0.2295148	-0.20673795	0.17150514	-0.13826822	0.16371314	-0.1575117	0.15359437	-0.1622295	0.09560569	-0.118147865	0.1431522	-0.1414083	0.10669394	-0.1147673	0.094743185	-0.107135765	0.13101767	-0.08172885	0.08721301	-0.21862505	0.11191076	-0.11763651	0.064456135	-0.08482945
-0.20213923	0.24001347	-0.59793	0.24258314	-0.22358608	0.14265408	-0.5070683	0.9999999	-0.31208658	0.18177933	-0.15007111	0.2632534	-0.32183596	0.22040997	-0.2207494	0.18910347	-0.19652437	0.18801187	-0.17858605	0.1302975	-0.15150028	0.13604242	-0.14418493	0.15342245	-0.09109098	0.106613964	-0.13278812	0.12868203	-0.10097678	0.10735691	-0.087427884	0.09764697	-0.12312504	0.07648665	-0.08243266	0.19705744	-0.103677765	0.10782391	-0.060448762	0.0789915
0.14270313	-0.17945437	0.25003162	-0.4912997	0.30300146	-0.111050665	0.18704341	-0.31208658	0.9999996	-0.45088786	0.11256133	-0.17416331	0.23063146	-0.5195747	0.30510536	-0.16519983	0.15764812	-0.19403385	0.21608037	-0.15306084	0.13892603	-0.12484886	0.13789758	-0.18136483	0.10448534	-0.10239449	0.12549609	-0.12773187	0.11065132	-0.1200365	0.08424593	-0.095641814	0.121752605	-0.08262522	0.08860672	-0.20465876	0.102802634	-0.108767465	0.06448436	-0.085272945
-0.11543906	0.14045796	-0.19422202	0.2871864	-0.55357116	0.08803465	-0.13990937	0.18177933	-0.45088786	0.9999996	-0.08973031	0.12781939	-0.17594315	0.2626584	-0.59835595	0.13134705	-0.12523447	0.14585173	-0.16450605	0.12110377	-0.112696365	0.09905659	-0.10935741	0.14048886	-0.08297882	0.08288641	-0.10104966	0.10168199	-0.088093735	0.095557556	-0.06859327	0.07775561	-0.09928556	0.066499	-0.071477465	0.16977629	-0.08423834	0.088784374	-0.052163918	0.069009
0.25973412	-0.24286011	0.15145312	-0.10480059	0.106939904	-0.76387596	0.1759332	-0.15007111	0.11256133	-0.08973031	0.99999976	-0.2179523	0.171364	-0.12156416	0.12636362	-0.42003545	0.20721127	-0.14257935	0.12297272	-0.10184324	0.16435885	-0.13252947	0.12424213	-0.11935678	0.07135054	-0.10578292	0.12327612	-0.11384681	0.08200227	-0.087007225	0.08407725	-0.09181445	0.11026296	-0.06365987	0.06818312	-0.17545514	0.09478116	-0.096979685	0.050723404	-0.066045955
-0.1779932	0.19168566	-0.2173735	0.14703698	-0.14737302	0.17068647	-0.64414495	0.2632534	-0.17416331	0.12781939	-0.2179523	0.99999994	-0.50291604	0.19628711	-0.17726117	0.23493469	-0.34928504	0.21915066	-0.17907628	0.12985784	-0.17136663	0.17266801	-0.1675767	0.15476148	-0.09157313	0.11734246	-0.15160985	0.14341903	-0.10383079	0.10916131	-0.09413328	0.10475767	-0.12902695	0.07797198	-0.083755255	0.19677676	-0.107902505	0.11230529	-0.061514612	0.079952225
0.18190138	-0.21613449	0.2293484	-0.19369265	0.1850441	-0.16555946	0.28787792	-0.32183596	0.23063146	-0.17594315	0.171364	-0.50291604	0.99999994	-0.3915945	0.23617832	-0.25709686	0.25889146	-0.43823892	0.2701239	-0.193876	0.20206651	-0.20229182	0.22214247	-0.23220831	0.13421321	-0.14912386	0.18641418	-0.19560663	0.1477217	-0.15809302	0.119811036	-0.13644893	0.16982286	-0.11003036	0.11744567	-0.27410445	0.14225337	-0.15144569	0.085939504	-0.112950176
-0.1463156	0.16624497	-0.21600863	0.24118206	-0.25410092	0.11529094	-0.20005347	0.22040997	-0.5195747	0.2626584	-0.12156416	0.19628711	-0.3915945	0.99999976	-0.46134987	0.17736404	-0.18528749	0.25116485	-0.43590114	0.17481516	-0.1590261	0.1453529	-0.1708459	0.21439429	-0.12554274	0.11414213	-0.14662145	0.14814286	-0.13181336	0.13643326	-0.094436154	0.1060152	-0.13820776	0.09333613	-0.101961985	0.20965028	-0.11314208	0.11893588	-0.07281586	0.09434364
0.15494093	-0.19221483	0.21084549	-0.28368178	0.28552246	-0.1259184	0.17803088	-0.2207494	0.30510536	-0.59835595	0.12636362	-0.17726117	0.23617832	-0.46134987	0.99999976	-0.19733615	0.1804972	-0.22234079	0.23623502	-0.20181099	0.16874543	-0.14908496	0.16381289	-0.23008044	0.13405803	-0.12797749	0.15275782	-0.157278	0.14000747	-0.15560699	0.10563396	-0.12120203	0.15349977	-0.10694886	0.113792256	-0.27978432	0.13212927	-0.14078306	0.08343782	-0.111828126
-0.26512975	0.21327107	-0.20402274	0.14472649	-0.1599696	0.24830225	-0.2354721	0.18910347	-0.16519983	0.13134705	-0.42003545	0.23493469	-0.25709686	0.17736404	-0.19733615	1.0	-0.55211896	0.22637789	-0.19766487	0.15087308	-0.3927412	0.25838822	-0.23000619	0.1806591	-0.10912019	0.19347923	-0.23622774	0.19710948	-0.13072601	0.1336377	-0.15529898	0.15859258	-0.1898783	0.09969882	-0.10785331	0.24933058	-0.15969537	0.15691118	-0.07983519	0.10132182
0.1851544	-0.19519776	0.18041453	-0.13823901	0.14454019	-0.19202669	0.2295148	-0.19652437	0.15764812	-0.12523447	0.20721127	-0.34928504	0.25889146	-0.18528749	0.1804972	-0.55211896	1.0000004	-0.3150463	0.21111676	-0.17256519	0.2785229	-0.46816042	0.261428	-0.208257	0.12209172	-0.19353266	0.24819167	-0.23435059	0.14425841	-0.15115993	0.14499387	-0.16368414	0.18638788	-0.10860881	0.115089856	-0.27314565	0.15709873	-0.16525632	0.08535523	-0.1107262
-0.15720285	0.16206753	-0.18358551	0.151783	-0.16440876	0.1295258	-0.20673795	0.18801187	-0.19403385	0.14585173	-0.14257935	0.21915066	-0.43823892	0.25116485	-0.22234079	0.22637789	-0.3150463	1.0000004	-0.5259694	0.19425309	-0.23180771	0.24593788	-0.46527654	0.24886914	-0.14683282	0.15721951	-0.23480137	0.23920792	-0.16803771	0.1628908	-0.12875459	0.1420923	-0.1896636	0.11366335	-0.12485876	0.2328798	-0.14530887	0.15165773	-0.08882255	0.1117029
0.14194171	-0.15405194	0.17173493	-0.16651441	0.16960788	-0.11636342	0.17150514	-0.17858605	0.21608037	-0.16450605	0.12297272	-0.17907628	0.2701239	-0.43590114	0.23623502	-0.19766487	0.21111676	-0.5259694	1.0000001	-0.31888506	0.18903193	-0.18736799	0.23758942	-0.45774856	0.21355954	-0.13845593	0.18632033	-0.20512375	0.2069301	-0.21525103	0.11371017	-0.12871452	0.17179303	-0.13390511	0.14519013	-0.23218001	0.1348783	-0.14498897	0.10041001	-0.12947682
-0.12366156	0.12043333	-0.14200146	0.12024126	-0.14244947	0.09248008	-0.13826822	0.1302975	-0.15306084	0.12110377	-0.10184324	0.12985784	-0.193876	0.17481516	-0.20181099	0.15087308	-0.17256519	0.19425309	-0.31888506	1.0000001	-0.1727983	0.14513159	-0.18216443	0.29733202	-0.7474482	0.1182279	-0.16894995	0.16569315	-0.25185066	0.25532395	-0.10325203	0.11249382	-0.16877489	0.14206395	-0.18855757	0.17824431	-0.12320826	0.12742293	-0.11026912	0.12940665
0.16125953	-0.16373631	0.15463358	-0.121359736	0.13249022	-0.1547816	0.16371314	-0.15150028	0.13892603	-0.112696365	0.16435885	-0.17136663	0.20206651	-0.1590261	0.16874543	-0.3927412	0.2785229	-0.23180771	0.18903193	-0.1727983	1.0000001	-0.42627797	0.24964419	-0.20592165	0.122889794	-0.5105927	0.28179747	-0.25448206	0.15030104	-0.15763858	0.2519739	-0.2695082	0.2313825	-0.11928705	0.1248608	-0.36076984	0.21639025	-0.21921827	0.09550227	-0.1229797
-0.13301206	0.13394769	-0.13553995	0.106055856	-0.1157551	0.119672395	-0.1575117	0.13604242	-0.12484886	0.09905659	-0.13252947	0.17266801	-0.20229182	0.1453529	-0.14908496	0.25838822	-0.46816042	0.24593788	-0.18736799	0.14513159	-0.42627797	1.0000004	-0.49885845	0.18276823	-0.1083563	0.21717317	-0.47721547	0.28901416	-0.1415382	0.13770466	-0.16070597	0.17376798	-0.19281681	0.10031755	-0.10647983	0.23118564	-0.15555932	0.15929179	-0.07866882	0.099102244
0.13266355	-0.13789833	0.14161271	-0.115725145	0.12520349	-0.11630979	0.15359437	-0.14418493	0.13789758	-0.10935741	0.12424213	-0.1675767	0.22214247	-0.1708459	0.16381289	-0.23000619	0.261428	-0.46527654	0.23758942	-0.18216443	0.24964419	-0.49885845	1.0000002	-0.25435412	0.13758925	-0.19008493	0.30364898	-0.5174491	0.18209878	-0.17575604	0.14362668	-0.167209	0.20954992	-0.12114628	0.12684181	-0.24671315	0.15656321	-0.1743476	0.0922281	-0.11671337
-0.14271201	0.14082448	-0.16450204	0.14049128	-0.16386805	0.10876803	-0.1622295	0.15342245	-0.18136483	0.14048886	-0.11935678	0.15476148	-0.23220831	0.21439429	-0.23008044	0.1806591	-0.208257	0.24886914	-0.45774856	0.29733202	-0.20592165	0.18276823	-0.25435412	1.0000002	-0.43294376	0.14249521	-0.2114455	0.21808462	-0.46766448	0.29334491	-0.122878104	0.13499598	-0.20122816	0.17856668	-0.21100348	0.21231286	-0.14538021	0.15253365	-0.13476834	0.1548018
0.085313834	-0.084568374	0.097290225	-0.08314282	0.096127145	-0.06538365	0.09560569	-0.09109098	0.10448534	-0.08297882	0.07135054	-0.09157313	0.13421321	-0.12554274	0.13405803	-0.10912019	0.12209172	-0.14683282	0.21355954	-0.7474482	0.122889794	-0.1083563	0.13758925	-0.43294376	1.0000004	-0.08719109	0.12641697	-0.13526604	0.24756631	-0.3851508	0.07505548	-0.08344841	0.12458352	-0.13157338	0.16296414	-0.13232483	0.090094686	-0.096785255	0.09419774	-0.11473171
-0.11353628	0.10974896	-0.112975925	0.08789586	-0.09928788	0.09568539	-0.118147865	0.106613964	-0.10239449	0.08288641	-0.10578292	0.11734246	-0.14912386	0.11414213	-0.12797749	0.19347923	-0.19353266	0.15721951	-0.13845593	0.1182279	-0.5105927	0.21717317	-0.19008493	0.14249521	-0.08719109	1.0000004	-0.31620693	0.20167367	-0.1136317	0.11337053	-0.6336584	0.28909987	-0.2367413	0.09169438	-0.09674034	0.24297923	-0.2428375	0.19039235	-0.074746534	0.091526315
0.13098639	-0.13411151	0.1343101	-0.10743165	0.118015155	-0.11583965	0.1431522	-0.13278812	0.12549609	-0.10104966	0.12327612	-0.15160985	0.18641418	-0.14662145	0.15275782	-0.23622774	0.24819167	-0.23480137	0.18632033	-0.16894995	0.28179747	-0.47721547	0.30364898	-0.2114455	0.12641697	-0.31620693	1.0000004	-0.59285253	0.18067312	-0.17714868	0.20869131	-0.27586278	0.24469927	-0.12694547	0.1302988	-0.2780839	0.19917893	-0.21340434	0.09751964	-0.12324778
-0.12544613	0.12504427	-0.13309775	0.10661445	-0.119514205	0.10436771	-0.1414083	0.12868203	-0.12773187	0.10168199	-0.11384681	0.14341903	-0.19560663	0.14814286	-0.157278	0.19710948	-0.23435059	0.23920792	-0.20512375	0.16569315	-0.25448206	0.28901416	-0.5174491	0.21808462	-0.13526604	0.20167367	-0.59285253	1.0000001	-0.26973075	0.19256906	-0.16756617	0.19293958	-0.33244345	0.13828564	-0.14537391	0.23541509	-0.18179078	0.20204572	-0.10482816	0.1251965
0.096067525	-0.09566143	0.106865495	-0.08975173	0.1027054	-0.075518385	0.10669394	-0.10097678	0.11065132	-0.088093735	0.08200227	-0.10383079	0.1477217	-0.13181336	0.14000747	-0.13072601	0.14425841	-0.16803771	0.2069301	-0.25185066	0.15030104	-0.1415382	0.18209878	-0.46766448	0.24756631	-0.1136317	0.18067312	-0.26973075	1.0000001	-0.66825396	0.09636699	-0.11086463	0.17080759	-0.30762503	0.25701112	-0.16507602	0.1163986	-0.13362917	0.165164	-0.19601656
-0.10381683	0.10132687	-0.11616625	0.0965786	-0.11321977	0.07930674	-0.1147673	0.10735691	-0.1200365	0.095557556	-0.087007225	0.10916131	-0.15809302	0.13643326	-0.15560699	0.1336377	-0.15115993	0.1628908	-0.21525103	0.25532395	-0.15763858	0.13770466	-0.17575604	0.29334491	-0.3851508	0.11337053	-0.17714868	0.19256906	-0.66825396	1.0000001	-0.098779716	0.110527895	-0.17532876	0.23739082	-0.39071986	0.1653133	-0.11970894	0.13159923	-0.165208	0.18942416
0.09208058	-0.09095552	0.09236943	-0.07268301	0.08188845	-0.078244515	0.094743185	-0.087427884	0.08424593	-0.06859327	0.08407725	-0.09413328	0.119811036	-0.094436154	0.10563396	-0.15529898	0.14499387	-0.12875459	0.11371017	-0.10325203	0.2519739	-0.16070597	0.14362668	-0.122878104	0.07505548	-0.6336584	0.20869131	-0.16756617	0.09636699	-0.098779716	1.0	-0.6056726	0.21308556	-0.082306154	0.08482879	-0.2614883	0.24141806	-0.2059459	0.06775895	-0.08357885
-0.1031153	0.09961655	-0.1046488	0.081919745	-0.09355232	0.0839357	-0.107135765	0.09764697	-0.095641814	0.07775561	-0.09181445	0.10475767	-0.13644893	0.1060152	-0.12120203	0.15859258	-0.16368414	0.1420923	-0.12871452	0.11249382	-0.2695082	0.17376798	-0.167209	0.13499598	-0.08344841	0.28909987	-0.27586278	0.19293958	-0.11086463	0.110527895	-0.6056726	0.9999998	-0.35074648	0.097997606	-0.10074176	0.2651602	-0.4999164	0.26585254	-0.08171034	0.09647133
0.12584044	-0.12579866	0.13010113	-0.10435915	0.117854446	-0.10343808	0.13101767	-0.12312504	0.121752605	-0.09928556	0.11026296	-0.12902695	0.16982286	-0.13820776	0.15349977	-0.1898783	0.18638788	-0.1896636	0.17179303	-0.16877489	0.2313825	-0.19281681	0.20954992	-0.20122816	0.12458352	-0.2367413	0.24469927	-0.33244345	0.17080759	-0.17532876	0.21308556	-0.35074648	0.99999976	-0.1974933	0.16930081	-0.3699188	0.30880448	-0.63634956	0.14728397	-0.17320517
-0.075684555	0.07389847	-0.08271572	0.067916565	-0.07914697	0.058368634	-0.08172885	0.07648665	-0.08262522	0.066499	-0.06365987	0.07797198	-0.11003036	0.09333613	-0.10694886	0.09969882	-0.10860881	0.11366335	-0.13390511	0.14206395	-0.11928705	0.10031755	-0.12114628	0.17856668	-0.13157338	0.09169438	-0.12694547	0.13828564	-0.30762503	0.23739082	-0.082306154	0.097997606	-0.1974933	0.99999994	-0.63458574	0.13908763	-0.11159598	0.14353901	-0.561252	0.322082
0.08082066	-0.07988448	0.08834903	-0.073152184	0.08436524	-0.06295353	0.08721301	-0.08243266	0.08860672	-0.071477465	0.06818312	-0.083755255	0.11744567	-0.101961985	0.113792256	-0.10785331	0.115089856	-0.12485876	0.14519013	-0.18855757	0.1248608	-0.10647983	0.12684181	-0.21100348	0.16296414	-0.09674034	0.1302988	-0.14537391	0.25701112	-0.39071986	0.08482879	-0.10074176	0.16930081	-0.63458574	0.9999997	-0.15364675	0.112720884	-0.14434572	0.30288452	-0.5002423
-0.22384915	0.1974557	-0.23008946	0.17508131	-0.21476942	0.1557176	-0.21862505	0.19705744	-0.20465876	0.16977629	-0.17545514	0.19677676	-0.27410445	0.20965028	-0.27978432	0.24933058	-0.27314565	0.2328798	-0.23218001	0.17824431	-0.36076984	0.23118564	-0.24671315	0.21231286	-0.13232483	0.24297923	-0.2780839	0.23541509	-0.16507602	0.1653133	-0.2614883	0.2651602	-0.3699188	0.13908763	-0.15364675	0.99999964	-0.46193835	0.28101516	-0.11717124	0.13935387
0.10994815	-0.10649437	0.11232399	-0.08840981	0.10182133	-0.0877984	0.11191076	-0.103677765	0.102802634	-0.08423834	0.09478116	-0.107902505	0.14225337	-0.11314208	0.13212927	-0.15969537	0.15709873	-0.14530887	0.1348783	-0.12320826	0.21639025	-0.15555932	0.15656321	-0.14538021	0.090094686	-0.2428375	0.19917893	-0.18179078	0.1163986	-0.11970894	0.24141806	-0.4999164	0.30880448	-0.11159598	0.112720884	-0.46193835	0.9999997	-0.5857002	0.10046063	-0.117673464
-0.11388397	0.10862151	-0.117838986	0.09260673	-0.1077699	0.08858276	-0.11763651	0.10782391	-0.108767465	0.088784374	-0.096979685	0.11230529	-0.15144569	0.11893588	-0.14078306	0.15691118	-0.16525632	0.15165773	-0.14498897	0.12742293	-0.21921827	0.15929179	-0.1743476	0.15253365	-0.096785255	0.19039235	-0.21340434	0.20204572	-0.13362917	0.13159923	-0.2059459	0.26585254	-0.63634956	0.14353901	-0.14434572	0.28101516	-0.5857002	0.9999995	-0.14799039	0.14314586
0.0603704	-0.05896562	0.06538474	-0.053484585	0.06215901	-0.046648454	0.064456135	-0.060448762	0.06448436	-0.052163918	0.050723404	-0.061514612	0.085939504	-0.07281586	0.08343782	-0.07983519	0.08535523	-0.08882255	0.10041001	-0.11026912	0.09550227	-0.07866882	0.0922281	-0.13476834	0.09419774	-0.074746534	0.09751964	-0.10482816	0.165164	-0.165208	0.06775895	-0.08171034	0.14728397	-0.561252	0.30288452	-0.11717124	0.10046063	-0.14799039	0.9999994	-0.73440737
-0.07962251	0.076616734	-0.086584635	0.07042443	-0.08300362	0.06026433	-0.08482945	0.0789915	-0.085272945	0.069009	-0.066045955	0.079952225	-0.112950176	0.09434364	-0.111828126	0.10132182	-0.1107262	0.1117029	-0.12947682	0.12940665	-0.1229797	0.099102244	-0.11671337	0.1548018	-0.11473171	0.091526315	-0.12324778	0.1251965	-0.19601656	0.18942416	-0.08357885	0.09647133	-0.17320517	0.322082	-0.5002423	0.13935387	-0.117673464	0.14314586	-0.73440737	0.9999994
