1.0000001	-0.56882286	0.31533316	-0.16413069	0.08620319	-0.5062979	0.29860455	-0.42579415	0.15042222	-0.10728532	0.23531742	-0.0977107	0.0954288	-0.10411784	0.07233648	-0.11435633	0.07643589	-0.113876164	0.11618133	-0.07896388	0.068200395	-0.07167487	0.094652005	-0.08425486	0.09492262	-0.09665407	0.08654604	-0.075799435	0.10071491	-0.09719981	0.054936808	-0.050927762	0.1047029	-0.056040738	0.05230274	-0.025443004	0.024823332	-0.1992769	0.10354061	-0.1929777
-0.56882286	1.0000001	-0.67423785	0.14189357	-0.07276609	0.2693301	-0.34068364	0.292108	-0.13279897	0.081007004	-0.15390365	0.06674282	-0.066165626	0.077290684	-0.05269958	0.06888668	-0.04898995	0.072470754	-0.08739568	0.055400673	-0.04191363	0.04500403	-0.061714254	0.056418464	-0.06377026	0.058513734	-0.05398096	0.047571503	-0.06592582	0.06195419	-0.03368278	0.031137522	-0.0648668	0.034040533	-0.031906847	0.014610307	-0.0143051455	0.10832361	-0.056832433	0.10465835
0.31533316	-0.67423785	1.0000002	-0.256369	0.109030925	-0.31821573	0.2703601	-0.46693954	0.18658862	-0.12632737	0.18761663	-0.084374525	0.083718315	-0.109303184	0.07393361	-0.09234275	0.06400478	-0.09773523	0.118799016	-0.07852466	0.055869967	-0.05958156	0.08257318	-0.0766592	0.086408414	-0.078704774	0.07223059	-0.06392033	0.08876341	-0.08463501	0.045150857	-0.04183948	0.086905405	-0.046294577	0.043312117	-0.019829156	0.019396711	-0.1484715	0.077808574	-0.14349878
-0.16413069	0.14189357	-0.256369	1.0000001	-0.4202067	0.12879135	-0.117848784	0.18097177	-0.71890604	0.27765334	-0.13354209	0.079500526	-0.08624571	0.21745665	-0.14124186	0.080752924	-0.06065047	0.10702643	-0.24074659	0.13094291	-0.05126	0.05601827	-0.09836413	0.10714136	-0.12177726	0.07227055	-0.07344468	0.06814664	-0.11257052	0.10124566	-0.043333266	0.040268008	-0.08730881	0.046823613	-0.04429041	0.015737657	-0.0155554935	0.09606219	-0.052809197	0.091898195
0.08620319	-0.07276609	0.109030925	-0.4202067	1.0000001	-0.07171029	0.062189236	-0.09778242	0.24471909	-0.84656984	0.078753956	-0.04831897	0.051473495	-0.12890284	0.11962556	-0.05041866	0.037297036	-0.067665085	0.13085958	-0.117067665	0.031877603	-0.034746774	0.060875114	-0.06722955	0.078549065	-0.045200408	0.04563053	-0.042485554	0.06971826	-0.06706605	0.026964918	-0.025120843	0.05424211	-0.030096715	0.028322501	-0.009762528	0.009647976	-0.059028063	0.03261728	-0.0564526
-0.5062979	0.2693301	-0.31821573	0.12879135	-0.07171029	1.0000004	-0.63699466	0.31847942	-0.13909353	0.08329125	-0.34417123	0.10374398	-0.10203181	0.09203931	-0.06351817	0.09973667	-0.07290966	0.100749746	-0.108071595	0.067288645	-0.060821455	0.06566844	-0.085866146	0.07486669	-0.084682696	0.08313686	-0.076515354	0.0665267	-0.08972743	0.08286146	-0.047815148	0.043972876	-0.091616996	0.046589714	-0.04376685	0.020446083	-0.02004243	0.15009752	-0.07871812	0.14496993
0.29860455	-0.34068364	0.2703601	-0.117848784	0.062189236	-0.63699466	1.0000005	-0.6041585	0.12409745	-0.073682174	0.1927739	-0.09736005	0.08845152	-0.078225315	0.05250926	-0.076679155	0.05861488	-0.080306195	0.08763717	-0.055567443	0.04707004	-0.052442115	0.067549974	-0.05925666	0.06663145	-0.06407827	0.058874656	-0.051450975	0.06984016	-0.064838864	0.036562506	-0.033693817	0.070108674	-0.03584617	0.033645235	-0.015473085	0.015167748	-0.11257629	0.059147112	-0.10867375
-0.42579415	0.292108	-0.46693954	0.18097177	-0.09778242	0.31847942	-0.6041585	1.0000004	-0.22818705	0.11141125	-0.26324406	0.10639815	-0.110096894	0.11941475	-0.07981903	0.09914223	-0.074997835	0.10738573	-0.13704154	0.082321666	-0.061620243	0.0672943	-0.09359147	0.085024856	-0.096437745	0.084294885	-0.0800335	0.07033158	-0.099321336	0.0905677	-0.04934952	0.045350693	-0.09573949	0.04850398	-0.04570295	0.020055793	-0.019722303	0.13986829	-0.0741371	0.13479112
0.15042222	-0.13279897	0.18658862	-0.71890604	0.24471909	-0.13909353	0.12409745	-0.22818705	1.0000004	-0.32938075	0.138155	-0.09259871	0.09789005	-0.37711403	0.16340177	-0.089049466	0.06633623	-0.12005595	0.24007455	-0.16647586	0.055958215	-0.061967745	0.10423344	-0.11644124	0.1270776	-0.07890364	0.07794989	-0.07265169	0.11649579	-0.11208754	0.04618011	-0.043125246	0.092065305	-0.051053043	0.047858223	-0.01705538	0.016818307	-0.10597026	0.05805162	-0.10145739
-0.10728532	0.081007004	-0.12632737	0.27765334	-0.84656984	0.08329125	-0.073682174	0.11141125	-0.32938075	1.0000002	-0.09914312	0.059877485	-0.06482233	0.15721959	-0.16710748	0.06264198	-0.046915364	0.08474848	-0.17789514	0.13663642	-0.03994565	0.043454126	-0.07847663	0.08639607	-0.10257821	0.056583565	-0.058251504	0.05425834	-0.09089577	0.08389687	-0.034232736	0.031814415	-0.06937773	0.037718106	-0.035698924	0.0121271135	-0.012008441	0.071376085	-0.039675947	0.06815876
0.23531742	-0.15390365	0.18761663	-0.13354209	0.078753956	-0.34417123	0.1927739	-0.26324406	0.138155	-0.09914312	0.9999998	-0.2299052	0.18653336	-0.1361668	0.09681606	-0.27098617	0.16196413	-0.22697945	0.15831883	-0.10886516	0.15118517	-0.15610994	0.17732997	-0.14482827	0.16065013	-0.21205541	0.17612408	-0.15092191	0.18119179	-0.17656569	0.11420247	-0.10603781	0.21143417	-0.11261296	0.10469461	-0.05663137	0.05499636	-0.47033438	0.2412899	-0.45634237
-0.0977107	0.06674282	-0.084374525	0.079500526	-0.04831897	0.10374398	-0.09736005	0.10639815	-0.09259871	0.059877485	-0.2299052	0.9999997	-0.84634143	0.13174354	-0.08069747	0.16864328	-0.2943207	0.20535955	-0.14449714	0.08236445	-0.120380044	0.18182816	-0.16744776	0.111291744	-0.119354144	0.13190097	-0.12297139	0.10398293	-0.12988164	0.10819731	-0.070196696	0.06372887	-0.13310699	0.056401875	-0.0535263	0.02244045	-0.022285987	0.12196181	-0.06664694	0.11581496
0.0954288	-0.066165626	0.083718315	-0.08624571	0.051473495	-0.10203181	0.08845152	-0.110096894	0.09789005	-0.06482233	0.18653336	-0.84634143	0.99999964	-0.16686547	0.08712312	-0.1806803	0.20597577	-0.291165	0.15085264	-0.09144581	0.11962556	-0.18737264	0.1727031	-0.11793044	0.12191904	-0.1389686	0.12318815	-0.10722964	0.13140956	-0.113910675	0.070914105	-0.065183304	0.13319717	-0.058508277	0.055148605	-0.02315838	0.022917552	-0.12828815	0.0698394	-0.1218982
-0.10411784	0.077290684	-0.109303184	0.21745665	-0.12890284	0.09203931	-0.078225315	0.11941475	-0.37711403	0.15721959	-0.1361668	0.13174354	-0.16686547	0.9999996	-0.3827609	0.10584826	-0.0857838	0.16355504	-0.7015752	0.25682104	-0.068620846	0.07888084	-0.15189493	0.1893871	-0.20024279	0.09583772	-0.099963024	0.09649957	-0.17257157	0.15322271	-0.056694258	0.053212896	-0.116245985	0.0649095	-0.061325993	0.018979596	-0.018801963	0.104718365	-0.059347376	0.09948745
0.07233648	-0.05269958	0.07393361	-0.14124186	0.11962556	-0.06351817	0.05250926	-0.07981903	0.16340177	-0.16710748	0.09681606	-0.08069747	0.08712312	-0.3827609	0.9999995	-0.07902954	0.05926465	-0.122894056	0.2452476	-0.8316051	0.05046527	-0.056021478	0.109140314	-0.1448338	0.1854531	-0.07248732	0.07458039	-0.07280224	0.12795302	-0.14691436	0.04275493	-0.04041212	0.08760207	-0.05603007	0.05224538	-0.01442962	0.014280501	-0.07961327	0.045903374	-0.07571814
-0.11435633	0.06888668	-0.09234275	0.080752924	-0.05041866	0.09973667	-0.076679155	0.09914223	-0.089049466	0.06264198	-0.27098617	0.16864328	-0.1806803	0.10584826	-0.07902954	0.9999995	-0.3958714	0.196458	-0.13512479	0.08670614	-0.6072001	0.290418	-0.1941712	0.14174846	-0.15601046	0.31193653	-0.3038193	0.2003632	-0.19610995	0.15670091	-0.1855014	0.14905223	-0.31164056	0.094275296	-0.091409944	0.044642307	-0.04564325	0.16095936	-0.09178961	0.14892226
0.07643589	-0.04898995	0.06400478	-0.06065047	0.037297036	-0.07290966	0.05861488	-0.074997835	0.06633623	-0.046915364	0.16196413	-0.2943207	0.20597577	-0.0857838	0.05926465	-0.3958714	0.9999997	-0.18964837	0.10156724	-0.06538532	0.27690542	-0.75587606	0.1499159	-0.10309137	0.10747191	-0.25129727	0.17834531	-0.13211748	0.1278144	-0.10917909	0.101307236	-0.09040097	0.16605443	-0.060283963	0.056983434	-0.027228277	0.027162636	-0.114866816	0.063803576	-0.107409865
-0.113876164	0.072470754	-0.09773523	0.10702643	-0.067665085	0.100749746	-0.080306195	0.10738573	-0.12005595	0.08474848	-0.22697945	0.20535955	-0.291165	0.16355504	-0.122894056	0.196458	-0.18964837	0.99999976	-0.23197062	0.13378339	-0.1384748	0.15945293	-0.6920292	0.26925427	-0.273229	0.18979067	-0.2384306	0.2317323	-0.30084932	0.2209381	-0.12232492	0.113588944	-0.27037835	0.10711284	-0.10283523	0.03521408	-0.035265524	0.16028057	-0.09237355	0.14958513
0.11618133	-0.08739568	0.118799016	-0.24074659	0.13085958	-0.108071595	0.08763717	-0.13704154	0.24007455	-0.17789514	0.15831883	-0.14449714	0.15085264	-0.7015752	0.2452476	-0.13512479	0.10156724	-0.23197062	0.9999995	-0.3043316	0.08573356	-0.096870616	0.192415	-0.3223952	0.22989874	-0.12269869	0.12355343	-0.123048894	0.20918536	-0.20823911	0.07052709	-0.06699248	0.14273044	-0.08543896	0.07906681	-0.024160411	0.023848716	-0.13572493	0.07676355	-0.12904064
-0.07896388	0.055400673	-0.07852466	0.13094291	-0.117067665	0.067288645	-0.055567443	0.082321666	-0.16647586	0.13663642	-0.10886516	0.08236445	-0.09144581	0.25682104	-0.8316051	0.08670614	-0.06538532	0.13378339	-0.3043316	0.9999994	-0.05604091	0.06127823	-0.12876445	0.1671969	-0.27983224	0.080797076	-0.08626756	0.084250174	-0.15574695	0.16238429	-0.048927303	0.046069093	-0.10186682	0.06263289	-0.059591446	0.01612272	-0.015996965	0.08646016	-0.050251346	0.08206214
0.068200395	-0.04191363	0.055869967	-0.05126	0.031877603	-0.060821455	0.04707004	-0.061620243	0.055958215	-0.03994565	0.15118517	-0.120380044	0.11962556	-0.068620846	0.05046527	-0.6072001	0.27690542	-0.1384748	0.08573356	-0.05604091	0.9999994	-0.45513222	0.12947038	-0.09337778	0.09906444	-0.5395731	0.21996547	-0.14494494	0.12505087	-0.10369819	0.13265237	-0.11238952	0.19243503	-0.060809303	0.05791799	-0.030076	0.030212149	-0.10547129	0.059522044	-0.09743109
-0.07167487	0.04500403	-0.05958156	0.05601827	-0.034746774	0.06566844	-0.052442115	0.0672943	-0.061967745	0.043454126	-0.15610994	0.18182816	-0.18737264	0.07888084	-0.056021478	0.290418	-0.75587606	0.15945293	-0.096870616	0.06127823	-0.45513222	0.99999946	-0.15259278	0.100424685	-0.10545542	0.23852015	-0.20992191	0.13653861	-0.12848045	0.10519819	-0.10688509	0.09179999	-0.17635171	0.05915404	-0.056342684	0.026626563	-0.026784504	0.10462648	-0.058866587	0.097291596
0.094652005	-0.061714254	0.08257318	-0.09836413	0.060875114	-0.085866146	0.067549974	-0.09359147	0.10423344	-0.07847663	0.17732997	-0.16744776	0.1727031	-0.15189493	0.109140314	-0.1941712	0.1499159	-0.6920292	0.192415	-0.12876445	0.12947038	-0.15259278	0.99999934	-0.43449435	0.24555516	-0.19256674	0.21739145	-0.31333828	0.26971307	-0.23951331	0.10832433	-0.106988914	0.2317123	-0.106752984	0.098135255	-0.03276619	0.032390077	-0.15619431	0.0890292	-0.14558011
-0.08425486	0.056418464	-0.0766592	0.10714136	-0.06722955	0.07486669	-0.05925666	0.085024856	-0.11644124	0.08639607	-0.14482827	0.111291744	-0.11793044	0.1893871	-0.1448338	0.14174846	-0.10309137	0.26925427	-0.3223952	0.1671969	-0.09337778	0.100424685	-0.43449435	0.99999917	-0.5534671	0.14071284	-0.16630228	0.18650982	-0.5195061	0.29848123	-0.084386975	0.08176218	-0.18658815	0.11212286	-0.10608275	0.025899552	-0.025682645	0.128101	-0.07632254	0.120391764
0.09492262	-0.06377026	0.086408414	-0.12177726	0.078549065	-0.084682696	0.06663145	-0.096437745	0.1270776	-0.10257821	0.16065013	-0.119354144	0.12191904	-0.20024279	0.1854531	-0.15601046	0.10747191	-0.273229	0.22989874	-0.27983224	0.09906444	-0.10545542	0.24555516	-0.5534671	0.9999992	-0.14962493	0.15606171	-0.16526817	0.31620815	-0.575864	0.087717324	-0.084866606	0.18409933	-0.15631518	0.1445663	-0.028699825	0.028380658	-0.15177917	0.09272445	-0.14410345
-0.09665407	0.058513734	-0.078704774	0.07227055	-0.045200408	0.08313686	-0.06407827	0.084294885	-0.07890364	0.056583565	-0.21205541	0.13190097	-0.1389686	0.09583772	-0.07248732	0.31193653	-0.25129727	0.18979067	-0.12269869	0.080797076	-0.5395731	0.23852015	-0.19256674	0.14071284	-0.14962493	0.99999934	-0.48685554	0.24906038	-0.1996159	0.1587636	-0.2792895	0.20221713	-0.35095003	0.09721394	-0.09328236	0.04982822	-0.050571132	0.15102778	-0.08688795	0.13785945
0.08654604	-0.05398096	0.07223059	-0.07344468	0.04563053	-0.076515354	0.058874656	-0.0800335	0.07794989	-0.058251504	0.17612408	-0.12297139	0.12318815	-0.099963024	0.07458039	-0.3038193	0.17834531	-0.2384306	0.12355343	-0.08626756	0.21996547	-0.20992191	0.21739145	-0.16630228	0.15606171	-0.48685554	0.9999992	-0.6273943	0.21625029	-0.19268727	0.18297987	-0.20859359	0.31156853	-0.10645667	0.09589457	-0.045693096	0.04491856	-0.16647603	0.093258865	-0.15125272
-0.075799435	0.047571503	-0.06392033	0.06814664	-0.042485554	0.0665267	-0.051450975	0.07033158	-0.07265169	0.05425834	-0.15092191	0.10398293	-0.10722964	0.09649957	-0.07280224	0.2003632	-0.13211748	0.2317323	-0.123048894	0.084250174	-0.14494494	0.13653861	-0.31333828	0.18650982	-0.16526817	0.24906038	-0.6273943	0.9999989	-0.3057205	0.19631977	-0.15610652	0.1621622	-0.5483388	0.112857305	-0.10310199	0.0374598	-0.037275992	0.1438211	-0.08331842	0.12884514
0.10071491	-0.06592582	0.08876341	-0.11257052	0.06971826	-0.08972743	0.06984016	-0.099321336	0.11649579	-0.09089577	0.18119179	-0.12988164	0.13140956	-0.17257157	0.12795302	-0.19610995	0.1278144	-0.30084932	0.20918536	-0.15574695	0.12505087	-0.12848045	0.26971307	-0.5195061	0.31620815	-0.1996159	0.21625029	-0.3057205	0.9999989	-0.5606587	0.11298934	-0.113000154	0.24143982	-0.19107099	0.16614084	-0.03564204	0.035150148	-0.17915621	0.1088791	-0.1684557
-0.09719981	0.06195419	-0.08463501	0.10124566	-0.06706605	0.08286146	-0.064838864	0.0905677	-0.11208754	0.08389687	-0.17656569	0.10819731	-0.113910675	0.15322271	-0.14691436	0.15670091	-0.10917909	0.2209381	-0.20823911	0.16238429	-0.10369819	0.10519819	-0.23951331	0.29848123	-0.575864	0.1587636	-0.19268727	0.19631977	-0.5606587	0.9999989	-0.10623849	0.10044532	-0.24455094	0.21224937	-0.28669882	0.03184457	-0.03188239	0.15498057	-0.104327455	0.14650506
0.054936808	-0.03368278	0.045150857	-0.043333266	0.026964918	-0.047815148	0.036562506	-0.04934952	0.04618011	-0.034232736	0.11420247	-0.070196696	0.070914105	-0.056694258	0.04275493	-0.1855014	0.101307236	-0.12232492	0.07052709	-0.048927303	0.13265237	-0.10688509	0.10832433	-0.084386975	0.087717324	-0.2792895	0.18297987	-0.15610652	0.11298934	-0.10623849	0.999999	-0.87347823	0.23139618	-0.067624025	0.060888853	-0.098614514	0.089980476	-0.11355997	0.063123316	-0.10131072
-0.050927762	0.031137522	-0.04183948	0.040268008	-0.025120843	0.043972876	-0.033693817	0.045350693	-0.043125246	0.031814415	-0.10603781	0.06372887	-0.065183304	0.053212896	-0.04041212	0.14905223	-0.09040097	0.113588944	-0.06699248	0.046069093	-0.11238952	0.09179999	-0.106988914	0.08176218	-0.084866606	0.20221713	-0.20859359	0.1621622	-0.113000154	0.10044532	-0.87347823	0.99999905	-0.32601416	0.068211414	-0.06277552	0.0863249	-0.09235931	0.10134651	-0.057802405	0.089537956
0.1047029	-0.0648668	0.086905405	-0.08730881	0.05424211	-0.091616996	0.070108674	-0.09573949	0.092065305	-0.06937773	0.21143417	-0.13310699	0.13319717	-0.116245985	0.08760207	-0.31164056	0.16605443	-0.27037835	0.14273044	-0.10186682	0.19243503	-0.17635171	0.2317123	-0.18658815	0.18409933	-0.35095003	0.31156853	-0.5483388	0.24143982	-0.24455094	0.23139618	-0.32601416	0.9999992	-0.19547035	0.15331647	-0.061577115	0.06002325	-0.24861789	0.13625355	-0.21067846
-0.056040738	0.034040533	-0.046294577	0.046823613	-0.030096715	0.046589714	-0.03584617	0.04850398	-0.051053043	0.037718106	-0.11261296	0.056401875	-0.058508277	0.0649095	-0.05603007	0.094275296	-0.060283963	0.10711284	-0.08543896	0.06263289	-0.060809303	0.05915404	-0.106752984	0.11212286	-0.15631518	0.09721394	-0.10645667	0.112857305	-0.19107099	0.21224937	-0.067624025	0.068211414	-0.19547035	0.9999989	-0.90409976	0.021404725	-0.021470057	0.1377646	-0.15344375	0.13573317
0.05230274	-0.031906847	0.043312117	-0.04429041	0.028322501	-0.04376685	0.033645235	-0.04570295	0.047858223	-0.035698924	0.10469461	-0.0535263	0.055148605	-0.061325993	0.05224538	-0.091409944	0.056983434	-0.10283523	0.07906681	-0.059591446	0.05791799	-0.056342684	0.098135255	-0.10608275	0.1445663	-0.09328236	0.09589457	-0.10310199	0.16614084	-0.28669882	0.060888853	-0.06277552	0.15331647	-0.90409976	0.99999887	-0.020273441	0.02020579	-0.13711207	0.1255009	-0.13632119
-0.025443004	0.014610307	-0.019829156	0.015737657	-0.009762528	0.020446083	-0.015473085	0.020055793	-0.01705538	0.0121271135	-0.05663137	0.02244045	-0.02315838	0.018979596	-0.01442962	0.044642307	-0.027228277	0.03521408	-0.024160411	0.01612272	-0.030076	0.026626563	-0.03276619	0.025899552	-0.028699825	0.04982822	-0.045693096	0.0374598	-0.03564204	0.03184457	-0.098614514	0.0863249	-0.061577115	0.021404725	-0.020273441	0.99999875	-0.98586535	0.062568605	-0.03480127	0.044848308
0.024823332	-0.0143051455	0.019396711	-0.0155554935	0.009647976	-0.02004243	0.015167748	-0.019722303	0.016818307	-0.012008441	0.05499636	-0.022285987	0.022917552	-0.018801963	0.014280501	-0.04564325	0.027162636	-0.035265524	0.023848716	-0.015996965	0.030212149	-0.026784504	0.032390077	-0.025682645	0.028380658	-0.050571132	0.04491856	-0.037275992	0.035150148	-0.03188239	0.089980476	-0.09235931	0.06002325	-0.021470057	0.02020579	-0.98586535	0.99999845	-0.067669176	0.035821144	-0.04695248
-0.1992769	0.10832361	-0.1484715	0.09606219	-0.059028063	0.15009752	-0.11257629	0.13986829	-0.10597026	0.071376085	-0.47033438	0.12196181	-0.12828815	0.104718365	-0.07961327	0.16095936	-0.114866816	0.16028057	-0.13572493	0.08646016	-0.10547129	0.10462648	-0.15619431	0.128101	-0.15177917	0.15102778	-0.16647603	0.1438211	-0.17915621	0.15498057	-0.11355997	0.10134651	-0.24861789	0.1377646	-0.13711207	0.062568605	-0.067669176	0.9999986	-0.63643837	0.33228195
0.10354061	-0.056832433	0.077808574	-0.052809197	0.03261728	-0.07871812	0.059147112	-0.0741371	0.05805162	-0.039675947	0.2412899	-0.06664694	0.0698394	-0.059347376	0.045903374	-0.09178961	0.063803576	-0.09237355	0.07676355	-0.050251346	0.059522044	-0.058866587	0.0890292	-0.07632254	0.09272445	-0.08688795	0.093258865	-0.08331842	0.1088791	-0.104327455	0.063123316	-0.057802405	0.13625355	-0.15344375	0.1255009	-0.03480127	0.035821144	-0.63643837	0.99999845	-0.6780857
-0.1929777	0.10465835	-0.14349878	0.091898195	-0.0564526	0.14496993	-0.10867375	0.13479112	-0.10145739	0.06815876	-0.45634237	0.11581496	-0.1218982	0.09948745	-0.07571814	0.14892226	-0.107409865	0.14958513	-0.12904064	0.08206214	-0.09743109	0.097291596	-0.14558011	0.120391764	-0.14410345	0.13785945	-0.15125272	0.12884514	-0.1684557	0.14650506	-0.10131072	0.089537956	-0.21067846	0.13573317	-0.13632119	0.044848308	-0.04695248	0.33228195	-0.6780857	0.99999845
