1.0	-0.38123795	0.14272948	-0.17078918	0.18048434	-0.78527236	0.3082384	-0.15335461	0.08164865	-0.08362253	0.18621954	-0.18529491	0.120921716	-0.08920369	0.06935598	-0.16509654	0.11995219	-0.096295014	0.09424249	-0.072017804	0.10718794	-0.10515427	0.09091312	-0.059375357	0.054604907	-0.07691082	0.09283736	-0.12232929	0.07095438	-0.124223724	0.07935461	-0.07191294	0.07411631	-0.05645201	0.05733114	-0.1443314	0.08454328	-0.08341219	0.04865405	-0.038003564
-0.38123795	1.0	-0.42197722	0.26825714	-0.328264	0.25404063	-0.62047786	0.17222953	-0.106551684	0.10706454	-0.18443531	0.18339197	-0.14416702	0.10817769	-0.088691965	0.14762904	-0.12846442	0.10372863	-0.12134519	0.088019684	-0.12083096	0.11024149	-0.10263106	0.06980855	-0.06576637	0.08266927	-0.10074967	0.12601192	-0.07512229	0.12747528	-0.0871837	0.07671791	-0.078648284	0.059356846	-0.06068165	0.14715056	-0.09005583	0.08689626	-0.051634263	0.040049452
0.14272948	-0.42197722	1.0000002	-0.82544714	0.22349948	-0.10453023	0.20171353	-0.15404695	0.088688634	-0.08632602	0.099848814	-0.10655762	0.10589411	-0.08354701	0.06625503	-0.0896176	0.07803282	-0.07042646	0.08593171	-0.06541402	0.076908015	-0.07140141	0.068668626	-0.04978061	0.04653905	-0.055375624	0.06791798	-0.090312354	0.053467743	-0.09382481	0.05817647	-0.052780334	0.054998904	-0.0423819	0.04316114	-0.10772105	0.062807746	-0.061804015	0.0365684	-0.028535312
-0.17078918	0.26825714	-0.82544714	1.0000001	-0.35094827	0.11708396	-0.23520294	0.14647853	-0.10681859	0.10082737	-0.11369404	0.11632122	-0.1142483	0.094327115	-0.077390574	0.099184535	-0.0873697	0.07723706	-0.0999963	0.07486802	-0.086756356	0.07922805	-0.07639379	0.056485314	-0.05320929	0.061674427	-0.07576122	0.09923983	-0.05917292	0.102886036	-0.06511555	0.058598347	-0.060938396	0.046819262	-0.04776401	0.1179911	-0.069665074	0.06813386	-0.040503237	0.03154349
0.18048434	-0.328264	0.22349948	-0.35094827	1.0000001	-0.1403214	0.2303347	-0.27934316	0.1907577	-0.256582	0.19546238	-0.22307624	0.20205933	-0.1972396	0.16709699	-0.21819499	0.18089074	-0.17070265	0.2058434	-0.17636691	0.19789027	-0.18652833	0.1623924	-0.13390867	0.12181251	-0.1624478	0.20305009	-0.30455244	0.17692396	-0.33439335	0.17064968	-0.16533706	0.1781973	-0.14177583	0.14398676	-0.38352397	0.2037003	-0.20717171	0.121303596	-0.095657155
-0.78527236	0.25404063	-0.10453023	0.11708396	-0.1403214	1.0000002	-0.48936743	0.1214723	-0.0642916	0.06460749	-0.21689777	0.16714767	-0.10249947	0.07030362	-0.05440841	0.13849023	-0.10335694	0.07717557	-0.07452212	0.055646166	-0.08653477	0.08390032	-0.07387008	0.045827936	-0.04245837	0.05885384	-0.07069532	0.08823049	-0.05156412	0.08769323	-0.06081867	0.053671453	-0.05447343	0.04086562	-0.041561086	0.10205556	-0.062194787	0.060426865	-0.03535506	0.027500227
0.3082384	-0.62047786	0.20171353	-0.23520294	0.2303347	-0.48936743	0.9999998	-0.20687789	0.105379164	-0.10623996	0.21061426	-0.275084	0.16125268	-0.113924086	0.087865114	-0.18275703	0.14827277	-0.11948959	0.118813254	-0.09003315	0.13027397	-0.12756899	0.11295162	-0.07324075	0.06764369	-0.09199978	0.110946506	-0.14410248	0.08391728	-0.14561585	0.095007055	-0.0854388	0.08772847	-0.06664636	0.06769936	-0.16894212	0.10003921	-0.098314375	0.05747048	-0.04483772
-0.15335461	0.17222953	-0.15404695	0.14647853	-0.27934316	0.1214723	-0.20687789	0.99999976	-0.33300307	0.21832746	-0.25135157	0.26155216	-0.6795664	0.26122385	-0.1962518	0.19034077	-0.1982597	0.21185121	-0.25975916	0.17057139	-0.18219495	0.1650776	-0.22022335	0.12706053	-0.1241489	0.111039914	-0.13391785	0.1480366	-0.09178006	0.1396572	-0.11695926	0.09688869	-0.09607621	0.0709635	-0.07239453	0.1584041	-0.10905489	0.10173193	-0.061679404	0.047336508
0.08164865	-0.106551684	0.088688634	-0.10681859	0.1907577	-0.0642916	0.105379164	-0.33300307	0.9999999	-0.6710729	0.11751351	-0.13672893	0.21657017	-0.5237748	0.2766735	-0.10621585	0.10062888	-0.112505205	0.2614403	-0.23321757	0.09660729	-0.09160702	0.10800629	-0.1266735	0.11929079	-0.065270625	0.07962662	-0.09992438	0.064184316	-0.101410575	0.068291284	-0.059987713	0.061958414	-0.04938026	0.04968368	-0.1097198	0.069411196	-0.06755229	0.04175656	-0.03241016
-0.08362253	0.10706454	-0.08632602	0.10082737	-0.256582	0.06460749	-0.10623996	0.21832746	-0.6710729	0.9999997	-0.115569174	0.12663162	-0.18923095	0.30574885	-0.4987736	0.10458744	-0.09915012	0.1063284	-0.31720963	0.2525574	-0.09858887	0.09130682	-0.106679894	0.1351427	-0.14104693	0.067068346	-0.08236184	0.1038926	-0.06775674	0.106711894	-0.07071067	0.062242907	-0.064697504	0.05192576	-0.05240935	0.114946045	-0.07250525	0.07051469	-0.04401333	0.0341152
0.18621954	-0.18443531	0.099848814	-0.11369404	0.19546238	-0.21689777	0.21061426	-0.25135157	0.11751351	-0.115569174	0.9999994	-0.6226146	0.22808321	-0.13774051	0.099439	-0.5623706	0.27942267	-0.17631388	0.13586652	-0.101451345	0.18469396	-0.1972671	0.16158435	-0.08566464	0.07884552	-0.11527885	0.1339993	-0.14977472	0.086658575	-0.13755521	0.11551478	-0.097648695	0.09463155	-0.06830685	0.06912866	-0.16228129	0.107642815	-0.10233142	0.05908207	-0.04570313
-0.18529491	0.18339197	-0.10655762	0.11632122	-0.22307624	0.16714767	-0.275084	0.26155216	-0.13672893	0.12663162	-0.6226146	0.9999995	-0.4098115	0.15877248	-0.115377605	0.30063748	-0.3797748	0.19605446	-0.1615972	0.11212105	-0.21294574	0.20675075	-0.19287778	0.094061576	-0.0886562	0.1222309	-0.14413685	0.14855549	-0.08808264	0.13440275	-0.12538318	0.10186351	-0.09728502	0.06889528	-0.070096105	0.15824929	-0.11113119	0.102796145	-0.060067054	0.046143826
0.120921716	-0.14416702	0.10589411	-0.1142483	0.20205933	-0.10249947	0.16125268	-0.6795664	0.21657017	-0.18923095	0.22808321	-0.4098115	0.99999946	-0.3262187	0.1650266	-0.19451705	0.1953852	-0.30573913	0.21035105	-0.15393041	0.156755	-0.16368751	0.21365847	-0.11491525	0.10643809	-0.09851987	0.11670239	-0.13400932	0.08054894	-0.124150835	0.10025395	-0.085014455	0.08398665	-0.06252216	0.063126296	-0.14096996	0.09452742	-0.090031385	0.05362419	-0.041415144
-0.08920369	0.10817769	-0.08354701	0.094327115	-0.1972396	0.07030362	-0.113924086	0.26122385	-0.5237748	0.30574885	-0.13774051	0.15877248	-0.3262187	0.99999946	-0.42657137	0.12032541	-0.117466524	0.13397308	-0.5328003	0.27431557	-0.11080757	0.10485947	-0.1306735	0.16008201	-0.15817451	0.07309277	-0.08913024	0.10902186	-0.07184626	0.10966373	-0.076550744	0.06639933	-0.06829956	0.05474074	-0.05501015	0.116918765	-0.076192595	0.07365951	-0.04616357	0.035729796
0.06935598	-0.088691965	0.06625503	-0.077390574	0.16709699	-0.05440841	0.087865114	-0.1962518	0.2766735	-0.4987736	0.099439	-0.115377605	0.1650266	-0.42657137	0.99999946	-0.09424135	0.08833957	-0.10166044	0.30463338	-0.6274814	0.086893946	-0.08304479	0.09903725	-0.18526435	0.17937993	-0.059827153	0.07350274	-0.0946105	0.06479117	-0.09849012	0.06267309	-0.05559216	0.058323752	-0.048987664	0.048625186	-0.10128025	0.064440764	-0.06338405	0.04044394	-0.031466767
-0.16509654	0.14762904	-0.0896176	0.099184535	-0.21819499	0.13849023	-0.18275703	0.19034077	-0.10621585	0.10458744	-0.5623706	0.30063748	-0.19451705	0.12032541	-0.09424135	0.9999996	-0.58923453	0.1972067	-0.1362121	0.09597466	-0.2868991	0.25937685	-0.20636736	0.088261165	-0.083023354	0.15006495	-0.17575967	0.16142093	-0.09501019	0.13911764	-0.1546498	0.11981136	-0.11026082	0.07441278	-0.075916685	0.16817556	-0.1270036	0.1138259	-0.065517455	0.05002243
0.11995219	-0.12846442	0.07803282	-0.0873697	0.18089074	-0.10335694	0.14827277	-0.1982597	0.10062888	-0.09915012	0.27942267	-0.3797748	0.1953852	-0.117466524	0.08833957	-0.58923453	0.9999998	-0.29891387	0.12447628	-0.091374554	0.26145938	-0.50316364	0.23763865	-0.08841283	0.08053056	-0.15286958	0.1683747	-0.16450313	0.09134748	-0.13605532	0.13994965	-0.11685748	0.104793414	-0.071955316	0.07209398	-0.16587667	0.118516214	-0.11118103	0.061928757	-0.047793355
-0.096295014	0.10372863	-0.07042646	0.07723706	-0.17070265	0.07717557	-0.11948959	0.21185121	-0.112505205	0.1063284	-0.17631388	0.19605446	-0.30573913	0.13397308	-0.10166044	0.1972067	-0.29891387	0.9999998	-0.14816597	0.10520209	-0.21561211	0.24521364	-0.80239266	0.12606192	-0.11773843	0.119090326	-0.14117849	0.14432035	-0.08485042	0.11749075	-0.11852661	0.096288405	-0.09133517	0.06449388	-0.06483474	0.13558152	-0.10126682	0.0935721	-0.055216387	0.042294107
0.09424249	-0.12134519	0.08593171	-0.0999963	0.2058434	-0.07452212	0.118813254	-0.25975916	0.2614403	-0.31720963	0.13586652	-0.1615972	0.21035105	-0.5328003	0.30463338	-0.1362121	0.12447628	-0.14816597	0.99999994	-0.53251946	0.123003945	-0.12007526	0.1407121	-0.3240095	0.23889248	-0.0868586	0.10677495	-0.14174663	0.09771264	-0.14910409	0.09052233	-0.08139555	0.08610872	-0.07393355	0.072670445	-0.15031049	0.09452363	-0.09411469	0.06021167	-0.047055196
-0.072017804	0.088019684	-0.06541402	0.07486802	-0.17636691	0.055646166	-0.09003315	0.17057139	-0.23321757	0.2525574	-0.101451345	0.11212105	-0.15393041	0.27431557	-0.6274814	0.09597466	-0.091374554	0.10520209	-0.53251946	0.99999994	-0.09241232	0.086833894	-0.10809323	0.24383257	-0.35467193	0.06302421	-0.07800021	0.09933538	-0.072684646	0.1044638	-0.066520356	0.058608726	-0.06198333	0.05370545	-0.053247612	0.103538506	-0.067811586	0.06651409	-0.043998588	0.034097623
0.10718794	-0.12083096	0.076908015	-0.086756356	0.19789027	-0.08653477	0.13027397	-0.18219495	0.09660729	-0.09858887	0.18469396	-0.21294574	0.156755	-0.11080757	0.086893946	-0.2868991	0.26145938	-0.21561211	0.123003945	-0.09241232	0.99999994	-0.59627426	0.20828418	-0.09195392	0.08250897	-0.4704615	0.2618761	-0.24495453	0.12748076	-0.18846919	0.25231224	-0.20022307	0.15847458	-0.10273277	0.1010167	-0.25230452	0.17982127	-0.17191185	0.08754075	-0.06812043
-0.10515427	0.11024149	-0.07140141	0.07922805	-0.18652833	0.08390032	-0.12756899	0.1650776	-0.09160702	0.09130682	-0.1972671	0.20675075	-0.16368751	0.10485947	-0.08304479	0.25937685	-0.50316364	0.24521364	-0.12007526	0.086833894	-0.59627426	1.0000001	-0.3506076	0.09161855	-0.0840179	0.22440591	-0.27588353	0.19009595	-0.10438457	0.14491454	-0.20406322	0.15853645	-0.12940459	0.082033694	-0.081896715	0.18416914	-0.14776294	0.13172604	-0.07084294	0.054347176
0.09091312	-0.10263106	0.068668626	-0.07639379	0.1623924	-0.07387008	0.11295162	-0.22022335	0.10800629	-0.106679894	0.16158435	-0.19287778	0.21365847	-0.1306735	0.09903725	-0.20636736	0.23763865	-0.80239266	0.1407121	-0.10809323	0.20828418	-0.3506076	0.9999999	-0.15858966	0.1238075	-0.12610663	0.14494361	-0.16671515	0.09074107	-0.12663609	0.11854102	-0.101028964	0.09593343	-0.06918798	0.06839283	-0.145022	0.10452371	-0.099852	0.057980753	-0.044761874
-0.059375357	0.06980855	-0.04978061	0.056485314	-0.13390867	0.045827936	-0.07324075	0.12706053	-0.1266735	0.1351427	-0.08566464	0.094061576	-0.11491525	0.16008201	-0.18526435	0.088261165	-0.08841283	0.12606192	-0.3240095	0.24383257	-0.09195392	0.09161855	-0.15858966	0.99999964	-0.85906154	0.06277518	-0.07953282	0.10618041	-0.11111697	0.116414204	-0.06613141	0.058946513	-0.06550795	0.07097497	-0.06473085	0.0944888	-0.06687469	0.067709036	-0.05079561	0.039809156
0.054604907	-0.06576637	0.04653905	-0.05320929	0.12181251	-0.04245837	0.06764369	-0.1241489	0.11929079	-0.14104693	0.07884552	-0.0886562	0.10643809	-0.15817451	0.17937993	-0.083023354	0.08053056	-0.11773843	0.23889248	-0.35467193	0.08250897	-0.0840179	0.1238075	-0.85906154	0.9999997	-0.05784464	0.072789624	-0.100267634	0.09272642	-0.11423718	0.06050324	-0.054576416	0.060475238	-0.065144405	0.05886763	-0.08993444	0.06207553	-0.063496776	0.046492826	-0.036748946
-0.07691082	0.08266927	-0.055375624	0.061674427	-0.1624478	0.05885384	-0.09199978	0.111039914	-0.065270625	0.067068346	-0.11527885	0.1222309	-0.09851987	0.07309277	-0.059827153	0.15006495	-0.15286958	0.119090326	-0.0868586	0.06302421	-0.4704615	0.22440591	-0.12610663	0.06277518	-0.05784464	0.9999994	-0.44157058	0.22248903	-0.11778627	0.15208754	-0.6458384	0.27196363	-0.17969593	0.0951763	-0.09332408	0.21887349	-0.21217187	0.17280605	-0.08220807	0.062980965
0.09283736	-0.10074967	0.06791798	-0.07576122	0.20305009	-0.07069532	0.110946506	-0.13391785	0.07962662	-0.08236184	0.1339993	-0.14413685	0.11670239	-0.08913024	0.07350274	-0.17575967	0.1683747	-0.14117849	0.10677495	-0.07800021	0.2618761	-0.27588353	0.14494361	-0.07953282	0.072789624	-0.44157058	0.9999995	-0.45688304	0.1788717	-0.2250434	0.31098065	-0.51063615	0.24981357	-0.1446168	0.13495009	-0.3188072	0.26987508	-0.25889373	0.11741285	-0.091686755
-0.12232929	0.12601192	-0.090312354	0.09923983	-0.30455244	0.08823049	-0.14410248	0.1480366	-0.09992438	0.1038926	-0.14977472	0.14855549	-0.13400932	0.10902186	-0.0946105	0.16142093	-0.16450313	0.14432035	-0.14174663	0.09933538	-0.24495453	0.19009595	-0.16671515	0.10618041	-0.100267634	0.22248903	-0.45688304	0.99999946	-0.43187076	0.28894207	-0.26243502	0.25663888	-0.38774255	0.23554277	-0.23532873	0.26564887	-0.280167	0.26910636	-0.19050933	0.14002977
0.07095438	-0.07512229	0.053467743	-0.05917292	0.17692396	-0.05156412	0.08391728	-0.09178006	0.064184316	-0.06775674	0.086658575	-0.08808264	0.08054894	-0.07184626	0.06479117	-0.09501019	0.09134748	-0.08485042	0.09771264	-0.072684646	0.12748076	-0.10438457	0.09074107	-0.11111697	0.09272642	-0.11778627	0.1788717	-0.43187076	0.9999994	-0.5114586	0.13303262	-0.13904664	0.20425913	-0.61601335	0.28894743	-0.17559834	0.1532077	-0.19443588	0.19245894	-0.17264992
-0.124223724	0.12747528	-0.09382481	0.102886036	-0.33439335	0.08769323	-0.14561585	0.1396572	-0.101410575	0.106711894	-0.13755521	0.13440275	-0.124150835	0.10966373	-0.09849012	0.13911764	-0.13605532	0.11749075	-0.14910409	0.1044638	-0.18846919	0.14491454	-0.12663609	0.116414204	-0.11423718	0.15208754	-0.2250434	0.28894207	-0.5114586	0.9999995	-0.18115911	0.16744566	-0.22524883	0.2975252	-0.4544656	0.2232224	-0.20441262	0.2116943	-0.31392735	0.21807423
0.07935461	-0.0871837	0.05817647	-0.06511555	0.17064968	-0.06081867	0.095007055	-0.11695926	0.068291284	-0.07071067	0.11551478	-0.12538318	0.10025395	-0.076550744	0.06267309	-0.1546498	0.13994965	-0.11852661	0.09052233	-0.066520356	0.25231224	-0.20406322	0.11854102	-0.06613141	0.06050324	-0.6458384	0.31098065	-0.26243502	0.13303262	-0.18115911	0.9999995	-0.50507045	0.21336682	-0.112730466	0.10727499	-0.29746938	0.24823369	-0.22827931	0.09563417	-0.07467642
-0.07191294	0.07671791	-0.052780334	0.058598347	-0.16533706	0.053671453	-0.0854388	0.09688869	-0.059987713	0.062242907	-0.097648695	0.10186351	-0.085014455	0.06639933	-0.05559216	0.11981136	-0.11685748	0.096288405	-0.08139555	0.058608726	-0.20022307	0.15853645	-0.101028964	0.058946513	-0.054576416	0.27196363	-0.51063615	0.25663888	-0.13904664	0.16744566	-0.50507045	0.9999995	-0.36878738	0.12055571	-0.11353426	0.27629238	-0.4790473	0.26647848	-0.10254616	0.07851409
0.07411631	-0.078648284	0.054998904	-0.060938396	0.1781973	-0.05447343	0.08772847	-0.09607621	0.061958414	-0.064697504	0.09463155	-0.09728502	0.08398665	-0.06829956	0.058323752	-0.11026082	0.104793414	-0.09133517	0.08610872	-0.06198333	0.15847458	-0.12940459	0.09593343	-0.06550795	0.060475238	-0.17969593	0.24981357	-0.38774255	0.20425913	-0.22524883	0.21336682	-0.36878738	0.9999993	-0.23575361	0.17594722	-0.26643258	0.2782611	-0.7110581	0.16335802	-0.13110267
-0.05645201	0.059356846	-0.0423819	0.046819262	-0.14177583	0.04086562	-0.06664636	0.0709635	-0.04938026	0.05192576	-0.06830685	0.06889528	-0.06252216	0.05474074	-0.048987664	0.07441278	-0.071955316	0.06449388	-0.07393355	0.05370545	-0.10273277	0.082033694	-0.06918798	0.07097497	-0.065144405	0.0951763	-0.1446168	0.23554277	-0.61601335	0.2975252	-0.112730466	0.12055571	-0.23575361	0.99999917	-0.596183	0.14187683	-0.13403696	0.18258941	-0.27135745	0.21764569
0.05733114	-0.06068165	0.04316114	-0.04776401	0.14398676	-0.041561086	0.06769936	-0.07239453	0.04968368	-0.05240935	0.06912866	-0.070096105	0.063126296	-0.05501015	0.048625186	-0.075916685	0.07209398	-0.06483474	0.072670445	-0.053247612	0.1010167	-0.081896715	0.06839283	-0.06473085	0.05886763	-0.09332408	0.13495009	-0.23532873	0.28894743	-0.4544656	0.10727499	-0.11353426	0.17594722	-0.596183	0.99999887	-0.15247717	0.1303769	-0.18840647	0.29096678	-0.4699833
-0.1443314	0.14715056	-0.10772105	0.1179911	-0.38352397	0.10205556	-0.16894212	0.1584041	-0.1097198	0.114946045	-0.16228129	0.15824929	-0.14096996	0.116918765	-0.10128025	0.16817556	-0.16587667	0.13558152	-0.15031049	0.103538506	-0.25230452	0.18416914	-0.145022	0.0944888	-0.08993444	0.21887349	-0.3188072	0.26564887	-0.17559834	0.2232224	-0.29746938	0.27629238	-0.26643258	0.14187683	-0.15247717	0.999999	-0.61643153	0.26024598	-0.1399856	0.10159185
0.08454328	-0.09005583	0.062807746	-0.069665074	0.2037003	-0.062194787	0.10003921	-0.10905489	0.069411196	-0.07250525	0.107642815	-0.11113119	0.09452742	-0.076192595	0.064440764	-0.1270036	0.118516214	-0.10126682	0.09452363	-0.067811586	0.17982127	-0.14776294	0.10452371	-0.06687469	0.06207553	-0.21217187	0.26987508	-0.280167	0.1532077	-0.20441262	0.24823369	-0.4790473	0.2782611	-0.13403696	0.1303769	-0.61643153	0.9999992	-0.42732656	0.12456273	-0.095976375
-0.08341219	0.08689626	-0.061804015	0.06813386	-0.20717171	0.060426865	-0.098314375	0.10173193	-0.06755229	0.07051469	-0.10233142	0.102796145	-0.090031385	0.07365951	-0.06338405	0.1138259	-0.11118103	0.0935721	-0.09411469	0.06651409	-0.17191185	0.13172604	-0.099852	0.067709036	-0.063496776	0.17280605	-0.25889373	0.26910636	-0.19443588	0.2116943	-0.22827931	0.26647848	-0.7110581	0.18258941	-0.18840647	0.26024598	-0.42732656	0.9999992	-0.22267884	0.14521043
0.04865405	-0.051634263	0.0365684	-0.040503237	0.121303596	-0.03535506	0.05747048	-0.061679404	0.04175656	-0.04401333	0.05908207	-0.060067054	0.05362419	-0.04616357	0.04044394	-0.065517455	0.061928757	-0.055216387	0.06021167	-0.043998588	0.08754075	-0.07084294	0.057980753	-0.05079561	0.046492826	-0.08220807	0.11741285	-0.19050933	0.19245894	-0.31392735	0.09563417	-0.10254616	0.16335802	-0.27135745	0.29096678	-0.1399856	0.12456273	-0.22267884	0.9999992	-0.8084511
-0.038003564	0.040049452	-0.028535312	0.03154349	-0.095657155	0.027500227	-0.04483772	0.047336508	-0.03241016	0.0341152	-0.04570313	0.046143826	-0.041415144	0.035729796	-0.031466767	0.05002243	-0.047793355	0.042294107	-0.047055196	0.034097623	-0.06812043	0.054347176	-0.044761874	0.039809156	-0.036748946	0.062980965	-0.091686755	0.14002977	-0.17264992	0.21807423	-0.07467642	0.07851409	-0.13110267	0.21764569	-0.4699833	0.10159185	-0.095976375	0.14521043	-0.8084511	0.9999992
