1.0000001	-0.28999472	0.19608404	-0.034667525	0.036242574	-0.8825473	0.23033507	-0.22172965	0.05969648	-0.05747571	0.13287202	-0.11453058	0.0945694	-0.07411224	0.055355802	-0.10421408	0.0851476	-0.090322345	0.08330434	-0.05001211	0.06493797	-0.071791634	0.06471052	-0.068598405	0.060953338	-0.054808993	0.05525683	-0.05964335	0.045467716	-0.05150392	0.04668953	-0.040774073	0.03798491	-0.03496225	0.035616826	-0.0819121	0.044534102	-0.029083993	0.02158654	-0.03866003
-0.28999472	1.0000002	-0.80746055	0.03944808	-0.04095244	0.2125784	-0.39663675	0.28124964	-0.06741747	0.062295996	-0.11039611	0.10663222	-0.10685337	0.0795382	-0.057418972	0.084757075	-0.08383649	0.08672816	-0.08677127	0.050973345	-0.05868686	0.065256305	-0.062233396	0.066374466	-0.060238197	0.04920604	-0.05119693	0.05542138	-0.043120317	0.048883107	-0.04266421	0.0371426	-0.035756845	0.032914698	-0.03367656	0.07365974	-0.040874794	0.027184006	-0.020229355	0.036171813
0.19608404	-0.80746055	1.0	-0.048003875	0.048125748	-0.20717579	0.28461918	-0.4366516	0.08074872	-0.07638886	0.10898452	-0.109210916	0.122248664	-0.09554068	0.06568783	-0.09228064	0.08604218	-0.099132024	0.096661106	-0.059346247	0.064854674	-0.073811896	0.06987279	-0.076361105	0.06816136	-0.05584506	0.057954624	-0.06382506	0.049308095	-0.056498267	0.048255533	-0.042406976	0.04092402	-0.037887707	0.038664635	-0.08584933	0.04653666	-0.031455874	0.02334601	-0.04194743
-0.034667525	0.03944808	-0.048003875	0.99999994	-0.86511946	0.032574672	-0.06324666	0.0733674	-0.39411563	0.25522292	-0.060318213	0.055711683	-0.111167945	0.12168122	-0.12411514	0.060162153	-0.053723454	0.07910971	-0.11473767	0.10125299	-0.051829036	0.06263298	-0.062964424	0.080271624	-0.08352831	0.047337167	-0.052053846	0.06061759	-0.049837712	0.060582586	-0.041732185	0.037396643	-0.04026976	0.03813936	-0.039385516	0.07644355	-0.04129284	0.031247666	-0.023231817	0.04214142
0.036242574	-0.04095244	0.048125748	-0.86511946	0.9999996	-0.034509048	0.063589744	-0.07525267	0.2717181	-0.3573918	0.06720948	-0.062323324	0.11047049	-0.12573995	0.14061595	-0.06942501	0.060195025	-0.08993186	0.119155064	-0.12589467	0.06019234	-0.07361583	0.07210695	-0.094136916	0.09632314	-0.05610612	0.061319314	-0.072540954	0.059003983	-0.073006704	0.04929914	-0.04448864	0.047899332	-0.04565551	0.04697203	-0.092622705	0.04899634	-0.03768859	0.027924342	-0.050956175
-0.8825473	0.2125784	-0.20717579	0.032574672	-0.034509048	0.9999997	-0.31008726	0.19918196	-0.0567026	0.053440887	-0.15705091	0.11546017	-0.09236407	0.06988948	-0.052974936	0.10076948	-0.086529866	0.085702755	-0.08102005	0.047229562	-0.06273955	0.06795617	-0.061997715	0.064660095	-0.05822088	0.05164703	-0.052345686	0.05577656	-0.04284859	0.048172288	-0.044188347	0.038268473	-0.035713673	0.032741208	-0.03343184	0.07542224	-0.041914914	0.027090598	-0.020154888	0.035955958
0.23033507	-0.39663675	0.28461918	-0.06324666	0.063589744	-0.31008726	0.99999976	-0.7294308	0.11332857	-0.106932126	0.1688718	-0.22100969	0.17666745	-0.13719203	0.09127458	-0.13716951	0.1421545	-0.14719947	0.1362006	-0.082567975	0.0933914	-0.1056447	0.1007798	-0.10772082	0.09525466	-0.07870579	0.08163775	-0.08918128	0.068833746	-0.07845195	0.06772687	-0.05920305	0.05678238	-0.052560683	0.053617075	-0.11793037	0.06481625	-0.043421127	0.03226166	-0.057850227
-0.22172965	0.28124964	-0.4366516	0.0733674	-0.07525267	0.19918196	-0.7294308	0.9999994	-0.15033166	0.120718904	-0.16551542	0.16712186	-0.2543245	0.15702358	-0.102907635	0.12842405	-0.13636036	0.14672317	-0.15592235	0.08966684	-0.09273858	0.10432293	-0.10352772	0.11129478	-0.101597674	0.077648774	-0.08211488	0.08938285	-0.070367076	0.08001553	-0.0676154	0.058889944	-0.057740614	0.05334152	-0.054668847	0.11581382	-0.06485757	0.043768693	-0.032613628	0.058312785
0.05969648	-0.06741747	0.08074872	-0.39411563	0.2717181	-0.0567026	0.11332857	-0.15033166	0.99999946	-0.7299144	0.104047984	-0.09920817	0.19928323	-0.30094278	0.22208102	-0.105923995	0.094463795	-0.14293781	0.19873619	-0.19644512	0.09053442	-0.11085847	0.11080367	-0.1442523	0.14466314	-0.08319183	0.09111198	-0.10725986	0.08747371	-0.1077453	0.07282921	-0.06551316	0.07023274	-0.06705002	0.06895238	-0.13445763	0.071946055	-0.05492506	0.040753957	-0.07421131
-0.05747571	0.062295996	-0.07638886	0.25522292	-0.3573918	0.053440887	-0.106932126	0.120718904	-0.7299144	0.9999996	-0.10154623	0.093169354	-0.19616173	0.20866704	-0.37278196	0.100057006	-0.09065326	0.13361713	-0.20836386	0.2085153	-0.08713737	0.10530619	-0.10857568	0.14075583	-0.161739	0.07874172	-0.087820925	0.102007985	-0.08619526	0.105081454	-0.06952409	0.062141404	-0.0683407	0.06490416	-0.067531645	0.124478176	-0.06860159	0.05238314	-0.03911451	0.07068644
0.13287202	-0.11039611	0.10898452	-0.060318213	0.06720948	-0.15705091	0.1688718	-0.16551542	0.104047984	-0.10154623	0.99999964	-0.58365273	0.19200948	-0.14936696	0.12587929	-0.564321	0.31432548	-0.2701006	0.20150277	-0.11376447	0.23363987	-0.23956127	0.19109714	-0.1840044	0.15821837	-0.18230216	0.16856115	-0.17151645	0.12601691	-0.13804218	0.14628538	-0.1250641	0.10491759	-0.09566425	0.09681352	-0.23817587	0.13328725	-0.07891964	0.0586825	-0.10393856
-0.11453058	0.10663222	-0.109210916	0.055711683	-0.062323324	0.11546017	-0.22100969	0.16712186	-0.09920817	0.093169354	-0.58365273	0.99999976	-0.22218664	0.14673674	-0.11501454	0.29516882	-0.6315574	0.251033	-0.20041086	0.10087269	-0.17759691	0.17843845	-0.17684281	0.15420921	-0.13853668	0.12744015	-0.13150491	0.13024299	-0.10116311	0.108544834	-0.10947843	0.091033325	-0.08254494	0.07456185	-0.07639242	0.16252604	-0.09978034	0.060098227	-0.04512901	0.07907251
0.0945694	-0.10685337	0.122248664	-0.111167945	0.11047049	-0.09236407	0.17666745	-0.2543245	0.19928323	-0.19616173	0.19200948	-0.22218664	1.0	-0.67454237	0.1802961	-0.20106299	0.19606219	-0.3806987	0.3087596	-0.16936953	0.15834092	-0.19498181	0.20508929	-0.23012844	0.18424141	-0.14014414	0.14970192	-0.17111257	0.13212222	-0.15280177	0.12062621	-0.10749437	0.106510155	-0.100368395	0.10184627	-0.21823739	0.11698584	-0.08248167	0.061131597	-0.110479385
-0.07411224	0.0795382	-0.09554068	0.12168122	-0.12573995	0.06988948	-0.13719203	0.15702358	-0.30094278	0.20866704	-0.14936696	0.14673674	-0.67454237	0.99999994	-0.21339776	0.14677076	-0.14372051	0.22977665	-0.5223601	0.17339881	-0.123265885	0.14842282	-0.16415262	0.19616763	-0.17282152	0.10754241	-0.1184955	0.13404259	-0.109350115	0.12618688	-0.094140664	0.083367705	-0.086492054	0.08140543	-0.083542965	0.16517584	-0.09153149	0.06579548	-0.049070526	0.08818902
0.055355802	-0.057418972	0.06568783	-0.12411514	0.14061595	-0.052974936	0.09127458	-0.102907635	0.22208102	-0.37278196	0.12587929	-0.11501454	0.1802961	-0.21339776	1.0000002	-0.13654353	0.11499686	-0.17887108	0.23054893	-0.73170096	0.12409686	-0.15727793	0.1550781	-0.23233084	0.27072442	-0.11781429	0.13199873	-0.16230841	0.13745874	-0.18360811	0.10300695	-0.0938875	0.10672698	-0.10492162	0.10841211	-0.19207112	0.10260337	-0.08437265	0.06263721	-0.11516096
-0.10421408	0.084757075	-0.09228064	0.060162153	-0.06942501	0.10076948	-0.13716951	0.12842405	-0.105923995	0.100057006	-0.564321	0.29516882	-0.20106299	0.14677076	-0.13654353	1.0000002	-0.4634241	0.25329947	-0.22881831	0.11812541	-0.4546909	0.25537997	-0.21701925	0.18466607	-0.17315534	0.20751368	-0.19194533	0.17097986	-0.13127124	0.13614583	-0.1771449	0.13310398	-0.10821204	0.095661655	-0.098076425	0.21134299	-0.14595945	0.076592356	-0.057813406	0.099550135
0.0851476	-0.08383649	0.08604218	-0.053723454	0.060195025	-0.086529866	0.1421545	-0.13636036	0.094463795	-0.09065326	0.31432548	-0.6315574	0.19606219	-0.14372051	0.11499686	-0.4634241	1.0	-0.44390735	0.19880956	-0.10312367	0.2062312	-0.23060788	0.20981736	-0.17495705	0.14550576	-0.1461154	0.14695989	-0.14577323	0.10966411	-0.11699893	0.12028118	-0.10048073	0.08795657	-0.08013712	0.08149163	-0.17565428	0.107805625	-0.06412506	0.048085056	-0.084309086
-0.090322345	0.08672816	-0.099132024	0.07910971	-0.08993186	0.085702755	-0.14719947	0.14672317	-0.14293781	0.13361713	-0.2701006	0.251033	-0.3806987	0.22977665	-0.17887108	0.25329947	-0.44390735	1.0	-0.37022376	0.15803148	-0.22713624	0.2596318	-0.5132361	0.27136618	-0.23030794	0.1641793	-0.19282982	0.19392167	-0.15707609	0.16256738	-0.14648831	0.12248896	-0.12087726	0.109778054	-0.11316605	0.20849784	-0.13548961	0.08555617	-0.06477992	0.11270321
0.08330434	-0.08677127	0.096661106	-0.11473767	0.119155064	-0.08102005	0.1362006	-0.15592235	0.19873619	-0.20836386	0.20150277	-0.20041086	0.3087596	-0.5223601	0.23054893	-0.22881831	0.19880956	-0.37022376	1.0	-0.2675356	0.19282521	-0.24583466	0.2556456	-0.40138355	0.2594557	-0.1775967	0.19228779	-0.22670946	0.180368	-0.21099144	0.15323137	-0.13840844	0.14174066	-0.13589191	0.13728732	-0.2862893	0.15045673	-0.1107184	0.08197002	-0.14895813
-0.05001211	0.050973345	-0.059346247	0.10125299	-0.12589467	0.047229562	-0.082567975	0.08966684	-0.19644512	0.2085153	-0.11376447	0.10087269	-0.16936953	0.17339881	-0.73170096	0.11812541	-0.10312367	0.15803148	-0.2675356	0.99999976	-0.110402465	0.13702686	-0.14872654	0.22127165	-0.4790006	0.10078779	-0.1179434	0.14025354	-0.13238676	0.17041431	-0.089445546	0.08046012	-0.09700249	0.09454577	-0.10178474	0.15563792	-0.08872006	0.072712116	-0.054939732	0.09893632
0.06493797	-0.05868686	0.064854674	-0.051829036	0.06019234	-0.06273955	0.0933914	-0.09273858	0.09053442	-0.08713737	0.23363987	-0.17759691	0.15834092	-0.123265885	0.12409686	-0.4546909	0.2062312	-0.22713624	0.19282521	-0.110402465	0.9999997	-0.5425593	0.2304534	-0.1987278	0.16915108	-0.4851464	0.25582436	-0.2161252	0.14575814	-0.14941347	0.24178398	-0.18713284	0.11696389	-0.105472095	0.10530582	-0.27099153	0.17676423	-0.08390566	0.06275712	-0.10810798
-0.071791634	0.065256305	-0.073811896	0.06263298	-0.07361583	0.06795617	-0.1056447	0.10432293	-0.11085847	0.10530619	-0.23956127	0.17843845	-0.19498181	0.14842282	-0.15727793	0.25537997	-0.23060788	0.2596318	-0.24583466	0.13702686	-0.5425593	0.9999995	-0.47294998	0.24995755	-0.22455539	0.2574211	-0.40167695	0.24888721	-0.18172456	0.17311032	-0.21947265	0.17568785	-0.13676412	0.12164818	-0.123489924	0.23690784	-0.18287314	0.0928321	-0.07056905	0.119794965
0.06471052	-0.062233396	0.06987279	-0.062964424	0.07210695	-0.061997715	0.1007798	-0.10352772	0.11080367	-0.10857568	0.19109714	-0.17684281	0.20508929	-0.16415262	0.1550781	-0.21701925	0.20981736	-0.5132361	0.2556456	-0.14872654	0.2304534	-0.47294998	0.99999976	-0.5243474	0.24002238	-0.17683366	0.2208653	-0.26054546	0.1800787	-0.18279539	0.14761929	-0.12912622	0.12532207	-0.119505115	0.119264804	-0.20943685	0.13576326	-0.08905191	0.06716043	-0.11768208
-0.068598405	0.066374466	-0.076361105	0.080271624	-0.094136916	0.064660095	-0.10772082	0.11129478	-0.1442523	0.14075583	-0.1840044	0.15420921	-0.23012844	0.19616763	-0.23233084	0.18466607	-0.17495705	0.27136618	-0.40138355	0.22127165	-0.1987278	0.24995755	-0.5243474	0.9999997	-0.5172917	0.15946402	-0.20706978	0.22640155	-0.25962934	0.23398979	-0.14349607	0.1250046	-0.15061371	0.14528568	-0.15108234	0.21157795	-0.13789162	0.10306759	-0.07923891	0.13747643
0.060953338	-0.060238197	0.06816136	-0.08352831	0.09632314	-0.05822088	0.09525466	-0.101597674	0.14466314	-0.161739	0.15821837	-0.13853668	0.18424141	-0.17282152	0.27072442	-0.17315534	0.14550576	-0.23030794	0.2594557	-0.4790006	0.16915108	-0.22455539	0.24002238	-0.5172917	1.0000001	-0.15879504	0.19025296	-0.24360435	0.23616324	-0.39360687	0.13879263	-0.12701061	0.1609227	-0.16735287	0.17722674	-0.2411308	0.13777803	-0.12330152	0.09294407	-0.17095955
-0.054808993	0.04920604	-0.05584506	0.047337167	-0.05610612	0.05164703	-0.07870579	0.077648774	-0.08319183	0.07874172	-0.18230216	0.12744015	-0.14014414	0.10754241	-0.11781429	0.20751368	-0.1461154	0.1641793	-0.1775967	0.10078779	-0.4851464	0.2574211	-0.17683366	0.15946402	-0.15879504	1.0	-0.3782092	0.21576929	-0.14778802	0.1404018	-0.61808586	0.25473204	-0.12147087	0.10384709	-0.104061484	0.2656966	-0.25000843	0.082747415	-0.062393107	0.10329926
0.05525683	-0.05119693	0.057954624	-0.052053846	0.061319314	-0.052345686	0.08163775	-0.08211488	0.09111198	-0.087820925	0.16856115	-0.13150491	0.14970192	-0.1184955	0.13199873	-0.19194533	0.14695989	-0.19282982	0.19228779	-0.1179434	0.25582436	-0.40167695	0.2208653	-0.20706978	0.19025296	-0.3782092	1.0	-0.59790236	0.23030172	-0.21938881	0.2543539	-0.32379442	0.1605487	-0.15372433	0.14432637	-0.29260322	0.23098391	-0.11192286	0.08324065	-0.1429445
-0.05964335	0.05542138	-0.06382506	0.06061759	-0.072540954	0.05577656	-0.08918128	0.08938285	-0.10725986	0.102007985	-0.17151645	0.13024299	-0.17111257	0.13404259	-0.16230841	0.17097986	-0.14577323	0.19392167	-0.22670946	0.14025354	-0.2161252	0.24888721	-0.26054546	0.22640155	-0.24360435	0.21576929	-0.59790236	0.9999999	-0.48462892	0.26328024	-0.20290199	0.1901545	-0.22902288	0.20038526	-0.19285311	0.23015675	-0.20385738	0.1296361	-0.10037224	0.16436665
0.045467716	-0.043120317	0.049308095	-0.049837712	0.059003983	-0.04284859	0.068833746	-0.070367076	0.08747371	-0.08619526	0.12601691	-0.10116311	0.13212222	-0.109350115	0.13745874	-0.13127124	0.10966411	-0.15707609	0.180368	-0.13238676	0.14575814	-0.18172456	0.1800787	-0.25962934	0.23616324	-0.14778802	0.23030172	-0.48462892	0.99999976	-0.61691284	0.13080329	-0.12577851	0.23326409	-0.37831646	0.2614338	-0.18802784	0.132064	-0.15090293	0.116938785	-0.20519686
-0.05150392	0.048883107	-0.056498267	0.060582586	-0.073006704	0.048172288	-0.07845195	0.08001553	-0.1077453	0.105081454	-0.13804218	0.108544834	-0.15280177	0.12618688	-0.18360811	0.13614583	-0.11699893	0.16256738	-0.21099144	0.17041431	-0.14941347	0.17311032	-0.18279539	0.23398979	-0.39360687	0.1404018	-0.21938881	0.26328024	-0.61691284	0.99999964	-0.1323552	0.12129256	-0.24818082	0.268248	-0.42562655	0.18495595	-0.136547	0.15339115	-0.12826481	0.21747665
0.04668953	-0.04266421	0.048255533	-0.041732185	0.04929914	-0.044188347	0.06772687	-0.0676154	0.07282921	-0.06952409	0.14628538	-0.10947843	0.12062621	-0.094140664	0.10300695	-0.1771449	0.12028118	-0.14648831	0.15323137	-0.089445546	0.24178398	-0.21947265	0.14761929	-0.14349607	0.13879263	-0.61808586	0.2543539	-0.20290199	0.13080329	-0.1323552	0.9999997	-0.5097564	0.115818255	-0.09963244	0.097787134	-0.40884885	0.28599527	-0.08347362	0.061539657	-0.1022792
-0.040774073	0.0371426	-0.042406976	0.037396643	-0.04448864	0.038268473	-0.05920305	0.058889944	-0.06551316	0.062141404	-0.1250641	0.091033325	-0.10749437	0.083367705	-0.0938875	0.13310398	-0.10048073	0.12248896	-0.13840844	0.08046012	-0.18713284	0.17568785	-0.12912622	0.1250046	-0.12701061	0.25473204	-0.32379442	0.1901545	-0.12577851	0.12129256	-0.5097564	0.9999995	-0.12446744	0.09738572	-0.09424046	0.2979211	-0.68763393	0.085345775	-0.06269974	0.09754488
0.03798491	-0.035756845	0.04092402	-0.04026976	0.047899332	-0.035713673	0.05678238	-0.057740614	0.07023274	-0.0683407	0.10491759	-0.08254494	0.106510155	-0.086492054	0.10672698	-0.10821204	0.08795657	-0.12087726	0.14174066	-0.09700249	0.11696389	-0.13676412	0.12532207	-0.15061371	0.1609227	-0.12147087	0.1605487	-0.22902288	0.23326409	-0.24818082	0.115818255	-0.12446744	0.9999993	-0.59715587	0.30410323	-0.17759946	0.12873001	-0.46296832	0.25697055	-0.42312416
-0.03496225	0.032914698	-0.037887707	0.03813936	-0.04565551	0.032741208	-0.052560683	0.05334152	-0.06705002	0.06490416	-0.09566425	0.07456185	-0.100368395	0.08140543	-0.10492162	0.095661655	-0.08013712	0.109778054	-0.13589191	0.09454577	-0.105472095	0.12164818	-0.119505115	0.14528568	-0.16735287	0.10384709	-0.15372433	0.20038526	-0.37831646	0.268248	-0.09963244	0.09738572	-0.59715587	0.99999934	-0.57413983	0.14148234	-0.10714513	0.21741632	-0.18829216	0.27214414
0.035616826	-0.03367656	0.038664635	-0.039385516	0.04697203	-0.03343184	0.053617075	-0.054668847	0.06895238	-0.067531645	0.09681352	-0.07639242	0.10184627	-0.083542965	0.10841211	-0.098076425	0.08149163	-0.11316605	0.13728732	-0.10178474	0.10530582	-0.123489924	0.119264804	-0.15108234	0.17722674	-0.104061484	0.14432637	-0.19285311	0.2614338	-0.42562655	0.097787134	-0.09424046	0.30410323	-0.57413983	0.99999934	-0.14774528	0.10527252	-0.26379216	0.21320702	-0.51891226
-0.0819121	0.07365974	-0.08584933	0.07644355	-0.092622705	0.07542224	-0.11793037	0.11581382	-0.13445763	0.124478176	-0.23817587	0.16252604	-0.21823739	0.16517584	-0.19207112	0.21134299	-0.17565428	0.20849784	-0.2862893	0.15563792	-0.27099153	0.23690784	-0.20943685	0.21157795	-0.2411308	0.2656966	-0.29260322	0.23015675	-0.18802784	0.18495595	-0.40884885	0.2979211	-0.17759946	0.14148234	-0.14774528	0.9999993	-0.5502103	0.11936175	-0.091710046	0.14444675
0.044534102	-0.040874794	0.04653666	-0.04129284	0.04899634	-0.041914914	0.06481625	-0.06485757	0.071946055	-0.06860159	0.13328725	-0.09978034	0.11698584	-0.09153149	0.10260337	-0.14595945	0.107805625	-0.13548961	0.15045673	-0.08872006	0.17676423	-0.18287314	0.13576326	-0.13789162	0.13777803	-0.25000843	0.23098391	-0.20385738	0.132064	-0.136547	0.28599527	-0.68763393	0.12873001	-0.10714513	0.10527252	-0.5502103	0.9999992	-0.105996385	0.07453979	-0.114672445
-0.029083993	0.027184006	-0.031455874	0.031247666	-0.03768859	0.027090598	-0.043421127	0.043768693	-0.05492506	0.05238314	-0.07891964	0.060098227	-0.08248167	0.06579548	-0.08437265	0.076592356	-0.06412506	0.08555617	-0.1107184	0.072712116	-0.08390566	0.0928321	-0.08905191	0.10306759	-0.12330152	0.082747415	-0.11192286	0.1296361	-0.15090293	0.15339115	-0.08347362	0.085345775	-0.46296832	0.21741632	-0.26379216	0.11936175	-0.105996385	0.9999993	-0.74142975	0.30771136
0.02158654	-0.020229355	0.02334601	-0.023231817	0.027924342	-0.020154888	0.03226166	-0.032613628	0.040753957	-0.03911451	0.0586825	-0.04512901	0.061131597	-0.049070526	0.06263721	-0.057813406	0.048085056	-0.06477992	0.08197002	-0.054939732	0.06275712	-0.07056905	0.06716043	-0.07923891	0.09294407	-0.062393107	0.08324065	-0.10037224	0.116938785	-0.12826481	0.061539657	-0.06269974	0.25697055	-0.18829216	0.21320702	-0.091710046	0.07453979	-0.74142975	0.9999993	-0.5556296
-0.03866003	0.036171813	-0.04194743	0.04214142	-0.050956175	0.035955958	-0.057850227	0.058312785	-0.07421131	0.07068644	-0.10393856	0.07907251	-0.110479385	0.08818902	-0.11516096	0.099550135	-0.084309086	0.11270321	-0.14895813	0.09893632	-0.10810798	0.119794965	-0.11768208	0.13747643	-0.17095955	0.10329926	-0.1429445	0.16436665	-0.20519686	0.21747665	-0.1022792	0.09754488	-0.42312416	0.27214414	-0.51891226	0.14444675	-0.114672445	0.30771136	-0.5556296	0.9999993
