0.99999994	-0.77182406	0.280772	-0.19349144	0.1372793	-0.31416455	0.24753857	-0.27644667	0.1759036	-0.25070694	0.17354435	-0.20479527	0.15301636	-0.12546083	0.12462746	-0.2212635	0.13187294	-0.1257482	0.118559346	-0.11619181	0.07789396	-0.12470564	0.10342116	-0.08158741	0.084414795	-0.08446561	0.14802578	-0.08392533	0.077367224	-0.07232712	0.07076767	-0.07239494	0.08396686	-0.06341304	0.050227214	-0.0647846	0.05557037	-0.06277606	0.058285274	-0.042581066
-0.77182406	1.0	-0.45293072	0.1675764	-0.12840451	0.21302658	-0.27574402	0.2431558	-0.16346194	0.18967892	-0.13979207	0.1681497	-0.13647328	0.11018356	-0.11161788	0.16256478	-0.111998715	0.10757678	-0.1046369	0.099722624	-0.06348905	0.10227823	-0.09091955	0.07099455	-0.07411234	0.0676959	-0.13074139	0.07279188	-0.06769346	0.0626181	-0.061165556	0.06215344	-0.07348886	0.054873593	-0.04375024	0.05527202	-0.048050974	0.053821847	-0.050681345	0.03684212
0.280772	-0.45293072	1.0000001	-0.40180072	0.22300684	-0.21048754	0.23270479	-0.5694932	0.23182611	-0.32577312	0.14704417	-0.20060849	0.17647217	-0.15513216	0.14871334	-0.19319569	0.13516268	-0.1423583	0.13711704	-0.135143	0.07784943	-0.12846546	0.116114296	-0.09213742	0.09527365	-0.08463951	0.16188538	-0.09338101	0.08667177	-0.08104397	0.076569065	-0.07833323	0.09336748	-0.07026312	0.055796683	-0.070441104	0.06085687	-0.06890816	0.06450425	-0.04717199
-0.19349144	0.1675764	-0.40180072	1.0000001	-0.752888	0.12534884	-0.14278261	0.21076769	-0.2090189	0.30383188	-0.09959254	0.13600917	-0.13857874	0.12540461	-0.13716978	0.12826437	-0.10921983	0.11273441	-0.12013789	0.11229597	-0.062790066	0.10228956	-0.109150894	0.083529964	-0.09035539	0.067119256	-0.16203517	0.08710207	-0.08261931	0.07457476	-0.0732981	0.07370588	-0.09175546	0.066702	-0.054272592	0.06536947	-0.05846623	0.06448867	-0.06266515	0.044973776
0.1372793	-0.12840451	0.22300684	-0.752888	1.0000001	-0.10141011	0.110836476	-0.17465927	0.16213132	-0.54053855	0.07979491	-0.110491104	0.108684115	-0.1007281	0.10713993	-0.10591475	0.08667921	-0.0901042	0.0942731	-0.090213925	0.05033476	-0.08237071	0.08539843	-0.06583632	0.07076245	-0.05425119	0.12590463	-0.06857661	0.06474804	-0.058866784	0.057487406	-0.058037892	0.07177149	-0.052514464	0.042565785	-0.05172224	0.045942467	-0.050970845	0.049165107	-0.03540629
-0.31416455	0.21302658	-0.21048754	0.12534884	-0.10141011	1.0000004	-0.63308895	0.23599903	-0.19487163	0.17307737	-0.5144812	0.28070557	-0.1975303	0.13879065	-0.14336938	0.28619102	-0.17931187	0.14736043	-0.1404884	0.12767492	-0.09854871	0.14784381	-0.12403892	0.09515171	-0.099618316	0.098702304	-0.18663642	0.098360136	-0.09142996	0.08350549	-0.08608406	0.086279504	-0.099693365	0.07377119	-0.058979563	0.07503542	-0.06578615	0.072322905	-0.06857564	0.049447868
0.24753857	-0.27574402	0.23270479	-0.14278261	0.110836476	-0.63308895	1.0000004	-0.3978164	0.20817775	-0.19476902	0.2765827	-0.4228306	0.21373793	-0.15483223	0.14834315	-0.30210397	0.1818306	-0.16381094	0.14655584	-0.13851923	0.097980574	-0.15994008	0.12332665	-0.09707054	0.09906134	-0.10297053	0.17551926	-0.09816129	0.09038683	-0.08426697	0.082968265	-0.08443892	0.09678624	-0.07289481	0.057610918	-0.074326515	0.06402481	-0.071702324	0.066861	-0.04876392
-0.27644667	0.2431558	-0.5694932	0.21076769	-0.17465927	0.23599903	-0.3978164	0.9999997	-0.43281117	0.25269073	-0.17780043	0.24291821	-0.27477437	0.22145613	-0.21114099	0.20805773	-0.16784136	0.18686381	-0.18896776	0.17570502	-0.09056022	0.15065739	-0.14762385	0.11700341	-0.120261475	0.096281625	-0.19631477	0.11474158	-0.107695095	0.10022109	-0.09137839	0.093101576	-0.11333562	0.0848422	-0.067395575	0.08326751	-0.0726016	0.08199993	-0.07758115	0.056769278
0.1759036	-0.16346194	0.23182611	-0.2090189	0.16213132	-0.19487163	0.20817775	-0.43281117	0.9999996	-0.36379713	0.15907782	-0.25687262	0.26570046	-0.5898428	0.27495414	-0.21899612	0.17339939	-0.2364155	0.23224904	-0.2701798	0.096336365	-0.16984631	0.16108452	-0.13950671	0.13508451	-0.10659469	0.19321994	-0.12898466	0.11872769	-0.11712529	0.09433993	-0.098474294	0.11971215	-0.09343829	0.07241494	-0.09103753	0.07694827	-0.090522744	0.08284629	-0.0623356
-0.25070694	0.18967892	-0.32577312	0.30383188	-0.54053855	0.17307737	-0.19476902	0.25269073	-0.36379713	0.9999996	-0.14604652	0.2043242	-0.22033355	0.20663196	-0.2356848	0.19014172	-0.17676763	0.18239735	-0.20121951	0.18586971	-0.10215093	0.1660079	-0.18880229	0.14274128	-0.15702017	0.10879164	-0.28752598	0.15079534	-0.14403537	0.12841886	-0.12822269	0.12821603	-0.16215079	0.11645063	-0.095623285	0.11325975	-0.10255389	0.112094745	-0.11037614	0.078678854
0.17354435	-0.13979207	0.14704417	-0.09959254	0.07979491	-0.5144812	0.2765827	-0.17780043	0.15907782	-0.14604652	0.99999917	-0.40896344	0.19036514	-0.12506212	0.12556182	-0.6593358	0.19269985	-0.1450328	0.12851213	-0.11684035	0.11411074	-0.15948139	0.11269043	-0.08697006	0.08960226	-0.11440272	0.17035721	-0.08981682	0.08255467	-0.07590651	0.080899514	-0.081177086	0.08975548	-0.06701076	0.053182118	-0.06992793	0.060406953	-0.066331014	0.0620647	-0.044834662
-0.20479527	0.1681497	-0.20060849	0.13600917	-0.110491104	0.28070557	-0.4228306	0.24291821	-0.25687262	0.2043242	-0.40896344	0.99999917	-0.47498628	0.21079856	-0.207569	0.29597306	-0.3603233	0.25026253	-0.22083226	0.1872623	-0.13115552	0.23081745	-0.17980717	0.13790871	-0.140216	0.1308403	-0.25607896	0.1376272	-0.12740177	0.1170567	-0.11579663	0.11694301	-0.13505712	0.1006012	-0.079713084	0.10126382	-0.08849393	0.097915314	-0.09246837	0.0670848
0.15301636	-0.13647328	0.17647217	-0.13857874	0.108684115	-0.1975303	0.21373793	-0.27477437	0.26570046	-0.22033355	0.19036514	-0.47498628	0.999999	-0.3890839	0.24326895	-0.24065316	0.22717705	-0.5575206	0.28119528	-0.26130095	0.10499983	-0.2012832	0.1839376	-0.15635301	0.14153859	-0.11344959	0.19686186	-0.13750704	0.12426486	-0.12191197	0.0950705	-0.09934553	0.12063731	-0.09437293	0.07225325	-0.0904817	0.076507084	-0.08997152	0.082494035	-0.06226988
-0.12546083	0.11018356	-0.15513216	0.12540461	-0.1007281	0.13879065	-0.15483223	0.22145613	-0.5898428	0.20663196	-0.12506212	0.21079856	-0.3890839	0.99999917	-0.52204156	0.16308019	-0.15356344	0.24667342	-0.32659	0.28387156	-0.077409595	0.1394089	-0.1556869	0.13707913	-0.13033223	0.08396818	-0.1614878	0.11477278	-0.10897933	0.10634017	-0.07763983	0.08096646	-0.102881014	0.07993059	-0.061801217	0.07465007	-0.06369615	0.075241104	-0.06993534	0.05293941
0.12462746	-0.11161788	0.14871334	-0.13716978	0.10713993	-0.14336938	0.14834315	-0.21114099	0.27495414	-0.2356848	0.12556182	-0.207569	0.24326895	-0.52204156	0.99999917	-0.17585343	0.15474585	-0.25340647	0.2828006	-0.6536324	0.08271833	-0.15020294	0.16315301	-0.15232298	0.1489517	-0.09162779	0.16785198	-0.12811092	0.11980816	-0.12541604	0.08307308	-0.0877232	0.111640885	-0.08901988	0.06823532	-0.08264031	0.06942107	-0.08394558	0.07667954	-0.05919211
-0.2212635	0.16256478	-0.19319569	0.12826437	-0.10591475	0.28619102	-0.30210397	0.20805773	-0.21899612	0.19014172	-0.6593358	0.29597306	-0.24065316	0.16308019	-0.17585343	0.999999	-0.30698833	0.18650956	-0.17833047	0.15677722	-0.19739789	0.21995819	-0.16749796	0.12558301	-0.13332605	0.16627195	-0.27431977	0.13387606	-0.12406349	0.111478776	-0.12736717	0.124915175	-0.1381807	0.10121037	-0.0813546	0.105926216	-0.09333253	0.10007967	-0.09527388	0.06789119
0.13187294	-0.111998715	0.13516268	-0.10921983	0.08667921	-0.17931187	0.1818306	-0.16784136	0.17339939	-0.17676763	0.19269985	-0.3603233	0.22717705	-0.15356344	0.15474585	-0.30698833	0.9999992	-0.291356	0.18685158	-0.16115563	0.18879223	-0.7208138	0.16083653	-0.12614816	0.12093431	-0.19996579	0.24777108	-0.13016076	0.11334469	-0.10681494	0.11634902	-0.123968996	0.12047243	-0.09344612	0.07172181	-0.10318692	0.08497833	-0.09518762	0.084522694	-0.061922465
-0.1257482	0.10757678	-0.1423583	0.11273441	-0.0901042	0.14736043	-0.16381094	0.18686381	-0.2364155	0.18239735	-0.1450328	0.25026253	-0.5575206	0.24667342	-0.25340647	0.18650956	-0.291356	0.99999946	-0.57348263	0.25871313	-0.09985353	0.20035525	-0.26643148	0.19728121	-0.16847652	0.105242215	-0.20047528	0.15513976	-0.14361191	0.1364032	-0.09480865	0.09942141	-0.12898956	0.1000461	-0.075909235	0.090749614	-0.07739505	0.09200593	-0.08570031	0.065151595
0.118559346	-0.1046369	0.13711704	-0.12013789	0.0942731	-0.1404884	0.14655584	-0.18896776	0.23224904	-0.20121951	0.12851213	-0.22083226	0.28119528	-0.32659	0.2828006	-0.17833047	0.18685158	-0.57348263	0.99999946	-0.5196613	0.08971127	-0.17596112	0.22843538	-0.29117635	0.19066808	-0.09876423	0.18005581	-0.16059576	0.15327726	-0.15580337	0.089354664	-0.095281616	0.12727635	-0.102912575	0.07701876	-0.09009306	0.07561492	-0.09314816	0.08558896	-0.067031436
-0.11619181	0.099722624	-0.135143	0.11229597	-0.090213925	0.12767492	-0.13851923	0.17570502	-0.2701798	0.18586971	-0.11684035	0.1872623	-0.26130095	0.28387156	-0.6536324	0.15677722	-0.16115563	0.25871313	-0.5196613	0.99999946	-0.08104663	0.14572674	-0.2015619	0.18667552	-0.20820592	0.08776934	-0.18141189	0.14315791	-0.1438924	0.14524882	-0.087286174	0.091501206	-0.12460506	0.09710789	-0.07553339	0.08558423	-0.07349613	0.08835514	-0.083512776	0.06437194
0.07789396	-0.06348905	0.07784943	-0.062790066	0.05033476	-0.09854871	0.097980574	-0.09056022	0.096336365	-0.10215093	0.11411074	-0.13115552	0.10499983	-0.077409595	0.08271833	-0.19739789	0.18879223	-0.09985353	0.08971127	-0.08104663	0.9999994	-0.30379498	0.094367184	-0.07113056	0.07380639	-0.8798249	0.18475047	-0.083368294	0.072617255	-0.06587942	0.14058858	-0.13070223	0.087124355	-0.0667868	0.052021552	-0.10005049	0.07572134	-0.07519388	0.064220585	-0.044810902
-0.12470564	0.10227823	-0.12846546	0.10228956	-0.08237071	0.14784381	-0.15994008	0.15065739	-0.16984631	0.1660079	-0.15948139	0.23081745	-0.2012832	0.1394089	-0.15020294	0.21995819	-0.7208138	0.20035525	-0.17596112	0.14572674	-0.30379498	0.99999946	-0.18269543	0.13035621	-0.13123684	0.22198933	-0.38467452	0.14539601	-0.12656996	0.11398934	-0.14640562	0.15084034	-0.13935055	0.10462426	-0.08141609	0.11790027	-0.10036856	0.10679113	-0.09696066	0.06931409
0.10342116	-0.09091955	0.116114296	-0.109150894	0.08539843	-0.12403892	0.12332665	-0.14762385	0.16108452	-0.18880229	0.11269043	-0.17980717	0.1839376	-0.1556869	0.16315301	-0.16749796	0.16083653	-0.26643148	0.22843538	-0.2015619	0.094367184	-0.18269543	0.9999996	-0.6152412	0.2849072	-0.107308574	0.21638466	-0.46968877	0.28238946	-0.29464787	0.1158305	-0.1316756	0.21685083	-0.18541943	0.12245716	-0.13496512	0.10973973	-0.15152189	0.1345644	-0.11120363
-0.08158741	0.07099455	-0.09213742	0.083529964	-0.06583632	0.09515171	-0.09707054	0.11700341	-0.13950671	0.14274128	-0.08697006	0.13790871	-0.15635301	0.13707913	-0.15232298	0.12558301	-0.12614816	0.19728121	-0.29117635	0.18667552	-0.07113056	0.13035621	-0.6152412	0.99999946	-0.5370345	0.07945441	-0.17253515	0.26435992	-0.35072184	0.28269437	-0.08958235	0.0992633	-0.17522262	0.14483264	-0.10439872	0.10029897	-0.08460489	0.113445155	-0.109200224	0.09012798
0.084414795	-0.07411234	0.09527365	-0.09035539	0.07076245	-0.099618316	0.09906134	-0.120261475	0.13508451	-0.15702017	0.08960226	-0.140216	0.14153859	-0.13033223	0.1489517	-0.13332605	0.12093431	-0.16847652	0.19066808	-0.20820592	0.07380639	-0.13123684	0.2849072	-0.5370345	0.99999964	-0.08434259	0.17554773	-0.2765331	0.29433635	-0.6392532	0.09704851	-0.10910804	0.1793072	-0.16482511	0.12968671	-0.11574311	0.09519386	-0.13339345	0.12348253	-0.11621327
-0.08446561	0.0676959	-0.08463951	0.067119256	-0.05425119	0.098702304	-0.10297053	0.096281625	-0.10659469	0.10879164	-0.11440272	0.1308403	-0.11344959	0.08396818	-0.09162779	0.16627195	-0.19996579	0.105242215	-0.09876423	0.08776934	-0.8798249	0.22198933	-0.107308574	0.07945441	-0.08434259	0.99999964	-0.22897765	0.09458843	-0.08341639	0.074211985	-0.19273047	0.14624281	-0.10166814	0.076117836	-0.06022617	0.1119611	-0.088947505	0.08462024	-0.0745004	0.051205926
0.14802578	-0.13074139	0.16188538	-0.16203517	0.12590463	-0.18663642	0.17551926	-0.19631477	0.19321994	-0.28752598	0.17035721	-0.25607896	0.19686186	-0.1614878	0.16785198	-0.27431977	0.24777108	-0.20047528	0.18005581	-0.18141189	0.18475047	-0.38467452	0.21638466	-0.17253515	0.17554773	-0.22897765	0.9999995	-0.2891102	0.19234979	-0.17842817	0.25844976	-0.44475317	0.22383428	-0.18556046	0.1325316	-0.24864042	0.18765447	-0.21349129	0.16483305	-0.120589614
-0.08392533	0.07279188	-0.09338101	0.08710207	-0.06857661	0.098360136	-0.09816129	0.11474158	-0.12898466	0.15079534	-0.08981682	0.1376272	-0.13750704	0.11477278	-0.12811092	0.13387606	-0.13016076	0.15513976	-0.16059576	0.14315791	-0.083368294	0.14539601	-0.46968877	0.26435992	-0.2765331	0.09458843	-0.2891102	0.99999946	-0.5607236	0.26780793	-0.12801446	0.14850567	-0.44015157	0.23808631	-0.14532027	0.14265873	-0.1230873	0.16734251	-0.16644111	0.124549046
0.077367224	-0.06769346	0.08667177	-0.08261931	0.06474804	-0.09142996	0.09038683	-0.107695095	0.11872769	-0.14403537	0.08255467	-0.12740177	0.12426486	-0.10897933	0.11980816	-0.12406349	0.11334469	-0.14361191	0.15327726	-0.1438924	0.072617255	-0.12656996	0.28238946	-0.35072184	0.29433635	-0.08341639	0.19234979	-0.5607236	0.9999995	-0.569392	0.106214605	-0.12246984	0.24754289	-0.2655248	0.14796586	-0.12928821	0.1084815	-0.15733187	0.15536496	-0.13155264
-0.07232712	0.0626181	-0.08104397	0.07457476	-0.058866784	0.08350549	-0.08426697	0.10022109	-0.11712529	0.12841886	-0.07590651	0.1170567	-0.12191197	0.10634017	-0.12541604	0.111478776	-0.10681494	0.1364032	-0.15580337	0.14524882	-0.06587942	0.11398934	-0.29464787	0.28269437	-0.6392532	0.074211985	-0.17842817	0.26780793	-0.569392	0.9999994	-0.09527713	0.10529098	-0.20571771	0.17822081	-0.17832497	0.10988991	-0.09586708	0.13115506	-0.13957039	0.13271521
0.07076767	-0.061165556	0.076569065	-0.0732981	0.057487406	-0.08608406	0.082968265	-0.09137839	0.09433993	-0.12822269	0.080899514	-0.11579663	0.0950705	-0.07763983	0.08307308	-0.12736717	0.11634902	-0.09480865	0.089354664	-0.087286174	0.14058858	-0.14640562	0.1158305	-0.08958235	0.09704851	-0.19273047	0.25844976	-0.12801446	0.106214605	-0.09527713	0.9999995	-0.72945595	0.16587473	-0.13309321	0.101339266	-0.4742156	0.24435942	-0.19549449	0.14115934	-0.0904265
-0.07239494	0.06215344	-0.07833323	0.07370588	-0.058037892	0.086279504	-0.08443892	0.093101576	-0.098474294	0.12821603	-0.081177086	0.11694301	-0.09934553	0.08096646	-0.0877232	0.124915175	-0.123968996	0.09942141	-0.095281616	0.091501206	-0.13070223	0.15084034	-0.1316756	0.0992633	-0.10910804	0.14624281	-0.44475317	0.14850567	-0.12246984	0.10529098	-0.72945595	0.9999994	-0.21117319	0.14591491	-0.11482332	0.276044	-0.28214362	0.18718337	-0.15868476	0.09767699
0.08396686	-0.07348886	0.09336748	-0.09175546	0.07177149	-0.099693365	0.09678624	-0.11333562	0.11971215	-0.16215079	0.08975548	-0.13505712	0.12063731	-0.102881014	0.111640885	-0.1381807	0.12047243	-0.12898956	0.12727635	-0.12460506	0.087124355	-0.13935055	0.21685083	-0.17522262	0.1793072	-0.10166814	0.22383428	-0.44015157	0.24754289	-0.20571771	0.16587473	-0.21117319	0.99999905	-0.6253801	0.20582826	-0.23008135	0.18729885	-0.31867033	0.268633	-0.20012678
-0.06341304	0.054873593	-0.07026312	0.066702	-0.052514464	0.07377119	-0.07289481	0.0848422	-0.09343829	0.11645063	-0.06701076	0.1006012	-0.09437293	0.07993059	-0.08901988	0.10121037	-0.09344612	0.1000461	-0.102912575	0.09710789	-0.0667868	0.10462426	-0.18541943	0.14483264	-0.16482511	0.076117836	-0.18556046	0.23808631	-0.2655248	0.17822081	-0.13309321	0.14591491	-0.6253801	0.9999987	-0.3362102	0.17047651	-0.17166406	0.2578491	-0.5019965	0.2440902
0.050227214	-0.04375024	0.055796683	-0.054272592	0.042565785	-0.058979563	0.057610918	-0.067395575	0.07241494	-0.095623285	0.053182118	-0.079713084	0.07225325	-0.061801217	0.06823532	-0.0813546	0.07172181	-0.075909235	0.07701876	-0.07553339	0.052021552	-0.08141609	0.12245716	-0.10439872	0.12968671	-0.06022617	0.1325316	-0.14532027	0.14796586	-0.17832497	0.101339266	-0.11482332	0.20582826	-0.3362102	0.999998	-0.15349269	0.13426583	-0.2358367	0.2802373	-0.82297635
-0.0647846	0.05527202	-0.070441104	0.06536947	-0.05172224	0.07503542	-0.074326515	0.08326751	-0.09103753	0.11325975	-0.06992793	0.10126382	-0.0904817	0.07465007	-0.08264031	0.105926216	-0.10318692	0.090749614	-0.09009306	0.08558423	-0.10005049	0.11790027	-0.13496512	0.10029897	-0.11574311	0.1119611	-0.24864042	0.14265873	-0.12928821	0.10988991	-0.4742156	0.276044	-0.23008135	0.17047651	-0.15349269	0.9999981	-0.6703283	0.273184	-0.23402068	0.12667829
0.05557037	-0.048050974	0.06085687	-0.05846623	0.045942467	-0.06578615	0.06402481	-0.0726016	0.07694827	-0.10255389	0.060406953	-0.08849393	0.076507084	-0.06369615	0.06942107	-0.09333253	0.08497833	-0.07739505	0.07561492	-0.07349613	0.07572134	-0.10036856	0.10973973	-0.08460489	0.09519386	-0.088947505	0.18765447	-0.1230873	0.1084815	-0.09586708	0.24435942	-0.28214362	0.18729885	-0.17166406	0.13426583	-0.6703283	0.99999774	-0.5468731	0.22327177	-0.12849855
-0.06277606	0.053821847	-0.06890816	0.06448867	-0.050970845	0.072322905	-0.071702324	0.08199993	-0.090522744	0.112094745	-0.066331014	0.097915314	-0.08997152	0.075241104	-0.08394558	0.10007967	-0.09518762	0.09200593	-0.09314816	0.08835514	-0.07519388	0.10679113	-0.15152189	0.113445155	-0.13339345	0.08462024	-0.21349129	0.16734251	-0.15733187	0.13115506	-0.19549449	0.18718337	-0.31867033	0.2578491	-0.2358367	0.273184	-0.5468731	0.9999978	-0.56332785	0.20470518
0.058285274	-0.050681345	0.06450425	-0.06266515	0.049165107	-0.06857564	0.066861	-0.07758115	0.08284629	-0.11037614	0.0620647	-0.09246837	0.082494035	-0.06993534	0.07667954	-0.09527388	0.084522694	-0.08570031	0.08558896	-0.083512776	0.064220585	-0.09696066	0.1345644	-0.109200224	0.12348253	-0.0745004	0.16483305	-0.16644111	0.15536496	-0.13957039	0.14115934	-0.15868476	0.268633	-0.5019965	0.2802373	-0.23402068	0.22327177	-0.56332785	0.9999978	-0.42730382
-0.042581066	0.03684212	-0.04717199	0.044973776	-0.03540629	0.049447868	-0.04876392	0.056769278	-0.0623356	0.078678854	-0.044834662	0.0670848	-0.06226988	0.05293941	-0.05919211	0.06789119	-0.061922465	0.065151595	-0.067031436	0.06437194	-0.044810902	0.06931409	-0.11120363	0.09012798	-0.11621327	0.051205926	-0.120589614	0.124549046	-0.13155264	0.13271521	-0.0904265	0.09767699	-0.20012678	0.2440902	-0.82297635	0.12667829	-0.12849855	0.20470518	-0.42730382	0.9999978
