0.9999999	-0.5478438	0.21305336	-0.16402707	0.21395512	-0.31338862	0.28111827	-0.2570508	0.1355352	-0.12399523	0.23894201	-0.3928423	0.22816767	-0.2520481	0.18537213	-0.34050342	0.18839325	-0.16949463	0.21039407	-0.14177687	0.19511226	-0.16829447	0.17521882	-0.20964448	0.16926813	-0.16264227	0.14874184	-0.20083621	0.16731171	-0.16231804	0.11396494	-0.10629444	0.14072415	-0.24390784	0.15739426	-0.10190465	0.11120532	-0.17200752	0.118306644	-0.1613578
-0.5478438	0.99999976	-0.31407848	0.17895924	-0.24884793	0.2241179	-0.56960946	0.22298653	-0.12995885	0.11423653	-0.22453453	0.3140089	-0.22040804	0.18736848	-0.15635568	0.19923498	-0.13876396	0.11970633	-0.15771121	0.106191404	-0.13906617	0.11458929	-0.12726213	0.13720709	-0.1325894	0.10389857	-0.09958705	0.12570252	-0.10942159	0.106539555	-0.07332936	0.066978864	-0.0906483	0.14570968	-0.10608679	0.062912576	-0.070060015	0.10190502	-0.07199765	0.095907025
0.21305336	-0.31407848	0.9999993	-0.65633255	0.31102028	-0.12365152	0.16735163	-0.46074632	0.1505418	-0.14841644	0.11561334	-0.21212442	0.22655666	-0.21444257	0.14659682	-0.15715206	0.1066398	-0.10228645	0.13254842	-0.10412675	0.10642548	-0.09315816	0.103356734	-0.12334222	0.1165715	-0.087853774	0.082473874	-0.11178871	0.096405074	-0.0975795	0.06299502	-0.05845184	0.078357995	-0.13476636	0.09368644	-0.05542045	0.06122526	-0.092661105	0.06530232	-0.088341095
-0.16402707	0.17895924	-0.65633255	0.9999991	-0.634544	0.08721345	-0.11371064	0.23856658	-0.16722754	0.15725623	-0.083594546	0.14219852	-0.16545482	0.15883143	-0.122305244	0.115470305	-0.07966364	0.07585505	-0.10179194	0.083341196	-0.080166884	0.06968658	-0.0779266	0.093373016	-0.093075074	0.065990284	-0.062244616	0.084267594	-0.073337235	0.075020954	-0.04782883	0.044274822	-0.059545565	0.101893544	-0.072216734	0.041932143	-0.046456117	0.069982044	-0.049518168	0.0668555
0.21395512	-0.24884793	0.31102028	-0.634544	0.99999946	-0.13082528	0.15407011	-0.34172404	0.23153523	-0.31915572	0.12183687	-0.21885218	0.21709345	-0.25985393	0.18431976	-0.18909097	0.12346641	-0.11859652	0.15784013	-0.13524652	0.12618181	-0.111045286	0.121203296	-0.15291104	0.1428005	-0.10801922	0.100487866	-0.13968872	0.11992221	-0.1234313	0.078485526	-0.07320772	0.09775025	-0.1723571	0.116781406	-0.069799	0.07684069	-0.11830371	0.08304044	-0.11313039
-0.31338862	0.2241179	-0.12365152	0.08721345	-0.13082528	0.9999996	-0.3369442	0.13334157	-0.07745404	0.0679904	-0.8084422	0.24916469	-0.13809207	0.124956466	-0.10435009	0.23116821	-0.13687019	0.103677034	-0.1250382	0.07305473	-0.1432552	0.10606089	-0.113865405	0.10683769	-0.0934677	0.09124094	-0.088331595	0.100954734	-0.086442314	0.07909764	-0.058746576	0.05328301	-0.07184878	0.10944985	-0.07949672	0.049405098	-0.05495027	0.07722273	-0.054375116	0.07159948
0.28111827	-0.56960946	0.16735163	-0.11371064	0.15407011	-0.3369442	0.9999993	-0.19129565	0.089784324	-0.07897499	0.23278537	-0.6470761	0.18695082	-0.14840385	0.112147234	-0.16775048	0.11423872	-0.096123934	0.116299905	-0.07669277	0.108360715	-0.09071831	0.09844656	-0.10142267	0.09438979	-0.07868003	0.07527383	-0.09310249	0.08027071	-0.07698345	0.05335762	-0.048817847	0.06583203	-0.10529639	0.07631054	-0.045658834	0.05073392	-0.07337374	0.0518561	-0.06894159
-0.2570508	0.22298653	-0.46074632	0.23856658	-0.34172404	0.13334157	-0.19129565	0.9999992	-0.2298701	0.17784749	-0.13369127	0.23088692	-0.61395967	0.28025165	-0.21320367	0.17218748	-0.13690074	0.13625164	-0.17533179	0.132786	-0.12885648	0.11329853	-0.13570617	0.14667228	-0.15817733	0.10138975	-0.09775314	0.12817	-0.113910384	0.11547349	-0.072764724	0.06677428	-0.0907011	0.14932005	-0.11344407	0.062516086	-0.06990192	0.10198293	-0.07328534	0.09757189
0.1355352	-0.12995885	0.1505418	-0.16722754	0.23153523	-0.07745404	0.089784324	-0.2298701	0.9999994	-0.8574499	0.07410829	-0.12800503	0.16779551	-0.27478385	0.20431872	-0.11685563	0.08201287	-0.08066844	0.11688227	-0.13441934	0.08336121	-0.07358989	0.082637906	-0.10811553	0.12267553	-0.07142718	0.06745879	-0.09475075	0.08417491	-0.092454895	0.052821167	-0.049168732	0.06623724	-0.11745295	0.08532935	-0.046513658	0.051686246	-0.07860284	0.056461874	-0.07658847
-0.12399523	0.11423653	-0.14841644	0.15725623	-0.31915572	0.0679904	-0.07897499	0.17784749	-0.8574499	0.99999934	-0.065547325	0.110359766	-0.14691016	0.2069084	-0.24979983	0.10201483	-0.0727058	0.07091578	-0.10506859	0.12934923	-0.07411354	0.06499046	-0.07346271	0.09512673	-0.12207911	0.062994234	-0.059859246	0.08365749	-0.07529826	0.08417782	-0.04692815	0.043553926	-0.05891766	0.103591725	-0.07830506	0.041100908	-0.04584998	0.06917923	-0.05007626	0.06766324
0.23894201	-0.22453453	0.11561334	-0.083594546	0.12183687	-0.8084422	0.23278537	-0.13369127	0.07410829	-0.065547325	0.99999934	-0.29349712	0.13513279	-0.12600595	0.10092017	-0.3541124	0.14228562	-0.10890801	0.122758746	-0.07187494	0.14593978	-0.111733064	0.114797704	-0.10795897	0.09087808	-0.09504301	0.08968706	-0.10331497	0.08686993	-0.07911253	0.058718085	-0.0535811	0.0717155	-0.110772885	0.07890245	-0.04972344	0.054960407	-0.07787376	0.05465398	-0.07218354
-0.3928423	0.3140089	-0.21212442	0.14219852	-0.21885218	0.24916469	-0.6470761	0.23088692	-0.12800503	0.110359766	-0.29349712	0.9999993	-0.33501652	0.20689926	-0.1649529	0.21053046	-0.17080052	0.13695931	-0.16773084	0.109139554	-0.15097156	0.12689888	-0.14116313	0.14121126	-0.13701528	0.1081446	-0.10491236	0.12827688	-0.11189822	0.107419915	-0.07407675	0.067486785	-0.09147352	0.14409557	-0.10731036	0.06288878	-0.07020484	0.10033026	-0.07132517	0.09434937
0.22816767	-0.22040804	0.22655666	-0.16545482	0.21709345	-0.13809207	0.18695082	-0.61395967	0.16779551	-0.14691016	0.13513279	-0.33501652	0.9999993	-0.5288555	0.21462792	-0.18422344	0.14958818	-0.17903784	0.18347774	-0.14192978	0.13284618	-0.123447545	0.14811452	-0.15892489	0.15437208	-0.10680259	0.10198206	-0.13602448	0.1186732	-0.11928604	0.0741485	-0.068637796	0.09252701	-0.15585816	0.11430674	-0.064201556	0.071362495	-0.105198875	0.07542181	-0.10087473
-0.2520481	0.18736848	-0.21444257	0.15883143	-0.25985393	0.124956466	-0.14840385	0.28025165	-0.27478385	0.2069084	-0.12600595	0.20689926	-0.5288555	0.9999994	-0.48759142	0.18785991	-0.15292872	0.15529841	-0.28529924	0.2245902	-0.14841376	0.13082846	-0.15768011	0.2000629	-0.25810388	0.12050576	-0.11748364	0.1593093	-0.14877188	0.15915585	-0.08902953	0.0817415	-0.11205717	0.18757284	-0.15479307	0.076072276	-0.08584828	0.12441304	-0.09188898	0.12165762
0.18537213	-0.15635568	0.14659682	-0.122305244	0.18431976	-0.10435009	0.112147234	-0.21320367	0.20431872	-0.24979983	0.10092017	-0.1649529	0.21462792	-0.48759142	0.9999997	-0.17489466	0.12532242	-0.124308854	0.19141676	-0.6007654	0.13153905	-0.11651939	0.13053323	-0.18826701	0.29202753	-0.11842529	0.112509415	-0.16655931	0.15316741	-0.19916192	0.09082445	-0.08517597	0.11519984	-0.21634223	0.16496348	-0.0803139	0.08986669	-0.13844329	0.10227194	-0.140208
-0.34050342	0.19923498	-0.15715206	0.115470305	-0.18909097	0.23116821	-0.16775048	0.17218748	-0.11685563	0.10201483	-0.3541124	0.21053046	-0.18422344	0.18785991	-0.17489466	0.9999997	-0.44420347	0.24867268	-0.26496443	0.124631606	-0.4673871	0.27893913	-0.2879892	0.213508	-0.16899887	0.21928096	-0.21727715	0.20986517	-0.17762649	0.14768286	-0.12264304	0.10956676	-0.14737816	0.20211965	-0.15187024	0.099051245	-0.11040263	0.14464113	-0.10203312	0.13093187
0.18839325	-0.13876396	0.1066398	-0.07966364	0.12346641	-0.13687019	0.11423872	-0.13690074	0.08201287	-0.0727058	0.14228562	-0.17080052	0.14958818	-0.15292872	0.12532242	-0.44420347	0.9999994	-0.5831659	0.21891202	-0.09455126	0.27230662	-0.4999807	0.31895763	-0.20663667	0.1233702	-0.1968573	0.18790524	-0.20062077	0.15241192	-0.12198154	0.09553756	-0.08957975	0.11602266	-0.17405139	0.12023982	-0.08030432	0.08701485	-0.119111635	0.08361197	-0.10855845
-0.16949463	0.11970633	-0.10228645	0.07585505	-0.11859652	0.103677034	-0.096123934	0.13625164	-0.08066844	0.07091578	-0.10890801	0.13695931	-0.17903784	0.15529841	-0.124308854	0.24867268	-0.5831659	0.99999934	-0.30671057	0.09198605	-0.22965704	0.28824395	-0.6286863	0.21982965	-0.12057235	0.1591155	-0.16295953	0.18815437	-0.15218179	0.115551434	-0.086734325	0.080653764	-0.10758734	0.15958512	-0.11478787	0.0719708	-0.07938867	0.107407	-0.07675137	0.09877439
0.21039407	-0.15771121	0.13254842	-0.10179194	0.15784013	-0.1250382	0.116299905	-0.17533179	0.11688227	-0.10506859	0.122758746	-0.16773084	0.18347774	-0.28529924	0.19141676	-0.26496443	0.21891202	-0.30671057	0.9999993	-0.15537082	0.20513476	-0.20598727	0.24945153	-0.6950665	0.19080271	-0.18608792	0.17811097	-0.27476966	0.25926307	-0.19888148	0.12299523	-0.116061315	0.15711746	-0.28101262	0.186728	-0.10605723	0.117760085	-0.17060897	0.12535633	-0.16369832
-0.14177687	0.106191404	-0.10412675	0.083341196	-0.13524652	0.07305473	-0.07669277	0.132786	-0.13441934	0.12934923	-0.07187494	0.109139554	-0.14192978	0.2245902	-0.6007654	0.124631606	-0.09455126	0.09198605	-0.15537082	0.99999917	-0.10150982	0.0879419	-0.10083437	0.14510679	-0.663048	0.08988913	-0.08840493	0.13011602	-0.13378774	0.19926175	-0.072076015	0.066667266	-0.092499375	0.1675436	-0.17590038	0.06192236	-0.07099493	0.10477589	-0.08249818	0.11001422
0.19511226	-0.13906617	0.10642548	-0.080166884	0.12618181	-0.1432552	0.108360715	-0.12885648	0.08336121	-0.07411354	0.14593978	-0.15097156	0.13284618	-0.14841376	0.13153905	-0.4673871	0.27230662	-0.22965704	0.20513476	-0.10150982	0.999999	-0.5282298	0.257317	-0.20906359	0.13528791	-0.4819456	0.28304768	-0.2530211	0.17865935	-0.14067838	0.12847745	-0.11846351	0.14533143	-0.20579581	0.1392934	-0.10730958	0.11058232	-0.14765686	0.10063796	-0.1302791
-0.16829447	0.11458929	-0.09315816	0.06968658	-0.111045286	0.10606089	-0.09071831	0.11329853	-0.07358989	0.06499046	-0.111733064	0.12689888	-0.123447545	0.13082846	-0.11651939	0.27893913	-0.4999807	0.28824395	-0.20598727	0.0879419	-0.5282298	0.9999988	-0.48768154	0.19118902	-0.1190904	0.25443807	-0.31952047	0.21563527	-0.16164348	0.11873415	-0.10480173	0.09829981	-0.12460347	0.16661051	-0.119552396	0.084563926	-0.09155234	0.11768938	-0.08207699	0.10458951
0.17521882	-0.12726213	0.103356734	-0.0779266	0.121203296	-0.113865405	0.09844656	-0.13570617	0.082637906	-0.07346271	0.114797704	-0.14116313	0.14811452	-0.15768011	0.13053323	-0.2879892	0.31895763	-0.6286863	0.24945153	-0.10083437	0.257317	-0.48768154	0.99999875	-0.28974807	0.1332685	-0.20757703	0.20311697	-0.28164902	0.18983631	-0.13907914	0.10336758	-0.09849199	0.12890337	-0.19623667	0.13516153	-0.08706464	0.094657294	-0.12959808	0.09213455	-0.118777275
-0.20964448	0.13720709	-0.12334222	0.093373016	-0.15291104	0.10683769	-0.10142267	0.14667228	-0.10811553	0.09512673	-0.10795897	0.14121126	-0.15892489	0.2000629	-0.18826701	0.213508	-0.20663667	0.21982965	-0.6950665	0.14510679	-0.20906359	0.19118902	-0.28974807	0.9999988	-0.21216017	0.17162332	-0.1853283	0.26342085	-0.42065296	0.20312493	-0.12324094	0.11302537	-0.16109867	0.25157565	-0.20602496	0.100370854	-0.11556316	0.15337443	-0.1187588	0.14729068
0.16926813	-0.1325894	0.1165715	-0.093075074	0.1428005	-0.0934677	0.09438979	-0.15817733	0.12267553	-0.12207911	0.09087808	-0.13701528	0.15437208	-0.25810388	0.29202753	-0.16899887	0.1233702	-0.12057235	0.19080271	-0.663048	0.13528791	-0.1190904	0.1332685	-0.21216017	0.99999887	-0.1274336	0.123302646	-0.19553918	0.1957237	-0.40982094	0.10156955	-0.095611565	0.1310244	-0.2592667	0.23818803	-0.08912548	0.10133466	-0.15553105	0.12153157	-0.16767952
-0.16264227	0.10389857	-0.087853774	0.065990284	-0.10801922	0.09124094	-0.07868003	0.10138975	-0.07142718	0.062994234	-0.09504301	0.1081446	-0.10680259	0.12050576	-0.11842529	0.21928096	-0.1968573	0.1591155	-0.18608792	0.08988913	-0.4819456	0.25443807	-0.20757703	0.17162332	-0.1274336	0.9999987	-0.7144584	0.25505507	-0.19395703	0.12937841	-0.17731771	0.1440286	-0.16878003	0.18060203	-0.1351037	0.1221655	-0.12518397	0.14139281	-0.09488119	0.11734435
0.14874184	-0.09958705	0.082473874	-0.062244616	0.100487866	-0.088331595	0.07527383	-0.09775314	0.06745879	-0.059859246	0.08968706	-0.10491236	0.10198206	-0.11748364	0.112509415	-0.21727715	0.18790524	-0.16295953	0.17811097	-0.08840493	0.28304768	-0.31952047	0.20311697	-0.1853283	0.123302646	-0.7144584	0.99999887	-0.431591	0.20955506	-0.138745	0.14849879	-0.16586374	0.16882367	-0.1978719	0.13682541	-0.1180274	0.12151722	-0.14477554	0.09716409	-0.121485956
-0.20083621	0.12570252	-0.11178871	0.084267594	-0.13968872	0.100954734	-0.09310249	0.12817	-0.09475075	0.08365749	-0.10331497	0.12827688	-0.13602448	0.1593093	-0.16655931	0.20986517	-0.20062077	0.18815437	-0.27476966	0.13011602	-0.2530211	0.21563527	-0.28164902	0.26342085	-0.19553918	0.25505507	-0.431591	0.99999815	-0.5958149	0.2203102	-0.15898287	0.15676741	-0.24160755	0.27341717	-0.22634858	0.124432944	-0.14300393	0.1752318	-0.13201702	0.1582883
0.16731171	-0.10942159	0.096405074	-0.073337235	0.11992221	-0.086442314	0.08027071	-0.113910384	0.08417491	-0.07529826	0.08686993	-0.11189822	0.1186732	-0.14877188	0.15316741	-0.17762649	0.15241192	-0.15218179	0.25926307	-0.13378774	0.17865935	-0.16164348	0.18983631	-0.42065296	0.1957237	-0.19395703	0.20955506	-0.5958149	0.9999982	-0.3714821	0.12822248	-0.12572147	0.17964312	-0.42647433	0.2562737	-0.105672926	0.121907465	-0.16510335	0.14009307	-0.16918421
-0.16231804	0.106539555	-0.0975795	0.075020954	-0.1234313	0.07909764	-0.07698345	0.11547349	-0.092454895	0.08417782	-0.07911253	0.107419915	-0.11928604	0.15915585	-0.19916192	0.14768286	-0.12198154	0.115551434	-0.19888148	0.19926175	-0.14067838	0.11873415	-0.13907914	0.20312493	-0.40982094	0.12937841	-0.138745	0.2203102	-0.3714821	0.99999815	-0.11363766	0.10417271	-0.15232149	0.28315598	-0.68836534	0.093245916	-0.11266348	0.15576316	-0.14872108	0.18944067
0.11396494	-0.07332936	0.06299502	-0.04782883	0.078485526	-0.058746576	0.05335762	-0.072764724	0.052821167	-0.04692815	0.058718085	-0.07407675	0.0741485	-0.08902953	0.09082445	-0.12264304	0.09553756	-0.086734325	0.12299523	-0.072076015	0.12847745	-0.10480173	0.10336758	-0.12324094	0.10156955	-0.17731771	0.14849879	-0.15898287	0.12822248	-0.11363766	0.9999977	-0.49543354	0.2816443	-0.20598641	0.1285151	-0.6705158	0.31616458	-0.31053832	0.14989398	-0.18558736
-0.10629444	0.066978864	-0.05845184	0.044274822	-0.07320772	0.05328301	-0.048817847	0.06677428	-0.049168732	0.043553926	-0.0535811	0.067486785	-0.068637796	0.0817415	-0.08517597	0.10956676	-0.08957975	0.080653764	-0.116061315	0.066667266	-0.11846351	0.09829981	-0.09849199	0.11302537	-0.095611565	0.1440286	-0.16586374	0.15676741	-0.12572147	0.10417271	-0.49543354	0.99999744	-0.66581887	0.1893665	-0.120846115	0.2835544	-0.41400382	0.2589924	-0.13298716	0.15303282
0.14072415	-0.0906483	0.078357995	-0.059545565	0.09775025	-0.07184878	0.06583203	-0.0907011	0.06623724	-0.05891766	0.0717155	-0.09147352	0.09252701	-0.11205717	0.11519984	-0.14737816	0.11602266	-0.10758734	0.15711746	-0.092499375	0.14533143	-0.12460347	0.12890337	-0.16109867	0.1310244	-0.16878003	0.16882367	-0.24160755	0.17964312	-0.15232149	0.2816443	-0.66581887	0.99999726	-0.32633406	0.17289172	-0.27884576	0.27967295	-0.40338135	0.1927496	-0.23671801
-0.24390784	0.14570968	-0.13476636	0.101893544	-0.1723571	0.10944985	-0.10529639	0.14932005	-0.11745295	0.103591725	-0.110772885	0.14409557	-0.15585816	0.18757284	-0.21634223	0.20211965	-0.17405139	0.15958512	-0.28101262	0.1675436	-0.20579581	0.16661051	-0.19623667	0.25157565	-0.2592667	0.18060203	-0.1978719	0.27341717	-0.42647433	0.28315598	-0.20598641	0.1893665	-0.32633406	0.99999756	-0.44998965	0.159307	-0.20327817	0.25247747	-0.30977008	0.26543027
0.15739426	-0.10608679	0.09368644	-0.072216734	0.116781406	-0.07949672	0.07631054	-0.11344407	0.08532935	-0.07830506	0.07890245	-0.10731036	0.11430674	-0.15479307	0.16496348	-0.15187024	0.12023982	-0.11478787	0.186728	-0.17590038	0.1392934	-0.119552396	0.13516153	-0.20602496	0.23818803	-0.1351037	0.13682541	-0.22634858	0.2562737	-0.68836534	0.1285151	-0.120846115	0.17289172	-0.44998965	0.9999976	-0.10972304	0.13295582	-0.20393342	0.2017083	-0.32235467
-0.10190465	0.062912576	-0.05542045	0.041932143	-0.069799	0.049405098	-0.045658834	0.062516086	-0.046513658	0.041100908	-0.04972344	0.06288878	-0.064201556	0.076072276	-0.0803139	0.099051245	-0.08030432	0.0719708	-0.10605723	0.06192236	-0.10730958	0.084563926	-0.08706464	0.100370854	-0.08912548	0.1221655	-0.1180274	0.124432944	-0.105672926	0.093245916	-0.6705158	0.2835544	-0.27884576	0.159307	-0.10972304	0.9999979	-0.59687096	0.25289056	-0.13098143	0.14373277
0.11120532	-0.070060015	0.06122526	-0.046456117	0.07684069	-0.05495027	0.05073392	-0.06990192	0.051686246	-0.04584998	0.054960407	-0.07020484	0.071362495	-0.08584828	0.08986669	-0.11040263	0.08701485	-0.07938867	0.117760085	-0.07099493	0.11058232	-0.09155234	0.094657294	-0.11556316	0.10133466	-0.12518397	0.12151722	-0.14300393	0.121907465	-0.11266348	0.31616458	-0.41400382	0.27967295	-0.20327817	0.13295582	-0.59687096	0.9999978	-0.51727307	0.18920554	-0.21720111
-0.17200752	0.10190502	-0.092661105	0.069982044	-0.11830371	0.07722273	-0.07337374	0.10198293	-0.07860284	0.06917923	-0.07787376	0.10033026	-0.105198875	0.12441304	-0.13844329	0.14464113	-0.119111635	0.107407	-0.17060897	0.10477589	-0.14765686	0.11768938	-0.12959808	0.15337443	-0.15553105	0.14139281	-0.14477554	0.1752318	-0.16510335	0.15576316	-0.31053832	0.2589924	-0.40338135	0.25247747	-0.20393342	0.25289056	-0.51727307	0.9999978	-0.47090358	0.28523102
0.118306644	-0.07199765	0.06530232	-0.049518168	0.08304044	-0.054375116	0.0518561	-0.07328534	0.056461874	-0.05007626	0.05465398	-0.07132517	0.07542181	-0.09188898	0.10227194	-0.10203312	0.08361197	-0.07675137	0.12535633	-0.08249818	0.10063796	-0.08207699	0.09213455	-0.1187588	0.12153157	-0.09488119	0.09716409	-0.13201702	0.14009307	-0.14872108	0.14989398	-0.13298716	0.1927496	-0.30977008	0.2017083	-0.13098143	0.18920554	-0.47090358	0.9999978	-0.75655323
-0.1613578	0.095907025	-0.088341095	0.0668555	-0.11313039	0.07159948	-0.06894159	0.09757189	-0.07658847	0.06766324	-0.07218354	0.09434937	-0.10087473	0.12165762	-0.140208	0.13093187	-0.10855845	0.09877439	-0.16369832	0.11001422	-0.1302791	0.10458951	-0.118777275	0.14729068	-0.16767952	0.11734435	-0.121485956	0.1582883	-0.16918421	0.18944067	-0.18558736	0.15303282	-0.23671801	0.26543027	-0.32235467	0.14373277	-0.21720111	0.28523102	-0.75655323	0.9999978
