1.3457596953958273
0.9897433556616306
1.6138967629522085
1.0245959106832743
0.894057884812355
1.203192288056016
1.7773041613399982
1.2981851305812597
0.6035955511033535
0.6116895619779825
0.6806780453771353
1.5688948407769203
0.622896259650588
1.7436565589159727
0.6022187694907188
0.6121215354651213
1.363006440922618
1.9965269081294537
1.058496793732047
0.554425373673439
1.5354085229337215
1.6288897544145584
1.9627105072140694
1.230276431888342
0.21755480580031872
1.0980266593396664
1.3827440589666367
1.9785721022635698
1.7872689012438059
1.8939722497016191
0.4946457985788584
0.9046357311308384
0.4711342714726925
1.2004293370991945
0.39715166576206684
0.48298043571412563
0.047339990735054016
1.6632381230592728
0.8413216639310122
0.021384095773100853
1.1876627709716558
1.0191518533974886
0.016193576157093048
1.0866588428616524
0.11036605760455132
0.08168739266693592
1.0070722717791796
0.7265983000397682
0.8984788898378611
0.4006108585745096
1.7267592791467905
1.8105873372405767
1.6415721792727709
0.5493675377219915
0.7614609152078629
0.36297533474862576
1.7005475014448166
1.7104708328843117
1.674767144024372
0.9724490996450186
1.9734452050179243
0.09284191019833088
1.090091286227107
0.51164042763412
1.330038096755743
0.02260960079729557
0.1025485023856163
