1.0	-0.6407275	0.14330563	-0.05273993	0.05803561	-0.6314618	0.32710963	-0.100494824	0.046094142	-0.049261276	0.18468224	-0.21341115	0.13243592	-0.059203126	0.0555212	-0.20901023	0.12293506	-0.091695696	0.07930145	-0.06947933	0.033670366	-0.03491675	0.06242369	-0.065116875	0.06178255	-0.027890675	0.028416231	-0.053519078	0.048973266	-0.05884675	0.020979248	-0.03138507	0.05222329	-0.058072463	0.037227523	-0.021333965	0.029079104	-0.05016262	0.0461002	-0.05156663
-0.6407275	0.9999995	-0.1557943	0.050145686	-0.055993676	0.31823003	-0.6590527	0.100922614	-0.043439515	0.04537429	-0.14316925	0.19093363	-0.13520543	0.05472809	-0.051583387	0.14590482	-0.1145916	0.08173579	-0.07231674	0.06144145	-0.026657077	0.027945014	-0.055293545	0.05709351	-0.055110373	0.022253871	-0.02326921	0.046341006	-0.042631194	0.050583363	-0.017228706	0.026133994	-0.045274146	0.04955907	-0.031912833	0.017443119	-0.024368638	0.04269261	-0.03975046	0.04390871
0.14330563	-0.1557943	0.9999992	-0.21203186	0.17464936	-0.19152988	0.15984423	-0.6712651	0.14159533	-0.1492238	0.17975028	-0.33407688	0.32121482	-0.17238112	0.14522511	-0.26088363	0.20435317	-0.19935833	0.16937548	-0.17023149	0.057711735	-0.06434398	0.13877499	-0.154407	0.14183845	-0.051485796	0.05487787	-0.12841305	0.11618471	-0.1475947	0.041428983	-0.06770242	0.12148458	-0.14615996	0.0928149	-0.042828046	0.062037375	-0.12268425	0.10769598	-0.13176662
-0.05273993	0.050145686	-0.21203186	0.9999992	-0.87432986	0.065448746	-0.0557154	0.12584104	-0.30475348	0.21803243	-0.06442123	0.10887359	-0.13043207	0.19268882	-0.1775767	0.088546135	-0.09672221	0.0891376	-0.10431042	0.105442844	-0.024805857	0.028133009	-0.073078506	0.08210188	-0.08815404	0.022440707	-0.02484712	0.06277139	-0.05924436	0.071812056	-0.018826809	0.031211905	-0.06041954	0.06837853	-0.044389404	0.019283041	-0.029006884	0.057301484	-0.052913357	0.061128862
0.05803561	-0.055993676	0.17464936	-0.87432986	0.99999917	-0.074670635	0.06161876	-0.12777644	0.23237672	-0.27623478	0.072462246	-0.12374698	0.12885012	-0.21843539	0.17661297	-0.102745056	0.10371346	-0.098563775	0.11073168	-0.118163586	0.028466059	-0.03242239	0.08121433	-0.092934184	0.095466845	-0.025938867	0.028560018	-0.072327405	0.067537725	-0.08394407	0.021705413	-0.03625567	0.069117896	-0.0807532	0.05203036	-0.022344764	0.033502672	-0.06740178	0.060926612	-0.072595485
-0.6314618	0.31823003	-0.19152988	0.065448746	-0.074670635	0.9999991	-0.55901814	0.12370119	-0.05714219	0.05971224	-0.30952695	0.24411832	-0.17669237	0.07203496	-0.0687182	0.22533864	-0.15884545	0.1097977	-0.09823053	0.08193539	-0.038595803	0.039507836	-0.07486374	0.07641334	-0.07431124	0.03154045	-0.03266928	0.062003076	-0.057219278	0.06721785	-0.024096776	0.035834964	-0.061042544	0.065865844	-0.042488664	0.024282167	-0.03351879	0.05707159	-0.053611677	0.058200423
0.32710963	-0.6590527	0.15984423	-0.0557154	0.06161876	-0.55901814	0.9999991	-0.120630845	0.049544852	-0.05208351	0.19296412	-0.32014936	0.15700279	-0.06339258	0.059097685	-0.19881597	0.13803843	-0.09976075	0.084345266	-0.07234356	0.032600254	-0.033848777	0.06430277	-0.06708232	0.06389605	-0.026933188	0.027727997	-0.054191183	0.049427472	-0.05901394	0.020420028	-0.030729854	0.05239088	-0.057642687	0.037077915	-0.020703616	0.02855348	-0.04960811	0.04583741	-0.051082555
-0.100494824	0.100922614	-0.6712651	0.12584104	-0.12777644	0.12370119	-0.120630845	0.99999917	-0.12864093	0.11298072	-0.12684126	0.22977869	-0.627349	0.1393355	-0.117569	0.15920527	-0.15862001	0.14845502	-0.1275128	0.11478489	-0.03598612	0.039781302	-0.09374108	0.10124599	-0.09738086	0.031574592	-0.034059074	0.080489345	-0.07315367	0.089592256	-0.025491523	0.041152302	-0.07598074	0.086778395	-0.055736195	0.026103286	-0.038044654	0.0730612	-0.06601492	0.07750637
0.046094142	-0.043439515	0.14159533	-0.30475348	0.23237672	-0.05714219	0.049544852	-0.12864093	0.99999934	-0.6505082	0.058978632	-0.101331286	0.13623472	-0.5866627	0.31125903	-0.079548985	0.09960585	-0.097183034	0.12967774	-0.13930461	0.023185188	-0.026489703	0.076343104	-0.09224617	0.10406921	-0.020921463	0.02341476	-0.06352391	0.05969145	-0.072308026	0.0175894	-0.02936671	0.05878257	-0.06527736	0.04300136	-0.017971851	0.02728708	-0.0539628	0.049981732	-0.058129188
-0.049261276	0.04537429	-0.1492238	0.21803243	-0.27623478	0.05971224	-0.05208351	0.11298072	-0.6505082	0.9999992	-0.062230933	0.103369206	-0.13609633	0.32773143	-0.5786882	0.08293347	-0.11494037	0.1068947	-0.15462965	0.1701816	-0.02571521	0.029445034	-0.089333996	0.10624663	-0.13349548	0.023203986	-0.026223373	0.07208824	-0.06922854	0.0820792	-0.019677639	0.03285666	-0.06727237	0.07283308	-0.048497748	0.020033415	-0.030673716	0.06019879	-0.056775775	0.06459678
0.18468224	-0.14316925	0.17975028	-0.06442123	0.072462246	-0.30952695	0.19296412	-0.12684126	0.058978632	-0.062230933	0.9999993	-0.47314408	0.19343725	-0.07666332	0.07215257	-0.75176615	0.20465149	-0.13781057	0.10995384	-0.09165623	0.059707515	-0.056622118	0.08215525	-0.08507197	0.08037943	-0.045522615	0.04247204	-0.06806565	0.06132905	-0.07256318	0.030367423	-0.042402912	0.06547991	-0.070483126	0.045387194	-0.030680552	0.03915882	-0.061479487	0.05675846	-0.06210473
-0.21341115	0.19093363	-0.33407688	0.10887359	-0.12374698	0.24411832	-0.32014936	0.22977869	-0.101331286	0.103369206	-0.47314408	0.9999991	-0.4563861	0.12982076	-0.1220094	0.30418244	-0.3842217	0.2181058	-0.18205827	0.1443262	-0.05676892	0.05924464	-0.12870151	0.13211264	-0.12765673	0.04660186	-0.049490027	0.10359853	-0.094198786	0.110513866	-0.036241323	0.055197757	-0.09888892	0.10608859	-0.068705775	0.036480695	-0.051639453	0.09076554	-0.084861435	0.09357627
0.13243592	-0.13520543	0.32121482	-0.13043207	0.12885012	-0.17669237	0.15700279	-0.627349	0.13623472	-0.13609633	0.19343725	-0.4563861	0.99999887	-0.20261025	0.14931549	-0.25404322	0.23034115	-0.25625017	0.17781018	-0.16521081	0.05173124	-0.056991175	0.1307346	-0.14531548	0.13385154	-0.045094058	0.048049223	-0.11433885	0.101603754	-0.12639537	0.035771064	-0.057637338	0.10496583	-0.121605136	0.0778977	-0.036726635	0.053007558	-0.1019507	0.09079879	-0.10872203
-0.059203126	0.05472809	-0.17238112	0.19268882	-0.21843539	0.07203496	-0.06339258	0.1393355	-0.5866627	0.32773143	-0.07666332	0.12982076	-0.20261025	0.9999987	-0.6180723	0.10102729	-0.14283967	0.1367422	-0.21438478	0.19995934	-0.030466558	0.034840062	-0.10674063	0.12859446	-0.15513141	0.027370028	-0.03088597	0.085386515	-0.08111605	0.096228406	-0.023095412	0.038503043	-0.078756	0.085169256	-0.056657083	0.023508905	-0.035905577	0.07031191	-0.06603949	0.075459935
0.0555212	-0.051583387	0.14522511	-0.1775767	0.17661297	-0.0687182	0.059097685	-0.117569	0.31125903	-0.5786882	0.07215257	-0.1220094	0.14931549	-0.6180723	0.9999984	-0.09799899	0.13386329	-0.13560858	0.19543043	-0.31900373	0.030868998	-0.035649896	0.11058504	-0.14317851	0.17172305	-0.02802513	0.03169736	-0.091551475	0.08614252	-0.10615981	0.023754157	-0.040121686	0.08241919	-0.091257386	0.060864054	-0.024263926	0.03725237	-0.074452735	0.06900807	-0.081301995
-0.20901023	0.14590482	-0.26088363	0.088546135	-0.102745056	0.22533864	-0.19881597	0.15920527	-0.079548985	0.08293347	-0.75176615	0.30418244	-0.25404322	0.10102729	-0.09799899	0.999998	-0.31467012	0.17748919	-0.15317677	0.12030176	-0.08935209	0.07678202	-0.11214371	0.11233887	-0.10916598	0.06219402	-0.059018083	0.08991145	-0.082100555	0.09490279	-0.042099673	0.05728403	-0.088291205	0.092285745	-0.05969448	0.041814703	-0.053549156	0.081153914	-0.07645542	0.08093508
0.12293506	-0.1145916	0.20435317	-0.09672221	0.10371346	-0.15884545	0.13803843	-0.15862001	0.09960585	-0.11494037	0.20465149	-0.3842217	0.23034115	-0.14283967	0.13386329	-0.31467012	0.9999978	-0.67123383	0.27090445	-0.23793702	0.06432854	-0.07404655	0.18661991	-0.21351388	0.17828493	-0.054796766	0.060291644	-0.15720308	0.12996277	-0.16103496	0.043097213	-0.06998407	0.1314027	-0.14810352	0.09543706	-0.04391909	0.064304605	-0.12281562	0.10890339	-0.13099769
-0.091695696	0.08173579	-0.19935833	0.0891376	-0.098563775	0.1097977	-0.09976075	0.14845502	-0.097183034	0.1068947	-0.13781057	0.2181058	-0.25625017	0.1367422	-0.13560858	0.17748919	-0.67123383	0.99999785	-0.5110735	0.23130149	-0.05106876	0.05897988	-0.23716058	0.21402939	-0.19222222	0.04406727	-0.05046897	0.14941373	-0.124091245	0.14230698	-0.03615655	0.059702013	-0.12411084	0.128071	-0.08376917	0.036572788	-0.055441037	0.10585969	-0.097041264	0.111409
0.07930145	-0.07231674	0.16937548	-0.10431042	0.11073168	-0.09823053	0.084345266	-0.1275128	0.12967774	-0.15462965	0.10995384	-0.18205827	0.17781018	-0.21438478	0.19543043	-0.15317677	0.27090445	-0.5110735	0.99999815	-0.55255544	0.051810812	-0.061245613	0.22465493	-0.3829842	0.2840907	-0.046996307	0.053893384	-0.1769591	0.15159962	-0.18720233	0.039714728	-0.06823919	0.14376003	-0.15807733	0.10465376	-0.04059561	0.062882796	-0.12762453	0.11517157	-0.13958815
-0.06947933	0.06144145	-0.17023149	0.105442844	-0.118163586	0.08193539	-0.07234356	0.11478489	-0.13930461	0.1701816	-0.09165623	0.1443262	-0.16521081	0.19995934	-0.31900373	0.12030176	-0.23793702	0.23130149	-0.55255544	0.99999857	-0.0456246	0.05337645	-0.20769666	0.27811828	-0.5824945	0.04124275	-0.048077222	0.15262498	-0.15202929	0.17899816	-0.035558563	0.06052722	-0.1346935	0.13890523	-0.09731446	0.036001097	-0.05665074	0.111675695	-0.10731007	0.12219223
0.033670366	-0.026657077	0.057711735	-0.024805857	0.028466059	-0.038595803	0.032600254	-0.03598612	0.023185188	-0.02571521	0.059707515	-0.05676892	0.05173124	-0.030466558	0.030868998	-0.08935209	0.06432854	-0.05106876	0.051810812	-0.0456246	0.99999845	-0.67428154	0.0762404	-0.058637913	0.051301047	-0.60148567	0.31337318	-0.06753668	0.055840515	-0.059541777	0.19722968	-0.18952349	0.08411021	-0.071500875	0.043390185	-0.2002496	0.16353536	-0.091035	0.077906065	-0.05817235
-0.03491675	0.027945014	-0.06434398	0.028133009	-0.03242239	0.039507836	-0.033848777	0.039781302	-0.026489703	0.029445034	-0.056622118	0.05924464	-0.056991175	0.034840062	-0.035649896	0.07678202	-0.07404655	0.05897988	-0.061245613	0.05337645	-0.67428154	0.99999845	-0.10193415	0.07073496	-0.06195971	0.31637418	-0.5856335	0.08249171	-0.067701764	0.07002864	-0.18887037	0.209942	-0.10316485	0.08293472	-0.051026125	0.16362692	-0.20991729	0.105528444	-0.0960024	0.06737364
0.06242369	-0.055293545	0.13877499	-0.073078506	0.08121433	-0.07486374	0.06430277	-0.09374108	0.076343104	-0.089333996	0.08215525	-0.12870151	0.1307346	-0.10674063	0.11058504	-0.11214371	0.18661991	-0.23716058	0.22465493	-0.20769666	0.0762404	-0.10193415	0.9999984	-0.54665613	0.25425005	-0.06859764	0.08455449	-0.5703263	0.25101587	-0.2744293	0.05807469	-0.1052718	0.2498141	-0.2443961	0.15255025	-0.059085667	0.09485457	-0.19656156	0.16690212	-0.20005101
-0.065116875	0.05709351	-0.154407	0.08210188	-0.092934184	0.07641334	-0.06708232	0.10124599	-0.09224617	0.10624663	-0.08507197	0.13211264	-0.14531548	0.12859446	-0.14317851	0.11233887	-0.21351388	0.21402939	-0.3829842	0.27811828	-0.058637913	0.07073496	-0.54665613	0.9999983	-0.5612979	0.05220095	-0.063573584	0.24334826	-0.2238931	0.21967871	-0.045336377	0.07834891	-0.19547693	0.17736024	-0.120887525	0.045522828	-0.073360145	0.14212537	-0.13617244	0.14952931
0.06178255	-0.055110373	0.14183845	-0.08815404	0.095466845	-0.07431124	0.06389605	-0.09738086	0.10406921	-0.13349548	0.08037943	-0.12765673	0.13385154	-0.15513141	0.17172305	-0.10916598	0.17828493	-0.19222222	0.2840907	-0.5824945	0.051301047	-0.06195971	0.25425005	-0.5612979	0.9999982	-0.04799289	0.05643269	-0.21342748	0.20416562	-0.3098475	0.042048436	-0.07461332	0.16850932	-0.18864913	0.13540214	-0.042995535	0.06888269	-0.1445043	0.13405	-0.17001252
-0.027890675	0.022253871	-0.051485796	0.022440707	-0.025938867	0.03154045	-0.026933188	0.031574592	-0.020921463	0.023203986	-0.045522615	0.04660186	-0.045094058	0.027370028	-0.02802513	0.06219402	-0.054796766	0.04406727	-0.046996307	0.04124275	-0.60148567	0.31637418	-0.06859764	0.05220095	-0.04799289	0.99999815	-0.5479524	0.06458528	-0.054972053	0.056757774	-0.38774192	0.2188762	-0.090185076	0.071275376	-0.043260608	0.23749149	-0.2232072	0.09818856	-0.08662991	0.057392996
0.028416231	-0.02326921	0.05487787	-0.02484712	0.028560018	-0.03266928	0.027727997	-0.034059074	0.02341476	-0.026223373	0.04247204	-0.049490027	0.048049223	-0.03088597	0.03169736	-0.059018083	0.060291644	-0.05046897	0.053893384	-0.048077222	0.31337318	-0.5856335	0.08455449	-0.063573584	0.05643269	-0.5479524	0.9999982	-0.08313952	0.066546865	-0.0690339	0.217629	-0.40711227	0.110885374	-0.08766753	0.05214523	-0.22967555	0.23988466	-0.11708069	0.098370954	-0.06934408
-0.053519078	0.046341006	-0.12841305	0.06277139	-0.072327405	0.062003076	-0.054191183	0.080489345	-0.06352391	0.07208824	-0.06806565	0.10359853	-0.11433885	0.085386515	-0.091551475	0.08991145	-0.15720308	0.14941373	-0.1769591	0.15262498	-0.06753668	0.08249171	-0.5703263	0.24334826	-0.21342748	0.06458528	-0.08313952	0.9999984	-0.46383798	0.26664785	-0.058831185	0.11175695	-0.48747343	0.25284693	-0.15823102	0.059012704	-0.102566555	0.20061015	-0.1853692	0.1849058
0.048973266	-0.042631194	0.11618471	-0.05924436	0.067537725	-0.057219278	0.049427472	-0.07315367	0.05969145	-0.06922854	0.06132905	-0.094198786	0.101603754	-0.08111605	0.08614252	-0.082100555	0.12996277	-0.124091245	0.15159962	-0.15202929	0.055840515	-0.067701764	0.25101587	-0.2238931	0.20416562	-0.054972053	0.066546865	-0.46383798	0.99999833	-0.6849828	0.050816685	-0.09510821	0.258576	-0.34557366	0.2317975	-0.0518331	0.08781018	-0.19046374	0.1917716	-0.25741234
-0.05884675	0.050583363	-0.1475947	0.071812056	-0.08394407	0.06721785	-0.05901394	0.089592256	-0.072308026	0.0820792	-0.07256318	0.110513866	-0.12639537	0.096228406	-0.10615981	0.09490279	-0.16103496	0.14230698	-0.18720233	0.17899816	-0.059541777	0.07002864	-0.2744293	0.21967871	-0.3098475	0.056757774	-0.0690339	0.26664785	-0.6849828	0.99999845	-0.05323061	0.094263785	-0.261516	0.2752945	-0.35963526	0.053308893	-0.09084124	0.18253951	-0.2196454	0.255014
0.020979248	-0.017228706	0.041428983	-0.018826809	0.021705413	-0.024096776	0.020420028	-0.025491523	0.0175894	-0.019677639	0.030367423	-0.036241323	0.035771064	-0.023095412	0.023754157	-0.042099673	0.043097213	-0.03615655	0.039714728	-0.035558563	0.19722968	-0.18887037	0.05807469	-0.045336377	0.042048436	-0.38774192	0.217629	-0.058831185	0.050816685	-0.05323061	0.99999833	-0.26978877	0.088459104	-0.07158345	0.042222083	-0.8041645	0.24758622	-0.10902513	0.0850041	-0.05685104
-0.03138507	0.026133994	-0.06770242	0.031211905	-0.03625567	0.035834964	-0.030729854	0.041152302	-0.02936671	0.03285666	-0.042402912	0.055197757	-0.057637338	0.038503043	-0.040121686	0.05728403	-0.06998407	0.059702013	-0.06823919	0.06052722	-0.18952349	0.209942	-0.1052718	0.07834891	-0.07461332	0.2188762	-0.40711227	0.11175695	-0.09510821	0.094263785	-0.26978877	0.9999987	-0.21641327	0.13178805	-0.07773614	0.2417102	-0.74079937	0.19659469	-0.17234088	0.100849465
0.05222329	-0.045274146	0.12148458	-0.06041954	0.069117896	-0.061042544	0.05239088	-0.07598074	0.05878257	-0.06727237	0.06547991	-0.09888892	0.10496583	-0.078756	0.08241919	-0.088291205	0.1314027	-0.12411084	0.14376003	-0.1346935	0.08411021	-0.10316485	0.2498141	-0.19547693	0.16850932	-0.090185076	0.110885374	-0.48747343	0.258576	-0.261516	0.088459104	-0.21641327	0.9999986	-0.51207143	0.22023524	-0.091833785	0.17009905	-0.4409925	0.28186855	-0.28072536
-0.058072463	0.04955907	-0.14615996	0.06837853	-0.0807532	0.065865844	-0.057642687	0.086778395	-0.06527736	0.07283308	-0.070483126	0.10608859	-0.121605136	0.085169256	-0.091257386	0.092285745	-0.14810352	0.128071	-0.15807733	0.13890523	-0.071500875	0.08293472	-0.2443961	0.17736024	-0.18864913	0.071275376	-0.08766753	0.25284693	-0.34557366	0.2752945	-0.07158345	0.13178805	-0.51207143	0.99999875	-0.48985016	0.0711841	-0.12967472	0.26305485	-0.38980675	0.3085339
0.037227523	-0.031912833	0.0928149	-0.044389404	0.05203036	-0.042488664	0.037077915	-0.055736195	0.04300136	-0.048497748	0.045387194	-0.068705775	0.0778977	-0.056657083	0.060864054	-0.05969448	0.09543706	-0.08376917	0.10465376	-0.09731446	0.043390185	-0.051026125	0.15255025	-0.120887525	0.13540214	-0.043260608	0.05214523	-0.15823102	0.2317975	-0.35963526	0.042222083	-0.07773614	0.22023524	-0.48985016	0.9999987	-0.0427587	0.07526442	-0.17037655	0.22681779	-0.72328734
-0.021333965	0.017443119	-0.042828046	0.019283041	-0.022344764	0.024282167	-0.020703616	0.026103286	-0.017971851	0.020033415	-0.030680552	0.036480695	-0.036726635	0.023508905	-0.024263926	0.041814703	-0.04391909	0.036572788	-0.04059561	0.036001097	-0.2002496	0.16362692	-0.059085667	0.045522828	-0.042995535	0.23749149	-0.22967555	0.059012704	-0.0518331	0.053308893	-0.8041645	0.2417102	-0.091833785	0.0711841	-0.0427587	0.99999887	-0.40555316	0.11362302	-0.09443029	0.056945857
0.029079104	-0.024368638	0.062037375	-0.029006884	0.033502672	-0.03351879	0.02855348	-0.038044654	0.02728708	-0.030673716	0.03915882	-0.051639453	0.053007558	-0.035905577	0.03725237	-0.053549156	0.064304605	-0.055441037	0.062882796	-0.05665074	0.16353536	-0.20991729	0.09485457	-0.073360145	0.06888269	-0.2232072	0.23988466	-0.102566555	0.08781018	-0.09084124	0.24758622	-0.74079937	0.17009905	-0.12967472	0.07526442	-0.40555316	0.9999985	-0.2662162	0.16703334	-0.1010803
-0.05016262	0.04269261	-0.12268425	0.057301484	-0.06740178	0.05707159	-0.04960811	0.0730612	-0.0539628	0.06019879	-0.061479487	0.09076554	-0.1019507	0.07031191	-0.074452735	0.081153914	-0.12281562	0.10585969	-0.12762453	0.111675695	-0.091035	0.105528444	-0.19656156	0.14212537	-0.1445043	0.09818856	-0.11708069	0.20061015	-0.19046374	0.18253951	-0.10902513	0.19659469	-0.4409925	0.26305485	-0.17037655	0.11362302	-0.2662162	0.9999986	-0.7145128	0.2205555
0.0461002	-0.03975046	0.10769598	-0.052913357	0.060926612	-0.053611677	0.04583741	-0.06601492	0.049981732	-0.056775775	0.05675846	-0.084861435	0.09079879	-0.06603949	0.06900807	-0.07645542	0.10890339	-0.097041264	0.11517157	-0.10731007	0.077906065	-0.0960024	0.16690212	-0.13617244	0.13405	-0.08662991	0.098370954	-0.1853692	0.1917716	-0.2196454	0.0850041	-0.17234088	0.28186855	-0.38980675	0.22681779	-0.09443029	0.16703334	-0.7145128	0.9999986	-0.38522133
-0.05156663	0.04390871	-0.13176662	0.061128862	-0.072595485	0.058200423	-0.051082555	0.07750637	-0.058129188	0.06459678	-0.06210473	0.09357627	-0.10872203	0.075459935	-0.081301995	0.08093508	-0.13099769	0.111409	-0.13958815	0.12219223	-0.05817235	0.06737364	-0.20005101	0.14952931	-0.17001252	0.057392996	-0.06934408	0.1849058	-0.25741234	0.255014	-0.05685104	0.100849465	-0.28072536	0.3085339	-0.72328734	0.056945857	-0.1010803	0.2205555	-0.38522133	0.9999986
