0.99999994	-0.3748852	0.18769407	-0.06010791	0.057147413	-0.7223108	0.25932142	-0.21319601	0.11323728	-0.09020175	0.30052617	-0.2632034	0.21443577	-0.14307374	0.08793647	-0.11731095	0.12359795	-0.14123277	0.10713567	-0.090742625	0.114137225	-0.10196963	0.096825734	-0.125366	0.092867784	-0.22078264	0.11928159	-0.08108533	0.093399875	-0.07024428	0.11078641	-0.105543	0.10006002	-0.06916385	0.066291936	-0.22036982	0.08428794	-0.105089515	0.05532517	-0.06841584
-0.3748852	0.99999994	-0.53726196	0.09065095	-0.08999483	0.22412173	-0.58302134	0.30130363	-0.1290238	0.09724912	-0.26286498	0.25052252	-0.26473162	0.13366595	-0.08818586	0.09436997	-0.10695629	0.1135535	-0.10056201	0.08478564	-0.092941515	0.082707345	-0.07900453	0.09898197	-0.07763456	0.16164233	-0.09589363	0.0645352	-0.07546431	0.057554115	-0.08418834	0.08079132	-0.07987036	0.05523295	-0.05355671	0.15950054	-0.062869065	0.077638164	-0.043406647	0.053509474
0.18769407	-0.53726196	1.0000004	-0.15575497	0.12762949	-0.144554	0.27313912	-0.70053494	0.15109551	-0.12152542	0.1726024	-0.19080377	0.23397619	-0.14307658	0.09568495	-0.083643846	0.09293482	-0.11177996	0.102492034	-0.09189053	0.085028715	-0.076154605	0.07680839	-0.09834887	0.07757872	-0.15937224	0.09032036	-0.06332309	0.07416958	-0.05768063	0.08233713	-0.07872177	0.07804699	-0.055056445	0.053197954	-0.15990753	0.06232405	-0.077336565	0.04321206	-0.053544383
-0.06010791	0.09065095	-0.15575497	1.0000001	-0.9470181	0.04408002	-0.077102184	0.11806004	-0.17262743	0.1596149	-0.06122536	0.05981896	-0.08668476	0.09041158	-0.09816424	0.033200525	-0.037763648	0.051556624	-0.07232934	0.071432516	-0.035597082	0.031776123	-0.036301777	0.046370137	-0.04374738	0.06396813	-0.03891227	0.029838402	-0.03639965	0.030908586	-0.034886632	0.03356506	-0.03674811	0.027465524	-0.027104836	0.06465982	-0.026258083	0.032276627	-0.020717617	0.025796484
0.057147413	-0.08999483	0.12762949	-0.9470181	1.0000002	-0.042628646	0.07318885	-0.11955832	0.15432076	-0.19761911	0.058550414	-0.058327883	0.08305749	-0.092167966	0.09685886	-0.032992627	0.037346378	-0.051664904	0.07062852	-0.07357883	0.03540061	-0.031654317	0.03616324	-0.046528466	0.04331551	-0.06471864	0.038782086	-0.02978971	0.03619475	-0.030879969	0.035055324	-0.03370828	0.03657743	-0.027468896	0.026979174	-0.06560546	0.026484938	-0.032626994	0.020738697	-0.025887962
-0.7223108	0.22412173	-0.144554	0.04408002	-0.042628646	1.0000001	-0.2753714	0.1568547	-0.08398844	0.06558935	-0.54013425	0.23683901	-0.18623836	0.10430283	-0.064509526	0.091936834	-0.09840165	0.10041443	-0.078370236	0.06541395	-0.08623202	0.075893275	-0.069380194	0.087827556	-0.065889746	0.15099326	-0.08641332	0.05716645	-0.066016234	0.049535118	-0.07691828	0.0737213	-0.07059359	0.048415385	-0.046601377	0.14860427	-0.057741858	0.07160661	-0.03847565	0.047452945
0.25932142	-0.58302134	0.27313912	-0.077102184	0.07318885	-0.2753714	1.0000001	-0.37864962	0.13693307	-0.10791378	0.27617902	-0.4965699	0.2818274	-0.16082911	0.09953064	-0.1237699	0.13791858	-0.14418356	0.1169569	-0.09967114	0.11680786	-0.106979825	0.098819286	-0.12519167	0.09487062	-0.21017449	0.120344564	-0.08102036	0.09384806	-0.071132965	0.107485235	-0.1032722	0.09979657	-0.06899649	0.0664677	-0.20735864	0.080799036	-0.100193456	0.054564983	-0.06739631
-0.21319601	0.30130363	-0.70053494	0.11806004	-0.11955832	0.1568547	-0.37864962	1.0000001	-0.21614268	0.1402584	-0.21489441	0.22696176	-0.39238188	0.1668197	-0.11416722	0.09248618	-0.10540194	0.121898875	-0.120970815	0.10532347	-0.09358592	0.08351931	-0.08458465	0.10580738	-0.08612055	0.16495626	-0.09838529	0.06856031	-0.080999196	0.06323179	-0.08693949	0.083454154	-0.084727794	0.059589464	-0.058006365	0.16402808	-0.06506847	0.08027779	-0.046359316	0.057282966
0.11323728	-0.1290238	0.15109551	-0.17262743	0.15432076	-0.08398844	0.13693307	-0.21614268	0.9999999	-0.73432714	0.12598352	-0.12372436	0.19436418	-0.37796754	0.29159448	-0.08454634	0.096096314	-0.14919764	0.22274745	-0.27147454	0.093369335	-0.08404973	0.10342321	-0.13638195	0.13108133	-0.17285635	0.10449713	-0.085393704	0.1045953	-0.09524236	0.095383	-0.092158206	0.1034226	-0.082197234	0.07994768	-0.17770736	0.07264998	-0.089553505	0.06068223	-0.076863505
-0.09020175	0.09724912	-0.12152542	0.1596149	-0.19761911	0.06558935	-0.10791378	0.1402584	-0.73432714	1.0000002	-0.100296736	0.0948451	-0.15660511	0.25727403	-0.49579847	0.06297294	-0.072813235	0.11264289	-0.21486004	0.23139898	-0.06975378	0.06269746	-0.080137186	0.10221744	-0.11125489	0.12113842	-0.078044675	0.06522555	-0.08199922	0.07545686	-0.06914045	0.06713371	-0.07970787	0.062980846	-0.063032486	0.12324655	-0.05194725	0.063413255	-0.04590858	0.05753068
0.30052617	-0.26286498	0.1726024	-0.06122536	0.058550414	-0.54013425	0.27617902	-0.21489441	0.12598352	-0.100296736	1.0000004	-0.54319054	0.27028334	-0.16920398	0.101099566	-0.16818894	0.1668588	-0.169493	0.12515177	-0.10474767	0.14525719	-0.12978652	0.11585713	-0.1477323	0.108564086	-0.2584773	0.14419757	-0.095679685	0.10986906	-0.08212943	0.1299468	-0.12468033	0.1177797	-0.08077256	0.077463664	-0.25373647	0.097929016	-0.12174935	0.064427346	-0.07954217
-0.2632034	0.25052252	-0.19080377	0.05981896	-0.058327883	0.23683901	-0.4965699	0.22696176	-0.12372436	0.0948451	-0.54319054	1.0000001	-0.5028318	0.16201755	-0.09746106	0.14957313	-0.20321533	0.14860664	-0.11936073	0.096187234	-0.13257754	0.12316513	-0.10310479	0.12430172	-0.094278716	0.20370677	-0.1297805	0.08151103	-0.094224	0.07029462	-0.10653866	0.103682905	-0.10040273	0.06787617	-0.06570837	0.19536218	-0.07813197	0.09600075	-0.05331371	0.065475866
0.21443577	-0.26473162	0.23397619	-0.08668476	0.08305749	-0.18623836	0.2818274	-0.39238188	0.19436418	-0.15660511	0.27028334	-0.5028318	1.0	-0.34578195	0.16505457	-0.16428211	0.18138847	-0.23843536	0.19906412	-0.16310719	0.16382454	-0.14999501	0.15517715	-0.19643532	0.14722525	-0.31500146	0.17478423	-0.124169126	0.14444034	-0.11025407	0.16126698	-0.15444855	0.15206371	-0.10619775	0.102281846	-0.31703055	0.12262579	-0.15258594	0.08370296	-0.10364532
-0.14307374	0.13366595	-0.14307658	0.09041158	-0.092167966	0.10430283	-0.16082911	0.1668197	-0.37796754	0.25727403	-0.16920398	0.16201755	-0.34578195	0.9999998	-0.48070386	0.10195143	-0.12038727	0.18983573	-0.5567237	0.3071807	-0.11281669	0.10134148	-0.13604175	0.1618729	-0.16785301	0.18398966	-0.12546408	0.1036255	-0.1311751	0.11339283	-0.10750129	0.104608305	-0.12819631	0.09589974	-0.09710359	0.18467371	-0.079361506	0.09604145	-0.07019738	0.086721055
0.08793647	-0.08818586	0.09568495	-0.09816424	0.09685886	-0.064509526	0.09953064	-0.11416722	0.29159448	-0.49579847	0.101099566	-0.09746106	0.16505457	-0.48070386	0.99999976	-0.07133363	0.08256431	-0.14144334	0.29554698	-0.5833455	0.07948928	-0.07229512	0.098347716	-0.12835655	0.14734218	-0.13804907	0.089860976	-0.07966354	0.1003394	-0.10317732	0.079762906	-0.0780912	0.095033556	-0.08011501	0.07892413	-0.14120734	0.060270526	-0.07367345	0.056556992	-0.07205627
-0.11731095	0.09436997	-0.083643846	0.033200525	-0.032992627	0.091936834	-0.1237699	0.09248618	-0.08454634	0.06297294	-0.16818894	0.14957313	-0.16428211	0.10195143	-0.07133363	0.9999996	-0.6630569	0.18174887	-0.10074616	0.077370554	-0.60089713	0.28935653	-0.1428876	0.14123252	-0.104416795	0.24161714	-0.24355754	0.10273944	-0.114733204	0.077650994	-0.13625105	0.13919273	-0.12721941	0.075244755	-0.07385412	0.17723066	-0.08434392	0.09734302	-0.057611782	0.068426184
0.12359795	-0.10695629	0.09293482	-0.037763648	0.037346378	-0.09840165	0.13791858	-0.10540194	0.096096314	-0.072813235	0.1668588	-0.20321533	0.18138847	-0.12038727	0.08256431	-0.6630569	0.9999992	-0.274142	0.1184943	-0.09173333	0.32284132	-0.4696563	0.17739305	-0.17929427	0.12154671	-0.29159456	0.2577336	-0.12333623	0.13433863	-0.09189202	0.15541252	-0.16945657	0.14692017	-0.08940326	0.08659123	-0.21947029	0.10113497	-0.11948002	0.06841033	-0.082066156
-0.14123277	0.1135535	-0.11177996	0.051556624	-0.051664904	0.10041443	-0.14418356	0.121898875	-0.14919764	0.11264289	-0.169493	0.14860664	-0.23843536	0.18983573	-0.14144334	0.18174887	-0.274142	0.9999992	-0.2779865	0.16810685	-0.20907931	0.20165284	-0.66247547	0.3094926	-0.23279011	0.23324217	-0.23117049	0.20482609	-0.25718603	0.1601151	-0.16207384	0.16364488	-0.25214422	0.14209434	-0.14795241	0.2182891	-0.108268805	0.12453123	-0.102026336	0.118473694
0.10713567	-0.10056201	0.102492034	-0.07232934	0.07062852	-0.078370236	0.1169569	-0.120970815	0.22274745	-0.21486004	0.12515177	-0.11936073	0.19906412	-0.5567237	0.29554698	-0.10074616	0.1184943	-0.2779865	0.9999991	-0.6159473	0.11155692	-0.103613466	0.16307066	-0.2036413	0.18941228	-0.18436559	0.12597117	-0.11489517	0.14366163	-0.13697222	0.10867981	-0.10731515	0.13501643	-0.1093409	0.10699734	-0.18638547	0.08109307	-0.0985842	0.07696029	-0.097665526
-0.090742625	0.08478564	-0.09189053	0.071432516	-0.07357883	0.06541395	-0.09967114	0.10532347	-0.27147454	0.23139898	-0.10474767	0.096187234	-0.16310719	0.3071807	-0.5833455	0.077370554	-0.09173333	0.16810685	-0.6159473	0.9999989	-0.08769095	0.08030583	-0.121659346	0.15226015	-0.24906152	0.141471	-0.10044954	0.0960493	-0.12682804	0.1385535	-0.08653486	0.08568222	-0.11469271	0.09921195	-0.10261866	0.1438011	-0.06458755	0.077984974	-0.067971066	0.085813835
0.114137225	-0.092941515	0.085028715	-0.035597082	0.03540061	-0.08623202	0.11680786	-0.09358592	0.093369335	-0.06975378	0.14525719	-0.13257754	0.16382454	-0.11281669	0.07948928	-0.60089713	0.32284132	-0.20907931	0.11155692	-0.08769095	0.999999	-0.50778884	0.16037051	-0.17481804	0.12140854	-0.4102942	0.27768046	-0.12573734	0.1347512	-0.09258168	0.17552811	-0.1876052	0.15156151	-0.0915039	0.088132836	-0.23290548	0.108907215	-0.12771668	0.07067345	-0.08460203
-0.10196963	0.082707345	-0.076154605	0.031776123	-0.031654317	0.075893275	-0.106979825	0.08351931	-0.08404973	0.06269746	-0.12978652	0.12316513	-0.14999501	0.10134148	-0.07229512	0.28935653	-0.4696563	0.20165284	-0.103613466	0.08030583	-0.50778884	0.9999987	-0.20091821	0.16967823	-0.11593243	0.26485917	-0.5889334	0.13013563	-0.13541612	0.08830777	-0.17585155	0.19430532	-0.15491787	0.08643084	-0.083677515	0.19931059	-0.10160133	0.11386953	-0.065492965	0.07737362
0.096825734	-0.07900453	0.07680839	-0.036301777	0.03616324	-0.069380194	0.098819286	-0.08458465	0.10342321	-0.080137186	0.11585713	-0.10310479	0.15517715	-0.13604175	0.098347716	-0.1428876	0.17739305	-0.66247547	0.16307066	-0.121659346	0.16037051	-0.20091821	0.9999988	-0.5791819	0.18547529	-0.19383013	0.1838422	-0.24087626	0.23478532	-0.14135762	0.13073152	-0.13866964	0.20949943	-0.1241897	0.122095324	-0.18243024	0.08918546	-0.10448339	0.085336395	-0.101691164
-0.125366	0.09898197	-0.09834887	0.046370137	-0.046528466	0.087827556	-0.12519167	0.10580738	-0.13638195	0.10221744	-0.1477323	0.12430172	-0.19643532	0.1618729	-0.12835655	0.14123252	-0.17929427	0.3094926	-0.2036413	0.15226015	-0.17481804	0.16967823	-0.5791819	0.9999988	-0.3342023	0.21822971	-0.21346955	0.2548211	-0.45091465	0.2200199	-0.16135415	0.1650489	-0.29505453	0.17837621	-0.18921576	0.21381213	-0.110028036	0.126396	-0.12184234	0.14061259
0.092867784	-0.07763456	0.07757872	-0.04374738	0.04331551	-0.065889746	0.09487062	-0.08612055	0.13108133	-0.11125489	0.108564086	-0.094278716	0.14722525	-0.16785301	0.14734218	-0.104416795	0.12154671	-0.23279011	0.18941228	-0.24906152	0.12140854	-0.11593243	0.18547529	-0.3342023	0.99999857	-0.199181	0.14796694	-0.20088623	0.26864022	-0.6831436	0.13254683	-0.13824138	0.2051259	-0.28173387	0.26810202	-0.21193802	0.10518601	-0.12843853	0.1615129	-0.22302231
-0.22078264	0.16164233	-0.15937224	0.06396813	-0.06471864	0.15099326	-0.21017449	0.16495626	-0.17285635	0.12113842	-0.2584773	0.20370677	-0.31500146	0.18398966	-0.13804907	0.24161714	-0.29159456	0.23324217	-0.18436559	0.141471	-0.4102942	0.26485917	-0.19383013	0.21822971	-0.199181	0.99999833	-0.40666136	0.18097527	-0.21112043	0.14312315	-0.38614094	0.2668628	-0.24997969	0.13908397	-0.14059627	0.30637994	-0.16238505	0.17290777	-0.108118415	0.12455497
0.11928159	-0.09589363	0.09032036	-0.03891227	0.038782086	-0.08641332	0.120344564	-0.09838529	0.10449713	-0.078044675	0.14419757	-0.1297805	0.17478423	-0.12546408	0.089860976	-0.24355754	0.2577336	-0.23117049	0.12597117	-0.10044954	0.27768046	-0.5889334	0.1838422	-0.21346955	0.14796694	-0.40666136	0.99999833	-0.19681057	0.17541118	-0.11768972	0.25990084	-0.41255474	0.21347673	-0.119767345	0.112039536	-0.3108013	0.15750483	-0.18127932	0.091656394	-0.10921171
-0.08108533	0.0645352	-0.06332309	0.029838402	-0.02978971	0.05716645	-0.08102036	0.06856031	-0.085393704	0.06522555	-0.095679685	0.08151103	-0.124169126	0.1036255	-0.07966354	0.10273944	-0.12333623	0.20482609	-0.11489517	0.0960493	-0.12573734	0.13013563	-0.24087626	0.2548211	-0.20088623	0.18097527	-0.19681057	0.9999981	-0.572879	0.18968293	-0.15892747	0.18191738	-0.66366774	0.1820594	-0.1689362	0.18518552	-0.10169654	0.11511465	-0.11217846	0.12698473
0.093399875	-0.07546431	0.07416958	-0.03639965	0.03619475	-0.066016234	0.09384806	-0.080999196	0.1045953	-0.08199922	0.10986906	-0.094224	0.14444034	-0.1311751	0.1003394	-0.114733204	0.13433863	-0.25718603	0.14366163	-0.12682804	0.1347512	-0.13541612	0.23478532	-0.45091465	0.26864022	-0.21112043	0.17541118	-0.572879	0.9999981	-0.3791484	0.15165593	-0.17020224	0.3031601	-0.26300314	0.22152852	-0.2217118	0.11159165	-0.1340513	0.14349388	-0.17640026
-0.07024428	0.057554115	-0.05768063	0.030908586	-0.030879969	0.049535118	-0.071132965	0.06323179	-0.09524236	0.07545686	-0.08212943	0.07029462	-0.11025407	0.11339283	-0.10317732	0.077650994	-0.09189202	0.1601151	-0.13697222	0.1385535	-0.09258168	0.08830777	-0.14135762	0.2200199	-0.6831436	0.14312315	-0.11768972	0.18968293	-0.3791484	0.99999803	-0.10450602	0.109741814	-0.20290624	0.25640702	-0.47011584	0.15098375	-0.081416294	0.09654591	-0.15016778	0.18113492
0.11078641	-0.08418834	0.08233713	-0.034886632	0.035055324	-0.07691828	0.107485235	-0.08693949	0.095383	-0.06914045	0.1299468	-0.10653866	0.16126698	-0.10750129	0.079762906	-0.13625105	0.15541252	-0.16207384	0.10867981	-0.08653486	0.17552811	-0.17585155	0.13073152	-0.16135415	0.13254683	-0.38614094	0.25990084	-0.15892747	0.15165593	-0.10450602	0.9999979	-0.6931064	0.21391584	-0.1119304	0.10357413	-0.46784922	0.19968037	-0.20902629	0.08880223	-0.10278435
-0.105543	0.08079132	-0.07872177	0.03356506	-0.03370828	0.0737213	-0.1032722	0.083454154	-0.092158206	0.06713371	-0.12468033	0.103682905	-0.15444855	0.104608305	-0.0780912	0.13919273	-0.16945657	0.16364488	-0.10731515	0.08568222	-0.1876052	0.19430532	-0.13866964	0.1650489	-0.13824138	0.2668628	-0.41255474	0.18191738	-0.17020224	0.109741814	-0.6931064	0.99999803	-0.32069436	0.11878836	-0.11010987	0.28834683	-0.25780475	0.20455481	-0.092160456	0.10350361
0.10006002	-0.07987036	0.07804699	-0.03674811	0.03657743	-0.07059359	0.09979657	-0.084727794	0.1034226	-0.07970787	0.1177797	-0.10040273	0.15206371	-0.12819631	0.095033556	-0.12721941	0.14692017	-0.25214422	0.13501643	-0.11469271	0.15156151	-0.15491787	0.20949943	-0.29505453	0.2051259	-0.24997969	0.21347673	-0.66366774	0.3031601	-0.20290624	0.21391584	-0.32069436	0.9999981	-0.2686309	0.1921769	-0.2710019	0.14361513	-0.1691793	0.14446002	-0.17137097
-0.06916385	0.05523295	-0.055056445	0.027465524	-0.027468896	0.048415385	-0.06899649	0.059589464	-0.082197234	0.062980846	-0.08077256	0.06787617	-0.10619775	0.09589974	-0.08011501	0.075244755	-0.08940326	0.14209434	-0.1093409	0.09921195	-0.0915039	0.08643084	-0.1241897	0.17837621	-0.28173387	0.13908397	-0.119767345	0.1820594	-0.26300314	0.25640702	-0.1119304	0.11878836	-0.2686309	0.99999785	-0.67692447	0.15067384	-0.102084845	0.11867137	-0.45058388	0.294565
0.066291936	-0.05355671	0.053197954	-0.027104836	0.026979174	-0.046601377	0.0664677	-0.058006365	0.07994768	-0.063032486	0.077463664	-0.06570837	0.102281846	-0.09710359	0.07892413	-0.07385412	0.08659123	-0.14795241	0.10699734	-0.10261866	0.088132836	-0.083677515	0.122095324	-0.18921576	0.26810202	-0.14059627	0.112039536	-0.1689362	0.22152852	-0.47011584	0.10357413	-0.11010987	0.1921769	-0.67692447	0.9999977	-0.15312552	0.092051536	-0.11148577	0.25640976	-0.36152458
-0.22036982	0.15950054	-0.15990753	0.06465982	-0.06560546	0.14860427	-0.20735864	0.16402808	-0.17770736	0.12324655	-0.25373647	0.19536218	-0.31703055	0.18467371	-0.14120734	0.17723066	-0.21947029	0.2182891	-0.18638547	0.1438011	-0.23290548	0.19931059	-0.18243024	0.21381213	-0.21193802	0.30637994	-0.3108013	0.18518552	-0.2217118	0.15098375	-0.46784922	0.28834683	-0.2710019	0.15067384	-0.15312552	0.9999978	-0.33677623	0.25067043	-0.12692575	0.1394882
0.08428794	-0.062869065	0.06232405	-0.026258083	0.026484938	-0.057741858	0.080799036	-0.06506847	0.07264998	-0.05194725	0.097929016	-0.07813197	0.12262579	-0.079361506	0.060270526	-0.08434392	0.10113497	-0.108268805	0.08109307	-0.06458755	0.108907215	-0.10160133	0.08918546	-0.110028036	0.10518601	-0.16238505	0.15750483	-0.10169654	0.11159165	-0.081416294	0.19968037	-0.25780475	0.14361513	-0.102084845	0.092051536	-0.33677623	0.9999978	-0.8579136	0.11967138	-0.12670556
-0.105089515	0.077638164	-0.077336565	0.032276627	-0.032626994	0.07160661	-0.100193456	0.08027779	-0.089553505	0.063413255	-0.12174935	0.09600075	-0.15258594	0.09604145	-0.07367345	0.09734302	-0.11948002	0.12453123	-0.0985842	0.077984974	-0.12771668	0.11386953	-0.10448339	0.126396	-0.12843853	0.17290777	-0.18127932	0.11511465	-0.1340513	0.09654591	-0.20902629	0.20455481	-0.1691793	0.11867137	-0.11148577	0.25067043	-0.8579136	0.9999978	-0.1621148	0.14072017
0.05532517	-0.043406647	0.04321206	-0.020717617	0.020738697	-0.03847565	0.054564983	-0.046359316	0.06068223	-0.04590858	0.064427346	-0.05331371	0.08370296	-0.07019738	0.056556992	-0.057611782	0.06841033	-0.102026336	0.07696029	-0.067971066	0.07067345	-0.065492965	0.085336395	-0.12184234	0.1615129	-0.108118415	0.091656394	-0.11217846	0.14349388	-0.15016778	0.08880223	-0.092160456	0.14446002	-0.45058388	0.25640976	-0.12692575	0.11967138	-0.1621148	0.99999774	-0.81102216
-0.06841584	0.053509474	-0.053544383	0.025796484	-0.025887962	0.047452945	-0.06739631	0.057282966	-0.076863505	0.05753068	-0.07954217	0.065475866	-0.10364532	0.086721055	-0.07205627	0.068426184	-0.082066156	0.118473694	-0.097665526	0.085813835	-0.08460203	0.07737362	-0.101691164	0.14061259	-0.22302231	0.12455497	-0.10921171	0.12698473	-0.17640026	0.18113492	-0.10278435	0.10350361	-0.17137097	0.294565	-0.36152458	0.1394882	-0.12670556	0.14072017	-0.81102216	0.99999774
