1.0	-0.64594084	0.20704927	-0.14099036	0.1503591	-0.6664233	0.23781069	-0.16984767	0.11734892	-0.072190106	0.1714171	-0.13522744	0.124282286	-0.13386418	0.05788988	-0.058678705	0.053850852	-0.093644254	0.08262995	-0.07471644	0.051353056	-0.04926749	0.081256695	-0.055815764	0.076799035	-0.026230643	0.02412534	-0.05645653	0.047685307	-0.055108294	0.022275964	-0.025572974	0.031281214	-0.04105622	0.046153363	-0.019747127	0.019483734	-0.03171605	0.03967272	-0.09023017
-0.64594084	0.9999999	-0.4082626	0.20247139	-0.22449712	0.32450247	-0.41008568	0.24195655	-0.17565526	0.100780934	-0.24183488	0.18398188	-0.18037476	0.18391855	-0.08186707	0.0800279	-0.07472893	0.13097253	-0.117722824	0.104485534	-0.071669154	0.06754817	-0.1161153	0.07897679	-0.109616935	0.036509365	-0.033636548	0.078719094	-0.06688882	0.07668466	-0.031071365	0.035601623	-0.04369746	0.05722418	-0.06440962	0.027500723	-0.02718567	0.0441817	-0.05545511	0.124672055
0.20704927	-0.4082626	0.99999994	-0.57189816	0.25107753	-0.28429472	0.2775987	-0.4635786	0.28423584	-0.1451537	0.2086017	-0.18792614	0.21771011	-0.3007654	0.11360768	-0.08447123	0.07717203	-0.16876628	0.14830029	-0.13786633	0.07423587	-0.07197965	0.13805646	-0.09683043	0.13177715	-0.044302136	0.0409902	-0.0987782	0.08278388	-0.09716575	0.037469935	-0.0437515	0.05430648	-0.07186671	0.08084101	-0.03394246	0.033297457	-0.055352613	0.06895566	-0.16111462
-0.14099036	0.20247139	-0.57189816	0.99999994	-0.36585796	0.18210848	-0.22565512	0.27078873	-0.58740216	0.15310183	-0.19767535	0.15922634	-0.2057643	0.29316646	-0.12658297	0.075843945	-0.0694926	0.15418312	-0.15288502	0.13651802	-0.06902623	0.06489904	-0.14182144	0.097696304	-0.13756965	0.043398675	-0.040353283	0.097748205	-0.083069146	0.0964919	-0.036873788	0.04305757	-0.054208927	0.07157853	-0.08093195	0.033590328	-0.03303934	0.05499584	-0.06912459	0.15935762
0.1503591	-0.22449712	0.25107753	-0.36585796	1.0000002	-0.25042275	0.223899	-0.25822604	0.25313556	-0.22390485	0.23474683	-0.20189828	0.23369807	-0.39018804	0.16498747	-0.11372365	0.09750344	-0.22770514	0.20967838	-0.2224944	0.10340346	-0.097616106	0.22299357	-0.16944727	0.22174546	-0.10142166	0.093571275	-0.23349606	0.1856992	-0.2491901	0.085022844	-0.10317274	0.13186148	-0.18170708	0.2060037	-0.083471015	0.07994719	-0.13915808	0.1708442	-0.48257944
-0.6664233	0.32450247	-0.28429472	0.18210848	-0.25042275	1.0000002	-0.4096615	0.23128158	-0.17122522	0.10664804	-0.3177701	0.20893124	-0.19494726	0.18856096	-0.08696123	0.09284762	-0.08589479	0.14222392	-0.12822923	0.113274656	-0.08309104	0.07761271	-0.12888797	0.08722987	-0.12153327	0.040751256	-0.037477266	0.086938374	-0.07403621	0.084562756	-0.034733	0.039599832	-0.048417453	0.06325688	-0.07119287	0.030569317	-0.030270796	0.048883043	-0.061445963	0.1371328
0.23781069	-0.41008568	0.2775987	-0.22565512	0.223899	-0.4096615	0.99999994	-0.55893755	0.21263851	-0.13205762	0.27826518	-0.3911741	0.25701514	-0.25272024	0.10443922	-0.11876765	0.1136545	-0.18778697	0.15090506	-0.1374936	0.09780851	-0.10163152	0.14336476	-0.09957474	0.1333956	-0.046933696	0.0430147	-0.100240216	0.08390416	-0.09719048	0.039619334	-0.045477185	0.054853257	-0.0720854	0.08073806	-0.034789007	0.034252867	-0.055762023	0.069211446	-0.15836439
-0.16984767	0.24195655	-0.4635786	0.27078873	-0.25822604	0.23128158	-0.55893755	1.0	-0.3575752	0.1448849	-0.2598431	0.2448202	-0.39890042	0.2735028	-0.11944072	0.098847285	-0.094988756	0.20785707	-0.17674418	0.14859298	-0.08726656	0.084744684	-0.1634381	0.1093505	-0.14990231	0.046595667	-0.043217197	0.10329406	-0.08814905	0.099417694	-0.039521124	0.045642275	-0.056394264	0.07380616	-0.08305955	0.035008375	-0.034583673	0.05685637	-0.07127415	0.15764031
0.11734892	-0.17565526	0.28423584	-0.58740216	0.25313556	-0.17122522	0.21263851	-0.3575752	1.0000001	-0.225707	0.18276636	-0.16004032	0.21458595	-0.58296096	0.16178355	-0.07388974	0.06798383	-0.16586067	0.16807432	-0.15618598	0.06629403	-0.06346114	0.14079043	-0.09877056	0.13836662	-0.041416187	0.03860632	-0.09424026	0.08033509	-0.092022404	0.03511631	-0.041069772	0.05160826	-0.06799616	0.076736405	-0.031786993	0.03129349	-0.052210458	0.065514706	-0.14773817
-0.072190106	0.100780934	-0.1451537	0.15310183	-0.22390485	0.10664804	-0.13205762	0.1448849	-0.225707	1.0	-0.152249	0.11995978	-0.17169866	0.22031908	-0.81375986	0.062408105	-0.05738463	0.17076534	-0.2685714	0.275737	-0.058605805	0.05466886	-0.18130837	0.12984657	-0.2101859	0.042057272	-0.0401102	0.101765715	-0.09181927	0.097563855	-0.035857093	0.04215691	-0.054842472	0.07131671	-0.081737265	0.032222573	-0.032063536	0.054158673	-0.06946301	0.13830745
0.1714171	-0.24183488	0.2086017	-0.19767535	0.23474683	-0.3177701	0.27826518	-0.2598431	0.18276636	-0.152249	0.9999999	-0.6640552	0.27538934	-0.27184078	0.118242234	-0.23941511	0.1944021	-0.2325336	0.17526318	-0.16814372	0.16489665	-0.17891653	0.17204005	-0.12316889	0.15966487	-0.06677254	0.060049795	-0.13403812	0.10955736	-0.13055187	0.055875693	-0.063389674	0.07335664	-0.09670269	0.10766489	-0.04805165	0.047111835	-0.075303115	0.092111826	-0.21916753
-0.13522744	0.18398188	-0.18792614	0.15922634	-0.20189828	0.20893124	-0.3911741	0.2448202	-0.16004032	0.11995978	-0.6640552	0.9999999	-0.42467144	0.21185215	-0.09760769	0.19223742	-0.2572225	0.21273585	-0.16457239	0.1381669	-0.1595017	0.16581617	-0.15814413	0.10551573	-0.14015837	0.052564524	-0.047395788	0.10237637	-0.08633478	0.09701452	-0.04438563	0.048924915	-0.055872608	0.07236837	-0.080756254	0.036440503	-0.036227863	0.056364853	-0.06977688	0.15365183
0.124282286	-0.18037476	0.21771011	-0.2057643	0.23369807	-0.19494726	0.25701514	-0.39890042	0.21458595	-0.17169866	0.27538934	-0.42467144	0.99999976	-0.34984437	0.13876262	-0.12895368	0.12664685	-0.553305	0.24717991	-0.2120615	0.106686555	-0.11257872	0.21561554	-0.14944433	0.18323112	-0.058500916	0.054418147	-0.13420528	0.111733116	-0.1256651	0.049035303	-0.057409734	0.07018175	-0.09220344	0.10258727	-0.043265015	0.042527065	-0.07107519	0.08760029	-0.1940171
-0.13386418	0.18391855	-0.3007654	0.29316646	-0.39018804	0.18856096	-0.25272024	0.2735028	-0.58296096	0.22031908	-0.27184078	0.21185215	-0.34984437	0.9999998	-0.22342049	0.10170318	-0.09462148	0.2348269	-0.28104636	0.21351013	-0.094221674	0.08760015	-0.21601096	0.14583318	-0.21021637	0.05754848	-0.053935092	0.1313113	-0.11461433	0.12662785	-0.049121525	0.05701105	-0.07230428	0.094265915	-0.10680856	0.04405999	-0.043699507	0.072300956	-0.09187046	0.19615605
0.05788988	-0.08186707	0.11360768	-0.12658297	0.16498747	-0.08696123	0.10443922	-0.11944072	0.16178355	-0.81375986	0.118242234	-0.09760769	0.13876262	-0.22342049	0.99999994	-0.050556704	0.046355374	-0.15171519	0.22359216	-0.43092185	0.04680162	-0.044301465	0.14130937	-0.1106938	0.1700047	-0.034707595	0.033056162	-0.085072614	0.0753705	-0.08197569	0.029385887	-0.034854203	0.04497653	-0.059006464	0.067113176	-0.026490267	0.026226662	-0.0447547	0.056684304	-0.11589855
-0.058678705	0.0800279	-0.08447123	0.075843945	-0.11372365	0.09284762	-0.11876765	0.098847285	-0.07388974	0.062408105	-0.23941511	0.19223742	-0.12895368	0.10170318	-0.050556704	0.9999999	-0.63063586	0.10447751	-0.08418336	0.073319204	-0.63520163	0.33147967	-0.092704356	0.062186275	-0.08101765	0.07050817	-0.05619348	0.06874928	-0.057063438	0.05969639	-0.05907714	0.051518265	-0.0395558	0.046902083	-0.050566785	0.033992287	-0.035462607	0.039108932	-0.04646941	0.0907345
0.053850852	-0.07472893	0.07717203	-0.0694926	0.09750344	-0.08589479	0.1136545	-0.094988756	0.06798383	-0.05738463	0.1944021	-0.2572225	0.12664685	-0.09462148	0.046355374	-0.63063586	0.99999976	-0.10880573	0.07892856	-0.06814422	0.32688472	-0.636329	0.0852216	-0.056955583	0.072003216	-0.050228696	0.042034633	-0.059251107	0.049005914	-0.052263476	0.041225154	-0.039630834	0.032988954	-0.0402708	0.04377928	-0.026079202	0.026693074	-0.03285403	0.039364126	-0.079915635
-0.093644254	0.13097253	-0.16876628	0.15418312	-0.22770514	0.14222392	-0.18778697	0.20785707	-0.16586067	0.17076534	-0.2325336	0.21273585	-0.553305	0.2348269	-0.15171519	0.10447751	-0.10880573	0.99999994	-0.5201239	0.25693417	-0.093726784	0.09353856	-0.3931071	0.20484224	-0.25255433	0.05898878	-0.056551654	0.14721937	-0.12989719	0.1310301	-0.04969599	0.058641605	-0.074464105	0.096053764	-0.10771296	0.043470185	-0.043173436	0.07334533	-0.09205091	0.18107478
0.08262995	-0.117722824	0.14830029	-0.15288502	0.20967838	-0.12822923	0.15090506	-0.17674418	0.16807432	-0.2685714	0.17526318	-0.16457239	0.24717991	-0.28104636	0.22359216	-0.08418336	0.07892856	-0.5201239	1.0	-0.6216256	0.07499591	-0.07448932	0.23729055	-0.20652118	0.24469219	-0.05585106	0.053300574	-0.14113303	0.122444205	-0.13097893	0.04676309	-0.056094293	0.07129786	-0.09392087	0.10479047	-0.0418573	0.04124857	-0.07128551	0.0885838	-0.18212326
-0.07471644	0.104485534	-0.13786633	0.13651802	-0.2224944	0.113274656	-0.1374936	0.14859298	-0.15618598	0.275737	-0.16814372	0.1381669	-0.2120615	0.21351013	-0.43092185	0.073319204	-0.06814422	0.25693417	-0.6216256	1.0000002	-0.06869062	0.06512395	-0.25763223	0.20604858	-0.3932591	0.053475577	-0.051636677	0.13648097	-0.12605383	0.13056318	-0.045252793	0.053897012	-0.07063319	0.092255734	-0.10656242	0.040422037	-0.04020443	0.06933714	-0.08862961	0.17006552
0.051353056	-0.071669154	0.07423587	-0.06902623	0.10340346	-0.08309104	0.09780851	-0.08726656	0.06629403	-0.058605805	0.16489665	-0.1595017	0.106686555	-0.094221674	0.04680162	-0.63520163	0.32688472	-0.093726784	0.07499591	-0.06869062	1.0000001	-0.660791	0.0884975	-0.060841333	0.07609642	-0.09993941	0.07015961	-0.07333667	0.058928713	-0.06074614	0.0726072	-0.063788	0.04189011	-0.048408706	0.051255908	-0.03938675	0.040551715	-0.041491967	0.047879253	-0.091495566
-0.04926749	0.06754817	-0.07197965	0.06489904	-0.097616106	0.07761271	-0.10163152	0.084744684	-0.06346114	0.05466886	-0.17891653	0.16581617	-0.11257872	0.08760015	-0.044301465	0.33147967	-0.636329	0.09353856	-0.07448932	0.06512395	-0.660791	1.0	-0.09070137	0.058771767	-0.07328362	0.069167055	-0.05729473	0.06366538	-0.052554913	0.05370819	-0.056730658	0.050484445	-0.036121096	0.042353883	-0.04539555	0.03151028	-0.032876804	0.035553023	-0.041929975	0.08000457
0.081256695	-0.1161153	0.13805646	-0.14182144	0.22299357	-0.12888797	0.14336476	-0.1634381	0.14079043	-0.18130837	0.17204005	-0.15814413	0.21561554	-0.21601096	0.14130937	-0.092704356	0.0852216	-0.3931071	0.23729055	-0.25763223	0.0884975	-0.09070137	0.99999976	-0.61574703	0.31582987	-0.09376632	0.093069874	-0.30172887	0.23087728	-0.21643735	0.07604504	-0.09593662	0.1207003	-0.1563684	0.16480681	-0.06668487	0.06543272	-0.11951839	0.14175434	-0.2688932
-0.055815764	0.07897679	-0.09683043	0.097696304	-0.16944727	0.08722987	-0.09957474	0.1093505	-0.09877056	0.12984657	-0.12316889	0.10551573	-0.14944433	0.14583318	-0.1106938	0.062186275	-0.056955583	0.20484224	-0.20652118	0.20604858	-0.060841333	0.058771767	-0.61574703	0.9999997	-0.6245757	0.06938077	-0.071155846	0.22141297	-0.2882985	0.18435043	-0.057378676	0.0713607	-0.097280875	0.12833132	-0.14177789	0.04989119	-0.049810715	0.091961555	-0.11755273	0.18865539
0.076799035	-0.109616935	0.13177715	-0.13756965	0.22174546	-0.12153327	0.1333956	-0.14990231	0.13836662	-0.2101859	0.15966487	-0.14015837	0.18323112	-0.21021637	0.1700047	-0.08101765	0.072003216	-0.25255433	0.24469219	-0.3932591	0.07609642	-0.07328362	0.31582987	-0.6245757	0.9999994	-0.084812805	0.083055116	-0.24541663	0.2221581	-0.26173365	0.06977598	-0.08703655	0.113979265	-0.15631387	0.17835756	-0.06303092	0.061869156	-0.11354243	0.14045657	-0.27749717
-0.026230643	0.036509365	-0.044302136	0.043398675	-0.10142166	0.040751256	-0.046933696	0.046595667	-0.041416187	0.042057272	-0.06677254	0.052564524	-0.058500916	0.05754848	-0.034707595	0.07050817	-0.050228696	0.05898878	-0.05585106	0.053475577	-0.09993941	0.069167055	-0.09376632	0.06938077	-0.084812805	0.99999934	-0.62263817	0.15955077	-0.12679164	0.08542153	-0.6417907	0.33173326	-0.10351103	0.08544128	-0.0796944	0.16139129	-0.18010621	0.093261	-0.09384485	0.09551653
0.02412534	-0.033636548	0.0409902	-0.040353283	0.093571275	-0.037477266	0.0430147	-0.043217197	0.03860632	-0.0401102	0.060049795	-0.047395788	0.054418147	-0.053935092	0.033056162	-0.05619348	0.042034633	-0.056551654	0.053300574	-0.051636677	0.07015961	-0.05729473	0.093069874	-0.071155846	0.083055116	-0.62263817	0.9999995	-0.23800203	0.13924778	-0.08996267	0.31708238	-0.65083075	0.10289203	-0.08721516	0.080645934	-0.122407734	0.12550038	-0.09144575	0.09041104	-0.09377072
-0.05645653	0.078719094	-0.0987782	0.097748205	-0.23349606	0.086938374	-0.100240216	0.10329406	-0.09424026	0.101765715	-0.13403812	0.10237637	-0.13420528	0.1313113	-0.085072614	0.06874928	-0.059251107	0.14721937	-0.14113303	0.13648097	-0.07333667	0.06366538	-0.30172887	0.22141297	-0.24541663	0.15955077	-0.23800203	0.9999996	-0.6836516	0.25768793	-0.13450749	0.16745402	-0.279191	0.23229714	-0.24223715	0.098934576	-0.10454618	0.1954316	-0.24005744	0.22854973
0.047685307	-0.06688882	0.08278388	-0.083069146	0.1856992	-0.07403621	0.08390416	-0.08814905	0.08033509	-0.09181927	0.10955736	-0.08633478	0.111733116	-0.11461433	0.0753705	-0.057063438	0.049005914	-0.12989719	0.122444205	-0.12605383	0.058928713	-0.052554913	0.23087728	-0.2882985	0.2221581	-0.12679164	0.13924778	-0.6836516	0.9999992	-0.43678913	0.09883474	-0.13327645	0.1866722	-0.29524872	0.24728566	-0.08140456	0.08193	-0.16987042	0.2131399	-0.24178019
-0.055108294	0.07668466	-0.09716575	0.0964919	-0.2491901	0.084562756	-0.09719048	0.099417694	-0.092022404	0.097563855	-0.13055187	0.09701452	-0.1256651	0.12662785	-0.08197569	0.05969639	-0.052263476	0.1310301	-0.13097893	0.13056318	-0.06074614	0.05370819	-0.21643735	0.18435043	-0.26173365	0.08542153	-0.08996267	0.25768793	-0.43678913	0.99999917	-0.07458846	0.08913054	-0.15679416	0.23043948	-0.6923921	0.0683349	-0.07077929	0.13760005	-0.22329223	0.28930226
0.022275964	-0.031071365	0.037469935	-0.036873788	0.085022844	-0.034733	0.039619334	-0.039521124	0.03511631	-0.035857093	0.055875693	-0.04438563	0.049035303	-0.049121525	0.029385887	-0.05907714	0.041225154	-0.04969599	0.04676309	-0.045252793	0.0726072	-0.056730658	0.07604504	-0.057378676	0.06977598	-0.6417907	0.31708238	-0.13450749	0.09883474	-0.07458846	0.99999946	-0.60508794	0.1000498	-0.07851309	0.06795126	-0.27509496	0.20435908	-0.096823916	0.08435908	-0.08674805
-0.025572974	0.035601623	-0.0437515	0.04305757	-0.10317274	0.039599832	-0.045477185	0.045642275	-0.041069772	0.04215691	-0.063389674	0.048924915	-0.057409734	0.05701105	-0.034854203	0.051518265	-0.039630834	0.058641605	-0.056094293	0.053897012	-0.063788	0.050484445	-0.09593662	0.0713607	-0.08703655	0.33173326	-0.65083075	0.16745402	-0.13327645	0.08913054	-0.60508794	0.9999993	-0.12435487	0.092856936	-0.08373725	0.17160606	-0.20020953	0.106824465	-0.10137047	0.098550566
0.031281214	-0.04369746	0.05430648	-0.054208927	0.13186148	-0.048417453	0.054853257	-0.056394264	0.05160826	-0.054842472	0.07335664	-0.055872608	0.07018175	-0.07230428	0.04497653	-0.0395558	0.032988954	-0.074464105	0.07129786	-0.07063319	0.04189011	-0.036121096	0.1207003	-0.097280875	0.113979265	-0.10351103	0.10289203	-0.279191	0.1866722	-0.15679416	0.1000498	-0.12435487	0.99999917	-0.36666977	0.15299655	-0.1564888	0.15237153	-0.7987941	0.27997866	-0.1786455
-0.04105622	0.05722418	-0.07186671	0.07157853	-0.18170708	0.06325688	-0.0720854	0.07380616	-0.06799616	0.07131671	-0.09670269	0.07236837	-0.09220344	0.094265915	-0.059006464	0.046902083	-0.0402708	0.096053764	-0.09392087	0.092255734	-0.048408706	0.042353883	-0.1563684	0.12833132	-0.15631387	0.08544128	-0.08721516	0.23229714	-0.29524872	0.23043948	-0.07851309	0.092856936	-0.36666977	0.99999887	-0.3255865	0.09170491	-0.09583072	0.26538286	-0.7320883	0.25122398
0.046153363	-0.06440962	0.08084101	-0.08093195	0.2060037	-0.07119287	0.08073806	-0.08305955	0.076736405	-0.081737265	0.10766489	-0.080756254	0.10258727	-0.10680856	0.067113176	-0.050566785	0.04377928	-0.10771296	0.10479047	-0.10656242	0.051255908	-0.04539555	0.16480681	-0.14177789	0.17835756	-0.0796944	0.080645934	-0.24223715	0.24728566	-0.6923921	0.06795126	-0.08373725	0.15299655	-0.3255865	0.99999917	-0.06612027	0.066947766	-0.1439329	0.22999234	-0.50203437
-0.019747127	0.027500723	-0.03394246	0.033590328	-0.083471015	0.030569317	-0.034789007	0.035008375	-0.031786993	0.032222573	-0.04805165	0.036440503	-0.043265015	0.04405999	-0.026490267	0.033992287	-0.026079202	0.043470185	-0.0418573	0.040422037	-0.03938675	0.03151028	-0.06668487	0.04989119	-0.06303092	0.16139129	-0.122407734	0.098934576	-0.08140456	0.0683349	-0.27509496	0.17160606	-0.1564888	0.09170491	-0.06612027	0.99999934	-0.90206295	0.15987185	-0.11423092	0.085872196
0.019483734	-0.02718567	0.033297457	-0.03303934	0.07994719	-0.030270796	0.034252867	-0.034583673	0.03129349	-0.032063536	0.047111835	-0.036227863	0.042527065	-0.043699507	0.026226662	-0.035462607	0.026693074	-0.043173436	0.04124857	-0.04020443	0.040551715	-0.032876804	0.06543272	-0.049810715	0.061869156	-0.18010621	0.12550038	-0.10454618	0.08193	-0.07077929	0.20435908	-0.20020953	0.15237153	-0.09583072	0.066947766	-0.90206295	0.9999992	-0.21078789	0.11182054	-0.089942865
-0.03171605	0.0441817	-0.055352613	0.05499584	-0.13915808	0.048883043	-0.055762023	0.05685637	-0.052210458	0.054158673	-0.075303115	0.056364853	-0.07107519	0.072300956	-0.0447547	0.039108932	-0.03285403	0.07334533	-0.07128551	0.06933714	-0.041491967	0.035553023	-0.11951839	0.091961555	-0.11354243	0.093261	-0.09144575	0.1954316	-0.16987042	0.13760005	-0.096823916	0.106824465	-0.7987941	0.26538286	-0.1439329	0.15987185	-0.21078789	0.9999992	-0.4068176	0.16707861
0.03967272	-0.05545511	0.06895566	-0.06912459	0.1708442	-0.061445963	0.069211446	-0.07127415	0.065514706	-0.06946301	0.092111826	-0.06977688	0.08760029	-0.09187046	0.056684304	-0.04646941	0.039364126	-0.09205091	0.0885838	-0.08862961	0.047879253	-0.041929975	0.14175434	-0.11755273	0.14045657	-0.09384485	0.09041104	-0.24005744	0.2131399	-0.22329223	0.08435908	-0.10137047	0.27997866	-0.7320883	0.22999234	-0.11423092	0.11182054	-0.4068176	0.9999994	-0.33158958
-0.09023017	0.124672055	-0.16111462	0.15935762	-0.48257944	0.1371328	-0.15836439	0.15764031	-0.14773817	0.13830745	-0.21916753	0.15365183	-0.1940171	0.19615605	-0.11589855	0.0907345	-0.079915635	0.18107478	-0.18212326	0.17006552	-0.091495566	0.08000457	-0.2688932	0.18865539	-0.27749717	0.09551653	-0.09377072	0.22854973	-0.24178019	0.28930226	-0.08674805	0.098550566	-0.1786455	0.25122398	-0.50203437	0.085872196	-0.089942865	0.16707861	-0.33158958	0.9999994
