0.23177890852093697
0.258219588547945
1.387753838673234
0.12068163976073265
0.4459611773490906
1.280741285532713
1.4754078891128302
0.9575571175664663
0.7150124311447144
1.7157919164747
1.9963054805994034
0.34711972437798977
0.08007283695042133
0.5385127384215593
0.7518425323069096
0.2567745205014944
0.5866473000496626
1.9513268936425447
1.0814744718372822
1.3627525381743908
1.5939343385398388
0.8301297407597303
1.9715463481843472
1.8897179048508406
1.13268319144845
1.0731097292155027
0.8872511181980371
1.693882916122675
1.5144130289554596
1.987679023295641
0.4019095115363598
0.009501712396740913
0.14838261529803276
1.3305975794792175
1.5466877855360508
1.5255619902163744
1.2601966317743063
1.5279807541519403
0.8454953264445066
0.38986301980912685
0.618949007242918
0.3781413547694683
1.0450881477445364
1.997925965115428
1.9290280770510435
0.6188988145440817
0.5466530509293079
0.16823462769389153
0.2848642859607935
0.1579573955386877
0.39843337796628475
0.5569863524287939
1.7954422514885664
1.4757314920425415
0.7601991929113865
0.49639941193163395
1.114413833245635
0.7286497075110674
0.9808985814452171
0.942290099337697
1.2954380344599485
0.9827032573521137
1.6410784721374512
0.16462793201208115
0.2852474767714739
1.6127446684986353
1.4518588054925203
