1.0	-0.29523936	0.1780093	-0.10009093	0.096449405	-0.727025	0.21952656	-0.19603442	0.083432265	-0.044725128	0.31560227	-0.20358093	0.1678907	-0.081480585	0.05719401	-0.17785954	0.12563628	-0.13146305	0.08524631	-0.07123146	0.1194088	-0.1276263	0.13253763	-0.09756196	0.07392398	-0.10555867	0.11168732	-0.39574715	0.08002414	-0.09291889	0.03733021	-0.039116714	0.0074991076	-0.0074870554	0.020773288	-0.031049585	0.02873175	-0.022870686	0.02679329	-0.019029032
-0.29523936	1.0000001	-0.6620368	0.156098	-0.15754436	0.19370814	-0.5086388	0.32146785	-0.10893069	0.06334534	-0.2113362	0.22906639	-0.23680277	0.0978617	-0.08234742	0.104862146	-0.10502577	0.112369016	-0.08127082	0.06544959	-0.07942305	0.090955056	-0.10861106	0.07705219	-0.060790848	0.063981846	-0.07140902	0.18822762	-0.047002465	0.053697247	-0.023293335	0.024112627	-0.004361453	0.0043457537	-0.012123906	0.018654363	-0.017576853	0.013586045	-0.016098637	0.011022534
0.1780093	-0.6620368	1.0	-0.22187823	0.16075557	-0.1451896	0.30311018	-0.5823691	0.11184525	-0.06462754	0.15695897	-0.21829262	0.20274092	-0.10199933	0.081123926	-0.09146651	0.09003299	-0.10180721	0.0767445	-0.0634768	0.06843307	-0.08070162	0.094294846	-0.072666645	0.05636799	-0.056584537	0.062510766	-0.17467804	0.043739777	-0.050249256	0.020489816	-0.021286292	0.00394948	-0.003937359	0.011024238	-0.016569963	0.015543351	-0.01212918	0.014325778	-0.010053893
-0.10009093	0.156098	-0.22187823	0.99999994	-0.78126603	0.073814474	-0.116685286	0.14334564	-0.34538057	0.21943635	-0.1089802	0.11629944	-0.1216714	0.22307129	-0.27884114	0.06846324	-0.0679161	0.07517179	-0.13906977	0.11511262	-0.053714946	0.06559116	-0.078077115	0.10300726	-0.08195248	0.044449717	-0.05003685	0.13555668	-0.047061447	0.054383848	-0.016673934	0.01730659	-0.0035902767	0.0035796936	-0.010406046	0.013735158	-0.0128466375	0.010338072	-0.012182565	0.009560507
0.096449405	-0.15754436	0.16075557	-0.78126603	1.0000001	-0.07292378	0.11005755	-0.13968949	0.22152132	-0.3613218	0.10698421	-0.1213546	0.11752796	-0.23643723	0.2526104	-0.07305269	0.070328176	-0.07900311	0.13405246	-0.12809306	0.05671777	-0.070404604	0.081962116	-0.116894476	0.08741997	-0.04804308	0.05360484	-0.15591697	0.053244486	-0.062379494	0.017953789	-0.018702611	0.0039891233	-0.0039803297	0.011629929	-0.0149521325	0.013914784	-0.0113247605	0.013290665	-0.010729706
-0.727025	0.19370814	-0.1451896	0.073814474	-0.07292378	1.0000001	-0.24604921	0.1600517	-0.062740654	0.033209205	-0.5459838	0.16405359	-0.13881579	0.060478978	-0.042703748	0.1351366	-0.09587784	0.09684992	-0.061292846	0.050547875	-0.092313446	0.09236975	-0.09753037	0.06806128	-0.05212509	0.07513825	-0.08079906	0.2512833	-0.052621506	0.06079533	-0.026523313	0.027615037	-0.0050578807	0.0050456603	-0.013944665	0.021555303	-0.020131903	0.015717197	-0.018505884	0.012723393
0.21952656	-0.5086388	0.30311018	-0.116685286	0.11005755	-0.24604921	0.99999994	-0.5906467	0.095992066	-0.047964748	0.20027515	-0.44145453	0.2692512	-0.09192563	0.06140752	-0.10689379	0.10811845	-0.121895306	0.07491222	-0.06082134	0.07943285	-0.09332098	0.11042512	-0.074409224	0.057851296	-0.06464057	0.07147262	-0.19141777	0.04646192	-0.05313768	0.023236418	-0.024108903	0.0043390975	-0.004324501	0.01201834	-0.018613249	0.017514342	-0.013525412	0.016003408	-0.010932432
-0.19603442	0.32146785	-0.5823691	0.14334564	-0.13968949	0.1600517	-0.5906467	0.9999998	-0.119553454	0.05792554	-0.1845799	0.26880547	-0.35288423	0.10645994	-0.074650794	0.10070874	-0.112508684	0.12669608	-0.08182328	0.065441884	-0.07748761	0.092797704	-0.115106285	0.0767245	-0.060442854	0.06167738	-0.069242686	0.17052661	-0.044403624	0.050524425	-0.02235997	0.023127448	-0.004111864	0.004095802	-0.011406137	0.017740723	-0.016772049	0.012861113	-0.015261831	0.010356486
0.083432265	-0.10893069	0.11184525	-0.34538057	0.22152132	-0.062740654	0.095992066	-0.119553454	0.99999964	-0.13117753	0.097626254	-0.13057065	0.13940562	-0.8194664	0.14628518	-0.072111644	0.074513726	-0.08836821	0.21629032	-0.19629918	0.056742206	-0.07497216	0.089969836	-0.15968534	0.116717525	-0.047241032	0.052994274	-0.13744041	0.06061154	-0.07112492	0.017599858	-0.018328153	0.0040881755	-0.0040792623	0.012105229	-0.014587803	0.013609159	-0.011146316	0.013065604	-0.011210174
-0.044725128	0.06334534	-0.06462754	0.21943635	-0.3613218	0.033209205	-0.047964748	0.05792554	-0.13117753	0.99999946	-0.051165044	0.05547077	-0.056048308	0.12750255	-0.8854598	0.03523238	-0.034579493	0.038843077	-0.089928664	0.08716006	-0.027703168	0.034843512	-0.04139467	0.06548185	-0.05628445	0.023268716	-0.026130151	0.07294318	-0.02797102	0.03238844	-0.0087492075	0.009104245	-0.0019925477	0.0019875986	-0.005839861	0.007284328	-0.006787191	0.0055472013	-0.006512766	0.005389182
0.31560227	-0.2113362	0.15695897	-0.1089802	0.10698421	-0.5459838	0.20027515	-0.1845799	0.097626254	-0.051165044	0.9999996	-0.25077552	0.1962152	-0.096387655	0.065499894	-0.3114428	0.17708635	-0.1772616	0.10811526	-0.09038463	0.1833067	-0.18072504	0.18010233	-0.12788971	0.09659961	-0.15485659	0.16124837	-0.53898937	0.10745318	-0.12468723	0.053224288	-0.055697482	0.010331186	-0.010312771	0.028434034	-0.04369807	0.040579163	-0.031915005	0.03743026	-0.026003027
-0.20358093	0.22906639	-0.21829262	0.11629944	-0.1213546	0.16405359	-0.44145453	0.26880547	-0.13057065	0.05547077	-0.25077552	0.99999964	-0.7197024	0.12666106	-0.0721713	0.14180574	-0.18831769	0.20513566	-0.10484876	0.08085687	-0.1127231	0.13976029	-0.18468767	0.10071801	-0.08060092	0.08651137	-0.09881774	0.20859368	-0.05635653	0.06329211	-0.03131743	0.032252997	-0.0054267165	0.005400109	-0.014903063	0.02428984	-0.023170955	0.017384376	-0.020739537	0.01345522
0.1678907	-0.23680277	0.20274092	-0.1216714	0.11752796	-0.13881579	0.2692512	-0.35288423	0.13940562	-0.056048308	0.1962152	-0.7197024	0.9999997	-0.165649	0.07147559	-0.15381783	0.19443695	-0.33057982	0.1115713	-0.089479975	0.11615892	-0.15802695	0.19348896	-0.11215401	0.085551664	-0.09306022	0.10302612	-0.23416202	0.06189569	-0.07010157	0.03263056	-0.03388628	0.005798351	-0.0057754	0.015917195	-0.025558451	0.024216814	-0.018308729	0.021717528	-0.014431426
-0.081480585	0.0978617	-0.10199933	0.22307129	-0.23643723	0.060478978	-0.09192563	0.10645994	-0.8194664	0.12750255	-0.096387655	0.12666106	-0.165649	0.99999934	-0.16973695	0.06916553	-0.0746626	0.08794291	-0.33186615	0.18834664	-0.0551002	0.072153345	-0.08931426	0.14673142	-0.11950455	0.045119457	-0.05104939	0.12582411	-0.05641375	0.06488891	-0.016869536	0.017519416	-0.0038352122	0.003824051	-0.011276638	0.013864592	-0.012985069	0.010542146	-0.012398661	0.010401376
0.05719401	-0.08234742	0.081123926	-0.27884114	0.2526104	-0.042703748	0.06140752	-0.074650794	0.14628518	-0.8854598	0.065499894	-0.0721713	0.07147559	-0.16973695	0.99999934	-0.04592667	0.044673756	-0.050400455	0.10973009	-0.11808392	0.035974465	-0.04541682	0.053545155	-0.086265676	0.0712544	-0.03040831	0.034049794	-0.09705237	0.036707383	-0.04277195	0.011412984	-0.011888238	0.0026132148	-0.0026073835	0.0076683434	-0.009526631	0.00886471	-0.007262131	0.008516677	-0.007085077
-0.17785954	0.104862146	-0.09146651	0.06846324	-0.07305269	0.1351366	-0.10689379	0.10070874	-0.072111644	0.03523238	-0.3114428	0.14180574	-0.15381783	0.06916553	-0.04592667	0.9999994	-0.40454143	0.22229022	-0.09185019	0.071587965	-0.66322154	0.27996194	-0.25562245	0.1074006	-0.086334236	0.25472537	-0.2984375	0.2474241	-0.06422542	0.07036945	-0.08272626	0.08217593	-0.009706133	0.009607573	-0.024644608	0.055190332	-0.055642806	0.036364198	-0.044499937	0.021552531
0.12563628	-0.10502577	0.09003299	-0.0679161	0.070328176	-0.09587784	0.10811845	-0.112508684	0.074513726	-0.034579493	0.17708635	-0.18831769	0.19443695	-0.0746626	0.044673756	-0.40454143	0.99999946	-0.6152931	0.09560943	-0.07658329	0.24074094	-0.5104262	0.31503502	-0.12049629	0.09079573	-0.17815311	0.18920559	-0.22921093	0.06287603	-0.069047466	0.053501047	-0.056022815	0.007392903	-0.0073462585	0.019074688	-0.038401593	0.03729329	-0.02570979	0.03074502	-0.016975362
-0.13146305	0.112369016	-0.10180721	0.07517179	-0.07900311	0.09684992	-0.121895306	0.12669608	-0.08836821	0.038843077	-0.1772616	0.20513566	-0.33057982	0.08794291	-0.050400455	0.22229022	-0.6152931	0.9999995	-0.11658028	0.08829764	-0.18803331	0.29683775	-0.5629876	0.13946006	-0.110853106	0.1330178	-0.15617979	0.20762298	-0.065443076	0.06997086	-0.04519044	0.046518616	-0.0066986247	0.0066518555	-0.017666558	0.032704256	-0.031906124	0.02241387	-0.026943643	0.015760582
0.08524631	-0.08127082	0.0767445	-0.13906977	0.13405246	-0.061292846	0.07491222	-0.08182328	0.21629032	-0.089928664	0.10811526	-0.10484876	0.1115713	-0.33186615	0.10973009	-0.09185019	0.09560943	-0.11658028	0.9999993	-0.7250926	0.07414015	-0.107717596	0.13391699	-0.39672363	0.28673014	-0.061848942	0.069851756	-0.168042	0.115448125	-0.13578479	0.02326225	-0.02429423	0.0063235625	-0.006315445	0.019258194	-0.019582195	0.01820464	-0.015475229	0.01801176	-0.018011112
-0.07123146	0.06544959	-0.0634768	0.11511262	-0.12809306	0.050547875	-0.06082134	0.065441884	-0.19629918	0.08716006	-0.09038463	0.08085687	-0.089479975	0.18834664	-0.11808392	0.071587965	-0.07658329	0.08829764	-0.7250926	0.999999	-0.05934592	0.08305958	-0.11064606	0.28983057	-0.52167284	0.048405137	-0.055713955	0.12594923	-0.09574651	0.10412005	-0.018537527	0.019259097	-0.0050658043	0.005048628	-0.015120823	0.015479894	-0.0144698275	0.012214803	-0.014301505	0.014000032
0.1194088	-0.07942305	0.06843307	-0.053714946	0.05671777	-0.092313446	0.07943285	-0.07748761	0.056742206	-0.027703168	0.1833067	-0.1127231	0.11615892	-0.0551002	0.035974465	-0.66322154	0.24074094	-0.18803331	0.07414015	-0.05934592	0.99999917	-0.3690474	0.20998974	-0.09251558	0.071120195	-0.48665488	0.28532064	-0.23866443	0.057321604	-0.063309915	0.07742371	-0.0809915	0.008919795	-0.008855498	0.021937994	-0.052453574	0.05123097	-0.033364397	0.039895806	-0.019291835
-0.1276263	0.090955056	-0.08070162	0.06559116	-0.070404604	0.09236975	-0.09332098	0.092797704	-0.07497216	0.034843512	-0.18072504	0.13976029	-0.15802695	0.072153345	-0.04541682	0.27996194	-0.5104262	0.29683775	-0.107717596	0.08305958	-0.3690474	0.9999993	-0.5787193	0.13968137	-0.11203575	0.2284214	-0.32908297	0.22470836	-0.06842481	0.0724554	-0.07360825	0.07623846	-0.008836149	0.008752757	-0.022064857	0.04867804	-0.048945	0.031646308	-0.038230248	0.019421523
0.13253763	-0.10861106	0.094294846	-0.078077115	0.081962116	-0.09753037	0.11042512	-0.115106285	0.089969836	-0.04139467	0.18010233	-0.18468767	0.19348896	-0.08931426	0.053545155	-0.25562245	0.31503502	-0.5629876	0.13391699	-0.11064606	0.20998974	-0.5787193	0.9999992	-0.24098402	0.14757517	-0.1723676	0.18832585	-0.29185137	0.089615606	-0.095740594	0.053906277	-0.057005208	0.008383325	-0.008339249	0.021961456	-0.039721154	0.038238857	-0.027160387	0.032307573	-0.019714493
-0.09756196	0.07705219	-0.072666645	0.10300726	-0.116894476	0.06806128	-0.074409224	0.0767245	-0.15968534	0.06548185	-0.12788971	0.10071801	-0.11215401	0.14673142	-0.086265676	0.1074006	-0.12049629	0.13946006	-0.39672363	0.28983057	-0.09251558	0.13968137	-0.24098402	0.99999905	-0.7321171	0.07395137	-0.086786	0.17471701	-0.2316816	0.18866774	-0.02828295	0.029349359	-0.008731741	0.0086949635	-0.024476344	0.023356708	-0.021951823	0.018588014	-0.021781392	0.02258234
0.07392398	-0.060790848	0.05636799	-0.08195248	0.08741997	-0.05212509	0.057851296	-0.060442854	0.116717525	-0.05628445	0.09659961	-0.08060092	0.085551664	-0.11950455	0.0712544	-0.086334236	0.09079573	-0.110853106	0.28673014	-0.52167284	0.071120195	-0.11203575	0.14757517	-0.7321171	0.99999875	-0.05897713	0.06706631	-0.15040272	0.15373367	-0.18001369	0.022163315	-0.02318038	0.0068627554	-0.006857329	0.02079613	-0.018699482	0.017396905	-0.015093459	0.017507765	-0.019494858
-0.10555867	0.063981846	-0.056584537	0.044449717	-0.04804308	0.07513825	-0.06464057	0.06167738	-0.047241032	0.023268716	-0.15485659	0.08651137	-0.09306022	0.045119457	-0.03040831	0.25472537	-0.17815311	0.1330178	-0.061848942	0.048405137	-0.48665488	0.2284214	-0.1723676	0.07395137	-0.05897713	0.9999987	-0.7557092	0.19261284	-0.047710054	0.05130189	-0.1391759	0.13604078	-0.011548118	0.0113854185	-0.026189027	0.07759469	-0.08115845	0.046134077	-0.05632646	0.022475543
0.11168732	-0.07140902	0.062510766	-0.05003685	0.05360484	-0.08079906	0.07147262	-0.069242686	0.052994274	-0.026130151	0.16124837	-0.09881774	0.10302612	-0.05104939	0.034049794	-0.2984375	0.18920559	-0.15617979	0.069851756	-0.055713955	0.28532064	-0.32908297	0.18832585	-0.086786	0.06706631	-0.7557092	0.9999987	-0.27738285	0.059270367	-0.06429434	0.14991464	-0.20159537	0.014079131	-0.013971735	0.030321091	-0.093677334	0.09353783	-0.05477019	0.06390958	-0.026309399
-0.39574715	0.18822762	-0.17467804	0.13555668	-0.15591697	0.2512833	-0.19141777	0.17052661	-0.13744041	0.07294318	-0.53898937	0.20859368	-0.23416202	0.12582411	-0.09705237	0.2474241	-0.22921093	0.20762298	-0.168042	0.12594923	-0.23866443	0.22470836	-0.29185137	0.17471701	-0.15040272	0.19261284	-0.27738285	0.9999987	-0.20034339	0.17035094	-0.08453339	0.08477938	-0.01641085	0.016173735	-0.04315317	0.06462916	-0.063385636	0.047861252	-0.058870386	0.037872735
0.08002414	-0.047002465	0.043739777	-0.047061447	0.053244486	-0.052621506	0.04646192	-0.044403624	0.06061154	-0.02797102	0.10745318	-0.05635653	0.06189569	-0.05641375	0.036707383	-0.06422542	0.06287603	-0.065443076	0.115448125	-0.09574651	0.057321604	-0.06842481	0.089615606	-0.2316816	0.15373367	-0.047710054	0.059270367	-0.20034339	0.9999982	-0.9236115	0.022587257	-0.023798354	0.019274347	-0.01965651	0.053140484	-0.022624595	0.020294249	-0.022942476	0.025615789	-0.05127535
-0.09291889	0.053697247	-0.050249256	0.054383848	-0.062379494	0.06079533	-0.05313768	0.050524425	-0.07112492	0.03238844	-0.12468723	0.06329211	-0.07010157	0.06488891	-0.04277195	0.07036945	-0.069047466	0.06997086	-0.13578479	0.10412005	-0.063309915	0.0724554	-0.095740594	0.18866774	-0.18001369	0.05130189	-0.06429434	0.17035094	-0.9236115	0.99999833	-0.024734026	0.025891481	-0.01942717	0.019223893	-0.06282984	0.024655065	-0.022251846	0.02491522	-0.02823972	0.054765277
0.03733021	-0.023293335	0.020489816	-0.016673934	0.017953789	-0.026523313	0.023236418	-0.02235997	0.017599858	-0.0087492075	0.053224288	-0.03131743	0.03263056	-0.016869536	0.011412984	-0.08272626	0.053501047	-0.04519044	0.02326225	-0.018537527	0.07742371	-0.07360825	0.053906277	-0.02828295	0.022163315	-0.1391759	0.14991464	-0.08453339	0.022587257	-0.024734026	0.99999857	-0.8128335	0.03156276	-0.031790026	0.050854247	-0.45013803	0.27171543	-0.1322054	0.14194573	-0.04317049
-0.039116714	0.024112627	-0.021286292	0.01730659	-0.018702611	0.027615037	-0.024108903	0.023127448	-0.018328153	0.009104245	-0.055697482	0.032252997	-0.03388628	0.017519416	-0.011888238	0.08217593	-0.056022815	0.046518616	-0.02429423	0.019259097	-0.0809915	0.07623846	-0.057005208	0.029349359	-0.02318038	0.13604078	-0.20159537	0.08477938	-0.023798354	0.025891481	-0.8128335	0.9999984	-0.03806168	0.036386892	-0.061875205	0.2887876	-0.3956154	0.14946489	-0.17912216	0.05148125
0.0074991076	-0.004361453	0.00394948	-0.0035902767	0.0039891233	-0.0050578807	0.0043390975	-0.004111864	0.0040881755	-0.0019925477	0.010331186	-0.0054267165	0.005798351	-0.0038352122	0.0026132148	-0.009706133	0.007392903	-0.0066986247	0.0063235625	-0.0050658043	0.008919795	-0.008836149	0.008383325	-0.008731741	0.0068627554	-0.011548118	0.014079131	-0.01641085	0.019274347	-0.01942717	0.03156276	-0.03806168	0.9999982	-0.9961602	0.029893324	-0.030915914	0.028563457	-0.03855423	0.043387406	-0.028755832
-0.0074870554	0.0043457537	-0.003937359	0.0035796936	-0.0039803297	0.0050456603	-0.004324501	0.004095802	-0.0040792623	0.0019875986	-0.010312771	0.005400109	-0.0057754	0.003824051	-0.0026073835	0.009607573	-0.0073462585	0.0066518555	-0.006315445	0.005048628	-0.008855498	0.008752757	-0.008339249	0.0086949635	-0.006857329	0.0113854185	-0.013971735	0.016173735	-0.01965651	0.019223893	-0.031790026	0.036386892	-0.9961602	0.9999979	-0.030945953	0.030161442	-0.028511776	0.0376093	-0.045279406	0.028560398
0.020773288	-0.012123906	0.011024238	-0.010406046	0.011629929	-0.013944665	0.01201834	-0.011406137	0.012105229	-0.005839861	0.028434034	-0.014903063	0.015917195	-0.011276638	0.0076683434	-0.024644608	0.019074688	-0.017666558	0.019258194	-0.015120823	0.021937994	-0.022064857	0.021961456	-0.024476344	0.02079613	-0.026189027	0.030321091	-0.04315317	0.053140484	-0.06282984	0.050854247	-0.061875205	0.029893324	-0.030945953	0.9999982	-0.109005265	0.08348854	-0.17718689	0.1778153	-0.9530514
-0.031049585	0.018654363	-0.016569963	0.013735158	-0.0149521325	0.021555303	-0.018613249	0.017740723	-0.014587803	0.007284328	-0.04369807	0.02428984	-0.025558451	0.013864592	-0.009526631	0.055190332	-0.038401593	0.032704256	-0.019582195	0.015479894	-0.052453574	0.04867804	-0.039721154	0.023356708	-0.018699482	0.07759469	-0.093677334	0.06462916	-0.022624595	0.024655065	-0.45013803	0.2887876	-0.030915914	0.030161442	-0.109005265	0.99999815	-0.73556423	0.24789643	-0.3297007	0.08878389
0.02873175	-0.017576853	0.015543351	-0.0128466375	0.013914784	-0.020131903	0.017514342	-0.016772049	0.013609159	-0.006787191	0.040579163	-0.023170955	0.024216814	-0.012985069	0.00886471	-0.055642806	0.03729329	-0.031906124	0.01820464	-0.0144698275	0.05123097	-0.048945	0.038238857	-0.021951823	0.017396905	-0.08115845	0.09353783	-0.063385636	0.020294249	-0.022251846	0.27171543	-0.3956154	0.028563457	-0.028511776	0.08348854	-0.73556423	0.9999982	-0.4022929	0.2625581	-0.07352804
-0.022870686	0.013586045	-0.01212918	0.010338072	-0.0113247605	0.015717197	-0.013525412	0.012861113	-0.011146316	0.0055472013	-0.031915005	0.017384376	-0.018308729	0.010542146	-0.007262131	0.036364198	-0.02570979	0.02241387	-0.015475229	0.012214803	-0.033364397	0.031646308	-0.027160387	0.018588014	-0.015093459	0.046134077	-0.05477019	0.047861252	-0.022942476	0.02491522	-0.1322054	0.14946489	-0.03855423	0.0376093	-0.17718689	0.24789643	-0.4022929	0.9999983	-0.83829045	0.15044525
0.02679329	-0.016098637	0.014325778	-0.012182565	0.013290665	-0.018505884	0.016003408	-0.015261831	0.013065604	-0.006512766	0.03743026	-0.020739537	0.021717528	-0.012398661	0.008516677	-0.044499937	0.03074502	-0.026943643	0.01801176	-0.014301505	0.039895806	-0.038230248	0.032307573	-0.021781392	0.017507765	-0.05632646	0.06390958	-0.058870386	0.025615789	-0.02823972	0.14194573	-0.17912216	0.043387406	-0.045279406	0.1778153	-0.3297007	0.2625581	-0.83829045	0.9999983	-0.22155538
-0.019029032	0.011022534	-0.010053893	0.009560507	-0.010729706	0.012723393	-0.010932432	0.010356486	-0.011210174	0.005389182	-0.026003027	0.01345522	-0.014431426	0.010401376	-0.007085077	0.021552531	-0.016975362	0.015760582	-0.018011112	0.014000032	-0.019291835	0.019421523	-0.019714493	0.02258234	-0.019494858	0.022475543	-0.026309399	0.037872735	-0.05127535	0.054765277	-0.04317049	0.05148125	-0.028755832	0.028560398	-0.9530514	0.08878389	-0.07352804	0.15044525	-0.22155538	0.9999983
