1.0000001	-0.1304244	0.034039564	-0.036314864	0.04646591	-0.9673647	0.091896355	-0.07165133	0.06361925	-0.036493983	0.13009457	-0.09307826	0.0683705	-0.05635789	0.045613144	-0.100687236	0.07924042	-0.06487416	0.049295865	-0.04260279	0.06035496	-0.06521946	0.03785066	-0.048169844	0.044494767	-0.07599663	0.059239704	-0.0685467	0.042873126	-0.036432743	0.021753525	-0.04209412	0.044396676	-0.034031432	0.06887569	-0.018024705	0.04032459	-0.035895213	0.034002785	-0.038541585
-0.1304244	1.0000002	-0.1428552	0.13338879	-0.19147244	0.11358709	-0.7103395	0.2840218	-0.2828864	0.14279401	-0.22747332	0.2767871	-0.26796302	0.19601887	-0.17218862	0.16169389	-0.23341513	0.20466632	-0.18016678	0.14935304	-0.13634951	0.16061817	-0.10249121	0.12583323	-0.15451638	0.15421171	-0.16719851	0.17432323	-0.12911136	0.122085355	-0.06424569	0.11674489	-0.1312186	0.09978445	-0.23655254	0.052307293	-0.12019369	0.10311173	-0.102399155	0.11213054
0.034039564	-0.1428552	1.0	-0.92186815	0.12369763	-0.03286563	0.12912168	-0.26212296	0.16206215	-0.10028087	0.07528745	-0.11385856	0.13855901	-0.11604457	0.08842654	-0.059438527	0.08164407	-0.112787485	0.093566895	-0.08175745	0.050303724	-0.06178548	0.044824094	-0.05573731	0.06361232	-0.060685825	0.06049972	-0.07563621	0.048512246	-0.051978674	0.0233368	-0.04374655	0.04801695	-0.037971728	0.08560337	-0.019213771	0.043634634	-0.038825095	0.03818459	-0.043473408
-0.036314864	0.13338879	-0.92186815	0.99999994	-0.15573356	0.034550622	-0.13157214	0.20289326	-0.18921381	0.110875845	-0.08236116	0.114665896	-0.14803314	0.12116292	-0.10020564	0.063490085	-0.08794256	0.115292974	-0.102494806	0.088625856	-0.05417506	0.065827124	-0.047792234	0.059237644	-0.07104292	0.064650804	-0.065978624	0.080587015	-0.053349826	0.05732302	-0.025673527	0.04760338	-0.052728105	0.041592594	-0.09633342	0.0210819	-0.04803199	0.04247893	-0.042077836	0.047594804
0.04646591	-0.19147244	0.12369763	-0.15573356	0.9999998	-0.04617843	0.13735065	-0.20324156	0.24619156	-0.8118883	0.10475401	-0.15480345	0.1623296	-0.22766623	0.25626978	-0.088491805	0.116057515	-0.20231144	0.1710673	-0.26209876	0.077779934	-0.09744388	0.083429895	-0.10838834	0.13243069	-0.10017051	0.095003456	-0.14835946	0.08283875	-0.1176569	0.037639573	-0.072028734	0.07827202	-0.06585569	0.14234601	-0.031356487	0.07054202	-0.06585608	0.06480532	-0.07826885
-0.9673647	0.11358709	-0.03286563	0.034550622	-0.04617843	0.9999998	-0.09296805	0.068395965	-0.06277363	0.035855804	-0.15270065	0.08863264	-0.06693784	0.05416284	-0.04507271	0.0975348	-0.07936471	0.061992545	-0.048076313	0.041586835	-0.05935237	0.06316203	-0.036234535	0.04576499	-0.044351354	0.07174568	-0.058506444	0.06495113	-0.042312995	0.03608997	-0.02151422	0.04118663	-0.043897178	0.03341143	-0.06927708	0.017758548	-0.039932027	0.03519107	-0.033551037	0.037671525
0.091896355	-0.7103395	0.12912168	-0.13157214	0.13735065	-0.09296805	0.9999996	-0.4535877	0.22655651	-0.111477055	0.16658449	-0.38778892	0.25258315	-0.17573205	0.12677798	-0.13168016	0.18813618	-0.18721376	0.14679523	-0.11606854	0.10505525	-0.13151704	0.07932517	-0.09726752	0.10561525	-0.1222325	0.12120323	-0.13287522	0.08969553	-0.08507869	0.04459924	-0.08487952	0.09182225	-0.070282735	0.15387481	-0.036656488	0.083280884	-0.07285076	0.070536	-0.07874081
-0.07165133	0.2840218	-0.26212296	0.20289326	-0.20324156	0.068395965	-0.4535877	0.9999995	-0.49706283	0.16612391	-0.1635408	0.26498747	-0.4924079	0.2538414	-0.17331958	0.12561002	-0.18335064	0.24452679	-0.21267517	0.15330005	-0.10462607	0.12813225	-0.08880565	0.10732749	-0.1241006	0.121704854	-0.12448164	0.143747	-0.09619034	0.09924682	-0.046794146	0.08789321	-0.09651296	0.07501969	-0.16934848	0.03841982	-0.08754634	0.0768972	-0.075405076	0.08468328
0.06361925	-0.2828864	0.16206215	-0.18921381	0.24619156	-0.06277363	0.22655651	-0.49706283	0.99999946	-0.31657138	0.14356029	-0.23140542	0.27560014	-0.556044	0.21669526	-0.11825408	0.1617186	-0.30216718	0.2598483	-0.20786348	0.100013494	-0.1250772	0.09798618	-0.121192	0.1337341	-0.12293439	0.119195186	-0.16019377	0.09650742	-0.11098351	0.04560921	-0.08698928	0.09444511	-0.075928815	0.16557398	-0.037738103	0.085309155	-0.07706959	0.075322755	-0.08719882
-0.036493983	0.14279401	-0.10028087	0.110875845	-0.8118883	0.035855804	-0.111477055	0.16612391	-0.31657138	0.99999964	-0.08406847	0.12117363	-0.13697375	0.19637543	-0.36896512	0.06944749	-0.092858456	0.15886839	-0.15272126	0.2212838	-0.06088967	0.075800836	-0.06399242	0.081903964	-0.11490494	0.07695109	-0.07481639	0.11120226	-0.06556667	0.09495853	-0.029696899	0.05634035	-0.061775595	0.051773366	-0.11816673	0.024659287	-0.05571006	0.05152737	-0.051166415	0.0610694
0.13009457	-0.22747332	0.07528745	-0.08236116	0.10475401	-0.15270065	0.16658449	-0.1635408	0.14356029	-0.08406847	0.9999995	-0.33169276	0.17967205	-0.14214581	0.1080454	-0.73934233	0.2860644	-0.17889725	0.124310605	-0.10396853	0.24013865	-0.24039489	0.10499654	-0.13111234	0.10721642	-0.29585305	0.18320176	-0.18587743	0.114138916	-0.08889233	0.06032053	-0.12560906	0.12408029	-0.09253772	0.16477284	-0.05048962	0.11107628	-0.09927303	0.08956101	-0.10164514
-0.09307826	0.2767871	-0.11385856	0.114665896	-0.15480345	0.08863264	-0.38778892	0.26498747	-0.23140542	0.12117363	-0.33169276	0.9999995	-0.49067268	0.20199639	-0.15438023	0.23417988	-0.4837337	0.24653511	-0.18836124	0.14037552	-0.18120523	0.224548	-0.11170186	0.13239537	-0.13966765	0.18968089	-0.19986667	0.18120852	-0.12934205	0.11167664	-0.066414274	0.12964886	-0.13856117	0.10145708	-0.20961906	0.054438263	-0.12430102	0.1063229	-0.10059187	0.11033629
0.0683705	-0.26796302	0.13855901	-0.14803314	0.1623296	-0.06693784	0.25258315	-0.4924079	0.27560014	-0.13697375	0.17967205	-0.49067268	0.99999946	-0.3303694	0.16841371	-0.14971144	0.22029	-0.48208642	0.2522078	-0.16442028	0.11925776	-0.15408702	0.10647232	-0.12525153	0.1255535	-0.14007854	0.13624656	-0.16084188	0.10128555	-0.101568416	0.049306728	-0.09585106	0.10241826	-0.079574585	0.16872461	-0.040715214	0.09213695	-0.08164588	0.07853593	-0.08877327
-0.05635789	0.19601887	-0.11604457	0.12116292	-0.22766623	0.05416284	-0.17573205	0.2538414	-0.556044	0.19637543	-0.14214581	0.20199639	-0.3303694	0.9999994	-0.28703254	0.11164057	-0.1609093	0.3010948	-0.5631513	0.23472889	-0.09574867	0.117805034	-0.0946358	0.113021865	-0.1478043	0.11384921	-0.11660019	0.14766163	-0.09544823	0.11522477	-0.044771902	0.084096126	-0.092889875	0.0743873	-0.17222634	0.036863353	-0.0839333	0.07491922	-0.07419838	0.08485999
0.045613144	-0.17218862	0.08842654	-0.10020564	0.25626978	-0.04507271	0.12677798	-0.17331958	0.21669526	-0.36896512	0.1080454	-0.15438023	0.16841371	-0.28703254	0.9999994	-0.09146842	0.12107954	-0.23499666	0.24218498	-0.73874766	0.08178499	-0.10297491	0.093642704	-0.12225981	0.20334397	-0.10582063	0.10196158	-0.16569564	0.09462745	-0.18108173	0.04111509	-0.07873678	0.08622522	-0.07537885	0.16959384	-0.034328964	0.07732591	-0.073345795	0.07312209	-0.09024781
-0.100687236	0.16169389	-0.059438527	0.063490085	-0.088491805	0.0975348	-0.13168016	0.12561002	-0.11825408	0.06944749	-0.73934233	0.23417988	-0.14971144	0.11164057	-0.09146842	0.9999994	-0.43061146	0.14231595	-0.10371837	0.08578682	-0.34603718	0.24277523	-0.08964639	0.10738744	-0.09458978	0.24822484	-0.18747258	0.15093318	-0.10449423	0.07756591	-0.05653106	0.11702862	-0.117917605	0.08363164	-0.14905334	0.04674071	-0.1048042	0.08991422	-0.08097916	0.089028776
0.07924042	-0.23341513	0.08164407	-0.08794256	0.116057515	-0.07936471	0.18813618	-0.18335064	0.1617186	-0.092858456	0.2860644	-0.4837337	0.22029	-0.1609093	0.12107954	-0.43061146	0.9999992	-0.2361352	0.14910325	-0.11620615	0.25240445	-0.52002776	0.122284874	-0.14566475	0.11809597	-0.26852673	0.23556687	-0.2008483	0.12761919	-0.09733402	0.06822398	-0.15532821	0.14363697	-0.10454809	0.18020967	-0.05727048	0.12665822	-0.112110235	0.09895352	-0.11080076
-0.06487416	0.20466632	-0.112787485	0.115292974	-0.20231144	0.061992545	-0.18721376	0.24452679	-0.30216718	0.15886839	-0.17889725	0.24653511	-0.48208642	0.3010948	-0.23499666	0.14231595	-0.2361352	0.9999991	-0.6073162	0.21994324	-0.12152901	0.15210436	-0.15417464	0.15198047	-0.16115735	0.13893403	-0.1469329	0.18009917	-0.11603888	0.123940326	-0.054444265	0.10310154	-0.11376487	0.08951029	-0.20149176	0.044728216	-0.10213232	0.08998947	-0.088591844	0.09942045
0.049295865	-0.18016678	0.093566895	-0.102494806	0.1710673	-0.048076313	0.14679523	-0.21267517	0.2598483	-0.15272126	0.124310605	-0.18836124	0.2522078	-0.5631513	0.24218498	-0.10371837	0.14910325	-0.6073162	0.9999991	-0.354715	0.0883314	-0.11235103	0.10288586	-0.12011803	0.14533225	-0.10694306	0.106511384	-0.14681788	0.088450514	-0.11600094	0.040609427	-0.07767062	0.0847976	-0.06916796	0.15434092	-0.033593882	0.07613539	-0.06892043	0.06785571	-0.07864922
-0.04260279	0.14935304	-0.08175745	0.088625856	-0.26209876	0.041586835	-0.11606854	0.15330005	-0.20786348	0.2212838	-0.10396853	0.14037552	-0.16442028	0.23472889	-0.73874766	0.08578682	-0.11620615	0.21994324	-0.354715	0.9999988	-0.07701952	0.09611868	-0.08800743	0.11234975	-0.31754965	0.09770572	-0.097477816	0.15009849	-0.09385197	0.18965334	-0.039771497	0.07518729	-0.08373146	0.07366658	-0.18791986	0.033077843	-0.07497689	0.07050058	-0.07172879	0.08714235
0.06035496	-0.13634951	0.050303724	-0.05417506	0.077779934	-0.05935237	0.10505525	-0.10462607	0.100013494	-0.06088967	0.24013865	-0.18120523	0.11925776	-0.09574867	0.08178499	-0.34603718	0.25240445	-0.12152901	0.0883314	-0.07701952	0.99999875	-0.48329088	0.09799019	-0.11502933	0.0917693	-0.7119377	0.24289405	-0.16197062	0.11302895	-0.07598617	0.06486111	-0.14597027	0.13434488	-0.09240605	0.14869805	-0.054194167	0.11793826	-0.10116447	0.08707326	-0.095139444
-0.06521946	0.16061817	-0.06178548	0.065827124	-0.09744388	0.06316203	-0.13151704	0.12813225	-0.1250772	0.075800836	-0.24039489	0.224548	-0.15408702	0.117805034	-0.10297491	0.24277523	-0.52002776	0.15210436	-0.11235103	0.09611868	-0.48329088	0.999999	-0.14492138	0.14962833	-0.117270775	0.30076507	-0.4820748	0.20456284	-0.15130429	0.0967868	-0.085759155	0.20571789	-0.1914382	0.12296694	-0.19056778	0.07088714	-0.16247408	0.13381904	-0.11379001	0.12174525
0.03785066	-0.10249121	0.044824094	-0.047792234	0.083429895	-0.036234535	0.07932517	-0.08880565	0.09798618	-0.06399242	0.10499654	-0.11170186	0.10647232	-0.0946358	0.093642704	-0.08964639	0.122284874	-0.15417464	0.10288586	-0.08800743	0.09799019	-0.14492138	0.99999905	-0.7964051	0.12598121	-0.115230136	0.14893134	-0.4877203	0.15529066	-0.10094714	0.055838883	-0.10838599	0.12598082	-0.11029725	0.19857001	-0.045883343	0.10583157	-0.09466159	0.09547166	-0.101648964
-0.048169844	0.12583323	-0.05573731	0.059237644	-0.10838834	0.04576499	-0.09726752	0.10732749	-0.121192	0.081903964	-0.13111234	0.13239537	-0.12525153	0.113021865	-0.12225981	0.10738744	-0.14566475	0.15198047	-0.12011803	0.11234975	-0.11502933	0.14962833	-0.7964051	0.99999887	-0.18182147	0.13514386	-0.17896192	0.30731782	-0.22302352	0.13967909	-0.07379508	0.13412142	-0.16632588	0.14463753	-0.28599483	0.060071044	-0.14016789	0.12359028	-0.12998502	0.135281
0.044494767	-0.15451638	0.06361232	-0.07104292	0.13243069	-0.044351354	0.10561525	-0.1241006	0.1337341	-0.11490494	0.10721642	-0.13966765	0.1255535	-0.1478043	0.20334397	-0.09458978	0.11809597	-0.16115735	0.14533225	-0.31754965	0.0917693	-0.117270775	0.12598121	-0.18182147	0.99999887	-0.12717529	0.1232027	-0.24376115	0.14893039	-0.7757963	0.05402668	-0.10489176	0.116907164	-0.12065945	0.28638694	-0.045748796	0.10274389	-0.10502849	0.10820002	-0.14573763
-0.07599663	0.15421171	-0.060685825	0.064650804	-0.10017051	0.07174568	-0.1222325	0.121704854	-0.12293439	0.07695109	-0.29585305	0.18968089	-0.14007854	0.11384921	-0.10582063	0.24822484	-0.26852673	0.13893403	-0.10694306	0.09770572	-0.7119377	0.30076507	-0.115230136	0.13514386	-0.12717529	0.9999989	-0.36160922	0.19586849	-0.16144547	0.10438623	-0.09504504	0.18900947	-0.19580996	0.12760624	-0.21321222	0.07688543	-0.17239457	0.13929124	-0.12289761	0.12938529
0.059239704	-0.16719851	0.06049972	-0.065978624	0.095003456	-0.058506444	0.12120323	-0.12448164	0.119195186	-0.07481639	0.18320176	-0.19986667	0.13624656	-0.11660019	0.10196158	-0.18747258	0.23556687	-0.1469329	0.106511384	-0.097477816	0.24289405	-0.4820748	0.14893134	-0.17896192	0.1232027	-0.36160922	0.99999875	-0.3111899	0.18598026	-0.10573124	0.11581764	-0.541172	0.2608743	-0.17472097	0.20224912	-0.10315302	0.21602002	-0.19870967	0.14579916	-0.163742
-0.0685467	0.17432323	-0.07563621	0.080587015	-0.14835946	0.06495113	-0.13287522	0.143747	-0.16019377	0.11120226	-0.18587743	0.18120852	-0.16084188	0.14766163	-0.16569564	0.15093318	-0.2008483	0.18009917	-0.14681788	0.15009849	-0.16197062	0.20456284	-0.4877203	0.30731782	-0.24376115	0.19586849	-0.3111899	0.99999857	-0.31496972	0.19300699	-0.11416712	0.20993578	-0.2621422	0.20726036	-0.42829663	0.09254722	-0.21735565	0.18736441	-0.19521606	0.19980769
0.042873126	-0.12911136	0.048512246	-0.053349826	0.08283875	-0.042312995	0.08969553	-0.09619034	0.09650742	-0.06556667	0.114138916	-0.12934205	0.10128555	-0.09544823	0.09462745	-0.10449423	0.12761919	-0.11603888	0.088450514	-0.09385197	0.11302895	-0.15130429	0.15529066	-0.22302352	0.14893039	-0.16144547	0.18598026	-0.31496972	0.9999983	-0.16697158	0.09353979	-0.23049994	0.2776995	-0.7527263	0.22625862	-0.08247853	0.18373255	-0.22248657	0.21348661	-0.25288162
-0.036432743	0.122085355	-0.051978674	0.05732302	-0.1176569	0.03608997	-0.08507869	0.09924682	-0.11098351	0.09495853	-0.08889233	0.11167664	-0.101568416	0.11522477	-0.18108173	0.07756591	-0.09733402	0.123940326	-0.11600094	0.18965334	-0.07598617	0.0967868	-0.10094714	0.13967909	-0.7757963	0.10438623	-0.10573124	0.19300699	-0.16697158	0.9999983	-0.04854197	0.09343672	-0.10929807	0.12084641	-0.47913304	0.040965892	-0.093200065	0.09522452	-0.10451863	0.13503645
0.021753525	-0.06424569	0.0233368	-0.025673527	0.037639573	-0.02151422	0.04459924	-0.046794146	0.04560921	-0.029696899	0.06032053	-0.066414274	0.049306728	-0.044771902	0.04111509	-0.05653106	0.06822398	-0.054444265	0.040609427	-0.039771497	0.06486111	-0.085759155	0.055838883	-0.07379508	0.05402668	-0.09504504	0.11581764	-0.11416712	0.09353979	-0.04854197	0.9999983	-0.17805342	0.13212706	-0.08818259	0.09329621	-0.910375	0.23505357	-0.21127018	0.10766732	-0.1296933
-0.04209412	0.11674489	-0.04374655	0.04760338	-0.072028734	0.04118663	-0.08487952	0.08789321	-0.08698928	0.05634035	-0.12560906	0.12964886	-0.09585106	0.084096126	-0.07873678	0.11702862	-0.15532821	0.10310154	-0.07767062	0.07518729	-0.14597027	0.20571789	-0.10838599	0.13412142	-0.10489176	0.18900947	-0.541172	0.20993578	-0.23049994	0.09343672	-0.17805342	0.9999983	-0.5734827	0.21298479	-0.17785749	0.14507845	-0.38673994	0.25727022	-0.16972211	0.17332561
0.044396676	-0.1312186	0.04801695	-0.052728105	0.07827202	-0.043897178	0.09182225	-0.09651296	0.09444511	-0.061775595	0.12408029	-0.13856117	0.10241826	-0.092889875	0.08622522	-0.117917605	0.14363697	-0.11376487	0.0847976	-0.08373146	0.13434488	-0.1914382	0.12598082	-0.16632588	0.116907164	-0.19580996	0.2608743	-0.2621422	0.2776995	-0.10929807	0.13212706	-0.5734827	0.9999984	-0.4572876	0.19696842	-0.12028568	0.27037656	-0.38855067	0.21238832	-0.2281581
-0.034031432	0.09978445	-0.037971728	0.041592594	-0.06585569	0.03341143	-0.070282735	0.07501969	-0.075928815	0.051773366	-0.09253772	0.10145708	-0.079574585	0.0743873	-0.07537885	0.08363164	-0.10454809	0.08951029	-0.06916796	0.07366658	-0.09240605	0.12296694	-0.11029725	0.14463753	-0.12065945	0.12760624	-0.17472097	0.20726036	-0.7527263	0.12084641	-0.08818259	0.21298479	-0.4572876	0.9999984	-0.20981783	0.07581475	-0.18046309	0.20495418	-0.26158962	0.2121243
0.06887569	-0.23655254	0.08560337	-0.09633342	0.14234601	-0.06927708	0.15387481	-0.16934848	0.16557398	-0.11816673	0.16477284	-0.20961906	0.16872461	-0.17222634	0.16959384	-0.14905334	0.18020967	-0.20149176	0.15434092	-0.18791986	0.14869805	-0.19056778	0.19857001	-0.28599483	0.28638694	-0.21321222	0.20224912	-0.42829663	0.22625862	-0.47913304	0.09329621	-0.17785749	0.19696842	-0.20981783	0.9999985	-0.07945574	0.17885783	-0.19052553	0.20846982	-0.32881945
-0.018024705	0.052307293	-0.019213771	0.0210819	-0.031356487	0.017758548	-0.036656488	0.03841982	-0.037738103	0.024659287	-0.05048962	0.054438263	-0.040715214	0.036863353	-0.034328964	0.04674071	-0.05727048	0.044728216	-0.033593882	0.033077843	-0.054194167	0.07088714	-0.045883343	0.060071044	-0.045748796	0.07688543	-0.10315302	0.09254722	-0.08247853	0.040965892	-0.910375	0.14507845	-0.12028568	0.07581475	-0.07945574	0.9999983	-0.31776252	0.17605469	-0.09401107	0.1043575
0.04032459	-0.12019369	0.043634634	-0.04803199	0.07054202	-0.039932027	0.083280884	-0.08754634	0.085309155	-0.05571006	0.11107628	-0.12430102	0.09213695	-0.0839333	0.07732591	-0.1048042	0.12665822	-0.10213232	0.07613539	-0.07497689	0.11793826	-0.16247408	0.10583157	-0.14016789	0.10274389	-0.17239457	0.21602002	-0.21735565	0.18373255	-0.093200065	0.23505357	-0.38673994	0.27037656	-0.18046309	0.17885783	-0.31776252	0.9999984	-0.66569453	0.23724933	-0.2764116
-0.035895213	0.10311173	-0.038825095	0.04247893	-0.06585608	0.03519107	-0.07285076	0.0768972	-0.07706959	0.05152737	-0.09927303	0.1063229	-0.08164588	0.07491922	-0.073345795	0.08991422	-0.112110235	0.08998947	-0.06892043	0.07050058	-0.10116447	0.13381904	-0.09466159	0.12359028	-0.10502849	0.13929124	-0.19870967	0.18736441	-0.22248657	0.09522452	-0.21127018	0.25727022	-0.38855067	0.20495418	-0.19052553	0.17605469	-0.66569453	0.99999815	-0.4211862	0.26665062
0.034002785	-0.102399155	0.03818459	-0.042077836	0.06480532	-0.033551037	0.070536	-0.075405076	0.075322755	-0.051166415	0.08956101	-0.10059187	0.07853593	-0.07419838	0.07312209	-0.08097916	0.09895352	-0.088591844	0.06785571	-0.07172879	0.08707326	-0.11379001	0.09547166	-0.12998502	0.10820002	-0.12289761	0.14579916	-0.19521606	0.21348661	-0.10451863	0.10766732	-0.16972211	0.21238832	-0.26158962	0.20846982	-0.09401107	0.23724933	-0.4211862	0.9999981	-0.7730774
-0.038541585	0.11213054	-0.043473408	0.047594804	-0.07826885	0.037671525	-0.07874081	0.08468328	-0.08719882	0.0610694	-0.10164514	0.11033629	-0.08877327	0.08485999	-0.09024781	0.089028776	-0.11080076	0.09942045	-0.07864922	0.08714235	-0.095139444	0.12174525	-0.101648964	0.135281	-0.14573763	0.12938529	-0.163742	0.19980769	-0.25288162	0.13503645	-0.1296933	0.17332561	-0.2281581	0.2121243	-0.32881945	0.1043575	-0.2764116	0.26665062	-0.7730774	0.9999981
