1.0	-0.5098581	0.17479698	-0.18640575	0.2092312	-0.66566014	0.31478006	-0.18134041	0.15446876	-0.06278885	0.2490349	-0.25500393	0.16274512	-0.1480958	0.06668895	-0.14367011	0.20176303	-0.15560102	0.14397304	-0.23779075	0.1191887	-0.15583435	0.10230308	-0.12578052	0.0908403	-0.08068447	0.075410776	-0.11007398	0.083253056	-0.07643348	0.05299803	-0.06328951	0.07468515	-0.06798228	0.08228309	-0.053447563	0.044456128	-0.08631561	0.057337314	-0.09418127
-0.5098581	1.0000002	-0.3528255	0.26050204	-0.39138824	0.2793307	-0.46621665	0.24251081	-0.23171742	0.09726248	-0.2708156	0.23765674	-0.22950266	0.19009408	-0.10624925	0.14723249	-0.26350433	0.18986587	-0.18643898	0.25815403	-0.13543703	0.16201615	-0.11201802	0.13280043	-0.10344043	0.08486038	-0.08143343	0.11546754	-0.090513825	0.0843526	-0.057103712	0.06695341	-0.08463854	0.07541982	-0.09426612	0.05766198	-0.048312087	0.09401285	-0.06309891	0.10262406
0.17479698	-0.3528255	1.0000001	-0.71568596	0.26911068	-0.13191523	0.2059507	-0.43733752	0.23389976	-0.08037386	0.13592482	-0.13983344	0.22001614	-0.19584319	0.08298945	-0.09392392	0.1682562	-0.17587464	0.16153088	-0.2285338	0.08430162	-0.11536235	0.08008618	-0.09883779	0.07690414	-0.060036246	0.056985382	-0.08509907	0.06615082	-0.063755475	0.040180154	-0.04781189	0.061482016	-0.05592583	0.06872296	-0.0425993	0.035417087	-0.07064398	0.04710055	-0.07758744
-0.18640575	0.26050204	-0.71568596	1.0	-0.4673615	0.13163482	-0.21244027	0.26295045	-0.2621539	0.10093507	-0.14511994	0.14119723	-0.22963573	0.18830107	-0.107408784	0.098573156	-0.18483464	0.17005697	-0.1719376	0.22929232	-0.09025113	0.120606706	-0.084758975	0.10341145	-0.08223511	0.06326254	-0.060365614	0.0893113	-0.07000503	0.06760925	-0.042612016	0.050474722	-0.0663529	0.059950445	-0.07422589	0.0454206	-0.03780875	0.07559118	-0.05048659	0.083004676
0.2092312	-0.39138824	0.26911068	-0.4673615	1.0000001	-0.15289709	0.22385071	-0.23141317	0.22257197	-0.20729858	0.1761555	-0.17582488	0.2195521	-0.22471347	0.17217432	-0.15219225	0.2490347	-0.22750413	0.22551902	-0.480576	0.1376142	-0.21292096	0.14756766	-0.18916538	0.15552187	-0.11624365	0.108391196	-0.16792926	0.12764142	-0.13388717	0.078587905	-0.09437592	0.13079669	-0.121720076	0.14437722	-0.09346605	0.07660897	-0.1607731	0.10539901	-0.17805503
-0.66566014	0.2793307	-0.13191523	0.13163482	-0.15289709	1.0000001	-0.53664696	0.1557958	-0.12949196	0.04709163	-0.3828304	0.2565567	-0.1383304	0.11614272	-0.050168343	0.123974085	-0.17193684	0.12168263	-0.11135594	0.16490698	-0.10444178	0.117306024	-0.07680052	0.09161332	-0.065144874	0.059849974	-0.05644802	0.079580426	-0.060789328	0.054197147	-0.039328057	0.04642631	-0.053056695	0.047947254	-0.058529135	0.037848845	-0.031658716	0.06022403	-0.04018243	0.06550359
0.31478006	-0.46621665	0.2059507	-0.21244027	0.22385071	-0.53664696	1.0000001	-0.31560284	0.20059633	-0.07183907	0.2865283	-0.40684205	0.21100019	-0.18580407	0.07563949	-0.1523617	0.23196699	-0.1878054	0.16797927	-0.25496784	0.12806295	-0.16308191	0.107477985	-0.13103801	0.094685294	-0.08331332	0.07834126	-0.11370092	0.08665955	-0.07908387	0.054795686	-0.06525025	0.07675025	-0.069700904	0.0848931	-0.0545553	0.04548059	-0.08787146	0.0585399	-0.09585564
-0.18134041	0.24251081	-0.43733752	0.26295045	-0.23141317	0.1557958	-0.31560284	1.0000002	-0.536448	0.09252535	-0.15836915	0.17038295	-0.49201408	0.2860077	-0.09699133	0.10216067	-0.19698098	0.23400946	-0.2204767	0.2286276	-0.09119544	0.1207415	-0.084612474	0.102996685	-0.07815819	0.061355073	-0.05868131	0.08691897	-0.0685636	0.06367491	-0.040915783	0.04856333	-0.060878705	0.055019148	-0.06846351	0.0417309	-0.03486957	0.06834199	-0.04585831	0.07485748
0.15446876	-0.23171742	0.23389976	-0.2621539	0.22257197	-0.12949196	0.20059633	-0.536448	1.0000001	-0.14356028	0.13884714	-0.15141661	0.29897738	-0.6232701	0.13105136	-0.10187648	0.1896954	-0.25124338	0.2509154	-0.2827655	0.09068238	-0.12681517	0.08939737	-0.11162805	0.08530385	-0.06449458	0.061507665	-0.093253195	0.073496714	-0.06980055	0.04299697	-0.051272757	0.065197304	-0.05933725	0.07364458	-0.044685505	0.037262805	-0.07373582	0.049446892	-0.08099343
-0.06278885	0.09726248	-0.08037386	0.10093507	-0.20729858	0.04709163	-0.07183907	0.09252535	-0.14356028	1.0000001	-0.054381333	0.055020887	-0.08891212	0.11721902	-0.94904274	0.042801257	-0.07808657	0.079605155	-0.087537386	0.13703157	-0.038925793	0.056248892	-0.039818674	0.049939506	-0.041526303	0.029781908	-0.028216701	0.04306383	-0.03365905	0.034259897	-0.02009728	0.023968482	-0.032627583	0.029911943	-0.036754105	0.0225037	-0.01862276	0.038133692	-0.02535209	0.042116903
0.2490349	-0.2708156	0.13592482	-0.14511994	0.1761555	-0.3828304	0.2865283	-0.15836915	0.13884714	-0.054381333	1.0	-0.721356	0.16621026	-0.13891676	0.057985507	-0.2760919	0.25882846	-0.16044942	0.1387055	-0.20671618	0.18295282	-0.18739712	0.11567246	-0.13575415	0.08923474	-0.092388414	0.08616395	-0.11754584	0.08860506	-0.07447618	0.05943241	-0.07003119	0.07284233	-0.06571143	0.079707205	-0.05328228	0.044746425	-0.08208474	0.054800905	-0.088660456
-0.25500393	0.23765674	-0.13983344	0.14119723	-0.17582488	0.2565567	-0.40684205	0.17038295	-0.15141661	0.055020887	-0.721356	0.9999999	-0.20708147	0.14562309	-0.05895115	0.19261868	-0.37134096	0.1727251	-0.14736106	0.19468205	-0.16650674	0.1662798	-0.10644206	0.12142956	-0.08252257	0.0814256	-0.07783608	0.104598746	-0.08045367	0.06793941	-0.053350784	0.062286105	-0.06661685	0.059722606	-0.07333608	0.0478047	-0.040291496	0.074017294	-0.049628235	0.08002897
0.16274512	-0.22950266	0.22001614	-0.22963573	0.2195521	-0.1383304	0.21100019	-0.49201408	0.29897738	-0.08891212	0.16621026	-0.20708147	0.9999998	-0.4546911	0.09281751	-0.120241635	0.23587395	-0.53602797	0.29241517	-0.2869363	0.10480826	-0.14578642	0.101592176	-0.12487513	0.0912618	-0.07211358	0.06887472	-0.10363529	0.081508584	-0.07446398	0.047726743	-0.056993242	0.06972371	-0.06326857	0.07852916	-0.048014324	0.040136535	-0.07816947	0.052505434	-0.085581176
-0.1480958	0.19009408	-0.19584319	0.18830107	-0.22471347	0.11614272	-0.18580407	0.2860077	-0.6232701	0.11721902	-0.13891676	0.14562309	-0.4546911	0.9999999	-0.13222328	0.09980782	-0.20831524	0.28033748	-0.4603907	0.26042292	-0.09060173	0.12228022	-0.089960694	0.11069284	-0.08430571	0.061456326	-0.05942313	0.08961008	-0.073243976	0.0670221	-0.041187204	0.048804052	-0.06280391	0.05657215	-0.0715981	0.041992784	-0.035194937	0.06909326	-0.04669348	0.075797014
0.06668895	-0.10624925	0.08298945	-0.107408784	0.17217432	-0.050168343	0.07563949	-0.09699133	0.13105136	-0.94904274	0.057985507	-0.05895115	0.09281751	-0.13222328	0.9999997	-0.046499208	0.083524115	-0.08663442	0.09377516	-0.16097331	0.04218494	-0.061709475	0.043589015	-0.054966126	0.045781747	-0.032725874	0.030943796	-0.047437754	0.036963608	-0.03796703	0.022075234	-0.026363112	0.035926223	-0.033042554	0.040445678	-0.02488069	0.020567073	-0.04224316	0.02804745	-0.046692632
-0.14367011	0.14723249	-0.09392392	0.098573156	-0.15219225	0.123974085	-0.1523617	0.10216067	-0.10187648	0.042801257	-0.2760919	0.19261868	-0.120241635	0.09980782	-0.046499208	0.99999994	-0.3438596	0.12951297	-0.11522157	0.15271139	-0.8062934	0.24434848	-0.15553896	0.14060917	-0.08974965	0.12720129	-0.123369664	0.12107306	-0.09783223	0.07120671	-0.08406231	0.08692308	-0.073039845	0.06308713	-0.0792116	0.055268265	-0.04822676	0.07583942	-0.051595517	0.07990927
0.20176303	-0.26350433	0.1682562	-0.18483464	0.2490347	-0.17193684	0.23196699	-0.19698098	0.1896954	-0.07808657	0.25882846	-0.37134096	0.23587395	-0.20831524	0.083524115	-0.3438596	0.99999976	-0.3797821	0.24033707	-0.3421903	0.24324419	-0.3954986	0.21466984	-0.25473237	0.15187027	-0.16093008	0.15185036	-0.21681793	0.16005339	-0.12733841	0.10169062	-0.12431848	0.12206232	-0.11055654	0.13309808	-0.08995313	0.07552287	-0.13663954	0.09136957	-0.14709425
-0.15560102	0.18986587	-0.17587464	0.17005697	-0.22750413	0.12168263	-0.1878054	0.23400946	-0.25124338	0.079605155	-0.16044942	0.1727251	-0.53602797	0.28033748	-0.08663442	0.12951297	-0.3797821	1.0	-0.59746295	0.28097534	-0.11567008	0.15643525	-0.11565537	0.13510144	-0.09725451	0.07467777	-0.07280263	0.10829885	-0.088553704	0.0768238	-0.049647737	0.058913447	-0.072055444	0.06463329	-0.08191632	0.048382137	-0.040711895	0.07819646	-0.05300461	0.08542414
0.14397304	-0.18643898	0.16153088	-0.1719376	0.22551902	-0.11135594	0.16797927	-0.2204767	0.2509154	-0.087537386	0.1387055	-0.14736106	0.29241517	-0.4603907	0.09377516	-0.11522157	0.24033707	-0.59746295	0.99999994	-0.49421048	0.10359012	-0.14938162	0.11436988	-0.15486823	0.107497886	-0.072490714	0.07051722	-0.11145031	0.09349508	-0.08469288	0.048432212	-0.05768743	0.074437685	-0.06760709	0.08605665	-0.049122743	0.041243993	-0.081030235	0.055093326	-0.08915966
-0.23779075	0.25815403	-0.2285338	0.22929232	-0.480576	0.16490698	-0.25496784	0.2286276	-0.2827655	0.13703157	-0.20671618	0.19468205	-0.2869363	0.26042292	-0.16097331	0.15271139	-0.3421903	0.28097534	-0.49421048	0.9999998	-0.14629903	0.18880813	-0.14549346	0.1743919	-0.20651172	0.09878861	-0.097244725	0.14479794	-0.12298036	0.14110962	-0.0682697	0.07957843	-0.12242326	0.10880776	-0.15051612	0.074212186	-0.06258999	0.12727521	-0.08801691	0.14143184
0.1191887	-0.13543703	0.08430162	-0.09025113	0.1376142	-0.10444178	0.12806295	-0.09119544	0.09068238	-0.038925793	0.18295282	-0.16650674	0.10480826	-0.09060173	0.04218494	-0.8062934	0.24324419	-0.11567008	0.10359012	-0.14629903	0.9999996	-0.3813569	0.17399912	-0.16747996	0.09248449	-0.1697942	0.1432355	-0.14180967	0.10876682	-0.075172246	0.09702815	-0.10402189	0.075653136	-0.066078134	0.080978766	-0.06087677	0.052785207	-0.07991557	0.054019276	-0.083452456
-0.15583435	0.16201615	-0.11536235	0.120606706	-0.21292096	0.117306024	-0.16308191	0.1207415	-0.12681517	0.056248892	-0.18739712	0.1662798	-0.14578642	0.12228022	-0.061709475	0.24434848	-0.3954986	0.15643525	-0.14938162	0.18880813	-0.3813569	0.99999976	-0.5697772	0.27189857	-0.15634248	0.18489848	-0.2703025	0.22427332	-0.2004482	0.1172195	-0.12561639	0.14847493	-0.11960241	0.10108111	-0.13001552	0.083768815	-0.07431216	0.11449086	-0.07976275	0.12014775
0.10230308	-0.11201802	0.08008618	-0.084758975	0.14756766	-0.07680052	0.107477985	-0.084612474	0.08939737	-0.039818674	0.11567246	-0.10644206	0.101592176	-0.089960694	0.043589015	-0.15553896	0.21466984	-0.11565537	0.11436988	-0.14549346	0.17399912	-0.5697772	0.9999997	-0.5966377	0.15491511	-0.12759908	0.14685537	-0.3855309	0.26652804	-0.12530431	0.08358425	-0.10366805	0.10853665	-0.09748359	0.11629643	-0.06726064	0.058251467	-0.10340035	0.07263079	-0.11056086
-0.12578052	0.13280043	-0.09883779	0.10341145	-0.18916538	0.09161332	-0.13103801	0.102996685	-0.11162805	0.049939506	-0.13575415	0.12142956	-0.12487513	0.11069284	-0.054966126	0.14060917	-0.25473237	0.13510144	-0.15486823	0.1743919	-0.16747996	0.27189857	-0.5966377	0.9999991	-0.26600218	0.11419529	-0.1336167	0.3109038	-0.50837046	0.17253582	-0.08050484	0.09355553	-0.1359986	0.123522416	-0.15775612	0.07382781	-0.06414727	0.123377554	-0.08963868	0.13499628
0.0908403	-0.10344043	0.07690414	-0.08223511	0.15552187	-0.065144874	0.094685294	-0.07815819	0.08530385	-0.041526303	0.08923474	-0.08252257	0.0912618	-0.08430571	0.045781747	-0.08974965	0.15187027	-0.09725451	0.107497886	-0.20651172	0.09248449	-0.15634248	0.15491511	-0.26600218	0.9999993	-0.08518423	0.085625485	-0.17372073	0.16648267	-0.7766034	0.06408843	-0.074526064	0.17514473	-0.20479767	0.28086126	-0.102487616	0.08496242	-0.21114208	0.15062055	-0.2624307
-0.08068447	0.08486038	-0.060036246	0.06326254	-0.11624365	0.059849974	-0.08331332	0.061355073	-0.06449458	0.029781908	-0.092388414	0.0814256	-0.07211358	0.061456326	-0.032725874	0.12720129	-0.16093008	0.07467777	-0.072490714	0.09878861	-0.1697942	0.18489848	-0.12759908	0.11419529	-0.08518423	0.99999976	-0.65222627	0.119598195	-0.0995519	0.06612797	-0.5943101	0.32718155	-0.09049357	0.06940587	-0.08666914	0.13469063	-0.1300312	0.0933331	-0.06238817	0.08157829
0.075410776	-0.08143343	0.056985382	-0.060365614	0.108391196	-0.05644802	0.07834126	-0.05868131	0.061507665	-0.028216701	0.08616395	-0.07783608	0.06887472	-0.05942313	0.030943796	-0.123369664	0.15185036	-0.07280263	0.07051722	-0.097244725	0.1432355	-0.2703025	0.14685537	-0.1336167	0.085625485	-0.65222627	0.9999996	-0.15434097	0.1132259	-0.06795898	0.31693968	-0.5750381	0.08768039	-0.069687255	0.08430215	-0.13203749	0.11914176	-0.09389541	0.06133149	-0.0823984
-0.11007398	0.11546754	-0.08509907	0.0893113	-0.16792926	0.079580426	-0.11370092	0.08691897	-0.093253195	0.04306383	-0.11754584	0.104598746	-0.10363529	0.08961008	-0.047437754	0.12107306	-0.21681793	0.10829885	-0.11145031	0.14479794	-0.14180967	0.22427332	-0.3855309	0.3109038	-0.17372073	0.119598195	-0.15434097	0.99999934	-0.7587483	0.1392827	-0.083741285	0.099799626	-0.16837056	0.1350308	-0.15009135	0.07416315	-0.065099604	0.124806024	-0.09201106	0.12983008
0.083253056	-0.090513825	0.06615082	-0.07000503	0.12764142	-0.060789328	0.08665955	-0.0685636	0.073496714	-0.03365905	0.08860506	-0.08045367	0.081508584	-0.073243976	0.036963608	-0.09783223	0.16005339	-0.088553704	0.09349508	-0.12298036	0.10876682	-0.2004482	0.26652804	-0.50837046	0.16648267	-0.0995519	0.1132259	-0.7587483	0.9999995	-0.15608314	0.067656	-0.08302102	0.13603143	-0.13874802	0.1360284	-0.0655699	0.05665793	-0.11519973	0.08583545	-0.12270389
-0.07643348	0.0843526	-0.063755475	0.06760925	-0.13388717	0.054197147	-0.07908387	0.06367491	-0.06980055	0.034259897	-0.07447618	0.06793941	-0.07446398	0.0670221	-0.03796703	0.07120671	-0.12733841	0.0768238	-0.08469288	0.14110962	-0.075172246	0.1172195	-0.12530431	0.17253582	-0.7766034	0.06612797	-0.06795898	0.1392827	-0.15608314	0.9999994	-0.050395887	0.057890203	-0.17050709	0.18539739	-0.4739747	0.078524366	-0.06674776	0.16401525	-0.128399	0.20385754
0.05299803	-0.057103712	0.040180154	-0.042612016	0.078587905	-0.039328057	0.054795686	-0.040915783	0.04299697	-0.02009728	0.05943241	-0.053350784	0.047726743	-0.041187204	0.022075234	-0.08406231	0.10169062	-0.049647737	0.048432212	-0.0682697	0.09702815	-0.12561639	0.08358425	-0.08050484	0.06408843	-0.5943101	0.31693968	-0.083741285	0.067656	-0.050395887	0.99999976	-0.68903404	0.07840522	-0.058494493	0.070786096	-0.20851736	0.16205506	-0.09002353	0.05700865	-0.0692545
-0.06328951	0.06695341	-0.04781189	0.050474722	-0.09437592	0.04642631	-0.06525025	0.04856333	-0.051272757	0.023968482	-0.07003119	0.062286105	-0.056993242	0.048804052	-0.026363112	0.08692308	-0.12431848	0.058913447	-0.05768743	0.07957843	-0.10402189	0.14847493	-0.10366805	0.09355553	-0.074526064	0.32718155	-0.5750381	0.099799626	-0.08302102	0.057890203	-0.68903404	0.9999996	-0.08876455	0.065634646	-0.08046212	0.16945596	-0.18888018	0.096490376	-0.06273556	0.07617154
0.07468515	-0.08463854	0.061482016	-0.0663529	0.13079669	-0.053056695	0.07675025	-0.060878705	0.065197304	-0.032627583	0.07284233	-0.06661685	0.06972371	-0.06280391	0.035926223	-0.073039845	0.12206232	-0.072055444	0.074437685	-0.12242326	0.075653136	-0.11960241	0.10853665	-0.1359986	0.17514473	-0.09049357	0.08768039	-0.16837056	0.13603143	-0.17050709	0.07840522	-0.08876455	0.99999964	-0.65494585	0.288145	-0.18296298	0.15341467	-0.49774522	0.30153283	-0.38456273
-0.06798228	0.07541982	-0.05592583	0.059950445	-0.121720076	0.047947254	-0.069700904	0.055019148	-0.05933725	0.029911943	-0.06571143	0.059722606	-0.06326857	0.05657215	-0.033042554	0.06308713	-0.11055654	0.06463329	-0.06760709	0.10880776	-0.066078134	0.10108111	-0.09748359	0.123522416	-0.20479767	0.06940587	-0.069687255	0.1350308	-0.13874802	0.18539739	-0.058494493	0.065634646	-0.65494585	0.99999976	-0.49221414	0.11729349	-0.10725057	0.29717118	-0.41469195	0.3036359
0.08228309	-0.09426612	0.06872296	-0.07422589	0.14437722	-0.058529135	0.0848931	-0.06846351	0.07364458	-0.036754105	0.079707205	-0.07333608	0.07852916	-0.0715981	0.040445678	-0.0792116	0.13309808	-0.08191632	0.08605665	-0.15051612	0.080978766	-0.13001552	0.11629643	-0.15775612	0.28086126	-0.08666914	0.08430215	-0.15009135	0.1360284	-0.4739747	0.070786096	-0.08046212	0.288145	-0.49221414	0.9999999	-0.1443507	0.120841905	-0.33416453	0.2653684	-0.47685048
-0.053447563	0.05766198	-0.0425993	0.0454206	-0.09346605	0.037848845	-0.0545553	0.0417309	-0.044685505	0.0225037	-0.05328228	0.0478047	-0.048014324	0.041992784	-0.02488069	0.055268265	-0.08995313	0.048382137	-0.049122743	0.074212186	-0.06087677	0.083768815	-0.06726064	0.07382781	-0.102487616	0.13469063	-0.13203749	0.07416315	-0.0655699	0.078524366	-0.20851736	0.16945596	-0.18296298	0.11729349	-0.1443507	0.9999995	-0.8874904	0.21391106	-0.14186142	0.12896125
0.044456128	-0.048312087	0.035417087	-0.03780875	0.07660897	-0.031658716	0.04548059	-0.03486957	0.037262805	-0.01862276	0.044746425	-0.040291496	0.040136535	-0.035194937	0.020567073	-0.04822676	0.07552287	-0.040711895	0.041243993	-0.06258999	0.052785207	-0.07431216	0.058251467	-0.06414727	0.08496242	-0.1300312	0.11914176	-0.065099604	0.05665793	-0.06674776	0.16205506	-0.18888018	0.15341467	-0.10725057	0.120841905	-0.8874904	0.9999997	-0.29355913	0.13485453	-0.1286019
-0.08631561	0.09401285	-0.07064398	0.07559118	-0.1607731	0.06022403	-0.08787146	0.06834199	-0.07373582	0.038133692	-0.08208474	0.074017294	-0.07816947	0.06909326	-0.04224316	0.07583942	-0.13663954	0.07819646	-0.081030235	0.12727521	-0.07991557	0.11449086	-0.10340035	0.123377554	-0.21114208	0.0933331	-0.09389541	0.124806024	-0.11519973	0.16401525	-0.09002353	0.096490376	-0.49774522	0.29717118	-0.33416453	0.21391106	-0.29355913	0.9999997	-0.58100235	0.3112346
0.057337314	-0.06309891	0.04710055	-0.05048659	0.10539901	-0.04018243	0.0585399	-0.04585831	0.049446892	-0.02535209	0.054800905	-0.049628235	0.052505434	-0.04669348	0.02804745	-0.051595517	0.09136957	-0.05300461	0.055093326	-0.08801691	0.054019276	-0.07976275	0.07263079	-0.08963868	0.15062055	-0.06238817	0.06133149	-0.09201106	0.08583545	-0.128399	0.05700865	-0.06273556	0.30153283	-0.41469195	0.2653684	-0.14186142	0.13485453	-0.58100235	0.9999997	-0.616434
-0.09418127	0.10262406	-0.07758744	0.083004676	-0.17805503	0.06550359	-0.09585564	0.07485748	-0.08099343	0.042116903	-0.088660456	0.08002897	-0.085581176	0.075797014	-0.046692632	0.07990927	-0.14709425	0.08542414	-0.08915966	0.14143184	-0.083452456	0.12014775	-0.11056086	0.13499628	-0.2624307	0.08157829	-0.0823984	0.12983008	-0.12270389	0.20385754	-0.0692545	0.07617154	-0.38456273	0.3036359	-0.47685048	0.12896125	-0.1286019	0.3112346	-0.616434	0.9999997
