1.0000002	-0.17565043	0.110177934	-0.06648303	0.059773896	-0.9353014	0.1484405	-0.09297605	0.053804107	-0.047892857	0.15831862	-0.17598759	0.0954157	-0.08081358	0.04374563	-0.09763561	0.07317345	-0.074568056	0.08296216	-0.04815171	0.06538954	-0.06584241	0.05620261	-0.04737612	0.04116379	-0.08793511	0.07059012	-0.055957835	0.04277975	-0.03740582	0.029056031	-0.028273197	0.03342836	-0.041086752	0.034938116	-0.022656806	0.02043326	-0.04040122	0.02887686	-0.026275292
-0.17565043	1.0000004	-0.30335334	0.11894583	-0.09886822	0.14822756	-0.8699815	0.22934562	-0.09533358	0.07704352	-0.123738386	0.12362716	-0.19555023	0.12535344	-0.06637578	0.10468601	-0.09712041	0.11031541	-0.116732046	0.07071877	-0.07357897	0.082201146	-0.07553801	0.062034283	-0.053535096	0.0995745	-0.08592744	0.07203704	-0.05509503	0.04799325	-0.034258693	0.033539366	-0.0412281	0.051473524	-0.044063266	0.02676901	-0.024322063	0.049502324	-0.035999194	0.032861482
0.110177934	-0.30335334	1.0000004	-0.40834442	0.22499745	-0.11259397	0.22800517	-0.5533194	0.2338523	-0.19210424	0.096692525	-0.10561596	0.2995827	-0.33096585	0.15075219	-0.2239643	0.18279909	-0.23367707	0.23760027	-0.16703871	0.15081826	-0.17440304	0.1546554	-0.13481985	0.11414223	-0.23155992	0.17321572	-0.1581291	0.117868185	-0.10543858	0.075555325	-0.07452988	0.090381026	-0.11401353	0.0948709	-0.060137413	0.053816132	-0.111406416	0.07797604	-0.07234384
-0.06648303	0.11894583	-0.40834442	1.0000004	-0.53130525	0.06344484	-0.11485477	0.20059325	-0.57521653	0.28918678	-0.058177553	0.06094491	-0.20997603	0.3045505	-0.20699427	0.13524777	-0.12654772	0.14449385	-0.26599738	0.1892465	-0.09711925	0.11420288	-0.10824693	0.09862384	-0.08954904	0.14217953	-0.12276856	0.1065828	-0.08581216	0.07771855	-0.05031566	0.04954175	-0.063358605	0.080454476	-0.07013123	0.039727923	-0.036199186	0.076416515	-0.056623824	0.051918305
0.059773896	-0.09886822	0.22499745	-0.53130525	1.0000005	-0.058985807	0.09114326	-0.16161226	0.3130258	-0.6104676	0.053450804	-0.056859553	0.16704196	-0.34842455	0.25691572	-0.14759924	0.12271936	-0.14216729	0.2442204	-0.28988945	0.10304146	-0.119085684	0.10942272	-0.10521453	0.09705779	-0.15973108	0.12475065	-0.113382764	0.09041382	-0.08589185	0.054541245	-0.053930845	0.06835026	-0.08781665	0.07495944	-0.04361038	0.039332047	-0.084323235	0.06057819	-0.05657007
-0.9353014	0.14822756	-0.11259397	0.06344484	-0.058985807	1.0000005	-0.16328599	0.09064051	-0.052069437	0.046054006	-0.19504356	0.15950345	-0.09660428	0.07563916	-0.04260287	0.08931695	-0.07118104	0.07086987	-0.0822932	0.046216484	-0.06196032	0.06192808	-0.053738628	0.04481164	-0.039280154	0.07912815	-0.06807157	0.052527938	-0.040592592	0.035264254	-0.026987484	0.026196318	-0.031353362	0.038476143	-0.033118438	0.020902466	-0.018994967	0.037509214	-0.027283043	0.024684584
0.1484405	-0.8699815	0.22800517	-0.11485477	0.09114326	-0.16328599	1.0000004	-0.3058111	0.091379225	-0.074666984	0.12330973	-0.147876	0.18323758	-0.12673257	0.063356355	-0.107575424	0.09446198	-0.112446725	0.11015026	-0.0687604	0.07363307	-0.08231411	0.074401416	-0.061624486	0.052561343	-0.10156477	0.08404924	-0.07217361	0.0544577	-0.04763448	0.03426719	-0.033592623	0.04098303	-0.0512817	0.043473765	-0.026870051	0.024304988	-0.049525414	0.035590112	-0.032633416
-0.09297605	0.22934562	-0.5533194	0.20059325	-0.16161226	0.09064051	-0.3058111	1.0	-0.18881552	0.13102657	-0.0916202	0.0972201	-0.6400519	0.21653241	-0.1092189	0.15442036	-0.1676041	0.20892829	-0.18668602	0.11481978	-0.1096981	0.13273168	-0.12952442	0.10098517	-0.08591798	0.15201461	-0.13390018	0.11703062	-0.088795856	0.07664953	-0.052746248	0.051864013	-0.06469687	0.08138168	-0.06959885	0.041312568	-0.037589103	0.0774617	-0.05652615	0.051751062
0.053804107	-0.09533358	0.2338523	-0.57521653	0.3130258	-0.052069437	0.091379225	-0.18881552	0.9999998	-0.46248686	0.04817095	-0.05091085	0.17786786	-0.54834044	0.21258803	-0.116966076	0.10730815	-0.12550534	0.23312786	-0.2007544	0.08337029	-0.09838034	0.09308534	-0.08656527	0.078992136	-0.12338742	0.10443769	-0.09257662	0.07451193	-0.06858295	0.0434197	-0.042823143	0.05490605	-0.07018159	0.060913067	-0.03439217	0.03128175	-0.06654819	0.049046617	-0.045251746
-0.047892857	0.07704352	-0.19210424	0.28918678	-0.6104676	0.046054006	-0.074666984	0.13102657	-0.46248686	0.9999998	-0.042597465	0.04476947	-0.14541955	0.27497077	-0.4727452	0.11036234	-0.100123644	0.11425412	-0.25427088	0.2644053	-0.07924927	0.09357002	-0.08956241	0.08715498	-0.083328836	0.118101075	-0.100640826	0.089964196	-0.07438729	0.07028348	-0.042145435	0.041620757	-0.054294232	0.07000476	-0.061520506	0.033456918	-0.030500693	0.06581814	-0.0490418	0.04539971
0.15831862	-0.123738386	0.096692525	-0.058177553	0.053450804	-0.19504356	0.12330973	-0.0916202	0.04817095	-0.042597465	0.9999999	-0.9331187	0.107418366	-0.07211723	0.03993021	-0.15464315	0.09334288	-0.08381536	0.07968235	-0.04372708	0.08908486	-0.07443333	0.0602099	-0.047563415	0.04086032	-0.08703747	0.07653222	-0.056718998	0.04299783	-0.036549527	0.029103218	-0.027888447	0.032503612	-0.039632536	0.034153387	-0.021971421	0.020065594	-0.038190495	0.028015122	-0.025257938
-0.17598759	0.12362716	-0.10561596	0.06094491	-0.056859553	0.15950345	-0.147876	0.0972201	-0.05091085	0.04476947	-0.9331187	0.9999998	-0.12470265	0.074807964	-0.04221678	0.13287035	-0.10060653	0.08705144	-0.08492132	0.045889642	-0.09044117	0.07610602	-0.06294129	0.049314514	-0.0426472	0.08647794	-0.080205835	0.05851945	-0.044718403	0.03788992	-0.029809156	0.028542474	-0.033616826	0.040963102	-0.035531025	0.022452451	-0.020607127	0.039322626	-0.0291019	0.026163055
0.0954157	-0.19555023	0.2995827	-0.20997603	0.16704196	-0.09660428	0.18323758	-0.6400519	0.17786786	-0.14541955	0.107418366	-0.12470265	0.99999976	-0.30423847	0.12565057	-0.22292563	0.22680064	-0.42092234	0.22464176	-0.13940789	0.15173411	-0.1922166	0.18349141	-0.14300977	0.11558066	-0.21466139	0.17923068	-0.16987434	0.12263688	-0.105657235	0.07251481	-0.07155046	0.08866287	-0.112484656	0.09423671	-0.05705243	0.051614776	-0.106920496	0.07664261	-0.070776075
-0.08081358	0.12535344	-0.33096585	0.3045505	-0.34842455	0.07563916	-0.12673257	0.21653241	-0.54834044	0.27497077	-0.07211723	0.074807964	-0.30423847	0.9999996	-0.28146473	0.16833477	-0.16879293	0.19021559	-0.4625081	0.23766233	-0.123936355	0.14803138	-0.14483808	0.13318682	-0.12081846	0.17647748	-0.16274846	0.13922115	-0.11506086	0.10265234	-0.06462593	0.063563146	-0.08288579	0.105332844	-0.09334534	0.050756395	-0.046611365	0.098728314	-0.07494713	0.06819992
0.04374563	-0.06637578	0.15075219	-0.20699427	0.25691572	-0.04260287	0.063356355	-0.1092189	0.21258803	-0.4727452	0.03993021	-0.04221678	0.12565057	-0.28146473	0.9999997	-0.11549973	0.09955975	-0.11562757	0.26133078	-0.73521924	0.08217145	-0.09775247	0.09397197	-0.10034101	0.102245755	-0.12552167	0.103248425	-0.09766152	0.082215235	-0.0851231	0.04482622	-0.044499755	0.059247088	-0.07849507	0.06875502	-0.0359023	0.032675195	-0.07272143	0.053878024	-0.05108029
-0.09763561	0.10468601	-0.2239643	0.13524777	-0.14759924	0.08931695	-0.107575424	0.15442036	-0.116966076	0.11036234	-0.15464315	0.13287035	-0.22292563	0.16833477	-0.11549973	1.0	-0.42503944	0.24469349	-0.2671156	0.12453867	-0.6394797	0.28612673	-0.21407771	0.1569232	-0.13923514	0.30795762	-0.31656796	0.18835331	-0.14730637	0.12015528	-0.108273074	0.09958186	-0.11106743	0.13029164	-0.11643743	0.07666264	-0.071707495	0.12430123	-0.09536753	0.0836598
0.07317345	-0.09712041	0.18279909	-0.12654772	0.12271936	-0.07118104	0.09446198	-0.1676041	0.10730815	-0.100123644	0.09334288	-0.10060653	0.22680064	-0.16879293	0.09955975	-0.42503944	1.0000002	-0.599869	0.21783009	-0.11476669	0.25059387	-0.48042572	0.2656794	-0.18166073	0.14095615	-0.27671877	0.26794794	-0.22558199	0.15631568	-0.12771848	0.09315633	-0.091458015	0.10854644	-0.13582489	0.114348315	-0.070907295	0.06483271	-0.12650698	0.09248	-0.08439797
-0.074568056	0.11031541	-0.23367707	0.14449385	-0.14216729	0.07086987	-0.112446725	0.20892829	-0.12550534	0.11425412	-0.08381536	0.08705144	-0.42092234	0.19021559	-0.11562757	0.24469349	-0.599869	1.0000002	-0.28750464	0.1316994	-0.19161999	0.27773073	-0.4088909	0.19434889	-0.15604717	0.21912843	-0.25475374	0.22666022	-0.16985914	0.13212287	-0.08381115	0.08242714	-0.107985616	0.13587119	-0.119227625	0.06386841	-0.059674677	0.12249831	-0.094451904	0.085247494
0.08296216	-0.116732046	0.23760027	-0.26599738	0.2442204	-0.0822932	0.11015026	-0.18668602	0.23312786	-0.25427088	0.07968235	-0.08492132	0.22464176	-0.4625081	0.26133078	-0.2671156	0.21783009	-0.28750464	1.0000004	-0.459271	0.18483275	-0.2221759	0.20834199	-0.23840417	0.1816459	-0.2913025	0.22178565	-0.22076729	0.17684785	-0.16464077	0.099413134	-0.09890923	0.12752005	-0.16792679	0.13953899	-0.080058485	0.07206885	-0.15830109	0.11254152	-0.10629646
-0.04815171	0.07071877	-0.16703871	0.1892465	-0.28988945	0.046216484	-0.0687604	0.11481978	-0.2007544	0.2644053	-0.04372708	0.045889642	-0.13940789	0.23766233	-0.73521924	0.12453867	-0.11476669	0.1316994	-0.459271	1.0000004	-0.09088422	0.11038354	-0.111544855	0.123487696	-0.1423446	0.1347929	-0.11937743	0.11257481	-0.10013177	0.10350857	-0.050315134	0.049937375	-0.068859994	0.09187602	-0.08382175	0.040092744	-0.036863413	0.08307135	-0.064086966	0.060294412
0.06538954	-0.07357897	0.15081826	-0.09711925	0.10304146	-0.06196032	0.07363307	-0.1096981	0.08337029	-0.07924927	0.08908486	-0.09044117	0.15173411	-0.123936355	0.08217145	-0.6394797	0.25059387	-0.19161999	0.18483275	-0.09088422	1.0000004	-0.37712035	0.184462	-0.13572673	0.11429054	-0.5661089	0.27118102	-0.16977093	0.12489959	-0.10215453	0.11614316	-0.106409304	0.09899226	-0.11375117	0.09731953	-0.081447266	0.07189001	-0.11246678	0.08061469	-0.07153949
-0.06584241	0.082201146	-0.17440304	0.11420288	-0.119085684	0.06192808	-0.08231411	0.13273168	-0.09838034	0.09357002	-0.07443333	0.07610602	-0.1922166	0.14803138	-0.09775247	0.28612673	-0.48042572	0.27773073	-0.2221759	0.11038354	-0.37712035	1.0000004	-0.43072394	0.20576194	-0.1686621	0.28522238	-0.5278773	0.2605103	-0.18976887	0.14335835	-0.111373305	0.10943018	-0.12475303	0.1512517	-0.1322707	0.08045322	-0.07647419	0.13852061	-0.10569034	0.09422244
0.05620261	-0.07553801	0.1546554	-0.10824693	0.10942272	-0.053738628	0.074401416	-0.12952442	0.09308534	-0.08956241	0.0602099	-0.06294129	0.18349141	-0.14483808	0.09397197	-0.21407771	0.2656794	-0.4088909	0.20834199	-0.111544855	0.184462	-0.43072394	0.9999999	-0.43449417	0.22113931	-0.22158697	0.28158373	-0.5292132	0.27157077	-0.19755241	0.09281273	-0.09386013	0.14093304	-0.1910973	0.15776972	-0.07191434	0.06814416	-0.15705812	0.12126934	-0.11274287
-0.04737612	0.062034283	-0.13481985	0.09862384	-0.10521453	0.04481164	-0.061624486	0.10098517	-0.08656527	0.08715498	-0.047563415	0.049314514	-0.14300977	0.13318682	-0.10034101	0.1569232	-0.18166073	0.19434889	-0.23840417	0.123487696	-0.13572673	0.20576194	-0.43449417	0.9999998	-0.5412396	0.17345577	-0.23255126	0.29504535	-0.5184641	0.28114888	-0.08613614	0.08693804	-0.1551897	0.22671887	-0.22044362	0.067089766	-0.06528494	0.16354162	-0.15269144	0.13823007
0.04116379	-0.053535096	0.11414223	-0.08954904	0.09705779	-0.039280154	0.052561343	-0.08591798	0.078992136	-0.083328836	0.04086032	-0.0426472	0.11558066	-0.12081846	0.102245755	-0.13923514	0.14095615	-0.15604717	0.1816459	-0.1423446	0.11429054	-0.1686621	0.22113931	-0.5412396	0.9999997	-0.1588079	0.18243569	-0.2474367	0.28599712	-0.6416469	0.08193168	-0.08450845	0.15511155	-0.25707248	0.25419584	-0.06747662	0.065028705	-0.18933204	0.16169111	-0.1781405
-0.08793511	0.0995745	-0.23155992	0.14217953	-0.15973108	0.07912815	-0.10156477	0.15201461	-0.12338742	0.118101075	-0.08703747	0.08647794	-0.21466139	0.17647748	-0.12552167	0.30795762	-0.27671877	0.21912843	-0.2913025	0.1347929	-0.5661089	0.28522238	-0.22158697	0.17345577	-0.1588079	0.9999996	-0.46758077	0.21495187	-0.17023465	0.13817886	-0.23951146	0.1735212	-0.1490202	0.1578215	-0.13978133	0.1309642	-0.12121437	0.1599146	-0.11756011	0.1009645
0.07059012	-0.08592744	0.17321572	-0.12276856	0.12475065	-0.06807157	0.08404924	-0.13390018	0.10443769	-0.100640826	0.07653222	-0.080205835	0.17923068	-0.16274846	0.103248425	-0.31656796	0.26794794	-0.25475374	0.22178565	-0.11937743	0.27118102	-0.5278773	0.28158373	-0.23255126	0.18243569	-0.46758077	0.9999995	-0.4106717	0.22271892	-0.17860357	0.16884726	-0.19414523	0.16911557	-0.20489265	0.16033675	-0.12855954	0.117504574	-0.20031634	0.13311003	-0.12246096
-0.055957835	0.07203704	-0.1581291	0.1065828	-0.113382764	0.052527938	-0.07217361	0.11703062	-0.09257662	0.089964196	-0.056718998	0.05851945	-0.16987434	0.13922115	-0.09766152	0.18835331	-0.22558199	0.22666022	-0.22076729	0.11257481	-0.16977093	0.2605103	-0.5292132	0.29504535	-0.2474367	0.21495187	-0.4106717	0.9999997	-0.531198	0.21646677	-0.10859647	0.11032948	-0.19771647	0.23121928	-0.19828282	0.08160136	-0.08031369	0.18280981	-0.1523647	0.13198325
0.04277975	-0.05509503	0.117868185	-0.08581216	0.09041382	-0.040592592	0.0544577	-0.088795856	0.07451193	-0.07438729	0.04299783	-0.044718403	0.12263688	-0.11506086	0.082215235	-0.14730637	0.15631568	-0.16985914	0.17684785	-0.10013177	0.12489959	-0.18976887	0.27157077	-0.5184641	0.28599712	-0.17023465	0.22271892	-0.531198	0.9999997	-0.3702834	0.09215286	-0.09604096	0.19218054	-0.39871544	0.23789805	-0.07348605	0.071972646	-0.20043278	0.17161085	-0.16166203
-0.03740582	0.04799325	-0.10543858	0.07771855	-0.08589185	0.035264254	-0.04763448	0.07664953	-0.06858295	0.07028348	-0.036549527	0.03788992	-0.105657235	0.10265234	-0.0851231	0.12015528	-0.12771848	0.13212287	-0.16464077	0.10350857	-0.10215453	0.14335835	-0.19755241	0.28114888	-0.6416469	0.13817886	-0.17860357	0.21646677	-0.3702834	0.9999994	-0.07866557	0.08023185	-0.16035989	0.2530646	-0.4987836	0.06292736	-0.062177185	0.17629884	-0.20155492	0.20051195
0.029056031	-0.034258693	0.075555325	-0.05031566	0.054541245	-0.026987484	0.03426719	-0.052746248	0.0434197	-0.042145435	0.029103218	-0.029809156	0.07251481	-0.06462593	0.04482622	-0.108273074	0.09315633	-0.08381115	0.099413134	-0.050315134	0.11614316	-0.111373305	0.09281273	-0.08613614	0.08193168	-0.23951146	0.16884726	-0.10859647	0.09215286	-0.07866557	0.9999994	-0.7512389	0.178781	-0.13111672	0.09273528	-0.46869022	0.2996286	-0.19524348	0.09013704	-0.07516184
-0.028273197	0.033539366	-0.07452988	0.04954175	-0.053930845	0.026196318	-0.033592623	0.051864013	-0.042823143	0.041620757	-0.027888447	0.028542474	-0.07155046	0.063563146	-0.044499755	0.09958186	-0.091458015	0.08242714	-0.09890923	0.049937375	-0.106409304	0.10943018	-0.09386013	0.08693804	-0.08450845	0.1735212	-0.19414523	0.11032948	-0.09604096	0.08023185	-0.7512389	0.9999993	-0.24928604	0.13610715	-0.09824246	0.30038765	-0.45929146	0.19527876	-0.095354594	0.07679521
0.03342836	-0.0412281	0.090381026	-0.063358605	0.06835026	-0.031353362	0.04098303	-0.06469687	0.05490605	-0.054294232	0.032503612	-0.033616826	0.08866287	-0.08288579	0.059247088	-0.11106743	0.10854644	-0.107985616	0.12752005	-0.068859994	0.09899226	-0.12475303	0.14093304	-0.1551897	0.15511155	-0.1490202	0.16911557	-0.19771647	0.19218054	-0.16035989	0.178781	-0.24928604	0.9999995	-0.49297738	0.21708417	-0.14788648	0.15631242	-0.7160644	0.22401866	-0.18445697
-0.041086752	0.051473524	-0.11401353	0.080454476	-0.08781665	0.038476143	-0.0512817	0.08138168	-0.07018159	0.07000476	-0.039632536	0.040963102	-0.112484656	0.105332844	-0.07849507	0.13029164	-0.13582489	0.13587119	-0.16792679	0.09187602	-0.11375117	0.1512517	-0.1910973	0.22671887	-0.25707248	0.1578215	-0.20489265	0.23121928	-0.39871544	0.2530646	-0.13111672	0.13610715	-0.49297738	0.99999946	-0.47181582	0.09849803	-0.10408987	0.29934505	-0.3693844	0.25350654
0.034938116	-0.044063266	0.0948709	-0.07013123	0.07495944	-0.033118438	0.043473765	-0.06959885	0.060913067	-0.061520506	0.034153387	-0.035531025	0.09423671	-0.09334534	0.06875502	-0.11643743	0.114348315	-0.119227625	0.13953899	-0.08382175	0.09731953	-0.1322707	0.15776972	-0.22044362	0.25419584	-0.13978133	0.16033675	-0.19828282	0.23789805	-0.4987836	0.09273528	-0.09824246	0.21708417	-0.47181582	0.999999	-0.07917624	0.07839819	-0.2739825	0.29249766	-0.5088474
-0.022656806	0.02676901	-0.060137413	0.039727923	-0.04361038	0.020902466	-0.026870051	0.041312568	-0.03439217	0.033456918	-0.021971421	0.022452451	-0.05705243	0.050756395	-0.0359023	0.07666264	-0.070907295	0.06386841	-0.080058485	0.040092744	-0.081447266	0.08045322	-0.07191434	0.067089766	-0.06747662	0.1309642	-0.12855954	0.08160136	-0.07348605	0.06292736	-0.46869022	0.30038765	-0.14788648	0.09849803	-0.07917624	0.99999905	-0.80404586	0.15617536	-0.07915064	0.061294384
0.02043326	-0.024322063	0.053816132	-0.036199186	0.039332047	-0.018994967	0.024304988	-0.037589103	0.03128175	-0.030500693	0.020065594	-0.020607127	0.051614776	-0.046611365	0.032675195	-0.071707495	0.06483271	-0.059674677	0.07206885	-0.036863413	0.07189001	-0.07647419	0.06814416	-0.06528494	0.065028705	-0.12121437	0.117504574	-0.08031369	0.071972646	-0.062177185	0.2996286	-0.45929146	0.15631242	-0.10408987	0.07839819	-0.80404586	0.999999	-0.20054373	0.08066334	-0.06346148
-0.04040122	0.049502324	-0.111406416	0.076416515	-0.084323235	0.037509214	-0.049525414	0.0774617	-0.06654819	0.06581814	-0.038190495	0.039322626	-0.106920496	0.098728314	-0.07272143	0.12430123	-0.12650698	0.12249831	-0.15830109	0.08307135	-0.11246678	0.13852061	-0.15705812	0.16354162	-0.18933204	0.1599146	-0.20031634	0.18280981	-0.20043278	0.17629884	-0.19524348	0.19527876	-0.7160644	0.29934505	-0.2739825	0.15617536	-0.20054373	0.99999887	-0.3609769	0.21474881
0.02887686	-0.035999194	0.07797604	-0.056623824	0.06057819	-0.027283043	0.035590112	-0.05652615	0.049046617	-0.0490418	0.028015122	-0.0291019	0.07664261	-0.07494713	0.053878024	-0.09536753	0.09248	-0.094451904	0.11254152	-0.064086966	0.08061469	-0.10569034	0.12126934	-0.15269144	0.16169111	-0.11756011	0.13311003	-0.1523647	0.17161085	-0.20155492	0.09013704	-0.095354594	0.22401866	-0.3693844	0.29249766	-0.07915064	0.08066334	-0.3609769	0.99999875	-0.7530791
-0.026275292	0.032861482	-0.07234384	0.051918305	-0.05657007	0.024684584	-0.032633416	0.051751062	-0.045251746	0.04539971	-0.025257938	0.026163055	-0.070776075	0.06819992	-0.05108029	0.0836598	-0.08439797	0.085247494	-0.10629646	0.060294412	-0.07153949	0.09422244	-0.11274287	0.13823007	-0.1781405	0.1009645	-0.12246096	0.13198325	-0.16166203	0.20051195	-0.07516184	0.07679521	-0.18445697	0.25350654	-0.5088474	0.061294384	-0.06346148	0.21474881	-0.7530791	0.99999875
