1.0	-0.35568148	0.20197415	-0.20217076	0.15937562	-0.20275989	0.21516646	-0.25732026	0.17787005	-0.15952267	0.19040315	-0.24696119	0.20784825	-0.14142035	0.20308885	-0.21567151	0.21397443	-0.25536713	0.19504797	-0.18784975	0.2231669	-0.3151673	0.23237534	-0.34755668	0.17340128	-0.19977795	0.2020303	-0.25432205	0.21307027	-0.19893369	0.18030626	-0.22639585	0.19776022	-0.18265772	0.21092118	-0.2750489	0.22821334	-0.21483931	0.17266643	-0.35923547
-0.35568148	1.0	-0.7017969	0.19207282	-0.14537404	0.17961103	-0.34134954	0.31150535	-0.21668199	0.1272969	-0.19921754	0.20423703	-0.16104071	0.10279746	-0.1519625	0.14851025	-0.18976066	0.1365269	-0.11545481	0.10424274	-0.15907249	0.1544051	-0.12610485	0.13131681	-0.07693188	0.09850508	-0.09789045	0.102499306	-0.08886884	0.08246681	-0.09124128	0.10224645	-0.08015843	0.070554085	-0.08443846	0.11490844	-0.11534718	0.07900694	-0.06544551	0.12111004
0.20197415	-0.7017969	1.0	-0.23339581	0.11863588	-0.14801788	0.24362253	-0.56443775	0.21012285	-0.110358156	0.14208429	-0.16893783	0.11188656	-0.07507955	0.10694064	-0.11070031	0.13410707	-0.098959476	0.08075817	-0.074960254	0.109824166	-0.11241469	0.088829994	-0.09397307	0.054569785	-0.0700154	0.06920897	-0.07302903	0.06297053	-0.058869254	0.06374359	-0.07261036	0.056627695	-0.049992885	0.05948658	-0.08161696	0.07968225	-0.05611984	0.046289828	-0.086079925
-0.20217076	0.19207282	-0.23339581	0.9999998	-0.37518746	0.112211935	-0.17093877	0.23881269	-0.78404856	0.24338621	-0.12039686	0.13571908	-0.14341277	0.10611868	-0.15867737	0.10178104	-0.12269769	0.11144707	-0.10053646	0.097188696	-0.1083351	0.116744965	-0.09788764	0.105944395	-0.064544074	0.072253	-0.07308469	0.0806718	-0.07043616	0.068874724	-0.06654904	0.076943435	-0.06276362	0.055700418	-0.0668722	0.08564126	-0.0853043	0.062044173	-0.051396705	0.09507962
0.15937562	-0.14537404	0.11863588	-0.37518746	0.99999964	-0.088000834	0.11298707	-0.15014607	0.2424187	-0.8082532	0.090432	-0.11711881	0.15356387	-0.14269085	0.21515787	-0.09284342	0.102795996	-0.13220355	0.11942576	-0.13409422	0.09770394	-0.12629686	0.10641291	-0.12913145	0.079355896	-0.07451505	0.07731873	-0.094070554	0.082052894	-0.08626978	0.06763748	-0.08277974	0.07217161	-0.065323584	0.07784204	-0.091485955	0.087051325	-0.07299624	0.059982	-0.113539256
-0.20275989	0.17961103	-0.14801788	0.112211935	-0.088000834	0.9999996	-0.46026507	0.2010427	-0.12252204	0.08242172	-0.7708815	0.2522225	-0.118775554	0.07586527	-0.105540186	0.19799884	-0.21078764	0.115224816	-0.086713776	0.07804373	-0.17116264	0.14064482	-0.10587749	0.09991537	-0.057990998	0.08892731	-0.08435628	0.08066801	-0.06915942	0.062192775	-0.07931557	0.08569583	-0.06201526	0.0537988	-0.06382621	0.09480771	-0.0934741	0.06003248	-0.049614504	0.08973143
0.21516646	-0.34134954	0.24362253	-0.17093877	0.11298707	-0.46026507	0.99999964	-0.49195385	0.17796466	-0.109352395	0.28304958	-0.48266476	0.14167878	-0.09323027	0.1246047	-0.1947403	0.2369896	-0.13579184	0.100409225	-0.092172086	0.16269106	-0.15956807	0.11897406	-0.115774736	0.06709731	-0.096836075	0.09304814	-0.09232667	0.079022154	-0.07221576	0.08556612	-0.09620092	0.07072051	-0.06172113	0.07309176	-0.106895395	0.10304907	-0.06899857	0.05687864	-0.10361466
-0.25732026	0.31150535	-0.56443775	0.23881269	-0.15014607	0.2010427	-0.49195385	0.9999995	-0.36815584	0.13818926	-0.2111639	0.22354776	-0.15455039	0.10043417	-0.14355749	0.14704281	-0.1923914	0.12760916	-0.10608098	0.096961156	-0.15056245	0.14311308	-0.1158723	0.11671847	-0.06926027	0.09012832	-0.08895788	0.091597326	-0.079425305	0.07399235	-0.082717836	0.09220591	-0.07122759	0.0624537	-0.074733965	0.10267298	-0.10305012	0.069639504	-0.057726316	0.10562571
0.17787005	-0.21668199	0.21012285	-0.78404856	0.2424187	-0.12252204	0.17796466	-0.36815584	0.99999946	-0.28049695	0.11971584	-0.14862022	0.13298874	-0.1073808	0.14729764	-0.104369394	0.12100736	-0.11174981	0.09578331	-0.09581315	0.1050131	-0.11826322	0.09566145	-0.105784014	0.06335708	-0.0717307	0.0722251	-0.080215506	0.06957507	-0.06833294	0.06515792	-0.076368034	0.06192863	-0.055139344	0.06575053	-0.085128084	0.08250078	-0.06165042	0.05083262	-0.09471978
-0.15952267	0.1272969	-0.110358156	0.24338621	-0.8082532	0.08242172	-0.109352395	0.13818926	-0.28049695	0.99999934	-0.087515	0.10997805	-0.1880555	0.16107774	-0.336333	0.08688088	-0.09951985	0.12528634	-0.12955388	0.13738973	-0.09331868	0.11569467	-0.10308309	0.117798	-0.07739215	0.06887794	-0.07171045	0.086307265	-0.07635818	0.08106926	-0.06299354	0.076088786	-0.06671592	0.060040656	-0.072488576	0.08350094	-0.081773564	0.06636475	-0.054987054	0.10213338
0.19040315	-0.19921754	0.14208429	-0.12039686	0.090432	-0.7708815	0.28304958	-0.2111639	0.11971584	-0.087515	0.9999995	-0.34096292	0.12410743	-0.081446774	0.109753795	-0.30554906	0.2292623	-0.1324306	0.09362888	-0.08539084	0.19048418	-0.17059451	0.118261084	-0.111981414	0.063923575	-0.10431582	0.096607685	-0.09099393	0.0771985	-0.06899046	0.08937356	-0.098830946	0.06914864	-0.059952397	0.07055873	-0.109465696	0.10374556	-0.067081474	0.055157512	-0.099734105
-0.24696119	0.20423703	-0.16893783	0.13571908	-0.11711881	0.2522225	-0.48266476	0.22354776	-0.14862022	0.10997805	-0.34096292	0.99999946	-0.21092083	0.12277427	-0.15724759	0.2615072	-0.60585296	0.17605607	-0.12803075	0.11356108	-0.2325293	0.19260614	-0.15534626	0.1354779	-0.080569096	0.11939991	-0.11461287	0.10994326	-0.09476643	0.085622355	-0.10687332	0.11520465	-0.08422996	0.07269811	-0.08658299	0.12576059	-0.12625277	0.0805419	-0.06681085	0.11903442
0.20784825	-0.16104071	0.11188656	-0.14341277	0.15356387	-0.118775554	0.14167878	-0.15455039	0.13298874	-0.1880555	0.12410743	-0.21092083	0.99999905	-0.70572317	0.31137216	-0.14326142	0.16300504	-0.2852237	0.20615527	-0.23487961	0.14783344	-0.20622876	0.18871601	-0.21179579	0.1294233	-0.11540652	0.12178889	-0.15383013	0.133248	-0.1419728	0.10362393	-0.12952067	0.11528758	-0.10430942	0.12338595	-0.13980645	0.13255942	-0.11618176	0.095105104	-0.1786806
-0.14142035	0.10279746	-0.07507955	0.10611868	-0.14269085	0.07586527	-0.09323027	0.10043417	-0.1073808	0.16107774	-0.081446774	0.12277427	-0.70572317	0.999999	-0.58411115	0.09054439	-0.10665348	0.17053191	-0.1963054	0.19648041	-0.096283846	0.1289401	-0.12655132	0.13728988	-0.09512569	0.073448315	-0.07805089	0.098672815	-0.08800236	0.098207064	-0.06655426	0.08228997	-0.075009644	0.06776401	-0.08179932	0.088305406	-0.086064406	0.0742208	-0.06147916	0.11320099
0.20308885	-0.1519625	0.10694064	-0.15867737	0.21515787	-0.105540186	0.1246047	-0.14355749	0.14729764	-0.336333	0.109753795	-0.15724759	0.31137216	-0.58411115	0.9999989	-0.12754765	0.13906474	-0.2377542	0.24979159	-0.3924515	0.13603437	-0.19233413	0.17380458	-0.21584304	0.15009992	-0.109328434	0.11636485	-0.15130411	0.13443688	-0.15928845	0.098692484	-0.124180116	0.11474217	-0.1050399	0.1261038	-0.1338257	0.12769385	-0.11550137	0.095171735	-0.17838752
-0.21567151	0.14851025	-0.11070031	0.10178104	-0.09284342	0.19799884	-0.1947403	0.14704281	-0.104369394	0.08688088	-0.30554906	0.2615072	-0.14326142	0.09054439	-0.12754765	0.99999887	-0.5397239	0.1704445	-0.115761854	0.10049305	-0.6238716	0.24345092	-0.16808613	0.13074788	-0.076312676	0.16708301	-0.14443597	0.11335402	-0.0962233	0.08097973	-0.14233671	0.13412113	-0.085769	0.07202895	-0.08497825	0.14303157	-0.1446995	0.07944856	-0.065924436	0.113358855
0.21397443	-0.18976066	0.13410707	-0.12269769	0.102795996	-0.21078764	0.2369896	-0.1923914	0.12100736	-0.09951985	0.2292623	-0.60585296	0.16300504	-0.10665348	0.13906474	-0.5397239	0.9999987	-0.24257693	0.13114798	-0.11614425	0.26731646	-0.2544941	0.18004796	-0.14502975	0.08385601	-0.14459589	0.13278362	-0.12134271	0.10231555	-0.08971839	0.11986832	-0.13330686	0.09049621	-0.077399954	0.090845026	-0.14404304	0.13659967	-0.0858614	0.07070214	-0.12428331
-0.25536713	0.1365269	-0.098959476	0.11144707	-0.13220355	0.115224816	-0.13579184	0.12760916	-0.11174981	0.12528634	-0.1324306	0.17605607	-0.2852237	0.17053191	-0.2377542	0.1704445	-0.24257693	0.9999986	-0.38238388	0.23004961	-0.20514885	0.27073663	-0.6703121	0.22024311	-0.1431059	0.13743305	-0.1573956	0.19367309	-0.17018865	0.14273381	-0.12665269	0.15061438	-0.1392361	0.11457402	-0.1376796	0.15027928	-0.16570263	0.12177529	-0.10305637	0.16768204
0.19504797	-0.11545481	0.08075817	-0.10053646	0.11942576	-0.086713776	0.100409225	-0.10608098	0.09578331	-0.12955388	0.09362888	-0.12803075	0.20615527	-0.1963054	0.24979159	-0.115761854	0.13114798	-0.38238388	0.9999986	-0.7429552	0.13038233	-0.18934856	0.21725446	-0.26075855	0.20390272	-0.10380328	0.11545922	-0.16260098	0.1545262	-0.2081398	0.0942872	-0.1195187	0.121376105	-0.1113695	0.13748157	-0.122090496	0.12458872	-0.11619929	0.097874135	-0.1716732
-0.18784975	0.10424274	-0.074960254	0.097188696	-0.13409422	0.07804373	-0.092172086	0.096961156	-0.09581315	0.13738973	-0.08539084	0.11356108	-0.23487961	0.19648041	-0.3924515	0.10049305	-0.11614425	0.23004961	-0.7429552	0.9999985	-0.11600275	0.15574448	-0.18682422	0.20865029	-0.2891324	0.09024512	-0.10050238	0.13810906	-0.13925718	0.20337701	-0.08327602	0.10347656	-0.10951917	0.10065655	-0.13249366	0.106548674	-0.1122852	0.10205665	-0.08851819	0.15124905
0.2231669	-0.15907249	0.109824166	-0.1083351	0.09770394	-0.17116264	0.16269106	-0.15056245	0.1050131	-0.09331868	0.19048418	-0.2325293	0.14783344	-0.096283846	0.13603437	-0.6238716	0.26731646	-0.20514885	0.13038233	-0.11600275	0.9999986	-0.4681015	0.2040576	-0.16293643	0.09165461	-0.3132653	0.21030954	-0.1476435	0.12081701	-0.09832668	0.19616182	-0.19556168	0.10811108	-0.08994627	0.10392348	-0.20552632	0.18900579	-0.09969878	0.08174498	-0.13894014
-0.3151673	0.1544051	-0.11241469	0.116744965	-0.12629686	0.14064482	-0.15956807	0.14311308	-0.11826322	0.11569467	-0.17059451	0.19260614	-0.20622876	0.1289401	-0.19233413	0.24345092	-0.2544941	0.27073663	-0.18934856	0.15574448	-0.4681015	0.99999833	-0.46870202	0.21229206	-0.12530236	0.23811345	-0.3721286	0.20627004	-0.17465374	0.13023655	-0.21675056	0.24435702	-0.15246564	0.12129351	-0.14300303	0.21909998	-0.26507804	0.13091083	-0.11022633	0.17646973
0.23237534	-0.12610485	0.088829994	-0.09788764	0.10641291	-0.10587749	0.11897406	-0.1158723	0.09566145	-0.10308309	0.118261084	-0.15534626	0.18871601	-0.12655132	0.17380458	-0.16808613	0.18004796	-0.6703121	0.21725446	-0.18682422	0.2040576	-0.46870202	0.9999981	-0.27047917	0.13769773	-0.15412045	0.18536623	-0.2830131	0.19480419	-0.14496952	0.13455665	-0.17611133	0.15659478	-0.12767103	0.14287455	-0.16079885	0.17049621	-0.13791496	0.11190509	-0.17896317
-0.34755668	0.13131681	-0.09397307	0.105944395	-0.12913145	0.09991537	-0.115774736	0.11671847	-0.105784014	0.117798	-0.111981414	0.1354779	-0.21179579	0.13728988	-0.21584304	0.13074788	-0.14502975	0.22024311	-0.26075855	0.20865029	-0.16293643	0.21229206	-0.27047917	0.9999982	-0.3588895	0.13975784	-0.17263493	0.293433	-0.57073665	0.26069137	-0.13331057	0.16776697	-0.2346042	0.19500308	-0.2510015	0.16211711	-0.19349794	0.18368877	-0.16882968	0.2356989
0.17340128	-0.07693188	0.054569785	-0.064544074	0.079355896	-0.057990998	0.06709731	-0.06926027	0.06335708	-0.07739215	0.063923575	-0.080569096	0.1294233	-0.09512569	0.15009992	-0.076312676	0.08385601	-0.1431059	0.20390272	-0.2891324	0.09165461	-0.12530236	0.13769773	-0.3588895	0.9999981	-0.08013853	0.09479364	-0.169216	0.20271446	-0.8035646	0.07432673	-0.097558565	0.138179	-0.14720161	0.2052152	-0.09390182	0.10407748	-0.12864685	0.11622392	-0.19908294
-0.19977795	0.09850508	-0.0700154	0.072253	-0.07451505	0.08892731	-0.096836075	0.09012832	-0.0717307	0.06887794	-0.10431582	0.11939991	-0.11540652	0.073448315	-0.109328434	0.16708301	-0.14459589	0.13743305	-0.10380328	0.09024512	-0.3132653	0.23811345	-0.15412045	0.13975784	-0.08013853	0.9999982	-0.47797737	0.1508997	-0.1221594	0.08515621	-0.66006553	0.2725299	-0.11162236	0.086092286	-0.098202124	0.28060502	-0.28979075	0.094003774	-0.077863485	0.12207322
0.2020303	-0.09789045	0.06920897	-0.07308469	0.07731873	-0.08435628	0.09304814	-0.08895788	0.0722251	-0.07171045	0.096607685	-0.11461287	0.12178889	-0.07805089	0.11636485	-0.14443597	0.13278362	-0.1573956	0.11545922	-0.10050238	0.21030954	-0.3721286	0.18536623	-0.17263493	0.09479364	-0.47797737	0.99999815	-0.25534523	0.1616896	-0.10176889	0.264417	-0.6268522	0.1491599	-0.110243104	0.11824905	-0.2639578	0.2783417	-0.11987266	0.09636639	-0.14374845
-0.25432205	0.102499306	-0.07302903	0.0806718	-0.094070554	0.08066801	-0.09232667	0.091597326	-0.080215506	0.086307265	-0.09099393	0.10994326	-0.15383013	0.098672815	-0.15130411	0.11335402	-0.12134271	0.19367309	-0.16260098	0.13810906	-0.1476435	0.20627004	-0.2830131	0.293433	-0.169216	0.1508997	-0.25534523	0.99999815	-0.63132536	0.17602779	-0.13599841	0.19073123	-0.43713695	0.22406802	-0.22566338	0.15292881	-0.18215969	0.21965882	-0.18658973	0.21861571
0.21307027	-0.08886884	0.06297053	-0.07043616	0.082052894	-0.06915942	0.079022154	-0.079425305	0.06957507	-0.07635818	0.0771985	-0.09476643	0.133248	-0.08800236	0.13443688	-0.0962233	0.10231555	-0.17018865	0.1545262	-0.13925718	0.12081701	-0.17465374	0.19480419	-0.57073665	0.20271446	-0.1221594	0.1616896	-0.63132536	0.99999815	-0.24533808	0.10766715	-0.15602222	0.24477811	-0.23693356	0.20642118	-0.12965603	0.14571796	-0.20219871	0.16452609	-0.21584037
-0.19893369	0.08246681	-0.058869254	0.068874724	-0.08626978	0.062192775	-0.07221576	0.07399235	-0.06833294	0.08106926	-0.06899046	0.085622355	-0.1419728	0.098207064	-0.15928845	0.08097973	-0.08971839	0.14273381	-0.2081398	0.20337701	-0.09832668	0.13023655	-0.14496952	0.26069137	-0.8035646	0.08515621	-0.10176889	0.17602779	-0.24533808	0.9999982	-0.07999446	0.10361074	-0.15932263	0.16602823	-0.31160405	0.09990356	-0.1141595	0.1377749	-0.13230391	0.20514035
0.18030626	-0.09124128	0.06374359	-0.06654904	0.06763748	-0.07931557	0.08556612	-0.082717836	0.06515792	-0.06299354	0.08937356	-0.10687332	0.10362393	-0.06655426	0.098692484	-0.14233671	0.11986832	-0.12665269	0.0942872	-0.08327602	0.19616182	-0.21675056	0.13455665	-0.13331057	0.07432673	-0.66006553	0.264417	-0.13599841	0.10766715	-0.07999446	0.99999815	-0.30898145	0.10194112	-0.0809487	0.09117748	-0.55543095	0.2758899	-0.08990716	0.07310368	-0.117598385
-0.22639585	0.10224645	-0.07261036	0.076943435	-0.08277974	0.08569583	-0.09620092	0.09220591	-0.076368034	0.076088786	-0.098830946	0.11520465	-0.12952067	0.08228997	-0.124180116	0.13412113	-0.13330686	0.15061438	-0.1195187	0.10347656	-0.19556168	0.24435702	-0.17611133	0.16776697	-0.097558565	0.2725299	-0.6268522	0.19073123	-0.15602222	0.10361074	-0.30898145	0.9999983	-0.17081116	0.11619431	-0.12812763	0.27610993	-0.5448844	0.12636675	-0.104052104	0.15212287
0.19776022	-0.08015843	0.056627695	-0.06276362	0.07217161	-0.06201526	0.07072051	-0.07122759	0.06192863	-0.06671592	0.06914864	-0.08422996	0.11528758	-0.075009644	0.11474217	-0.085769	0.09049621	-0.1392361	0.121376105	-0.10951917	0.10811108	-0.15246564	0.15659478	-0.2346042	0.138179	-0.11162236	0.1491599	-0.43713695	0.24477811	-0.15932263	0.10194112	-0.17081116	0.9999983	-0.50428265	0.27069855	-0.12240762	0.14465302	-0.54696	0.2993846	-0.3074999
-0.18265772	0.070554085	-0.049992885	0.055700418	-0.065323584	0.0537988	-0.06172113	0.0624537	-0.055139344	0.060040656	-0.059952397	0.07269811	-0.10430942	0.06776401	-0.1050399	0.07202895	-0.077399954	0.11457402	-0.1113695	0.10065655	-0.08994627	0.12129351	-0.12767103	0.19500308	-0.14720161	0.086092286	-0.110243104	0.22406802	-0.23693356	0.16602823	-0.0809487	0.11619431	-0.50428265	0.99999815	-0.56292456	0.098694	-0.11789192	0.30490986	-0.493267	0.30166563
0.21092118	-0.08443846	0.05948658	-0.0668722	0.07784204	-0.06382621	0.07309176	-0.074733965	0.06575053	-0.072488576	0.07055873	-0.08658299	0.12338595	-0.08179932	0.1261038	-0.08497825	0.090845026	-0.1376796	0.13748157	-0.13249366	0.10392348	-0.14300303	0.14287455	-0.2510015	0.2052152	-0.098202124	0.11824905	-0.22566338	0.20642118	-0.31160405	0.09117748	-0.12812763	0.27069855	-0.56292456	0.99999833	-0.11578405	0.13062719	-0.28557733	0.2809408	-0.57781214
-0.2750489	0.11490844	-0.08161696	0.08564126	-0.091485955	0.09480771	-0.106895395	0.10267298	-0.085128084	0.08350094	-0.109465696	0.12576059	-0.13980645	0.088305406	-0.1338257	0.14303157	-0.14404304	0.15027928	-0.122090496	0.106548674	-0.20552632	0.21909998	-0.16079885	0.16211711	-0.09390182	0.28060502	-0.2639578	0.15292881	-0.12965603	0.09990356	-0.55543095	0.27610993	-0.12240762	0.098694	-0.11578405	0.99999833	-0.6146368	0.109316766	-0.09097514	0.14825177
0.22821334	-0.11534718	0.07968225	-0.0853043	0.087051325	-0.0934741	0.10304907	-0.10305012	0.08250078	-0.081773564	0.10374556	-0.12625277	0.13255942	-0.086064406	0.12769385	-0.1446995	0.13659967	-0.16570263	0.12458872	-0.1122852	0.18900579	-0.26507804	0.17049621	-0.19349794	0.10407748	-0.28979075	0.2783417	-0.18215969	0.14571796	-0.1141595	0.2758899	-0.5448844	0.14465302	-0.11789192	0.13062719	-0.6146368	0.9999982	-0.13588233	0.10744136	-0.1799977
-0.21483931	0.07900694	-0.05611984	0.062044173	-0.07299624	0.06003248	-0.06899857	0.069639504	-0.06165042	0.06636475	-0.067081474	0.0805419	-0.11618176	0.0742208	-0.11550137	0.07944856	-0.0858614	0.12177529	-0.11619929	0.10205665	-0.09969878	0.13091083	-0.13791496	0.18368877	-0.12864685	0.094003774	-0.11987266	0.21965882	-0.20219871	0.1377749	-0.08990716	0.12636675	-0.54696	0.30490986	-0.28557733	0.109316766	-0.13588233	0.9999984	-0.65704465	0.27737328
0.17266643	-0.06544551	0.046289828	-0.051396705	0.059982	-0.049614504	0.05687864	-0.057726316	0.05083262	-0.054987054	0.055157512	-0.06681085	0.095105104	-0.06147916	0.095171735	-0.065924436	0.07070214	-0.10305637	0.097874135	-0.08851819	0.08174498	-0.11022633	0.11190509	-0.16882968	0.11622392	-0.077863485	0.09636639	-0.18658973	0.16452609	-0.13230391	0.07310368	-0.104052104	0.2993846	-0.493267	0.2809408	-0.09097514	0.10744136	-0.65704465	0.99999833	-0.44618422
-0.35923547	0.12111004	-0.086079925	0.09507962	-0.113539256	0.08973143	-0.10361466	0.10562571	-0.09471978	0.10213338	-0.099734105	0.11903442	-0.1786806	0.11320099	-0.17838752	0.113358855	-0.12428331	0.16768204	-0.1716732	0.15124905	-0.13894014	0.17646973	-0.17896317	0.2356989	-0.19908294	0.12207322	-0.14374845	0.21861571	-0.21584037	0.20514035	-0.117598385	0.15212287	-0.3074999	0.30166563	-0.57781214	0.14825177	-0.1799977	0.27737328	-0.44618422	0.99999833
