1.0	-0.49137604	0.2773883	-0.13186166	0.1149878	-0.69084984	0.27291703	-0.1659973	0.130047	-0.14905514	0.24977012	-0.24493426	0.17058556	-0.20016287	0.12079732	-0.22405203	0.19233912	-0.21531679	0.13531588	-0.122315474	0.11298173	-0.11112718	0.08408688	-0.15935577	0.1249728	-0.07546297	0.0892468	-0.08665557	0.09998968	-0.09447623	0.059366055	-0.074144825	0.08277154	-0.077587046	0.08782601	-0.072263464	0.05500279	-0.06320798	0.060929175	-0.07111899
-0.49137604	1.0	-0.5991536	0.14693451	-0.13251859	0.28400677	-0.4812	0.16851655	-0.13563317	0.14423068	-0.20622586	0.2546445	-0.17846805	0.17835672	-0.11371898	0.1717315	-0.19147244	0.18798003	-0.12224171	0.11052296	-0.09820932	0.09548255	-0.07419967	0.13792118	-0.115009286	0.0645234	-0.07847109	0.074748404	-0.089597225	0.08371004	-0.05106068	0.06417901	-0.07320471	0.06839438	-0.07941808	0.06100852	-0.04787755	0.054409567	-0.053259782	0.061014295
0.2773883	-0.5991536	0.99999994	-0.3007549	0.2079389	-0.29900873	0.28113455	-0.25814456	0.19997996	-0.23807216	0.22425988	-0.29728526	0.23279226	-0.285465	0.1731817	-0.22148466	0.22268976	-0.2831717	0.18302773	-0.17413728	0.13136458	-0.13200863	0.10313447	-0.21899307	0.16964291	-0.089617975	0.10824588	-0.10676271	0.12653926	-0.12525116	0.071869805	-0.09221244	0.104158126	-0.099048406	0.114639275	-0.08770294	0.06886985	-0.079431996	0.0777131	-0.09086284
-0.13186166	0.14693451	-0.3007549	0.99999976	-0.83359396	0.11937032	-0.13159059	0.17631966	-0.28361824	0.25717828	-0.12392944	0.13019797	-0.17008707	0.1724367	-0.14667675	0.10745751	-0.11993849	0.1430396	-0.111256845	0.1222229	-0.07478595	0.071696445	-0.05968952	0.1220447	-0.12038671	0.05028606	-0.06370817	0.060433064	-0.07958284	0.0792367	-0.04071939	0.053492356	-0.06358124	0.060669284	-0.07592293	0.048088048	-0.040438373	0.045587163	-0.04636851	0.05180058
0.1149878	-0.13251859	0.2079389	-0.83359396	0.9999998	-0.11233863	0.11793101	-0.17768013	0.23199198	-0.37952426	0.113968246	-0.12498057	0.15696041	-0.18515879	0.15410767	-0.103962526	0.11371	-0.14550327	0.11308281	-0.1351814	0.07152719	-0.069624044	0.05762428	-0.12765457	0.11865228	-0.048556827	0.061024144	-0.058913533	0.076357305	-0.07947551	0.03934607	-0.0520281	0.061295673	-0.059145685	0.07349065	-0.046893775	0.03922005	-0.044567846	0.04512079	-0.05103492
-0.69084984	0.28400677	-0.29900873	0.11937032	-0.11233863	0.9999998	-0.3646952	0.15333109	-0.1250562	0.13384148	-0.42561457	0.23628548	-0.1698361	0.1759468	-0.11247027	0.23067084	-0.21024935	0.1946569	-0.12543522	0.11063995	-0.11658234	0.10904774	-0.083084054	0.14098509	-0.11894661	0.074796006	-0.08968501	0.08347674	-0.098480105	0.08866249	-0.058382083	0.07164389	-0.08098761	0.074667186	-0.08509992	0.069399826	-0.053211287	0.06022548	-0.058285136	0.06664427
0.27291703	-0.4812	0.28113455	-0.13159059	0.11793101	-0.3646952	0.9999998	-0.23541099	0.15165673	-0.1598276	0.2215201	-0.62773204	0.22539566	-0.20465912	0.12509483	-0.20632948	0.24044473	-0.22986636	0.13846503	-0.12139585	0.10888057	-0.10879867	0.08233267	-0.15334223	0.12488111	-0.070802025	0.08518456	-0.0822996	0.09659917	-0.0900648	0.055213712	-0.069128424	0.07866525	-0.07354811	0.08526201	-0.06585697	0.051283386	-0.05821055	0.056712642	-0.06481602
-0.1659973	0.16851655	-0.25814456	0.17631966	-0.17768013	0.15333109	-0.23541099	0.99999994	-0.5479613	0.26842964	-0.17098185	0.21812493	-0.6238795	0.25587004	-0.18889415	0.14567846	-0.18450315	0.21306193	-0.15944459	0.15220581	-0.099917494	0.095450185	-0.07988524	0.15855382	-0.1581727	0.065787576	-0.08359934	0.07904272	-0.10404701	0.10101195	-0.052758493	0.06885597	-0.08241502	0.078233905	-0.098686546	0.061607167	-0.051929336	0.058105085	-0.059176903	0.06529873
0.130047	-0.13563317	0.19997996	-0.28361824	0.23199198	-0.1250562	0.15165673	-0.5479613	0.9999999	-0.6303628	0.1365379	-0.1620536	0.26616466	-0.26990002	0.21202292	-0.12183989	0.14268476	-0.18378837	0.14645578	-0.17625055	0.08503188	-0.082216024	0.068943635	-0.15524729	0.15007111	-0.057014395	0.0723031	-0.06954856	0.091810435	-0.0960875	0.04596964	-0.061037578	0.07290657	-0.07050968	0.08960206	-0.05415306	0.045997363	-0.0518716	0.052961923	-0.058989163
-0.14905514	0.14423068	-0.23807216	0.25717828	-0.37952426	0.13384148	-0.1598276	0.26842964	-0.6303628	0.9999999	-0.15674417	0.1603043	-0.2682492	0.25554007	-0.38588512	0.13242194	-0.15635592	0.18625934	-0.16637386	0.21771885	-0.09869059	0.09347854	-0.08018583	0.17076293	-0.19660209	0.066151306	-0.08528992	0.080679104	-0.111391686	0.11651111	-0.053667426	0.07196165	-0.0876166	0.084858336	-0.11167066	0.06264572	-0.054505184	0.061024703	-0.06325781	0.06933005
0.24977012	-0.20622586	0.22425988	-0.12392944	0.113968246	-0.42561457	0.2215201	-0.17098185	0.1365379	-0.15674417	1.0000001	-0.27299795	0.18845575	-0.230342	0.13832867	-0.66334647	0.28527394	-0.28831488	0.16742054	-0.14362492	0.18660127	-0.17556679	0.12180647	-0.19615673	0.15140949	-0.12037212	0.13117765	-0.12636277	0.13466613	-0.120635994	0.08885395	-0.10548179	0.11342357	-0.10454007	0.11259442	-0.10897079	0.07653779	-0.08805268	0.08156965	-0.09591353
-0.24493426	0.2546445	-0.29728526	0.13019797	-0.12498057	0.23628548	-0.62773204	0.21812493	-0.1620536	0.1603043	-0.27299795	1.0000002	-0.34485096	0.21511681	-0.13627727	0.23181891	-0.45100343	0.2566441	-0.15700111	0.12879844	-0.12878694	0.12652418	-0.09632871	0.16131441	-0.13914184	0.080610394	-0.09837986	0.09258234	-0.11021256	0.09868195	-0.062431082	0.07733358	-0.08894185	0.08220414	-0.09580255	0.0730459	-0.057372052	0.06439004	-0.06293511	0.07082619
0.17058556	-0.17846805	0.23279226	-0.17008707	0.15696041	-0.1698361	0.22539566	-0.6238795	0.26616466	-0.2682492	0.18845575	-0.34485096	1.0000004	-0.43112427	0.19947475	-0.17491625	0.22475415	-0.33665878	0.20173207	-0.17615137	0.113070816	-0.111194424	0.09186229	-0.19888945	0.17318083	-0.07438595	0.09321779	-0.09069863	0.11474176	-0.113045976	0.059132557	-0.07699436	0.091103695	-0.08688489	0.107855424	-0.06948833	0.057707984	-0.06491952	0.06546002	-0.07292546
-0.20016287	0.17835672	-0.285465	0.1724367	-0.18515879	0.1759468	-0.20465912	0.25587004	-0.26990002	0.25554007	-0.230342	0.21511681	-0.43112427	1.0000004	-0.4421819	0.18859899	-0.23447731	0.27985322	-0.39005	0.27890837	-0.15142697	0.14045694	-0.12458976	0.27733782	-0.31412345	0.100734495	-0.13251477	0.123489395	-0.17819864	0.17808485	-0.081940666	0.11071509	-0.13792746	0.13289204	-0.18032433	0.09427016	-0.08433575	0.093325995	-0.098350875	0.105319105
0.12079732	-0.11371898	0.1731817	-0.14667675	0.15410767	-0.11247027	0.12509483	-0.18889415	0.21202292	-0.38588512	0.13832867	-0.13627727	0.19947475	-0.4421819	1.0000004	-0.12322348	0.14466703	-0.20019497	0.22379974	-0.67454654	0.09702618	-0.093566366	0.08179692	-0.23605245	0.26030812	-0.066374466	0.08573649	-0.08412438	0.11794537	-0.15518229	0.054073896	-0.07579196	0.09248357	-0.09472347	0.12775345	-0.06363228	0.056989495	-0.06466452	0.06755368	-0.07496005
-0.22405203	0.1717315	-0.22148466	0.10745751	-0.103962526	0.23067084	-0.20632948	0.14567846	-0.12183989	0.13242194	-0.66334647	0.23181891	-0.17491625	0.18859899	-0.12322348	1.0000002	-0.49454057	0.25405937	-0.15444554	0.12415686	-0.27912578	0.19068569	-0.13274498	0.1640514	-0.14148471	0.13591893	-0.1507396	0.12667996	-0.13877566	0.11212365	-0.096725315	0.10679528	-0.11641777	0.10285208	-0.110292286	0.10961506	-0.077165775	0.08568401	-0.079066336	0.089678474
0.19233912	-0.19147244	0.22268976	-0.11993849	0.11371	-0.21024935	0.24044473	-0.18450315	0.14268476	-0.15635592	0.28527394	-0.45100343	0.22475415	-0.23447731	0.14466703	-0.49454057	1.0000002	-0.52993363	0.2054246	-0.1485117	0.18363222	-0.21541682	0.13645925	-0.2131384	0.15926084	-0.11125269	0.1290743	-0.12814309	0.13657038	-0.117659874	0.081532046	-0.0986165	0.11039458	-0.10137856	0.1127067	-0.095677674	0.071607456	-0.08058239	0.07638136	-0.08675522
-0.21531679	0.18798003	-0.2831717	0.1430396	-0.14550327	0.1946569	-0.22986636	0.21306193	-0.18378837	0.18625934	-0.28831488	0.2566441	-0.33665878	0.27985322	-0.20019497	0.25405937	-0.52993363	0.9999998	-0.45077887	0.19650161	-0.1765659	0.17209879	-0.1594048	0.27350286	-0.22966406	0.11033245	-0.14004318	0.13843738	-0.16910021	0.14871009	-0.086526275	0.11016944	-0.13122742	0.12236043	-0.1485351	0.09923983	-0.082227714	0.091211386	-0.09141851	0.100122325
0.13531588	-0.12224171	0.18302773	-0.111256845	0.11308281	-0.12543522	0.13846503	-0.15944459	0.14645578	-0.16637386	0.16742054	-0.15700111	0.20173207	-0.39005	0.22379974	-0.15444554	0.2054246	-0.45077887	0.9999998	-0.30201906	0.11446604	-0.111616395	0.098729335	-0.67132586	0.25907058	-0.07599371	0.097727306	-0.097032286	0.13029863	-0.14715075	0.060981113	-0.08284655	0.10113592	-0.10010152	0.1333742	-0.07097195	0.062226262	-0.06980453	0.072337545	-0.07918052
-0.122315474	0.11052296	-0.17413728	0.1222229	-0.1351814	0.11063995	-0.12139585	0.15220581	-0.17625055	0.21771885	-0.14362492	0.12879844	-0.17615137	0.27890837	-0.67454654	0.12415686	-0.1485117	0.19650161	-0.30201906	0.99999976	-0.105801806	0.1003063	-0.09086714	0.25217062	-0.48802102	0.07238743	-0.09533666	0.09304333	-0.140057	0.18765555	-0.05916912	0.08480179	-0.10733687	0.11113686	-0.16531533	0.068874136	-0.06396563	0.0718845	-0.07701966	0.08308837
0.11298173	-0.09820932	0.13136458	-0.07478595	0.07152719	-0.11658234	0.10888057	-0.099917494	0.08503188	-0.09869059	0.18660127	-0.12878694	0.113070816	-0.15142697	0.09702618	-0.27912578	0.18363222	-0.1765659	0.11446604	-0.105801806	0.9999996	-0.57853216	0.2342829	-0.14006689	0.12604909	-0.49952492	0.2883608	-0.24541867	0.19313762	-0.1364432	0.20440589	-0.19453305	0.17725743	-0.15057212	0.13045545	-0.24570777	0.12579928	-0.14243259	0.11192421	-0.13312992
-0.11112718	0.09548255	-0.13200863	0.071696445	-0.069624044	0.10904774	-0.10879867	0.095450185	-0.082216024	0.09347854	-0.17556679	0.12652418	-0.111194424	0.14045694	-0.093566366	0.19068569	-0.21541682	0.17209879	-0.111616395	0.1003063	-0.57853216	0.99999964	-0.5306016	0.13044871	-0.124747194	0.23691863	-0.30820057	0.27460325	-0.24848801	0.13172746	-0.15536916	0.17218833	-0.1889483	0.15531135	-0.13603431	0.16484319	-0.117544204	0.12609808	-0.10884282	0.121077806
0.08408688	-0.07419967	0.10313447	-0.05968952	0.05762428	-0.083084054	0.08233267	-0.07988524	0.068943635	-0.08018583	0.12180647	-0.09632871	0.09186229	-0.12458976	0.08179692	-0.13274498	0.13645925	-0.1594048	0.098729335	-0.09086714	0.2342829	-0.5306016	0.99999934	-0.11949845	0.112243734	-0.1504379	0.17556557	-0.6985305	0.24650903	-0.13447122	0.10465872	-0.14802374	0.1610096	-0.16488984	0.1280243	-0.12540035	0.09825838	-0.11574981	0.10142932	-0.12017356
-0.15935577	0.13792118	-0.21899307	0.1220447	-0.12765457	0.14098509	-0.15334223	0.15855382	-0.15524729	0.17076293	-0.19615673	0.16131441	-0.19888945	0.27733782	-0.23605245	0.1640514	-0.2131384	0.27350286	-0.67132586	0.25217062	-0.14006689	0.13044871	-0.11949845	0.99999946	-0.4469135	0.093665965	-0.124171466	0.11826208	-0.17663679	0.1977148	-0.07626472	0.10607915	-0.13448076	0.13375694	-0.19282642	0.08761304	-0.08049776	0.08927613	-0.0953764	0.101428054
0.1249728	-0.115009286	0.16964291	-0.12038671	0.11865228	-0.11894661	0.12488111	-0.1581727	0.15007111	-0.19660209	0.15140949	-0.13914184	0.17318083	-0.31412345	0.26030812	-0.14148471	0.15926084	-0.22966406	0.25907058	-0.48802102	0.12604909	-0.124747194	0.112243734	-0.4469135	0.9999992	-0.09020826	0.117057964	-0.1223312	0.18059851	-0.48039842	0.07424831	-0.11453826	0.14105524	-0.16615336	0.24046601	-0.08872428	0.08449422	-0.09836917	0.10465944	-0.11838531
-0.07546297	0.0645234	-0.089617975	0.05028606	-0.048556827	0.074796006	-0.070802025	0.065787576	-0.057014395	0.066151306	-0.12037212	0.080610394	-0.07438595	0.100734495	-0.066374466	0.13591893	-0.11125269	0.11033245	-0.07599371	0.07238743	-0.49952492	0.23691863	-0.1504379	0.093665965	-0.09020826	0.9999991	-0.6309522	0.14702407	-0.15285377	0.10016135	-0.41219705	0.2072514	-0.18131861	0.12107206	-0.10348343	0.2750205	-0.13146673	0.12890121	-0.09377677	0.10451053
0.0892468	-0.07847109	0.10824588	-0.06370817	0.061024144	-0.08968501	0.08518456	-0.08359934	0.0723031	-0.08528992	0.13117765	-0.09837986	0.09321779	-0.13251477	0.08573649	-0.1507396	0.1290743	-0.14004318	0.097727306	-0.09533666	0.2883608	-0.30820057	0.17556557	-0.124171466	0.117057964	-0.6309522	0.9999993	-0.19826241	0.18831654	-0.13750607	0.25252238	-0.40510398	0.23465721	-0.16687322	0.13530724	-0.320147	0.18279678	-0.19629641	0.12840919	-0.1506498
-0.08665557	0.074748404	-0.10676271	0.060433064	-0.058913533	0.08347674	-0.0822996	0.07904272	-0.06954856	0.080679104	-0.12636277	0.09258234	-0.09069863	0.123489395	-0.08412438	0.12667996	-0.12814309	0.13843738	-0.097032286	0.09304333	-0.24541867	0.27460325	-0.6985305	0.11826208	-0.1223312	0.14702407	-0.19826241	0.9999993	-0.4779187	0.14854252	-0.10940434	0.1611229	-0.21453366	0.20391098	-0.15877032	0.123631	-0.1101872	0.12456981	-0.117571115	0.12919101
0.09998968	-0.089597225	0.12653926	-0.07958284	0.076357305	-0.098480105	0.09659917	-0.10404701	0.091810435	-0.111391686	0.13466613	-0.11021256	0.11474176	-0.17819864	0.11794537	-0.13877566	0.13657038	-0.16910021	0.13029863	-0.140057	0.19313762	-0.24848801	0.24650903	-0.17663679	0.18059851	-0.15285377	0.18831654	-0.4779187	0.9999989	-0.29385328	0.12217202	-0.23129137	0.2632979	-0.5459984	0.2612144	-0.15394413	0.1516794	-0.19147521	0.18857537	-0.22911486
-0.09447623	0.08371004	-0.12525116	0.0792367	-0.07947551	0.08866249	-0.0900648	0.10101195	-0.0960875	0.11651111	-0.120635994	0.09868195	-0.113045976	0.17808485	-0.15518229	0.11212365	-0.117659874	0.14871009	-0.14715075	0.18765555	-0.1364432	0.13172746	-0.13447122	0.1977148	-0.48039842	0.10016135	-0.13750607	0.14854252	-0.29385328	0.9999986	-0.0830279	0.14332865	-0.20757568	0.25840217	-0.6752477	0.096875265	-0.105686106	0.119903475	-0.14181459	0.1440115
0.059366055	-0.05106068	0.071869805	-0.04071939	0.03934607	-0.058382083	0.055213712	-0.052758493	0.04596964	-0.053667426	0.08885395	-0.062431082	0.059132557	-0.081940666	0.054073896	-0.096725315	0.081532046	-0.086526275	0.060981113	-0.05916912	0.20440589	-0.15536916	0.10465872	-0.07626472	0.07424831	-0.41219705	0.25252238	-0.10940434	0.12217202	-0.0830279	0.9999987	-0.19590041	0.15184936	-0.10081647	0.08626992	-0.8281464	0.1278907	-0.12600854	0.08361518	-0.093454435
-0.074144825	0.06417901	-0.09221244	0.053492356	-0.0520281	0.07164389	-0.069128424	0.06885597	-0.061037578	0.07196165	-0.10548179	0.07733358	-0.07699436	0.11071509	-0.07579196	0.10679528	-0.0986165	0.11016944	-0.08284655	0.08480179	-0.19453305	0.17218833	-0.14802374	0.10607915	-0.11453826	0.2072514	-0.40510398	0.1611229	-0.23129137	0.14332865	-0.19590041	0.99999857	-0.6075318	0.22094512	-0.17014328	0.19431737	-0.45307478	0.2821693	-0.16608489	0.16715941
0.08277154	-0.07320471	0.104158126	-0.06358124	0.061295673	-0.08098761	0.07866525	-0.08241502	0.07290657	-0.0876166	0.11342357	-0.08894185	0.091103695	-0.13792746	0.09248357	-0.11641777	0.11039458	-0.13122742	0.10113592	-0.10733687	0.17725743	-0.1889483	0.1610096	-0.13448076	0.14105524	-0.18131861	0.23465721	-0.21453366	0.2632979	-0.20757568	0.15184936	-0.6075318	0.99999845	-0.45366487	0.21819894	-0.19082929	0.25405452	-0.33436513	0.19356832	-0.22038077
-0.077587046	0.06839438	-0.099048406	0.060669284	-0.059145685	0.074667186	-0.07354811	0.078233905	-0.07050968	0.084858336	-0.10454007	0.08220414	-0.08688489	0.13289204	-0.09472347	0.10285208	-0.10137856	0.12236043	-0.10010152	0.11113686	-0.15057212	0.15531135	-0.16488984	0.13375694	-0.16615336	0.12107206	-0.16687322	0.20391098	-0.5459984	0.25840217	-0.10081647	0.22094512	-0.45366487	0.9999986	-0.501659	0.11975905	-0.1500968	0.17584546	-0.25145113	0.2123722
0.08782601	-0.07941808	0.114639275	-0.07592293	0.07349065	-0.08509992	0.08526201	-0.098686546	0.08960206	-0.11167066	0.11259442	-0.09580255	0.107855424	-0.18032433	0.12775345	-0.110292286	0.1127067	-0.1485351	0.1333742	-0.16531533	0.13045545	-0.13603431	0.1280243	-0.19282642	0.24046601	-0.10348343	0.13530724	-0.15877032	0.2612144	-0.6752477	0.08626992	-0.17014328	0.21819894	-0.501659	0.99999887	-0.10542408	0.116275765	-0.14214864	0.1613526	-0.18586268
-0.072263464	0.06100852	-0.08770294	0.048088048	-0.046893775	0.069399826	-0.06585697	0.061607167	-0.05415306	0.06264572	-0.10897079	0.0730459	-0.06948833	0.09427016	-0.06363228	0.10961506	-0.095677674	0.09923983	-0.07097195	0.068874136	-0.24570777	0.16484319	-0.12540035	0.08761304	-0.08872428	0.2750205	-0.320147	0.123631	-0.15394413	0.096875265	-0.8281464	0.19431737	-0.19082929	0.11975905	-0.10542408	0.9999987	-0.16205978	0.14053866	-0.10039546	0.10599874
0.05500279	-0.04787755	0.06886985	-0.040438373	0.03922005	-0.053211287	0.051283386	-0.051929336	0.045997363	-0.054505184	0.07653779	-0.057372052	0.057707984	-0.08433575	0.056989495	-0.077165775	0.071607456	-0.082227714	0.062226262	-0.06396563	0.12579928	-0.117544204	0.09825838	-0.08049776	0.08449422	-0.13146673	0.18279678	-0.1101872	0.1516794	-0.105686106	0.1278907	-0.45307478	0.25405452	-0.1500968	0.116275765	-0.16205978	0.99999887	-0.785463	0.18801959	-0.20560502
-0.06320798	0.054409567	-0.079431996	0.045587163	-0.044567846	0.06022548	-0.05821055	0.058105085	-0.0518716	0.061024703	-0.08805268	0.06439004	-0.06491952	0.093325995	-0.06466452	0.08568401	-0.08058239	0.091211386	-0.06980453	0.0718845	-0.14243259	0.12609808	-0.11574981	0.08927613	-0.09836917	0.12890121	-0.19629641	0.12456981	-0.19147521	0.119903475	-0.12600854	0.2821693	-0.33436513	0.17584546	-0.14214864	0.14053866	-0.785463	0.9999991	-0.29190487	0.21637785
0.060929175	-0.053259782	0.0777131	-0.04636851	0.04512079	-0.058285136	0.056712642	-0.059176903	0.052961923	-0.06325781	0.08156965	-0.06293511	0.06546002	-0.098350875	0.06755368	-0.079066336	0.07638136	-0.09141851	0.072337545	-0.07701966	0.11192421	-0.10884282	0.10142932	-0.0953764	0.10465944	-0.09377677	0.12840919	-0.117571115	0.18857537	-0.14181459	0.08361518	-0.16608489	0.19356832	-0.25145113	0.1613526	-0.10039546	0.18801959	-0.29190487	0.99999905	-0.86193544
-0.07111899	0.061014295	-0.09086284	0.05180058	-0.05103492	0.06664427	-0.06481602	0.06529873	-0.058989163	0.06933005	-0.09591353	0.07082619	-0.07292546	0.105319105	-0.07496005	0.089678474	-0.08675522	0.100122325	-0.07918052	0.08308837	-0.13312992	0.121077806	-0.12017356	0.101428054	-0.11838531	0.10451053	-0.1506498	0.12919101	-0.22911486	0.1440115	-0.093454435	0.16715941	-0.22038077	0.2123722	-0.18586268	0.10599874	-0.20560502	0.21637785	-0.86193544	0.99999905
