1.0000001	-0.7323303	0.1837438	-0.12683758	0.094926074	-0.48074064	0.31299216	-0.17321904	0.15549795	-0.12682582	0.19739386	-0.23104116	0.15745932	-0.10845748	0.071600236	-0.2299107	0.14254074	-0.17332911	0.108478084	-0.07489258	0.045789495	-0.10500538	0.08621441	-0.06234978	0.073544905	-0.044901125	0.10421141	-0.0859916	0.05521858	-0.04925447	0.058519598	-0.041433338	0.043705396	-0.04933974	0.07259394	-0.04552343	0.032576248	-0.041664958	0.040831875	-0.054789476
-0.7323303	0.99999994	-0.23441002	0.12825531	-0.09936091	0.30506372	-0.51003677	0.1870148	-0.1727112	0.12183717	-0.16266872	0.1788778	-0.15934373	0.106186144	-0.07065297	0.16881046	-0.12620358	0.15388656	-0.10903862	0.071916565	-0.039084814	0.09148675	-0.079997644	0.05744478	-0.06952859	0.03770319	-0.09607475	0.07708653	-0.051326733	0.046033464	-0.053864934	0.037401963	-0.039810866	0.04528787	-0.06879926	0.04080362	-0.029485656	0.037582625	-0.037291825	0.049342662
0.1837438	-0.23441002	1.0	-0.49180475	0.2422169	-0.18115252	0.1899586	-0.57654846	0.3142865	-0.31913063	0.14260365	-0.2138194	0.2617323	-0.20271967	0.13962477	-0.18488874	0.15076053	-0.28589663	0.18356563	-0.14805698	0.043178663	-0.1115255	0.09285662	-0.06783285	0.077988856	-0.042340424	0.10796875	-0.09144906	0.05813353	-0.05206392	0.05887586	-0.042464208	0.045076903	-0.05188642	0.07560921	-0.046118468	0.033342425	-0.04287072	0.042416018	-0.05696013
-0.12683758	0.12825531	-0.49180475	1.0000002	-0.6334359	0.10753997	-0.11679994	0.2429224	-0.42470416	0.31227073	-0.09195665	0.1321557	-0.18281463	0.17076828	-0.13686459	0.11547636	-0.10243951	0.17333859	-0.17303678	0.12940414	-0.029637363	0.07581139	-0.06691809	0.049265433	-0.058022443	0.028807458	-0.077208966	0.06440901	-0.042611934	0.03836723	-0.04296388	0.030429233	-0.032490868	0.037716083	-0.05638791	0.033037562	-0.023983553	0.030767826	-0.030763162	0.0409398
0.094926074	-0.09936091	0.2422169	-0.6334359	0.9999999	-0.08387729	0.08721947	-0.17603628	0.262498	-0.6525963	0.07390741	-0.10897668	0.13842288	-0.15299277	0.15505669	-0.096122876	0.08313877	-0.14589731	0.14572313	-0.15606159	0.024247982	-0.062305916	0.054343596	-0.040431816	0.047198687	-0.023677595	0.06238479	-0.05295228	0.034731124	-0.03130434	0.034953266	-0.024932044	0.02656316	-0.030904809	0.045618653	-0.027137432	0.01964597	-0.025259107	0.025206698	-0.033739913
-0.48074064	0.30506372	-0.18115252	0.10753997	-0.08387729	0.9999999	-0.7038881	0.18074235	-0.15685512	0.1045271	-0.32528436	0.21905892	-0.15953982	0.09814689	-0.063330635	0.21170247	-0.13989858	0.14884096	-0.10050029	0.06432516	-0.041872885	0.09508546	-0.080141306	0.056505863	-0.0681724	0.039990485	-0.098757945	0.0764424	-0.050002057	0.04479836	-0.05169827	0.036255028	-0.038626883	0.0437938	-0.06664236	0.03909327	-0.028451849	0.03619844	-0.035863675	0.047186296
0.31299216	-0.51003677	0.1899586	-0.11679994	0.08721947	-0.7038881	0.99999976	-0.26009312	0.16231325	-0.11195101	0.20051853	-0.21767145	0.16272776	-0.102551915	0.06496331	-0.19760625	0.12649798	-0.1548658	0.10060027	-0.06663224	0.037845016	-0.08834369	0.07292058	-0.051852513	0.061655033	-0.036617156	0.088838585	-0.070413254	0.045475204	-0.040713545	0.046870425	-0.03315301	0.03524516	-0.040041316	0.06016294	-0.03581718	0.02600072	-0.03316436	0.03278498	-0.043376952
-0.17321904	0.1870148	-0.57654846	0.2429224	-0.17603628	0.18074235	-0.26009312	0.99999964	-0.4900007	0.21708275	-0.13845478	0.19579753	-0.46306553	0.20413783	-0.122524254	0.15970169	-0.14339872	0.25893322	-0.1880402	0.12217085	-0.03870811	0.100732155	-0.085966684	0.06175008	-0.07190407	0.037532505	-0.10048522	0.081916966	-0.0528198	0.047404326	-0.05266273	0.037773814	-0.040336758	0.04655409	-0.06926169	0.040611476	-0.02963889	0.03799288	-0.037840653	0.050234195
0.15549795	-0.1727112	0.3142865	-0.42470416	0.262498	-0.15685512	0.16231325	-0.4900007	0.99999946	-0.45176068	0.13207664	-0.19974455	0.2637825	-0.35594052	0.1879517	-0.17157048	0.14564118	-0.2794289	0.24290447	-0.1950791	0.041334208	-0.10788618	0.09121745	-0.06743557	0.07729386	-0.04046865	0.10507854	-0.08923531	0.057239257	-0.05141665	0.05731984	-0.04133763	0.043972213	-0.050993588	0.074469425	-0.04482326	0.0324803	-0.041793816	0.041533433	-0.05570409
-0.12682582	0.12183717	-0.31913063	0.31227073	-0.6525963	0.1045271	-0.11195101	0.21708275	-0.45176068	0.9999996	-0.093311496	0.13408437	-0.18700811	0.21056524	-0.2920894	0.11763395	-0.10762431	0.17866464	-0.22416927	0.20644274	-0.031261794	0.080085	-0.07227353	0.053802643	-0.06377436	0.030330008	-0.08261324	0.06906951	-0.04639658	0.04194962	-0.046406027	0.03273795	-0.03503392	0.04097207	-0.061626676	0.035542127	-0.025842052	0.033162244	-0.03332862	0.044264283
0.19739386	-0.16266872	0.14260365	-0.09195665	0.07390741	-0.32528436	0.20051853	-0.13845478	0.13207664	-0.093311496	0.99999946	-0.59399855	0.1816007	-0.10151559	0.06306224	-0.6305817	0.23397096	-0.18398765	0.10624215	-0.06424788	0.06861004	-0.1471254	0.11219577	-0.07700484	0.092381954	-0.06553538	0.14384611	-0.10610653	0.06723397	-0.060132485	0.06855039	-0.04867329	0.051803008	-0.05826075	0.08898045	-0.051626734	0.037899528	-0.048036058	0.047357097	-0.06172467
-0.23104116	0.1788778	-0.2138194	0.1321557	-0.10897668	0.21905892	-0.21767145	0.19579753	-0.19974455	0.13408437	-0.59399855	0.99999905	-0.34761554	0.15372737	-0.09583905	0.32482597	-0.39204928	0.26192153	-0.16647482	0.095623724	-0.08176345	0.2101357	-0.17679544	0.11874068	-0.14684162	0.07589612	-0.22821465	0.15929905	-0.10485255	0.0941517	-0.1032579	0.072978966	-0.07874744	0.089519426	-0.14102097	0.076174386	-0.056968786	0.072050504	-0.07227457	0.092949465
0.15745932	-0.15934373	0.2617323	-0.18281463	0.13842288	-0.15953982	0.16272776	-0.46306553	0.2637825	-0.18700811	0.1816007	-0.34761554	0.9999992	-0.32582557	0.1405008	-0.22051547	0.21614298	-0.61143184	0.2414192	-0.14427483	0.052205734	-0.1475439	0.11956148	-0.08453538	0.09544478	-0.050742976	0.13814935	-0.1126455	0.070090584	-0.06282799	0.068112515	-0.049833108	0.05326865	-0.061587412	0.090614036	-0.0528762	0.038888387	-0.049927827	0.049644195	-0.065812014
-0.10845748	0.106186144	-0.20271967	0.17076828	-0.15299277	0.09814689	-0.102551915	0.20413783	-0.35594052	0.21056524	-0.10151559	0.15372737	-0.32582557	0.99999917	-0.35624903	0.12689252	-0.12613401	0.24702002	-0.71818566	0.26745278	-0.033389784	0.09018772	-0.08116091	0.06239858	-0.070013404	0.03239572	-0.09022927	0.07550155	-0.05008644	0.045343507	-0.047357798	0.034240462	-0.0367785	0.043804627	-0.06498582	0.03664234	-0.026915064	0.03466876	-0.035045948	0.04645573
0.071600236	-0.07065297	0.13962477	-0.13686459	0.15505669	-0.063330635	0.06496331	-0.122524254	0.1879517	-0.2920894	0.06306224	-0.09583905	0.1405008	-0.35624903	0.999999	-0.08224681	0.077095255	-0.1491559	0.2730871	-0.8242973	0.021479767	-0.057397287	0.05146135	-0.040528134	0.04693858	-0.020942144	0.05702805	-0.04920624	0.032807607	-0.030361775	0.03105028	-0.022458801	0.02407764	-0.02901022	0.042504366	-0.024192324	0.017690428	-0.022858655	0.023151971	-0.030925589
-0.2299107	0.16881046	-0.18488874	0.11547636	-0.096122876	0.21170247	-0.19760625	0.15970169	-0.17157048	0.11763395	-0.6305817	0.32482597	-0.22051547	0.12689252	-0.08224681	0.99999917	-0.431817	0.2262536	-0.14221545	0.08270535	-0.12137392	0.22259021	-0.18356209	0.12251434	-0.15196387	0.104727894	-0.24306294	0.1663048	-0.10873977	0.097428784	-0.11096672	0.07729387	-0.082783625	0.092793144	-0.14604394	0.08130281	-0.06024522	0.07584486	-0.07528601	0.09670134
0.14254074	-0.12620358	0.15076053	-0.10243951	0.08313877	-0.13989858	0.12649798	-0.14339872	0.14564118	-0.10762431	0.23397096	-0.39204928	0.21614298	-0.12613401	0.077095255	-0.431817	0.9999992	-0.38255942	0.13727273	-0.08032448	0.09365145	-0.57925415	0.2018919	-0.13806142	0.14319159	-0.0923741	0.26335174	-0.2064705	0.10775537	-0.09530471	0.10126227	-0.08010924	0.08442114	-0.094678275	0.13250685	-0.08079733	0.060655635	-0.07784734	0.07528122	-0.09968365
-0.17332911	0.15388656	-0.28589663	0.17333859	-0.14589731	0.14884096	-0.1548658	0.25893322	-0.2794289	0.17866464	-0.18398765	0.26192153	-0.61143184	0.24702002	-0.1491559	0.2262536	-0.38255942	0.9999993	-0.33241674	0.14864787	-0.06739752	0.2039244	-0.18408321	0.11957113	-0.1382979	0.06431645	-0.20511444	0.15518072	-0.09882306	0.08865696	-0.091937445	0.06735338	-0.07289616	0.08478642	-0.1288065	0.069983974	-0.052492585	0.06712754	-0.06765775	0.08806866
0.108478084	-0.10903862	0.18356563	-0.17303678	0.14572313	-0.10050029	0.10060027	-0.1880402	0.24290447	-0.22416927	0.10624215	-0.16647482	0.2414192	-0.71818566	0.2730871	-0.14221545	0.13727273	-0.33241674	0.99999934	-0.40954167	0.03636601	-0.10097635	0.0889028	-0.07198715	0.0761468	-0.03556441	0.09664588	-0.083888166	0.05470364	-0.049640533	0.051007655	-0.037393764	0.040066615	-0.048194204	0.06971792	-0.040058557	0.029359257	-0.037985567	0.03834487	-0.051245276
-0.07489258	0.071916565	-0.14805698	0.12940414	-0.15606159	0.06432516	-0.06663224	0.12217085	-0.1950791	0.20644274	-0.06424788	0.095623724	-0.14427483	0.26745278	-0.8242973	0.08270535	-0.08032448	0.14864787	-0.40954167	0.99999917	-0.022316957	0.059577417	-0.055107303	0.044031158	-0.051783092	0.021688616	-0.060277	0.05182002	-0.035272308	0.032829396	-0.032817733	0.023659281	-0.025447834	0.030974727	-0.0458434	0.025433883	-0.018660244	0.02411453	-0.02459392	0.032711085
0.045789495	-0.039084814	0.043178663	-0.029637363	0.024247982	-0.041872885	0.037845016	-0.03870811	0.041334208	-0.031261794	0.06861004	-0.08176345	0.052205734	-0.033389784	0.021479767	-0.12137392	0.09365145	-0.06739752	0.03636601	-0.022316957	0.9999995	-0.12010143	0.07519757	-0.053122677	0.059222408	-0.9612742	0.12881944	-0.09562845	0.049515665	-0.041644443	0.11162693	-0.06599169	0.056705292	-0.04658763	0.059136603	-0.08783185	0.050230365	-0.05975258	0.044521157	-0.06094157
-0.10500538	0.09148675	-0.1115255	0.07581139	-0.062305916	0.09508546	-0.08834369	0.100732155	-0.10788618	0.080085	-0.1471254	0.2101357	-0.1475439	0.09018772	-0.057397287	0.22259021	-0.57925415	0.2039244	-0.10097635	0.059577417	-0.12010143	0.9999995	-0.35192162	0.18158032	-0.19359052	0.10957039	-0.5628055	0.27233687	-0.13924041	0.12139674	-0.11904989	0.0993015	-0.106264085	0.11594423	-0.16748618	0.09304738	-0.07394737	0.09317635	-0.09075358	0.11655493
0.08621441	-0.079997644	0.09285662	-0.06691809	0.054343596	-0.080141306	0.07292058	-0.085966684	0.09121745	-0.07227353	0.11219577	-0.17679544	0.11956148	-0.08116091	0.05146135	-0.18356209	0.2018919	-0.18408321	0.0889028	-0.055107303	0.07519757	-0.35192162	0.99999934	-0.5918428	0.27727067	-0.075823925	0.26864237	-0.50989467	0.20485047	-0.18871732	0.12316624	-0.110653386	0.12650779	-0.17649351	0.20559816	-0.10665961	0.08446977	-0.11703023	0.12158561	-0.16381067
-0.06234978	0.05744478	-0.06783285	0.049265433	-0.040431816	0.056505863	-0.051852513	0.06175008	-0.06743557	0.053802643	-0.07700484	0.11874068	-0.08453538	0.06239858	-0.040528134	0.12251434	-0.13806142	0.11957113	-0.07198715	0.044031158	-0.053122677	0.18158032	-0.5918428	0.99999934	-0.60478336	0.05259371	-0.18381445	0.2547043	-0.2973286	0.24725065	-0.10352191	0.08606767	-0.101194695	0.19337493	-0.27027526	0.08668592	-0.069802694	0.09738043	-0.12287165	0.15491557
0.073544905	-0.06952859	0.077988856	-0.058022443	0.047198687	-0.0681724	0.061655033	-0.07190407	0.07729386	-0.06377436	0.092381954	-0.14684162	0.09544478	-0.070013404	0.04693858	-0.15196387	0.14319159	-0.1382979	0.0761468	-0.051783092	0.059222408	-0.19359052	0.27727067	-0.60478336	0.9999993	-0.059957396	0.18272115	-0.29282779	0.26615152	-0.51431984	0.12035251	-0.1030215	0.11641048	-0.2406603	0.28802451	-0.10709587	0.08364642	-0.11943339	0.1461776	-0.20576984
-0.044901125	0.03770319	-0.042340424	0.028807458	-0.023677595	0.039990485	-0.036617156	0.037532505	-0.04046865	0.030330008	-0.06553538	0.07589612	-0.050742976	0.03239572	-0.020942144	0.104727894	-0.0923741	0.06431645	-0.03556441	0.021688616	-0.9612742	0.10957039	-0.075823925	0.05259371	-0.059957396	0.9999993	-0.14549795	0.093282774	-0.04939882	0.041604865	-0.12796023	0.06456028	-0.05622435	0.045812555	-0.05961009	0.084308915	-0.049220756	0.05779299	-0.043555364	0.058772855
0.10421141	-0.09607475	0.10796875	-0.077208966	0.06238479	-0.098757945	0.088838585	-0.10048522	0.10507854	-0.08261324	0.14384611	-0.22821465	0.13814935	-0.09022927	0.05702805	-0.24306294	0.26335174	-0.20511444	0.09664588	-0.060277	0.12881944	-0.5628055	0.26864237	-0.18381445	0.18272115	-0.14549795	0.99999917	-0.58284545	0.15769526	-0.1294451	0.14766341	-0.15622607	0.14998166	-0.14002383	0.17022441	-0.1267858	0.10308515	-0.13015878	0.11230867	-0.14900243
-0.0859916	0.07708653	-0.09144906	0.06440901	-0.05295228	0.0764424	-0.070413254	0.081916966	-0.08923531	0.06906951	-0.10610653	0.15929905	-0.1126455	0.07550155	-0.04920624	0.1663048	-0.2064705	0.15518072	-0.083888166	0.05182002	-0.09562845	0.27233687	-0.50989467	0.2547043	-0.29282779	0.093282774	-0.58284545	0.99999905	-0.26463392	0.1893914	-0.16439527	0.15381737	-0.214766	0.18730055	-0.25539833	0.13216782	-0.1139707	0.15178117	-0.14512551	0.17603272
0.05521858	-0.051326733	0.05813353	-0.042611934	0.034731124	-0.050002057	0.045475204	-0.0528198	0.057239257	-0.04639658	0.06723397	-0.10485255	0.070090584	-0.05008644	0.032807607	-0.10873977	0.10775537	-0.09882306	0.05470364	-0.035272308	0.049515665	-0.13924041	0.20485047	-0.2973286	0.26615152	-0.04939882	0.15769526	-0.26463392	0.99999917	-0.45635873	0.12790586	-0.10752874	0.12850177	-0.6560056	0.3132379	-0.11142276	0.093842305	-0.14340276	0.22937533	-0.2882124
-0.04925447	0.046033464	-0.05206392	0.03836723	-0.03130434	0.04479836	-0.040713545	0.047404326	-0.05141665	0.04194962	-0.060132485	0.0941517	-0.06282799	0.045343507	-0.030361775	0.097428784	-0.09530471	0.08865696	-0.049640533	0.032829396	-0.041644443	0.12139674	-0.18871732	0.24725065	-0.51431984	0.041604865	-0.1294451	0.1893914	-0.45635873	0.99999905	-0.098868795	0.08128157	-0.09566633	0.26588723	-0.6309814	0.08506411	-0.06936538	0.10054007	-0.14884132	0.18785031
0.058519598	-0.053864934	0.05887586	-0.04296388	0.034953266	-0.05169827	0.046870425	-0.05266273	0.05731984	-0.046406027	0.06855039	-0.1032579	0.068112515	-0.047357798	0.03105028	-0.11096672	0.10126227	-0.091937445	0.051007655	-0.032817733	0.11162693	-0.11904989	0.12316624	-0.10352191	0.12035251	-0.12796023	0.14766341	-0.16439527	0.12790586	-0.098868795	0.999999	-0.427889	0.26958796	-0.1432873	0.14514773	-0.6970894	0.30784264	-0.33609745	0.18573417	-0.26345557
-0.041433338	0.037401963	-0.042464208	0.030429233	-0.024932044	0.036255028	-0.03315301	0.037773814	-0.04133763	0.03273795	-0.04867329	0.072978966	-0.049833108	0.034240462	-0.022458801	0.07729387	-0.08010924	0.06735338	-0.037393764	0.023659281	-0.06599169	0.0993015	-0.110653386	0.08606767	-0.1030215	0.06456028	-0.15622607	0.15381737	-0.10752874	0.08128157	-0.427889	0.9999987	-0.6164395	0.11360282	-0.121453494	0.2931326	-0.54059297	0.31316963	-0.1578287	0.1743575
0.043705396	-0.039810866	0.045076903	-0.032490868	0.02656316	-0.038626883	0.03524516	-0.040336758	0.043972213	-0.03503392	0.051803008	-0.07874744	0.05326865	-0.0367785	0.02407764	-0.082783625	0.08442114	-0.07289616	0.040066615	-0.025447834	0.056705292	-0.106264085	0.12650779	-0.101194695	0.11641048	-0.05622435	0.14998166	-0.214766	0.12850177	-0.09566633	0.26958796	-0.6164395	0.9999984	-0.14804693	0.13822284	-0.28865597	0.30553538	-0.5842007	0.20378853	-0.24902865
-0.04933974	0.04528787	-0.05188642	0.037716083	-0.030904809	0.0437938	-0.040041316	0.04655409	-0.050993588	0.04097207	-0.05826075	0.089519426	-0.061587412	0.043804627	-0.02901022	0.092793144	-0.094678275	0.08478642	-0.048194204	0.030974727	-0.04658763	0.11594423	-0.17649351	0.19337493	-0.2406603	0.045812555	-0.14002383	0.18730055	-0.6560056	0.26588723	-0.1432873	0.11360282	-0.14804693	0.9999984	-0.42769697	0.11593626	-0.10829406	0.16305381	-0.43837523	0.28325516
0.07259394	-0.06879926	0.07560921	-0.05638791	0.045618653	-0.06664236	0.06016294	-0.06926169	0.074469425	-0.061626676	0.08898045	-0.14102097	0.090614036	-0.06498582	0.042504366	-0.14604394	0.13250685	-0.1288065	0.06971792	-0.0458434	0.059136603	-0.16748618	0.20559816	-0.27027526	0.28802451	-0.05961009	0.17022441	-0.25539833	0.3132379	-0.6309814	0.14514773	-0.121453494	0.13822284	-0.42769697	0.99999833	-0.13108717	0.10373185	-0.15326473	0.21700963	-0.32643768
-0.04552343	0.04080362	-0.046118468	0.033037562	-0.027137432	0.03909327	-0.03581718	0.040611476	-0.04482326	0.035542127	-0.051626734	0.076174386	-0.0528762	0.03664234	-0.024192324	0.08130281	-0.08079733	0.069983974	-0.040058557	0.025433883	-0.08783185	0.09304738	-0.10665961	0.08668592	-0.10709587	0.084308915	-0.1267858	0.13216782	-0.11142276	0.08506411	-0.6970894	0.2931326	-0.28865597	0.11593626	-0.13108717	0.9999986	-0.54720825	0.2690686	-0.16254483	0.17731667
0.032576248	-0.029485656	0.033342425	-0.023983553	0.01964597	-0.028451849	0.02600072	-0.02963889	0.0324803	-0.025842052	0.037899528	-0.056968786	0.038888387	-0.026915064	0.017690428	-0.06024522	0.060655635	-0.052492585	0.029359257	-0.018660244	0.050230365	-0.07394737	0.08446977	-0.069802694	0.08364642	-0.049220756	0.10308515	-0.1139707	0.093842305	-0.06936538	0.30784264	-0.54059297	0.30553538	-0.10829406	0.10373185	-0.54720825	0.99999875	-0.5208961	0.16458102	-0.17952041
-0.041664958	0.037582625	-0.04287072	0.030767826	-0.025259107	0.03619844	-0.03316436	0.03799288	-0.041793816	0.033162244	-0.048036058	0.072050504	-0.049927827	0.03466876	-0.022858655	0.07584486	-0.07784734	0.06712754	-0.037985567	0.02411453	-0.05975258	0.09317635	-0.11703023	0.09738043	-0.11943339	0.05779299	-0.13015878	0.15178117	-0.14340276	0.10054007	-0.33609745	0.31316963	-0.5842007	0.16305381	-0.15326473	0.2690686	-0.5208961	0.9999987	-0.35692522	0.24709831
0.040831875	-0.037291825	0.042416018	-0.030763162	0.025206698	-0.035863675	0.03278498	-0.037840653	0.041533433	-0.03332862	0.047357097	-0.07227457	0.049644195	-0.035045948	0.023151971	-0.07528601	0.07528122	-0.06765775	0.03834487	-0.02459392	0.044521157	-0.09075358	0.12158561	-0.12287165	0.1461776	-0.043555364	0.11230867	-0.14512551	0.22937533	-0.14884132	0.18573417	-0.1578287	0.20378853	-0.43837523	0.21700963	-0.16254483	0.16458102	-0.35692522	0.99999875	-0.7248653
-0.054789476	0.049342662	-0.05696013	0.0409398	-0.033739913	0.047186296	-0.043376952	0.050234195	-0.05570409	0.044264283	-0.06172467	0.092949465	-0.065812014	0.04645573	-0.030925589	0.09670134	-0.09968365	0.08806866	-0.051245276	0.032711085	-0.06094157	0.11655493	-0.16381067	0.15491557	-0.20576984	0.058772855	-0.14900243	0.17603272	-0.2882124	0.18785031	-0.26345557	0.1743575	-0.24902865	0.28325516	-0.32643768	0.17731667	-0.17952041	0.24709831	-0.7248653	0.99999875
