0.99999994	-0.8409059	0.1706914	-0.15223826	0.13756911	-0.35259193	0.23597682	-0.15823296	0.13561583	-0.10792548	0.1973728	-0.16922545	0.16924776	-0.094161384	0.09324368	-0.13850737	0.11411425	-0.12794863	0.102823675	-0.11259426	0.08405404	-0.09785347	0.09413361	-0.085408024	0.067472905	-0.093325004	0.089796945	-0.0969779	0.063583195	-0.06612985	0.073110476	-0.092883244	0.07365877	-0.0704979	0.06629136	-0.040173188	0.03702313	-0.07410063	0.06337857	-0.09747729
-0.8409059	1.0	-0.22449495	0.15497173	-0.14895833	0.23806192	-0.33239374	0.17113099	-0.14848812	0.111282274	-0.19148247	0.17106807	-0.18102711	0.093288355	-0.09453037	0.12556764	-0.10975772	0.118190415	-0.09843082	0.10370196	-0.076638125	0.08897332	-0.086928986	0.077878	-0.061921827	0.083315484	-0.082252055	0.08744243	-0.05789149	0.05993062	-0.065906994	0.08235279	-0.06632642	0.06282109	-0.05945524	0.03566223	-0.033033527	0.06593687	-0.05669568	0.0859436
0.1706914	-0.22449495	0.99999994	-0.6880886	0.27368218	-0.19507246	0.21881786	-0.4899674	0.2581591	-0.2200125	0.15453781	-0.1675905	0.20499322	-0.14815222	0.14403574	-0.13974652	0.11670989	-0.13891788	0.13021089	-0.1450721	0.08620774	-0.10286012	0.100867406	-0.102708004	0.080986924	-0.096325964	0.09436999	-0.10428429	0.0731176	-0.07730349	0.07582672	-0.096935086	0.07892735	-0.07678373	0.072799	-0.042275954	0.038956534	-0.079582274	0.06847696	-0.10620005
-0.15223826	0.15497173	-0.6880886	0.99999976	-0.5233047	0.16349415	-0.1993586	0.2716176	-0.2997682	0.23437244	-0.14041264	0.1436983	-0.19277819	0.14472903	-0.15632482	0.12066667	-0.10332462	0.12117838	-0.12554137	0.13218428	-0.07547189	0.089749105	-0.08932119	0.092383124	-0.07352137	0.08337812	-0.08326477	0.09108199	-0.06552769	0.069065966	-0.06641215	0.08402328	-0.06931792	0.0672312	-0.064269245	0.036773063	-0.034010984	0.06932898	-0.060112264	0.0924423
0.13756911	-0.14895833	0.27368218	-0.5233047	0.9999997	-0.21773316	0.20366162	-0.28222933	0.29353505	-0.56100833	0.17294762	-0.16989753	0.21085119	-0.24072407	0.2340777	-0.1666012	0.13575749	-0.16780087	0.1824576	-0.21154083	0.10505634	-0.12631334	0.12475939	-0.14254302	0.1121065	-0.11870244	0.11682581	-0.13105936	0.09811199	-0.1053339	0.09427443	-0.12150319	0.10018591	-0.09945912	0.09508668	-0.053453647	0.04919464	-0.101566136	0.08814958	-0.13855821
-0.35259193	0.23806192	-0.19507246	0.16349415	-0.21773316	0.99999976	-0.37481067	0.20574218	-0.21250045	0.15450262	-0.6762915	0.2662408	-0.31007683	0.14114542	-0.14853421	0.21685475	-0.1888076	0.19172482	-0.16246402	0.15921816	-0.13337341	0.14773458	-0.1462761	0.12264575	-0.09920356	0.13844182	-0.14073394	0.14221013	-0.09375271	0.09519857	-0.11279885	0.13476093	-0.109595954	0.10105119	-0.09706582	0.058478437	-0.054840855	0.10618817	-0.0927385	0.13556781
0.23597682	-0.33239374	0.21881786	-0.1993586	0.20366162	-0.37481067	0.9999998	-0.3858134	0.23059493	-0.17588595	0.27768928	-0.5513051	0.3162967	-0.15719631	0.14997062	-0.25483665	0.22230679	-0.23694618	0.168006	-0.18378052	0.14622855	-0.17300403	0.164249	-0.14072143	0.11063537	-0.1608359	0.15407158	-0.16658422	0.10514693	-0.10892989	0.122954145	-0.15592833	0.1234553	-0.11666126	0.108812556	-0.06673739	0.061500035	-0.12376203	0.104727164	-0.15960927
-0.15823296	0.17113099	-0.4899674	0.2716176	-0.28222933	0.20574218	-0.3858134	0.9999998	-0.5577695	0.2413616	-0.17874993	0.22603862	-0.3543809	0.1661428	-0.17088622	0.15757327	-0.13996424	0.16003573	-0.14619851	0.15170644	-0.096201256	0.11454034	-0.11387185	0.10873293	-0.08631597	0.1053904	-0.1049175	0.11426853	-0.0783882	0.08197184	-0.08292044	0.10457287	-0.085726336	0.081993915	-0.07774936	0.045414235	-0.04200544	0.08547634	-0.07345237	0.11203047
0.13561583	-0.14848812	0.2581591	-0.2997682	0.29353505	-0.21250045	0.23059493	-0.5577695	0.9999999	-0.54103714	0.17195967	-0.18953347	0.23412931	-0.2560931	0.2349697	-0.1648167	0.13698298	-0.1674817	0.17850034	-0.19604662	0.102293	-0.12298184	0.121644534	-0.13308112	0.10500942	-0.11454909	0.11305994	-0.12602894	0.09232263	-0.09835193	0.09042172	-0.11572412	0.095401876	-0.09357325	0.08928063	-0.05063345	0.046686243	-0.09614372	0.0831324	-0.12909667
-0.10792548	0.111282274	-0.2200125	0.23437244	-0.56100833	0.15450262	-0.17588595	0.2413616	-0.54103714	1.0	-0.13444449	0.13762642	-0.18791394	0.25182864	-0.44369557	0.123017214	-0.10531904	0.12852766	-0.17637642	0.17066233	-0.07794307	0.09378723	-0.09525078	0.11145076	-0.0896378	0.08610183	-0.0876104	0.096927404	-0.07597879	0.08083212	-0.069137685	0.08736283	-0.07396903	0.072734624	-0.07054819	0.03849855	-0.035685837	0.07371048	-0.064660944	0.0994543
0.1973728	-0.19148247	0.15453781	-0.14041264	0.17294762	-0.6762915	0.27768928	-0.17874993	0.17195967	-0.13444449	0.99999994	-0.36960867	0.27558374	-0.13606562	0.13421151	-0.3408615	0.23239496	-0.24741967	0.16761306	-0.18133105	0.174074	-0.19190429	0.1780514	-0.1450182	0.11423695	-0.19161274	0.17200817	-0.18220681	0.111332044	-0.11428197	0.1420359	-0.17938541	0.1363472	-0.12774858	0.11859112	-0.07571151	0.06966338	-0.13669658	0.11523813	-0.17465492
-0.16922545	0.17106807	-0.1675905	0.1436983	-0.16989753	0.2662408	-0.5513051	0.22603862	-0.18953347	0.13762642	-0.36960867	0.99999946	-0.56939995	0.13898422	-0.13375449	0.24911273	-0.35103813	0.23862791	-0.15287566	0.1522431	-0.14254864	0.16500051	-0.16360079	0.11915764	-0.0947434	0.14377259	-0.14830254	0.15013734	-0.091223046	0.09232535	-0.11139426	0.1344928	-0.109684154	0.09894935	-0.09280677	0.057166934	-0.053347398	0.1059725	-0.090015166	0.13128023
0.16924776	-0.18102711	0.20499322	-0.19277819	0.21085119	-0.31007683	0.3162967	-0.3543809	0.23412931	-0.18791394	0.27558374	-0.56939995	0.9999994	-0.22218822	0.18234013	-0.28929368	0.25838667	-0.33511794	0.2043169	-0.21774298	0.16816704	-0.20548883	0.20294034	-0.166504	0.1303739	-0.18452549	0.18123758	-0.20193294	0.12396949	-0.12810718	0.14109105	-0.1789195	0.14533284	-0.13624829	0.12635349	-0.076753244	0.070806205	-0.14540681	0.12196265	-0.18457356
-0.094161384	0.093288355	-0.14815222	0.14472903	-0.24072407	0.14114542	-0.15719631	0.1661428	-0.2560931	0.25182864	-0.13606562	0.13898422	-0.22218822	0.9999997	-0.72744024	0.12660104	-0.115155995	0.14893337	-0.4485371	0.24291655	-0.08220855	0.10063254	-0.10932521	0.147573	-0.12222512	0.088482454	-0.09584985	0.10613201	-0.0959462	0.10097681	-0.07268642	0.08975422	-0.080846615	0.079785176	-0.079753265	0.0399331	-0.037396174	0.07866596	-0.07065796	0.10610536
0.09324368	-0.09453037	0.14403574	-0.15632482	0.2340777	-0.14853421	0.14997062	-0.17088622	0.2349697	-0.44369557	0.13421151	-0.13375449	0.18234013	-0.72744024	0.99999964	-0.13049096	0.11220941	-0.1459544	0.25772598	-0.2722487	0.08424595	-0.103425846	0.10840637	-0.15684138	0.12527445	-0.09264159	0.09760432	-0.11009953	0.0990129	-0.10814967	0.07545149	-0.09480681	0.08411154	-0.08479849	0.08409725	-0.04223877	0.03933095	-0.08325654	0.07447102	-0.11467165
-0.13850737	0.12556764	-0.13974652	0.12066667	-0.1666012	0.21685475	-0.25483665	0.15757327	-0.1648167	0.123017214	-0.3408615	0.24911273	-0.28929368	0.12660104	-0.13049096	0.9999998	-0.59979224	0.28218397	-0.17281008	0.15490203	-0.42123052	0.24524952	-0.23424527	0.13108918	-0.10704854	0.249266	-0.23272692	0.19031163	-0.10814495	0.10394476	-0.18801327	0.18622239	-0.1430011	0.11610256	-0.11065876	0.07573357	-0.07277162	0.12728025	-0.11010801	0.14402686
0.11411425	-0.10975772	0.11670989	-0.10332462	0.13575749	-0.1888076	0.22230679	-0.13996424	0.13698298	-0.10531904	0.23239496	-0.35103813	0.25838667	-0.115155995	0.11220941	-0.59979224	0.99999976	-0.52919465	0.15995973	-0.14855322	0.21912237	-0.29105392	0.24352631	-0.12657109	0.09999374	-0.20003267	0.2099099	-0.20037454	0.101676546	-0.09878406	0.1412304	-0.16101596	0.13212189	-0.1088495	0.10037022	-0.06525206	0.061768956	-0.12136542	0.10033514	-0.13467063
-0.12794863	0.118190415	-0.13891788	0.12117838	-0.16780087	0.19172482	-0.23694618	0.16003573	-0.1674817	0.12852766	-0.24741967	0.23862791	-0.33511794	0.14893337	-0.1459544	0.28218397	-0.52919465	0.99999964	-0.25655562	0.18927132	-0.19619958	0.25389686	-0.5227225	0.16220334	-0.1308686	0.17551586	-0.2442443	0.2526127	-0.13227202	0.12362521	-0.14873397	0.16483435	-0.17012899	0.13037482	-0.12339561	0.07114519	-0.06876634	0.14393897	-0.122827806	0.15667683
0.102823675	-0.09843082	0.13021089	-0.12554137	0.1824576	-0.16246402	0.168006	-0.14619851	0.17850034	-0.17637642	0.16761306	-0.15287566	0.2043169	-0.4485371	0.25772598	-0.17281008	0.15995973	-0.25655562	0.9999996	-0.6374073	0.11483047	-0.14650528	0.16919328	-0.32452595	0.24475893	-0.12204374	0.14076075	-0.16260885	0.1773337	-0.19436231	0.10226372	-0.12479907	0.121834	-0.12465225	0.12798344	-0.0563664	0.053226184	-0.11707853	0.107855104	-0.16151398
-0.11259426	0.10370196	-0.1450721	0.13218428	-0.21154083	0.15921816	-0.18378052	0.15170644	-0.19604662	0.17066233	-0.18133105	0.1522431	-0.21774298	0.24291655	-0.2722487	0.15490203	-0.14855322	0.18927132	-0.6374073	0.99999946	-0.10921163	0.13517301	-0.16005036	0.27958596	-0.46513483	0.11278516	-0.13904771	0.15158506	-0.20761405	0.21138893	-0.09988895	0.11724199	-0.1216006	0.1243693	-0.13961457	0.053986013	-0.051840827	0.112287715	-0.10992684	0.15503922
0.08405404	-0.076638125	0.08620774	-0.07547189	0.10505634	-0.13337341	0.14622855	-0.096201256	0.102293	-0.07794307	0.174074	-0.14254864	0.16816704	-0.08220855	0.08424595	-0.42123052	0.21912237	-0.19619958	0.11483047	-0.10921163	0.9999995	-0.35111308	0.18345587	-0.09903024	0.07924273	-0.7115852	0.23587939	-0.1703017	0.084146746	-0.08054003	0.23268251	-0.24656877	0.124282755	-0.09756774	0.088536076	-0.083200894	0.076742	-0.11267951	0.09161247	-0.1172458
-0.09785347	0.08897332	-0.10286012	0.089749105	-0.12631334	0.14773458	-0.17300403	0.11454034	-0.12298184	0.09378723	-0.19190429	0.16500051	-0.20548883	0.10063254	-0.103425846	0.24524952	-0.29105392	0.25389686	-0.14650528	0.13517301	-0.35111308	0.9999995	-0.41553214	0.13272397	-0.10577906	0.23907606	-0.6666182	0.2800649	-0.118303224	0.10774324	-0.19011308	0.20226759	-0.17257893	0.12507986	-0.11370224	0.07746886	-0.07559178	0.14495026	-0.117999874	0.14461137
0.09413361	-0.086928986	0.100867406	-0.08932119	0.12475939	-0.1462761	0.164249	-0.11387185	0.121644534	-0.09525078	0.1780514	-0.16360079	0.20294034	-0.10932521	0.10840637	-0.23424527	0.24352631	-0.5227225	0.16919328	-0.16005036	0.18345587	-0.41553214	0.99999934	-0.18962638	0.13276912	-0.17872319	0.28896517	-0.5579753	0.15310071	-0.138628	0.1458729	-0.17438164	0.2119606	-0.15517029	0.13251412	-0.07552729	0.07257019	-0.18820906	0.13891244	-0.17252591
-0.085408024	0.077878	-0.102708004	0.092383124	-0.14254302	0.12264575	-0.14072143	0.10873293	-0.13308112	0.11145076	-0.1450182	0.11915764	-0.166504	0.147573	-0.15684138	0.13108918	-0.12657109	0.16220334	-0.32452595	0.27958596	-0.09903024	0.13272397	-0.18962638	0.9999996	-0.6242445	0.100868605	-0.14388786	0.17378393	-0.5160664	0.3125882	-0.092676155	0.107979864	-0.13283531	0.14267653	-0.16139612	0.050824057	-0.049429677	0.11724687	-0.11990107	0.16162458
0.067472905	-0.061921827	0.080986924	-0.07352137	0.1121065	-0.09920356	0.11063537	-0.08631597	0.10500942	-0.0896378	0.11423695	-0.0947434	0.1303739	-0.12222512	0.12527445	-0.10704854	0.09999374	-0.1308686	0.24475893	-0.46513483	0.07924273	-0.10577906	0.13276912	-0.6242445	0.9999996	-0.08246023	0.11101195	-0.13838176	0.29915237	-0.48935115	0.075015426	-0.089313805	0.10811529	-0.13095118	0.15021917	-0.04253338	0.041041475	-0.10064937	0.10333637	-0.15646702
-0.093325004	0.083315484	-0.096325964	0.08337812	-0.11870244	0.13844182	-0.1608359	0.1053904	-0.11454909	0.08610183	-0.19161274	0.14377259	-0.18452549	0.088482454	-0.09264159	0.249266	-0.20003267	0.17551586	-0.12204374	0.11278516	-0.7115852	0.23907606	-0.17872319	0.100868605	-0.08246023	0.9999996	-0.26807433	0.16657224	-0.08726765	0.082693934	-0.43070075	0.26035967	-0.13191755	0.10047101	-0.093458906	0.09421808	-0.09030514	0.11532318	-0.09682511	0.11988075
0.089796945	-0.082252055	0.09436999	-0.08326477	0.11682581	-0.14073394	0.15407158	-0.1049175	0.11305994	-0.0876104	0.17200817	-0.14830254	0.18123758	-0.09584985	0.09760432	-0.23272692	0.2099099	-0.2442443	0.14076075	-0.13904771	0.23587939	-0.6666182	0.28896517	-0.14388786	0.11101195	-0.26807433	0.9999996	-0.45676342	0.13235672	-0.12353348	0.20018372	-0.27853277	0.2048266	-0.15189211	0.12872021	-0.091004595	0.08733111	-0.18557914	0.13736385	-0.17144729
-0.0969779	0.08744243	-0.10428429	0.09108199	-0.13105936	0.14221013	-0.16658422	0.11426853	-0.12602894	0.096927404	-0.18220681	0.15013734	-0.20193294	0.10613201	-0.11009953	0.19031163	-0.20037454	0.2526127	-0.16260885	0.15158506	-0.1703017	0.2800649	-0.5579753	0.17378393	-0.13838176	0.16657224	-0.45676342	0.99999964	-0.21445474	0.15845916	-0.15976334	0.18575422	-0.42871603	0.1852168	-0.16165794	0.083026506	-0.08318081	0.22972064	-0.17950603	0.18755125
0.063583195	-0.05789149	0.0731176	-0.06552769	0.09811199	-0.09375271	0.10514693	-0.0783882	0.09232263	-0.07597879	0.111332044	-0.091223046	0.12396949	-0.0959462	0.0990129	-0.10814495	0.101676546	-0.13227202	0.1773337	-0.20761405	0.084146746	-0.118303224	0.15310071	-0.5160664	0.29915237	-0.08726765	0.13235672	-0.21445474	0.99999964	-0.71382743	0.08187252	-0.09788007	0.13890141	-0.18775615	0.18945341	-0.047396455	0.04614591	-0.124850444	0.13052373	-0.18671842
-0.06612985	0.05993062	-0.07730349	0.069065966	-0.1053339	0.09519857	-0.10892989	0.08197184	-0.09835193	0.08083212	-0.11428197	0.09232535	-0.12810718	0.10097681	-0.10814967	0.10394476	-0.09878406	0.12362521	-0.19436231	0.21138893	-0.08054003	0.10774324	-0.138628	0.3125882	-0.48935115	0.082693934	-0.12353348	0.15845916	-0.71382743	0.9999996	-0.07881778	0.09222746	-0.1299699	0.16970015	-0.2589656	0.04508066	-0.044197317	0.11457852	-0.12919109	0.18442495
0.073110476	-0.065906994	0.07582672	-0.06641215	0.09427443	-0.11279885	0.122954145	-0.08292044	0.09042172	-0.069137685	0.1420359	-0.11139426	0.14109105	-0.07268642	0.07545149	-0.18801327	0.1412304	-0.14873397	0.10226372	-0.09988895	0.23268251	-0.19011308	0.1458729	-0.092676155	0.075015426	-0.43070075	0.20018372	-0.15976334	0.08187252	-0.07881778	0.9999997	-0.7660111	0.15588573	-0.11329262	0.09764282	-0.19856028	0.16458476	-0.14222711	0.10809564	-0.1304406
-0.092883244	0.08235279	-0.096935086	0.08402328	-0.12150319	0.13476093	-0.15592833	0.10457287	-0.11572412	0.08736283	-0.17938541	0.1344928	-0.1789195	0.08975422	-0.09480681	0.18622239	-0.16101596	0.16483435	-0.12479907	0.11724199	-0.24656877	0.20226759	-0.17438164	0.107979864	-0.089313805	0.26035967	-0.27853277	0.18575422	-0.09788007	0.09222746	-0.7660111	0.9999998	-0.21905696	0.13095656	-0.11762343	0.1766834	-0.20766227	0.16280513	-0.13169686	0.14597628
0.07365877	-0.06632642	0.07892735	-0.06931792	0.10018591	-0.109595954	0.1234553	-0.085726336	0.095401876	-0.07396903	0.1363472	-0.109684154	0.14533284	-0.080846615	0.08411154	-0.1430011	0.13212189	-0.17012899	0.121834	-0.1216006	0.124282755	-0.17257893	0.2119606	-0.13283531	0.10811529	-0.13191755	0.2048266	-0.42871603	0.13890141	-0.1299699	0.15588573	-0.21905696	1.0000001	-0.3616643	0.20831153	-0.11025567	0.10934074	-0.6551227	0.28563827	-0.26632497
-0.0704979	0.06282109	-0.07678373	0.0672312	-0.09945912	0.10105119	-0.11666126	0.081993915	-0.09357325	0.072734624	-0.12774858	0.09894935	-0.13624829	0.079785176	-0.08479849	0.11610256	-0.1088495	0.13037482	-0.12465225	0.1243693	-0.09756774	0.12507986	-0.15517029	0.14267653	-0.13095118	0.10047101	-0.15189211	0.1852168	-0.18775615	0.16970015	-0.11329262	0.13095656	-0.3616643	1.0	-0.585366	0.07461169	-0.07641209	0.27350938	-0.5618095	0.3235192
0.06629136	-0.05945524	0.072799	-0.064269245	0.09508668	-0.09706582	0.108812556	-0.07774936	0.08928063	-0.07054819	0.11859112	-0.09280677	0.12635349	-0.079753265	0.08409725	-0.11065876	0.10037022	-0.12339561	0.12798344	-0.13961457	0.088536076	-0.11370224	0.13251412	-0.16139612	0.15021917	-0.093458906	0.12872021	-0.16165794	0.18945341	-0.2589656	0.09764282	-0.11762343	0.20831153	-0.585366	0.9999998	-0.06563033	0.06459962	-0.21240607	0.28641227	-0.6505512
-0.040173188	0.03566223	-0.042275954	0.036773063	-0.053453647	0.058478437	-0.06673739	0.045414235	-0.05063345	0.03849855	-0.07571151	0.057166934	-0.076753244	0.0399331	-0.04223877	0.07573357	-0.06525206	0.07114519	-0.0563664	0.053986013	-0.083200894	0.07746886	-0.07552729	0.050824057	-0.04253338	0.09421808	-0.091004595	0.083026506	-0.047396455	0.04508066	-0.19856028	0.1766834	-0.11025567	0.07461169	-0.06563033	0.9999996	-0.9435375	0.122170985	-0.09054748	0.0809143
0.03702313	-0.033033527	0.038956534	-0.034010984	0.04919464	-0.054840855	0.061500035	-0.04200544	0.046686243	-0.035685837	0.06966338	-0.053347398	0.070806205	-0.037396174	0.03933095	-0.07277162	0.061768956	-0.06876634	0.053226184	-0.051840827	0.076742	-0.07559178	0.07257019	-0.049429677	0.041041475	-0.09030514	0.08733111	-0.08318081	0.04614591	-0.044197317	0.16458476	-0.20766227	0.10934074	-0.07641209	0.06459962	-0.9435375	0.9999995	-0.14307325	0.08954875	-0.08297155
-0.07410063	0.06593687	-0.079582274	0.06932898	-0.101566136	0.10618817	-0.12376203	0.08547634	-0.09614372	0.07371048	-0.13669658	0.1059725	-0.14540681	0.07866596	-0.08325654	0.12728025	-0.12136542	0.14393897	-0.11707853	0.112287715	-0.11267951	0.14495026	-0.18820906	0.11724687	-0.10064937	0.11532318	-0.18557914	0.22972064	-0.124850444	0.11457852	-0.14222711	0.16280513	-0.6551227	0.27350938	-0.21240607	0.122170985	-0.14307325	0.9999995	-0.54724133	0.24190599
0.06337857	-0.05669568	0.06847696	-0.060112264	0.08814958	-0.0927385	0.104727164	-0.07345237	0.0831324	-0.064660944	0.11523813	-0.090015166	0.12196265	-0.07065796	0.07447102	-0.11010801	0.10033514	-0.122827806	0.107855104	-0.10992684	0.09161247	-0.117999874	0.13891244	-0.11990107	0.10333637	-0.09682511	0.13736385	-0.17950603	0.13052373	-0.12919109	0.10809564	-0.13169686	0.28563827	-0.5618095	0.28641227	-0.09054748	0.08954875	-0.54724133	0.9999995	-0.4732561
-0.09747729	0.0859436	-0.10620005	0.0924423	-0.13855821	0.13556781	-0.15960927	0.11203047	-0.12909667	0.0994543	-0.17465492	0.13128023	-0.18457356	0.10610536	-0.11467165	0.14402686	-0.13467063	0.15667683	-0.16151398	0.15503922	-0.1172458	0.14461137	-0.17252591	0.16162458	-0.15646702	0.11988075	-0.17144729	0.18755125	-0.18671842	0.18442495	-0.1304406	0.14597628	-0.26632497	0.3235192	-0.6505512	0.0809143	-0.08297155	0.24190599	-0.4732561	0.9999995
