1.0	-0.44255129	0.13373762	-0.0971494	0.14644013	-0.8267318	0.1907743	-0.12601486	0.06819762	-0.06881452	0.17858998	-0.17277588	0.056939296	-0.052732777	0.11391394	-0.11046146	0.09128065	-0.06902877	0.059525717	-0.054449618	0.088716	-0.0755876	0.06470325	-0.03882829	0.029880485	-0.06274752	0.059889592	-0.0810103	0.04165048	-0.031949624	0.048626076	-0.05481861	0.020620335	-0.02130347	0.05072445	-0.029284848	0.02692996	-0.017976817	0.018008597	-0.054930985
-0.44255129	1.0000001	-0.35440236	0.22090197	-0.3592637	0.28178883	-0.5051848	0.27141386	-0.1512804	0.14779778	-0.24580903	0.23638605	-0.11313174	0.103011	-0.23728271	0.16311072	-0.15683274	0.12079968	-0.11521671	0.105207615	-0.15222667	0.13183473	-0.115842275	0.07230063	-0.056869205	0.10786688	-0.10625644	0.14498627	-0.07792363	0.060479715	-0.086212635	0.09654223	-0.037828244	0.039527047	-0.09979678	0.051811885	-0.047961112	0.03294144	-0.033546563	0.10671086
0.13373762	-0.35440236	1.0000001	-0.5183654	0.29441407	-0.1625176	0.2729401	-0.6330014	0.18697278	-0.1860539	0.13558626	-0.17238939	0.095779285	-0.09514991	0.15640879	-0.10774003	0.097688235	-0.08348071	0.07570665	-0.07416903	0.094266586	-0.09360172	0.07748757	-0.051104035	0.039356433	-0.07493288	0.073243275	-0.1085361	0.053638652	-0.0429253	0.058243982	-0.06920041	0.027063709	-0.028411606	0.066965476	-0.0366844	0.033365812	-0.023774432	0.023905426	-0.080329925
-0.0971494	0.22090197	-0.5183654	1.0000002	-0.6677777	0.117016986	-0.19967964	0.25538906	-0.34268877	0.23846924	-0.10870074	0.12717044	-0.104202546	0.10201157	-0.17787427	0.09430762	-0.08915937	0.08006908	-0.07810025	0.07820104	-0.08591643	0.08974269	-0.07431502	0.051159736	-0.03955521	0.07090623	-0.070188306	0.10706946	-0.053342372	0.04326062	-0.05536092	0.06674349	-0.026657742	0.028185323	-0.066912055	0.035316125	-0.032054845	0.023457248	-0.023699561	0.082322575
0.14644013	-0.3592637	0.29441407	-0.6677777	1.0	-0.18981558	0.22722872	-0.30808708	0.2435589	-0.30005705	0.14911355	-0.1805673	0.12014882	-0.123928405	0.21450567	-0.1396112	0.12704277	-0.11675431	0.105900675	-0.10768233	0.12565465	-0.13691467	0.10910487	-0.07697426	0.059434935	-0.10893664	0.10722667	-0.16892977	0.07975514	-0.06588592	0.08441754	-0.10419962	0.041689835	-0.044248745	0.10363403	-0.054953896	0.049526993	-0.036858935	0.037143406	-0.13449399
-0.8267318	0.28178883	-0.1625176	0.117016986	-0.18981558	1.0000001	-0.23812589	0.14398354	-0.0840879	0.08392762	-0.2744948	0.19426696	-0.070635244	0.06435563	-0.14628163	0.1356762	-0.11722335	0.085482545	-0.07553864	0.068299554	-0.11469429	0.09267308	-0.081163354	0.048144624	-0.037299756	0.077366196	-0.0744061	0.09846643	-0.051940598	0.039649203	-0.060705695	0.067149475	-0.025416309	0.026268722	-0.063806176	0.0360044	-0.033302244	0.022112507	-0.022267347	0.06782177
0.1907743	-0.5051848	0.2729401	-0.19967964	0.22722872	-0.23812589	1.0	-0.5619355	0.13542655	-0.1383662	0.23508836	-0.4217163	0.100268066	-0.09577153	0.17027976	-0.15913959	0.13638541	-0.10657049	0.08929194	-0.083964564	0.12829725	-0.11626217	0.09777515	-0.059635166	0.045460463	-0.09460904	0.09065694	-0.12680735	0.06328048	-0.049088616	0.07279197	-0.08385564	0.031649806	-0.03277276	0.07595183	-0.044585396	0.040765826	-0.027679648	0.027607344	-0.086169675
-0.12601486	0.27141386	-0.6330014	0.25538906	-0.30808708	0.14398354	-0.5619355	0.99999994	-0.19540852	0.16284359	-0.16223036	0.1926501	-0.108176224	0.09866028	-0.16480374	0.11292838	-0.10541535	0.085539676	-0.078505896	0.07510628	-0.09999147	0.09348471	-0.079668194	0.050756294	-0.039116982	0.0751859	-0.07357541	0.10536398	-0.053674564	0.04227341	-0.058803078	0.0682302	-0.0265263	0.027731674	-0.06588658	0.036294814	-0.033217408	0.023224788	-0.023384005	0.076362364
0.06819762	-0.1512804	0.18697278	-0.34268877	0.2435589	-0.0840879	0.13542655	-0.19540852	0.9999997	-0.83312273	0.08557706	-0.101436466	0.14628962	-0.17763677	0.19962278	-0.08542341	0.08216743	-0.081211776	0.08073817	-0.0904286	0.07801391	-0.08894604	0.07274364	-0.052251864	0.03975813	-0.06838378	0.06826341	-0.10866899	0.053237356	-0.044093076	0.052893765	-0.06541917	0.026281485	-0.02783706	0.06334202	-0.03438884	0.031024123	-0.023185879	0.023279099	-0.08148755
-0.06881452	0.14779778	-0.1860539	0.23846924	-0.30005705	0.08392762	-0.1383662	0.16284359	-0.83312273	1.0	-0.08841185	0.10157905	-0.151853	0.14728843	-0.2944728	0.08819816	-0.08709651	0.08576277	-0.09397466	0.10256167	-0.08169089	0.092493095	-0.077091135	0.055752244	-0.042587414	0.070838295	-0.07108693	0.11223673	-0.057022844	0.046762664	-0.055053238	0.067654006	-0.027344383	0.028994802	-0.066723414	0.03561061	-0.032208007	0.024082879	-0.02427405	0.08445175
0.17858998	-0.24580903	0.13558626	-0.10870074	0.14911355	-0.2744948	0.23508836	-0.16223036	0.08557706	-0.08841185	1.0000001	-0.7160933	0.09297556	-0.08657996	0.16666645	-0.43022275	0.2128969	-0.14551494	0.10169308	-0.091859356	0.20137356	-0.15164702	0.12738311	-0.06797062	0.05003351	-0.13213138	0.11655307	-0.14860766	0.072649	-0.05354249	0.09481589	-0.10524496	0.03642799	-0.036668625	0.07836002	-0.05586686	0.051033843	-0.031713556	0.0308527	-0.08435931
-0.17277588	0.23638605	-0.17238939	0.12717044	-0.1805673	0.19426696	-0.4217163	0.1926501	-0.101436466	0.10157905	-0.7160933	0.9999997	-0.11811212	0.101359114	-0.1919223	0.2500186	-0.23623012	0.14382608	-0.11106456	0.09804969	-0.20207185	0.14702974	-0.13297457	0.07009637	-0.052660443	0.12319722	-0.11663149	0.14490345	-0.07577126	0.055731885	-0.09508562	0.101871885	-0.036745787	0.037273113	-0.084296174	0.054583345	-0.05068465	0.03186905	-0.031562403	0.088930115
0.056939296	-0.11313174	0.095779285	-0.104202546	0.12014882	-0.070635244	0.100268066	-0.108176224	0.14628962	-0.151853	0.09297556	-0.11811212	0.9999994	-0.92800736	0.17529939	-0.097397946	0.10467468	-0.1253677	0.09088515	-0.093046285	0.08766342	-0.10441275	0.09448084	-0.056655325	0.041926812	-0.074581176	0.075593635	-0.11607739	0.05780294	-0.046075176	0.05749705	-0.069995224	0.027585628	-0.028887067	0.06374304	-0.03671651	0.03330148	-0.024223415	0.02413377	-0.07943327
-0.052732777	0.103011	-0.09514991	0.10201157	-0.123928405	0.06435563	-0.09577153	0.09866028	-0.17763677	0.14728843	-0.08657996	0.101359114	-0.92800736	0.99999917	-0.2058302	0.08738423	-0.098428994	0.10691799	-0.0918389	0.09052578	-0.081272766	0.093128346	-0.08797719	0.05236576	-0.03910566	0.06712233	-0.06854355	0.103047974	-0.05394519	0.04242407	-0.05232149	0.06273499	-0.024928724	0.02613953	-0.058955263	0.033031758	-0.030114077	0.021832414	-0.02189994	0.07162823
0.11391394	-0.23728271	0.15640879	-0.17787427	0.21450567	-0.14628163	0.17027976	-0.16480374	0.19962278	-0.2944728	0.16666645	-0.1919223	0.17529939	-0.2058302	0.99999934	-0.2231673	0.21473764	-0.24301048	0.2731978	-0.44677562	0.20665993	-0.26955226	0.20986472	-0.17213278	0.1290478	-0.20169176	0.20349035	-0.34787998	0.16740517	-0.14632642	0.1540487	-0.19870959	0.08117492	-0.08657026	0.18744215	-0.10349275	0.09244636	-0.07194209	0.071835056	-0.25832716
-0.11046146	0.16311072	-0.10774003	0.09430762	-0.1396112	0.1356762	-0.15913959	0.11292838	-0.08542341	0.08819816	-0.43022275	0.2500186	-0.097397946	0.08738423	-0.2231673	0.9999994	-0.517638	0.2311788	-0.1518755	0.12823948	-0.5240279	0.22977251	-0.21050775	0.095745794	-0.06948861	0.21581133	-0.18652879	0.20389621	-0.10430079	0.07285314	-0.1552859	0.15551063	-0.051173855	0.05038564	-0.10458517	0.08326718	-0.07744464	0.044187337	-0.042696647	0.10624591
0.09128065	-0.15683274	0.097688235	-0.08915937	0.12704277	-0.11722335	0.13638541	-0.10541535	0.08216743	-0.08709651	0.2128969	-0.23623012	0.10467468	-0.098428994	0.21473764	-0.517638	0.99999934	-0.5715904	0.18925181	-0.17292354	0.25816518	-0.35183033	0.2795861	-0.115626104	0.07905952	-0.19640094	0.19037215	-0.24176387	0.118691914	-0.08440386	0.13899854	-0.16140033	0.05509156	-0.054770034	0.10750437	-0.08346846	0.076155365	-0.047711298	0.045730256	-0.11556599
-0.06902877	0.12079968	-0.08348071	0.08006908	-0.11675431	0.085482545	-0.10657049	0.085539676	-0.081211776	0.08576277	-0.14551494	0.14382608	-0.1253677	0.10691799	-0.24301048	0.2311788	-0.5715904	0.9999992	-0.32016817	0.20390166	-0.21404465	0.28818876	-0.57155955	0.12781172	-0.08498321	0.15341653	-0.17380075	0.2173377	-0.13143893	0.0864554	-0.119652025	0.1326351	-0.050323788	0.05065126	-0.10640664	0.06941432	-0.06516913	0.043014847	-0.04261201	0.110285476
0.059525717	-0.11521671	0.07570665	-0.07810025	0.105900675	-0.07553864	0.08929194	-0.078505896	0.08073817	-0.09397466	0.10169308	-0.11106456	0.09088515	-0.0918389	0.2731978	-0.1518755	0.18925181	-0.32016817	0.9999991	-0.79234135	0.14054924	-0.1929979	0.19067973	-0.20272024	0.119610384	-0.12456018	0.13345243	-0.21262817	0.1630142	-0.123022884	0.09598058	-0.1171311	0.04965071	-0.05313583	0.11308248	-0.060992952	0.05571784	-0.043021873	0.043945733	-0.13303746
-0.054449618	0.105207615	-0.07416903	0.07820104	-0.10768233	0.068299554	-0.083964564	0.07510628	-0.0904286	0.10256167	-0.091859356	0.09804969	-0.093046285	0.09052578	-0.44677562	0.12823948	-0.17292354	0.20390166	-0.79234135	0.9999991	-0.12573586	0.15783879	-0.16849785	0.14990388	-0.122115746	0.106563054	-0.115072444	0.17545682	-0.14855276	0.112140805	-0.083947204	0.1001765	-0.04348637	0.04680405	-0.107457586	0.052649256	-0.048449054	0.03753091	-0.03909879	0.1208979
0.088716	-0.15222667	0.094266586	-0.08591643	0.12565465	-0.11469429	0.12829725	-0.09999147	0.07801391	-0.08169089	0.20137356	-0.20207185	0.08766342	-0.081272766	0.20665993	-0.5240279	0.25816518	-0.21404465	0.14054924	-0.12573586	0.99999875	-0.3297463	0.21073517	-0.111371025	0.07741372	-0.53472245	0.2675135	-0.2949356	0.12020307	-0.0834816	0.23304908	-0.2566874	0.06956544	-0.066169694	0.11353164	-0.13402675	0.116789475	-0.060855027	0.05521025	-0.1197011
-0.0755876	0.13183473	-0.09360172	0.08974269	-0.13691467	0.09267308	-0.11626217	0.09348471	-0.08894604	0.092493095	-0.15164702	0.14702974	-0.10441275	0.093128346	-0.26955226	0.22977251	-0.35183033	0.28818876	-0.1929979	0.15783879	-0.3297463	0.9999986	-0.6144194	0.13947454	-0.09560988	0.23468664	-0.40574747	0.2884233	-0.15589842	0.09743557	-0.18964742	0.19918418	-0.068304986	0.06585046	-0.13333571	0.10179608	-0.09963545	0.05773054	-0.05609312	0.12942421
0.06470325	-0.115842275	0.07748757	-0.07431502	0.10910487	-0.081163354	0.09777515	-0.079668194	0.07274364	-0.077091135	0.12738311	-0.13297457	0.09448084	-0.08797719	0.20986472	-0.21050775	0.2795861	-0.57155955	0.19067973	-0.16849785	0.21073517	-0.6144194	0.99999875	-0.16253844	0.09230691	-0.18055697	0.22598584	-0.3176686	0.15176973	-0.09642863	0.13677126	-0.15977125	0.059678238	-0.058552332	0.110478535	-0.080604956	0.0756756	-0.050794035	0.04862296	-0.11490049
-0.03882829	0.07230063	-0.051104035	0.051159736	-0.07697426	0.048144624	-0.059635166	0.050756294	-0.052251864	0.055752244	-0.06797062	0.07009637	-0.056655325	0.05236576	-0.17213278	0.095745794	-0.115626104	0.12781172	-0.20272024	0.14990388	-0.111371025	0.13947454	-0.16253844	0.99999887	-0.35572642	0.0976363	-0.12670636	0.20815632	-0.81390923	0.23866758	-0.08164906	0.09310413	-0.059218287	0.07060999	-0.14200057	0.049417675	-0.047431033	0.04783531	-0.058191285	0.13370281
0.029880485	-0.056869205	0.039356433	-0.03955521	0.059434935	-0.037299756	0.045460463	-0.039116982	0.03975813	-0.042587414	0.05003351	-0.052660443	0.041926812	-0.03910566	0.1290478	-0.06948861	0.07905952	-0.08498321	0.119610384	-0.122115746	0.07741372	-0.09560988	0.09230691	-0.35572642	0.9999988	-0.07046427	0.08282075	-0.14172974	0.2337543	-0.8521079	0.058067437	-0.069162875	0.044156276	-0.055006362	0.18295118	-0.036904857	0.03474327	-0.037816316	0.045396935	-0.18686707
-0.06274752	0.10786688	-0.07493288	0.07090623	-0.10893664	0.077366196	-0.09460904	0.0751859	-0.06838378	0.070838295	-0.13213138	0.12319722	-0.074581176	0.06712233	-0.20169176	0.21581133	-0.19640094	0.15341653	-0.12456018	0.106563054	-0.53472245	0.23468664	-0.18055697	0.0976363	-0.07046427	0.99999887	-0.4873508	0.25898764	-0.11372195	0.073521	-0.49919245	0.28879234	-0.07056459	0.0634505	-0.108529	0.15884458	-0.1505468	0.06052888	-0.05473288	0.10463681
0.059889592	-0.10625644	0.073243275	-0.070188306	0.10722667	-0.0744061	0.09065694	-0.07357541	0.06826341	-0.07108693	0.11655307	-0.11663149	0.075593635	-0.06854355	0.20349035	-0.18652879	0.19037215	-0.17380075	0.13345243	-0.115072444	0.2675135	-0.40574747	0.22598584	-0.12670636	0.08282075	-0.4873508	0.99999875	-0.5451113	0.14560823	-0.08809465	0.26818123	-0.39641497	0.08615528	-0.07587803	0.11602955	-0.14794971	0.14187843	-0.072766885	0.063110024	-0.11391259
-0.0810103	0.14498627	-0.1085361	0.10706946	-0.16892977	0.09846643	-0.12680735	0.10536398	-0.10866899	0.11223673	-0.14860766	0.14490345	-0.11607739	0.103047974	-0.34787998	0.20389621	-0.24176387	0.2173377	-0.21262817	0.17545682	-0.2949356	0.2884233	-0.3176686	0.20815632	-0.14172974	0.25898764	-0.5451113	0.9999988	-0.31651464	0.14167108	-0.22999896	0.23627205	-0.13321248	0.11035013	-0.19580486	0.123348884	-0.12530187	0.09938833	-0.09371589	0.17554194
0.04165048	-0.07792363	0.053638652	-0.053342372	0.07975514	-0.051940598	0.06328048	-0.053674564	0.053237356	-0.057022844	0.072649	-0.07577126	0.05780294	-0.05394519	0.16740517	-0.10430079	0.118691914	-0.13143893	0.1630142	-0.14855276	0.12020307	-0.15589842	0.15176973	-0.81390923	0.2337543	-0.11372195	0.14560823	-0.31651464	0.99999875	-0.2771471	0.092397764	-0.10971433	0.0713556	-0.09041612	0.14548138	-0.057247184	0.05438152	-0.058272853	0.068896115	-0.15421695
-0.031949624	0.060479715	-0.0429253	0.04326062	-0.06588592	0.039649203	-0.049088616	0.04227341	-0.044093076	0.046762664	-0.05354249	0.055731885	-0.046075176	0.04242407	-0.14632642	0.07285314	-0.08440386	0.0864554	-0.123022884	0.112140805	-0.0834816	0.09743557	-0.09642863	0.23866758	-0.8521079	0.073521	-0.08809465	0.14167108	-0.2771471	0.9999988	-0.061861042	0.07194095	-0.048413116	0.060251534	-0.2722339	0.038769104	-0.036860816	0.040731594	-0.050438277	0.1893622
0.048626076	-0.086212635	0.058243982	-0.05536092	0.08441754	-0.060705695	0.07279197	-0.058803078	0.052893765	-0.055053238	0.09481589	-0.09508562	0.05749705	-0.05232149	0.1540487	-0.1552859	0.13899854	-0.119652025	0.09598058	-0.083947204	0.23304908	-0.18964742	0.13677126	-0.08164906	0.058067437	-0.49919245	0.26818123	-0.22999896	0.092397764	-0.061861042	0.9999991	-0.6503127	0.08629206	-0.07302092	0.09138988	-0.36251017	0.2522895	-0.07735134	0.06246231	-0.091241725
-0.05481861	0.09654223	-0.06920041	0.06674349	-0.10419962	0.067149475	-0.08385564	0.0682302	-0.06541917	0.067654006	-0.10524496	0.101871885	-0.069995224	0.06273499	-0.19870959	0.15551063	-0.16140033	0.1326351	-0.1171311	0.1001765	-0.2566874	0.19918418	-0.15977125	0.09310413	-0.069162875	0.28879234	-0.39641497	0.23627205	-0.10971433	0.07194095	-0.6503127	0.9999991	-0.11898075	0.08897159	-0.11442773	0.26809853	-0.38496035	0.09618558	-0.079118885	0.107729085
0.020620335	-0.037828244	0.027063709	-0.026657742	0.041689835	-0.025416309	0.031649806	-0.0265263	0.026281485	-0.027344383	0.03642799	-0.036745787	0.027585628	-0.024928724	0.08117492	-0.051173855	0.05509156	-0.050323788	0.04965071	-0.04348637	0.06956544	-0.068304986	0.059678238	-0.059218287	0.044156276	-0.07056459	0.08615528	-0.13321248	0.0713556	-0.048413116	0.08629206	-0.11898075	0.99999875	-0.54633373	0.10417042	-0.08198433	0.087163225	-0.74274504	0.3219346	-0.10751651
-0.02130347	0.039527047	-0.028411606	0.028185323	-0.044248745	0.026268722	-0.03277276	0.027731674	-0.02783706	0.028994802	-0.036668625	0.037273113	-0.028887067	0.02613953	-0.08657026	0.05038564	-0.054770034	0.05065126	-0.05313583	0.04680405	-0.066169694	0.06585046	-0.058552332	0.07060999	-0.055006362	0.0634505	-0.07587803	0.11035013	-0.09041612	0.060251534	-0.07302092	0.08897159	-0.54633373	0.99999857	-0.15778288	0.06047735	-0.064979084	0.32098126	-0.73839706	0.1382393
0.05072445	-0.09979678	0.066965476	-0.066912055	0.10363403	-0.063806176	0.07595183	-0.06588658	0.06334202	-0.066723414	0.07836002	-0.084296174	0.06374304	-0.058955263	0.18744215	-0.10458517	0.10750437	-0.10640664	0.11308248	-0.107457586	0.11353164	-0.13333571	0.110478535	-0.14200057	0.18295118	-0.108529	0.11602955	-0.19580486	0.14548138	-0.2722339	0.09138988	-0.11442773	0.10417042	-0.15778288	0.9999984	-0.06362205	0.05935074	-0.09443635	0.124739975	-0.851872
-0.029284848	0.051811885	-0.0366844	0.035316125	-0.054953896	0.0360044	-0.044585396	0.036294814	-0.03438884	0.03561061	-0.05586686	0.054583345	-0.03671651	0.033031758	-0.10349275	0.08326718	-0.08346846	0.06941432	-0.060992952	0.052649256	-0.13402675	0.10179608	-0.080604956	0.049417675	-0.036904857	0.15884458	-0.14794971	0.123348884	-0.057247184	0.038769104	-0.36251017	0.26809853	-0.08198433	0.06047735	-0.06362205	0.99999815	-0.8624934	0.08138414	-0.06340305	0.061063282
0.02692996	-0.047961112	0.033365812	-0.032054845	0.049526993	-0.033302244	0.040765826	-0.033217408	0.031024123	-0.032208007	0.051033843	-0.05068465	0.03330148	-0.030114077	0.09244636	-0.07744464	0.076155365	-0.06516913	0.05571784	-0.048449054	0.116789475	-0.09963545	0.0756756	-0.047431033	0.03474327	-0.1505468	0.14187843	-0.12530187	0.05438152	-0.036860816	0.2522895	-0.38496035	0.087163225	-0.064979084	0.05935074	-0.8624934	0.9999979	-0.09739361	0.06615793	-0.058487587
-0.017976817	0.03294144	-0.023774432	0.023457248	-0.036858935	0.022112507	-0.027679648	0.023224788	-0.023185879	0.024082879	-0.031713556	0.03186905	-0.024223415	0.021832414	-0.07194209	0.044187337	-0.047711298	0.043014847	-0.043021873	0.03753091	-0.060855027	0.05773054	-0.050794035	0.04783531	-0.037816316	0.06052888	-0.072766885	0.09938833	-0.058272853	0.040731594	-0.07735134	0.09618558	-0.74274504	0.32098126	-0.09443635	0.08138414	-0.09739361	0.9999978	-0.56191653	0.093419045
0.018008597	-0.033546563	0.023905426	-0.023699561	0.037143406	-0.022267347	0.027607344	-0.023384005	0.023279099	-0.02427405	0.0308527	-0.031562403	0.02413377	-0.02189994	0.071835056	-0.042696647	0.045730256	-0.04261201	0.043945733	-0.03909879	0.05521025	-0.05609312	0.04862296	-0.058191285	0.045396935	-0.05473288	0.063110024	-0.09371589	0.068896115	-0.050438277	0.06246231	-0.079118885	0.3219346	-0.73839706	0.124739975	-0.06340305	0.06615793	-0.56191653	0.9999978	-0.14192201
-0.054930985	0.10671086	-0.080329925	0.082322575	-0.13449399	0.06782177	-0.086169675	0.076362364	-0.08148755	0.08445175	-0.08435931	0.088930115	-0.07943327	0.07162823	-0.25832716	0.10624591	-0.11556599	0.110285476	-0.13303746	0.1208979	-0.1197011	0.12942421	-0.11490049	0.13370281	-0.18686707	0.10463681	-0.11391259	0.17554194	-0.15421695	0.1893622	-0.091241725	0.107729085	-0.10751651	0.1382393	-0.851872	0.061063282	-0.058487587	0.093419045	-0.14192201	0.9999978
