1.0	0.16121578	0.2186747	0.27870193	-0.22958978	-0.23550378	0.18817213	-0.3850837	-0.15977807	-0.35811955	-0.19676782	0.118386604	0.026662203	-0.23224604	-0.16651909	0.16831718	0.28801405	-0.12949765	0.19084342	0.14216214	0.2237017	-0.3910863	0.2437417	0.17482384	-0.22556698	-0.23246978	0.21749927	-0.37104267	0.009857128	-0.33740544
0.16121578	0.9999997	0.2543944	0.13818231	-0.13474523	-0.05138238	0.052761436	-0.30492878	-0.08441944	-0.11771825	-0.13550809	-0.12562142	-0.30208653	-0.51348454	-0.41629735	0.059088636	0.15884376	0.052347712	0.13632551	0.019842936	0.17000742	-0.06175616	0.21354583	0.059507903	-0.23282397	0.033802707	0.11567875	-0.102502234	0.21154249	-0.25372753
0.2186747	0.2543944	0.99999946	0.22744787	-0.18694758	-0.031078514	0.13090135	-0.270948	-0.16562924	-0.34822762	-0.19330789	0.033038236	-0.03899531	-0.4889492	-0.44155166	0.10288838	0.2156495	0.016256245	0.18400057	0.028113414	0.18297209	-0.1554091	0.23929924	0.10455409	-0.2865933	-0.08992356	0.21194178	-0.15325244	0.05072466	-0.34994298
0.27870193	0.13818231	0.22744787	0.9999994	-0.31992906	-0.1078975	0.15599205	-0.34173676	-0.2074719	-0.4093372	-0.18027736	0.09661639	0.06462465	-0.17797078	-0.36680394	0.16009517	0.2801324	-0.12633812	0.14819176	0.13840257	0.23864186	-0.37940252	0.2169765	0.16802983	-0.088381335	-0.2176903	0.21104178	-0.26544267	-0.049995888	-0.2843176
-0.22958978	-0.13474523	-0.18694758	-0.31992906	0.9999994	0.25391892	-0.010264429	0.22434863	0.040666517	0.22261104	0.19065057	0.023816437	-0.03771924	0.12832174	0.22463672	-0.29221508	-0.15081981	0.18449605	-0.083616935	-0.25588763	-0.5809772	0.11447353	-0.2892118	-0.4164494	0.09595958	0.01919689	-0.10365304	0.13067304	0.06593571	0.17246044
-0.23550378	-0.05138238	-0.031078514	-0.1078975	0.25391892	0.99999946	0.027883654	0.11250264	-0.094216794	0.103610456	0.21928985	0.07995559	-0.19492158	-0.0017186501	0.08327204	-0.42856705	-0.06850842	0.2897007	0.05208838	-0.3985443	-0.3518425	0.0679785	-0.14753929	-0.48362514	-0.061317053	-0.047086496	0.055422794	0.08309333	0.18054833	0.0946064
0.18817213	0.052761436	0.13090135	0.15599205	-0.010264429	0.027883654	0.9999994	-0.21026072	-0.52700835	-0.24670309	0.068417236	0.21912603	0.020922102	-0.100810885	-0.043180075	-0.08561187	0.16778676	0.07175266	0.22871871	-0.016148858	0.03707801	-0.2931889	0.20190588	-0.05637979	-0.24507849	-0.20258762	0.27305305	-0.42959517	0.02294851	-0.40049762
-0.3850837	-0.30492878	-0.270948	-0.34173676	0.22434863	0.11250264	-0.21026072	0.99999934	0.18635271	0.27918214	0.13692148	-0.08656288	0.03787813	0.22765684	0.25953123	-0.14785507	-0.44715348	0.046732243	-0.1764552	-0.092465505	-0.2873667	0.23730731	-0.40839908	-0.15770707	0.21667802	0.12494871	-0.23882848	0.25222537	-0.08627868	0.29987606
-0.15977807	-0.08441944	-0.16562924	-0.2074719	0.040666517	-0.094216794	-0.52700835	0.18635271	0.9999993	0.22393036	-0.09930641	-0.30025136	0.028854284	0.13615504	0.09084314	0.09312679	-0.15795204	-0.12806071	-0.41641065	0.070763946	-0.030266877	0.22261566	-0.27808553	0.0068561337	0.26826492	0.23848654	-0.37970006	0.261381	-0.06743439	0.22778527
-0.35811955	-0.11771825	-0.34822762	-0.4093372	0.22261104	0.103610456	-0.24670309	0.27918214	0.22393036	0.9999994	0.117192805	-0.17890756	-0.043136623	0.19166875	0.20293774	-0.1537666	-0.36964652	0.049900115	-0.2711715	-0.12938066	-0.24983524	0.28256193	-0.22186303	-0.20389493	0.20781715	0.20113122	-0.35565642	0.27401483	0.033962276	0.2669562
-0.19676782	-0.13550809	-0.19330789	-0.18027736	0.19065057	0.21928985	0.068417236	0.13692148	-0.09930641	0.117192805	0.99999946	0.1355088	0.003198151	0.052712433	0.1764566	-0.41458568	-0.3066821	0.23500653	0.052829713	-0.4883935	-0.22507752	0.022045847	-0.04222046	-0.21248549	-0.08168904	-0.104269944	0.087628	0.04924851	0.024491437	0.109078296
0.118386604	-0.12562142	0.033038236	0.09661639	0.023816437	0.07995559	0.21912603	-0.08656288	-0.30025136	-0.17890756	0.1355088	0.99999946	0.14519009	0.0058591026	0.06842054	-0.054807063	0.09160048	0.11790301	0.20730901	-0.13788721	-0.07288746	-0.26558682	0.074464716	-0.14696327	-0.2673094	-0.47945487	0.23831205	-0.31135866	-0.15878394	-0.06901681
0.026662203	-0.30208653	-0.03899531	0.06462465	-0.03771924	-0.19492158	0.020922102	0.03787813	0.028854284	-0.043136623	0.003198151	0.14519009	0.9999996	0.1570871	0.08731878	0.110313565	-0.0407799	-0.2000506	-0.13102269	0.094059214	0.030129673	-0.17393006	-0.04054875	0.13013813	0.091502	-0.16915153	0.013006929	-0.06182083	-0.6472697	0.040670488
-0.23224604	-0.51348454	-0.4889492	-0.17797078	0.12832174	-0.0017186501	-0.100810885	0.22765684	0.13615504	0.19166875	0.052712433	0.0058591026	0.1570871	0.9999997	0.25755528	-0.031708043	-0.14868243	-0.12626424	-0.24948283	0.04633471	-0.16526847	0.11874042	-0.19585264	-0.07034918	0.2338025	0.070329204	-0.25529364	0.13151303	-0.2188386	0.21930763
-0.16651909	-0.41629735	-0.44155166	-0.36680394	0.22463672	0.08327204	-0.043180075	0.25953123	0.09084314	0.20293774	0.1764566	0.06842054	0.08731878	0.25755528	0.9999997	-0.15069172	-0.23426814	0.022593109	-0.08495805	-0.09894162	-0.3222916	0.11082293	-0.3360456	-0.12215098	0.13882962	-0.02881279	-0.16675717	0.11112229	-0.08968279	0.23473309
0.16831718	0.059088636	0.10288838	0.16009517	-0.29221508	-0.42856705	-0.08561187	-0.14785507	0.09312679	-0.1537666	-0.41458568	-0.054807063	0.110313565	-0.031708043	-0.15069172	0.9999997	0.1492034	-0.49108344	-0.03864957	0.29386806	0.2441304	-0.04455884	0.07756055	0.2732495	0.019633234	0.036493562	-0.0899765	-0.09265065	-0.18706863	-0.08405847
0.28801405	0.15884376	0.2156495	0.2801324	-0.15081981	-0.06850842	0.16778676	-0.44715348	-0.15795204	-0.36964652	-0.3066821	0.09160048	-0.0407799	-0.14868243	-0.23426814	0.1492034	0.9999998	-0.095312245	0.1361302	0.13594869	0.1741426	-0.4156173	0.20440549	0.11192528	-0.15636611	-0.12820671	0.18530692	-0.30458298	0.04123336	-0.31563655
-0.12949765	0.052347712	0.016256245	-0.12633812	0.18449605	0.2897007	0.07175266	0.046732243	-0.12806071	0.049900115	0.23500653	0.11790301	-0.2000506	-0.12626424	0.022593109	-0.49108344	-0.095312245	0.99999994	0.13284875	-0.41919035	-0.21338736	0.016359154	-0.02472351	-0.36180347	-0.14600171	-0.17574753	0.12248117	0.04939205	0.1963005	0.033471294
0.19084342	0.13632551	0.18400057	0.14819176	-0.083616935	0.05208838	0.22871871	-0.1764552	-0.41641065	-0.2711715	0.052829713	0.20730901	-0.13102269	-0.24948283	-0.08495805	-0.03864957	0.1361302	0.13284875	0.99999994	-0.1427205	0.05414884	-0.20738553	0.19903824	0.00960858	-0.44520673	-0.42402288	0.27865097	-0.2799393	0.1187913	-0.17839494
0.14216214	0.019842936	0.028113414	0.13840257	-0.25588763	-0.3985443	-0.016148858	-0.092465505	0.070763946	-0.12938066	-0.4883935	-0.13788721	0.094059214	0.04633471	-0.09894162	0.29386806	0.13594869	-0.41919035	-0.1427205	0.99999994	0.22418651	-0.036503382	0.059787378	0.2531663	0.1170085	0.10595139	-0.09752406	-0.12171528	-0.16694984	-0.12723756
0.2237017	0.17000742	0.18297209	0.23864186	-0.5809772	-0.3518425	0.03707801	-0.2873667	-0.030266877	-0.24983524	-0.22507752	-0.07288746	0.030129673	-0.16526847	-0.3222916	0.2441304	0.1741426	-0.21338736	0.05414884	0.22418651	0.99999994	-0.091989316	0.23086196	0.27143955	-0.0865217	-0.025305497	0.07970669	-0.18234862	-0.056448817	-0.21919027
-0.3910863	-0.06175616	-0.1554091	-0.37940252	0.11447353	0.0679785	-0.2931889	0.23730731	0.22261566	0.28256193	0.022045847	-0.26558682	-0.17393006	0.11874042	0.11082293	-0.04455884	-0.4156173	0.016359154	-0.20738553	-0.036503382	-0.091989316	0.9999998	-0.15779865	-0.13221966	0.17022255	0.23521705	-0.37759823	0.27900705	0.08299715	0.22380514
0.2437417	0.21354583	0.23929924	0.2169765	-0.2892118	-0.14753929	0.20190588	-0.40839908	-0.27808553	-0.22186303	-0.04222046	0.074464716	-0.04054875	-0.19585264	-0.3360456	0.07756055	0.20440549	-0.02472351	0.19903824	0.059787378	0.23086196	-0.15779865	0.99999976	0.14939988	-0.38648227	-0.111787915	0.21756993	-0.3101408	0.061281115	-0.43903014
0.17482384	0.059507903	0.10455409	0.16802983	-0.4164494	-0.48362514	-0.05637979	-0.15770707	0.0068561337	-0.20389493	-0.21248549	-0.14696327	0.13013813	-0.07034918	-0.12215098	0.2732495	0.11192528	-0.36180347	0.00960858	0.2531663	0.27143955	-0.13221966	0.14939988	0.9999999	-0.014381263	0.059189215	0.0030843152	-0.057974957	-0.226486	-0.11196994
-0.22556698	-0.23282397	-0.2865933	-0.088381335	0.09595958	-0.061317053	-0.24507849	0.21667802	0.26826492	0.20781715	-0.08168904	-0.2673094	0.091502	0.2338025	0.13882962	0.019633234	-0.15636611	-0.14600171	-0.44520673	0.1170085	-0.0865217	0.17022255	-0.38648227	-0.014381263	0.99999976	0.21300556	-0.34787244	0.22228277	-0.1447738	0.22143492
-0.23246978	0.033802707	-0.08992356	-0.2176903	0.01919689	-0.047086496	-0.20258762	0.12494871	0.23848654	0.20113122	-0.104269944	-0.47945487	-0.16915153	0.070329204	-0.02881279	0.036493562	-0.12820671	-0.17574753	-0.42402288	0.10595139	-0.025305497	0.23521705	-0.111787915	0.059189215	0.21300556	0.9999999	-0.3106409	0.23446546	0.058437154	0.116613746
0.21749927	0.11567875	0.21194178	0.21104178	-0.10365304	0.055422794	0.27305305	-0.23882848	-0.37970006	-0.35565642	0.087628	0.23831205	0.013006929	-0.25529364	-0.16675717	-0.0899765	0.18530692	0.12248117	0.27865097	-0.09752406	0.07970669	-0.37759823	0.21756993	0.0030843152	-0.34787244	-0.3106409	0.9999997	-0.32634422	0.0087342495	-0.2691854
-0.37104267	-0.102502234	-0.15325244	-0.26544267	0.13067304	0.08309333	-0.42959517	0.25222537	0.261381	0.27401483	0.04924851	-0.31135866	-0.06182083	0.13151303	0.11112229	-0.09265065	-0.30458298	0.04939205	-0.2799393	-0.12171528	-0.18234862	0.27900705	-0.3101408	-0.057974957	0.22228277	0.23446546	-0.32634422	0.9999998	0.02291013	0.26948923
0.009857128	0.21154249	0.05072466	-0.049995888	0.06593571	0.18054833	0.02294851	-0.08627868	-0.06743439	0.033962276	0.024491437	-0.15878394	-0.6472697	-0.2188386	-0.08968279	-0.18706863	0.04123336	0.1963005	0.1187913	-0.16694984	-0.056448817	0.08299715	0.061281115	-0.226486	-0.1447738	0.058437154	0.0087342495	0.02291013	0.9999999	-0.090576224
-0.33740544	-0.25372753	-0.34994298	-0.2843176	0.17246044	0.0946064	-0.40049762	0.29987606	0.22778527	0.2669562	0.109078296	-0.06901681	0.040670488	0.21930763	0.23473309	-0.08405847	-0.31563655	0.033471294	-0.17839494	-0.12723756	-0.21919027	0.22380514	-0.43903014	-0.11196994	0.22143492	0.116613746	-0.2691854	0.26948923	-0.090576224	0.9999999
