0.99999994	-0.0525732	0.11036055	0.01775128	-0.09902698	-0.39626193	-0.43879214	0.12644021	0.17910263	0.31187743	0.13874178	-0.0022949234	-0.27288422	0.10581063	0.06147135	-0.06395664	-0.30674124	-0.075614095	-0.041464157	-0.11352528	0.04938008	-0.04441685	0.04528485	-0.058108408	0.060266517	0.02181919	0.077208556	-0.11077474	0.01493159	-0.24397689
-0.0525732	1.0	0.22541997	0.14587192	0.15343891	0.024906846	0.17176028	-0.27009198	0.0731495	-0.06397267	0.052602142	-0.12927747	-0.1308853	0.20014697	-0.14512907	0.22832115	0.13035308	-0.11247648	-0.20074435	0.117358476	-0.6407286	0.0012975638	-0.09094926	-0.18558055	-0.2332167	0.009093361	0.07330931	-0.0857101	-0.25493342	-0.010718524
0.11036055	0.22541997	1.0	0.25392342	0.21651307	-0.23979472	0.04608386	-0.19651316	0.20729128	0.08166861	0.23114675	-0.29860622	-0.30107385	0.28310534	-0.37401873	0.25832868	0.10068918	-0.2926708	-0.2885586	0.20275846	-0.23655082	-0.01351537	-0.18047544	-0.2721857	-0.04094105	-0.043884	0.22931002	-0.2692762	-0.27138975	-0.12710452
0.01775128	0.14587192	0.25392342	0.99999994	0.2639182	-0.11370669	0.14067322	-0.115293674	0.25741905	-0.0034318909	0.28181878	-0.4316097	-0.28080064	0.2777757	-0.31956163	0.27842325	0.15161867	-0.29773214	-0.3326567	0.24768895	-0.063300386	-0.024760693	-0.17161427	-0.42544338	0.0821517	-0.17502052	0.29734457	-0.28398576	-0.37704065	-0.28037378
-0.09902698	0.15343891	0.21651307	0.2639182	1.0000001	-0.0073378673	0.21859702	-0.24071167	0.14749613	-0.13837333	0.19902904	-0.3573559	-0.1810125	0.21212158	-0.34639877	0.2663543	0.24302243	-0.15385367	-0.4104462	0.2894194	-0.081044964	0.034670964	-0.42059746	-0.23488413	0.11726503	-0.25430942	0.24699032	-0.2028277	-0.33535117	-0.14526804
-0.39626193	0.024906846	-0.23979472	-0.11370669	-0.0073378673	1.0000001	0.15973294	-0.012111987	-0.12517717	-0.45568454	-0.2821041	0.13985884	0.24648613	-0.2577925	0.053336103	-0.14010589	0.07159918	0.029073162	0.119615786	-0.08344423	-0.07714169	-0.12587918	0.05732048	0.17404978	-0.18364267	0.10811836	-0.19303034	0.17652057	0.09602351	0.23660378
-0.43879214	0.17176028	0.04608386	0.14067322	0.21859702	0.15973294	1.0	-0.23912095	-0.067379214	-0.39330733	0.014436444	-0.17621678	0.036636014	0.06588305	-0.2760681	0.19944987	0.2864435	0.026671832	-0.1435311	0.20854688	-0.18010372	0.089500114	-0.16293487	-0.16736983	-0.0064340597	-0.16366695	0.094595976	-0.1127671	-0.24027266	0.008986027
0.12644021	-0.27009198	-0.19651316	-0.115293674	-0.24071167	-0.012111987	-0.23912095	0.99999994	0.047791354	0.15748158	-0.009212146	0.14955793	-0.038876787	-0.03287537	0.12069537	-0.30330235	-0.44971684	-0.12674046	0.09596518	-0.11305781	0.18160738	-0.3844763	0.18197416	0.1374997	0.0014524758	0.14603351	-0.15237036	0.13200061	0.14650427	0.059499476
0.17910263	0.0731495	0.20729128	0.25741905	0.14749613	-0.12517717	-0.067379214	0.047791354	0.99999976	0.1523811	0.2569207	-0.29002595	-0.34967136	0.25599337	-0.14627483	0.16090906	-0.029277883	-0.36726645	-0.2781105	0.11896058	0.0019626264	-0.09659512	-0.11344879	-0.25031495	0.039179113	-0.05270022	0.2521794	-0.32759538	-0.27316034	-0.3836926
0.31187743	-0.06397267	0.08166861	-0.0034318909	-0.13837333	-0.45568454	-0.39330733	0.15748158	0.1523811	0.9999999	0.14648032	-0.020478012	-0.28888252	0.11372875	0.047092043	-0.08167573	-0.2913621	-0.06960289	-0.018376902	-0.065046646	0.06400951	-0.03914892	0.08732742	-0.053703327	0.06622947	0.004106034	0.023346819	-0.0453048	0.013321261	-0.24066953
0.13874178	0.052602142	0.23114675	0.28181878	0.19902904	-0.2821041	0.014436444	-0.009212146	0.2569207	0.14648032	0.9999999	-0.38747683	-0.40610287	0.258718	-0.35611805	0.20921005	0.057963368	-0.19206636	-0.35075212	0.21601838	0.037679516	-0.034686614	-0.1390521	-0.35806862	0.13542178	-0.17271475	0.2641187	-0.19165786	-0.27364698	-0.34660673
-0.0022949234	-0.12927747	-0.29860622	-0.4316097	-0.3573559	0.13985884	-0.17621678	0.14955793	-0.29002595	-0.020478012	-0.38747683	0.9999999	0.24243952	-0.2742093	0.2809727	-0.30804402	-0.24479105	0.1458129	0.30363682	-0.354032	0.037270453	-0.08081893	0.23517004	0.30737624	-0.13632347	0.20629111	-0.36042422	0.27008638	0.30223128	0.231304
-0.27288422	-0.1308853	-0.30107385	-0.28080064	-0.1810125	0.24648613	0.036636014	-0.038876787	-0.34967136	-0.28888252	-0.40610287	0.24243952	0.9999999	-0.31827813	0.18798235	-0.27122107	0.0335648	0.1900072	0.25487685	-0.22850055	0.023666844	0.05316696	0.12558906	0.262838	-0.13694358	0.11361996	-0.26196015	0.21638815	0.2306981	0.24914461
0.10581063	0.20014697	0.28310534	0.2777757	0.21212158	-0.2577925	0.06588305	-0.03287537	0.25599337	0.11372875	0.258718	-0.2742093	-0.31827813	1.0	-0.25454336	0.25156277	0.04110171	-0.3169507	-0.39627105	0.19804808	-0.21697962	-0.07706762	-0.14003716	-0.2978943	0.041263174	-0.08001223	0.24585666	-0.24005127	-0.41274816	-0.23535419
0.06147135	-0.14512907	-0.37401873	-0.31956163	-0.34639877	0.053336103	-0.2760681	0.12069537	-0.14627483	0.047092043	-0.35611805	0.2809727	0.18798235	-0.25454336	1.0000001	-0.24189305	-0.26402587	0.17089471	0.27436346	-0.4481324	0.079855084	0.046424285	0.17747967	0.23216362	-0.022318358	0.10820534	-0.19174258	0.17670466	0.269547	0.09907105
-0.06395664	0.22832115	0.25832868	0.27842325	0.2663543	-0.14010589	0.19944987	-0.30330235	0.16090906	-0.08167573	0.20921005	-0.30804402	-0.27122107	0.25156277	-0.24189305	1.0000001	0.21730006	-0.15449072	-0.30895934	0.24338269	-0.19373977	0.088176206	-0.2331292	-0.43009576	0.061470427	-0.1630807	0.2579081	-0.24736817	-0.42304	-0.15665272
-0.30674124	0.13035308	0.10068918	0.15161867	0.24302243	0.07159918	0.2864435	-0.44971684	-0.029277883	-0.2913621	0.057963368	-0.24479105	0.0335648	0.04110171	-0.26402587	0.21730006	1.0000002	0.04788291	-0.20950302	0.19262406	-0.08870773	0.1663264	-0.21708407	-0.13800687	0.08080809	-0.23713478	0.16026436	-0.1651094	-0.24013449	-0.09992731
-0.075614095	-0.11247648	-0.2926708	-0.29773214	-0.15385367	0.029073162	0.026671832	-0.12674046	-0.36726645	-0.06960289	-0.19206636	0.1458129	0.1900072	-0.3169507	0.17089471	-0.15449072	0.04788291	1.0000002	0.20303655	-0.066195644	0.06798396	0.24360482	-0.07319748	0.12243862	0.117838986	-0.16671817	-0.20477694	0.07261484	0.18191008	0.050624304
-0.041464157	-0.20074435	-0.2885586	-0.3326567	-0.4104462	0.119615786	-0.1435311	0.09596518	-0.2781105	-0.018376902	-0.35075212	0.30363682	0.25487685	-0.39627105	0.27436346	-0.30895934	-0.20950302	0.20303655	1.0000004	-0.28253323	0.083178	0.04282601	0.2000972	0.28501698	-0.13984267	0.16077302	-0.3766238	0.23959501	0.3129182	0.20252293
-0.11352528	0.117358476	0.20275846	0.24768895	0.2894194	-0.08344423	0.20854688	-0.11305781	0.11896058	-0.065046646	0.21601838	-0.354032	-0.22850055	0.19804808	-0.4481324	0.24338269	0.19262406	-0.066195644	-0.28253323	1.0000002	-0.022855759	0.07060144	-0.44704828	-0.30316782	0.13089365	-0.29509482	0.23242329	-0.27683654	-0.27760231	-0.09161981
0.04938008	-0.6407286	-0.23655082	-0.063300386	-0.081044964	-0.07714169	-0.18010372	0.18160738	0.0019626264	0.06400951	0.037679516	0.037270453	0.023666844	-0.21697962	0.079855084	-0.19373977	-0.08870773	0.06798396	0.083178	-0.022855759	1.0000001	-0.015608773	-0.037834354	0.061507355	0.21929948	-0.13680027	0.026472835	-0.0368931	0.12712105	-0.032668393
-0.04441685	0.0012975638	-0.01351537	-0.024760693	0.034670964	-0.12587918	0.089500114	-0.3844763	-0.09659512	-0.03914892	-0.034686614	-0.08081893	0.05316696	-0.07706762	0.046424285	0.088176206	0.1663264	0.24360482	0.04282601	0.07060144	-0.015608773	1.0000001	-0.27555126	-0.1221235	0.17448606	-0.3333892	0.07680645	-0.23828664	-0.01493287	-0.16659304
0.04528485	-0.09094926	-0.18047544	-0.17161427	-0.42059746	0.05732048	-0.16293487	0.18197416	-0.11344879	0.08732742	-0.1390521	0.23517004	0.12558906	-0.14003716	0.17747967	-0.2331292	-0.21708407	-0.07319748	0.2000972	-0.44704828	-0.037834354	-0.27555126	1.0000001	0.22764845	-0.29349017	0.2898677	-0.23297554	0.2551864	0.2017362	0.14476725
-0.058108408	-0.18558055	-0.2721857	-0.42544338	-0.23488413	0.17404978	-0.16736983	0.1374997	-0.25031495	-0.053703327	-0.35806862	0.30737624	0.262838	-0.2978943	0.23216362	-0.43009576	-0.13800687	0.12243862	0.28501698	-0.30316782	0.061507355	-0.1221235	0.22764845	0.9999999	-0.16940987	0.2153861	-0.3870125	0.28492168	0.2996523	0.24291389
0.060266517	-0.2332167	-0.04094105	0.0821517	0.11726503	-0.18364267	-0.0064340597	0.0014524758	0.039179113	0.06622947	0.13542178	-0.13632347	-0.13694358	0.041263174	-0.022318358	0.061470427	0.08080809	0.117838986	-0.13984267	0.13089365	0.21929948	0.17448606	-0.29349017	-0.16940987	0.9999997	-0.44969776	0.16723275	-0.30728796	-0.06809951	-0.30758768
0.02181919	0.009093361	-0.043884	-0.17502052	-0.25430942	0.10811836	-0.16366695	0.14603351	-0.05270022	0.004106034	-0.17271475	0.20629111	0.11361996	-0.08001223	0.10820534	-0.1630807	-0.23713478	-0.16671817	0.16077302	-0.29509482	-0.13680027	-0.3333892	0.2898677	0.2153861	-0.44969776	0.99999946	-0.2785547	0.25168034	0.15834425	0.20946428
0.077208556	0.07330931	0.22931002	0.29734457	0.24699032	-0.19303034	0.094595976	-0.15237036	0.2521794	0.023346819	0.2641187	-0.36042422	-0.26196015	0.24585666	-0.19174258	0.2579081	0.16026436	-0.20477694	-0.3766238	0.23242329	0.026472835	0.07680645	-0.23297554	-0.3870125	0.16723275	-0.2785547	0.9999993	-0.44472998	-0.32243598	-0.3187134
-0.11077474	-0.0857101	-0.2692762	-0.28398576	-0.2028277	0.17652057	-0.1127671	0.13200061	-0.32759538	-0.0453048	-0.19165786	0.27008638	0.21638815	-0.24005127	0.17670466	-0.24736817	-0.1651094	0.07261484	0.23959501	-0.27683654	-0.0368931	-0.23828664	0.2551864	0.28492168	-0.30728796	0.25168034	-0.44472998	0.99999917	0.24401917	0.2667799
0.01493159	-0.25493342	-0.27138975	-0.37704065	-0.33535117	0.09602351	-0.24027266	0.14650427	-0.27316034	0.013321261	-0.27364698	0.30223128	0.2306981	-0.41274816	0.269547	-0.42304	-0.24013449	0.18191008	0.3129182	-0.27760231	0.12712105	-0.01493287	0.2017362	0.2996523	-0.06809951	0.15834425	-0.32243598	0.24401917	0.9999992	0.1858832
-0.24397689	-0.010718524	-0.12710452	-0.28037378	-0.14526804	0.23660378	0.008986027	0.059499476	-0.3836926	-0.24066953	-0.34660673	0.231304	0.24914461	-0.23535419	0.09907105	-0.15665272	-0.09992731	0.050624304	0.20252293	-0.09161981	-0.032668393	-0.16659304	0.14476725	0.24291389	-0.30758768	0.20946428	-0.3187134	0.2667799	0.1858832	0.9999992
