0.5289343211778097
0.7419380513439824
0.3686045695422828
1.3382190805688323
0.6699608190022179
0.5892924426023374
1.2199436310088636
1.042563952748795
1.7115257732139264
0.6148379070677732
1.6718298096614914
1.1897748489427373
0.10189190439268936
1.6029423235490339
0.9397599357073796
0.797490015891329
0.8888367994101718
1.6971373189425412
1.3152934793982853
0.44116400698306535
1.2377198793150153
0.5699062287419359
0.06577678263874231
1.1330419307879698
1.3661571648080335
1.1997900024765018
0.996059382198756
0.3490555386766512
0.7680402209497947
0.7156579923797504
1.3522609072408762
0.7127277036694284
0.3684024863776816
0.48171971614493625
0.41242010260994744
0.26941906040455765
1.8909837508038103
0.3911217067456598
0.46016930682096335
1.2342033348376125
0.18408016271972216
1.7596224574087442
1.2332456621834726
0.7078388692718744
1.4057673716204433
1.8907959088607247
1.674719008974217
1.1730235648324374
1.5947369084717045
0.7737239994704204
0.12378615111690872
1.3527541557410119
1.354289428998061
1.9878529704064352
0.48691403969283265
0.2659532699947271
1.1009672735521348
0.6973852197915047
1.4464520659668951
1.0538015133471266
1.3812942565903037
1.9315716672877927
1.4419619379094977
0.21299624613432777
0.14945774182834692
1.0111893080243775
1.0245925523740627
1.8719439293833087
1.3047955480491247
0.35100144372982345
1.0001191951118145
0.9816896153261023
1.9307300923191137
1.9547218032844749
1.473548882588652
0.271902644555885
0.48076178186223806
1.9341959263192967
1.5444196996909427
0.5026280693432263
1.5433948932524617
0.12497250028889262
0.7908496520725146
1.1568693099479666
1.6279799476454722
0.44666717548319435
0.5285311615987278
0.8634216494427012
1.9436341326736188
1.220933608501629
1.7925231302529816
0.06523095916973065
1.5494913188059465
0.7142697939180087
0.38501109149253554
1.0466296140944986
1.5279219378453808
0.8469261287419121
0.4059521993351307
1.2367237306549828
0.8107442257227433
0.06909145910944448
0.1389720638234997
0.28550660075427325
0.44268117479413194
1.813608812557121
1.3489322100359697
0.6443353876423268
1.3429925915065362
0.39632294863437756
1.525889782701266
0.7819533563324024
0.1019375514281613
0.6020422934891736
0.9048958977269195
1.6793619498660144
1.6887478114816503
1.8727414225881298
1.9884689711369792
0.5290327384643296
0.7814783795880114
0.6307972562637159
0.0020881325640003112
0.8942191361261511
1.6133839359916171
0.8761122235834542
1.818074324390268
1.5825428431063802
1.5525196740220142
1.213417976963096
1.0438049839012937
1.9960887442156614
0.6885239468526954
1.1600475945962037
0.3787694223011089
0.8312718059314674
0.6023621964550692
1.7673565346940068
1.2526226292659708
1.835343554552375
1.7001513805251203
0.3113846026232745
0.5257372176045298
0.9383089858124638
0.34354445988660176
1.7883723200037227
0.39376160033774554
0.5458246241483182
0.4363246876616005
1.1005564232697749
0.1541114185028234
0.9233069871688544
1.1289261032107891
0.07047376036369624
1.284917885383411
1.0420072189994731
1.0684176284392528
0.7881279643492598
0.4840852085225058
1.6353229707299224
0.8575907513352996
1.9428270262977478
0.9714433198438677
0.8933844715362769
0.2687499612076887
0.5794130885558635
1.403995712716252
0.772986459848134
1.9097168440982564
1.6765251885111903
0.015837009791629164
1.99162267299466
0.32604283975479964
1.460132358070151
0.7277250762830532
1.291579620495776
0.05640094505507176
0.002059794440368412
0.7884176602427482
1.5381954740361106
0.8659806260705285
1.0949796629344573
0.6001782329425955
1.8612173375977004
1.8190408894228034
1.3898625553882662
0.9065977829327443
1.1874825111179919
1.1867252836401576
0.3075619026002794
1.9960233930676783
0.15324100844380806
0.49167591756581164
0.6846920340383953
1.3873396557501865
0.910949709991784
0.9441534919595376
0.7373467491260761
0.7273827867579234
1.6903750141525737
0.33264155321775624
0.780577960356253
0.813414853881326
1.538840121482002
0.44563459505552316
1.0285009714915108
1.6802249335712078
0.3147987458280681
1.864413532379274
0.7224820752922398
1.4646336878117083
1.6484347002925417
0.77655785342361
0.932115924740077
0.5557226275899116
0.46504145371821437
1.6266311952961543
1.8788589922799497
0.022469494628367004
1.3313927379468875
0.32478340962856267
0.40698647798066245
1.0720605496252347
0.7073278751392402
0.15689426036974896
1.0122720799541063
0.8545352047706967
1.9332380152231943
1.4609770064603087
1.050865723187952
1.9434086303625466
1.3573738439724747
1.4032573279159213
1.721328703043973
1.5149018010056239
0.503979694227747
0.13460825964723622
0.9835497985982196
1.0147489175006001
1.8355053246106967
1.2315087125441375
0.22804211622629134
1.5660199453049717
1.8909083417413752
1.9977364355651541
1.3620320568334776
0.264874300675356
0.8515455645178911
0.03125595993449615
0.634349284681214
0.35023165605840334
1.4622951454592301
1.7952414877975533
0.06904757007047801
0.980285663566641
1.0822073037905153
1.7662555501615815
0.18635308314927634
0.4024308102609935
1.3346178131865076
1.5579579071011542
0.6327112279965292
1.2860415101951708
0.36580442662437873
0.14152969036974783
1.0868878421932144
0.7802207512078745
0.10719007032481764
0.7756707858398157
0.6444924399621563
1.19272350389464
0.9034132640187429
0.6016080960476347
1.1304417364404529
0.8208425747436257
1.3308697168089512
1.2389895168916853
1.9543078645577103
0.1584468218751789
0.9527933096519465
1.9224894676528905
0.6008550955094967
1.413678618305592
0.37732954997539037
0.33352937181322373
0.7477810057496457
0.9092663260007035
1.9711642103924827
1.518088783137864
0.43440697597101074
1.1302841932030385
0.7370347479001043
0.8012300839488342
1.2305438543605882
0.7930595403708802
1.6280700829126473
0.489817318099254
0.6585598038045521
0.6696523156808065
0.27967935696087376
1.728707116097944
1.1271436068094172
1.8205319788938512
1.0033396180815937
1.6943550592317016
1.396507322712109
1.4549290940291695
0.02674004547306641
0.5512239804592101
1.0517331061671051
0.8237380144453603
1.9414640430131331
1.5637623069757607
0.7527214657164294
1.5437904685386112
0.7922138442156714
1.6969212168266048
0.039629861157810975
1.9715864696211145
0.7031383425529656
0.2830997541802345
1.270357114125771
0.7628624437697065
1.4547771798749245
0.6096193531768892
0.273098422741495
1.5289602155125381
0.7941805932137331
1.403398287932543
0.4073490549337566
1.4575244976300383
0.2097727089009349
1.0529477840421644
0.2561114599352574
1.6165642090644612
0.8650145368096174
0.3648551704047378
1.7893568920715626
0.14467785756437124
0.4237267918344747
0.569523146397422
1.7074518347387193
1.3623482483919824
0.6625468049884851
1.7630918101529633
0.8425939394158974
1.4289825435167491
1.5595339643393775
1.081879253077038
0.419673584815198
0.8755133173689771
1.9840546795689216
0.12464829924022092
0.6748535575352304
1.2652680488070391
0.6687127541955782
0.42253976554654904
1.145709065067222
0.09685404547742027
0.5734503240762805
1.5995569541381116
1.302981025535551
1.2909860774880364
0.5238892326953617
0.8440759148586963
1.2784328932837394
1.6878847649532092
0.3536428685545938
1.1520316562060187
0.7518139520011737
0.4685304269043471
0.3723815147503662
1.9544877996203514
1.982257122797338
0.851198982505418
1.814474490816201
0.6401138708561216
0.615709224163878
1.3867774359568874
0.6215766280733035
0.6000244077786663
0.8353160820951726
1.5940787246934207
1.934634240282427
1.1809004789089321
1.1984867929861207
0.06662063450350497
1.5893207522166255
1.2109743100278585
0.18262258644154894
1.3714037840936455
0.01009618700889936
0.5928320026268121
1.4901387658276
0.20015716547993856
1.7036142462945993
1.8110894366031522
1.8665403137283767
1.1138623967803905
0.6573745180888968
0.8258156388568771
0.2192473548840208
0.9152399276141014
1.323904665230641
0.5747797406047819
1.7628688198875768
0.47229994386825025
1.8498257837942862
0.40263935483861246
1.5241940684412287
0.7758312889490697
1.0084029712363083
1.5053741314677866
0.24634561813374756
1.2378096133275305
1.628358655503459
0.8185135560197405
0.891048062561941
1.4209468464474757
0.19360532551090803
0.223747333886386
0.554771524190578
1.6675995564448276
1.8527685931011288
1.3898291616375853
1.2926544256742383
1.9418670931901962
0.46899519949797264
0.4920941950475599
1.4979387046245978
1.044673646450731
1.66098784465504
1.2537436319527921
0.394849912216759
1.0982392958754552
