1.7730737725344115
1.6704331360732634
1.856804822396187
1.967042495595587
1.8780143603917159
0.2773830426978652
0.34530108485516076
0.23458903708224632
1.7816707571455737
1.8991317024834644
0.5709446752224503
0.4453716344432921
1.0307484077680984
1.1360784105482564
0.12339221586655413
1.8936117111575623
0.6935399482381404
1.0330680142049828
0.9049550411233178
1.8373500049138076
0.6097499395531107
1.8466467182343378
0.5767028421800513
0.37215180415101745
0.06971856021854705
0.6435138722402709
0.5497471212185276
1.7101185500932978
0.281682813744496
1.4416056309567735
0.4101539786508419
1.6911389890805797
1.1201379403000786
0.20559540386413122
0.09501430571880709
1.1519581294551418
0.3114865033540477
0.8418915663900985
1.4337771078414399
0.9861866354454416
0.06138681817537717
1.7577756489854806
0.6721259575108443
1.626598117820804
1.5728477684545337
0.6957250803849206
1.740764618333895
1.3461367010271104
0.03769350015246942
0.14642494578872833
1.9315916932481891
1.6177338193474062
1.233895839767635
0.896767742449448
0.43474408467373227
1.7184868539307034
0.6550307103502946
1.4351994721536339
0.5618663496043153
1.6038726913305594
1.5265305599054664
1.0689045357233875
0.3339220320510208
1.8549507426971295
0.9410709836038562
0.33179652904716295
0.3310449587965296
1.8695315975064661
1.6765252938752104
0.9730035595209687
0.8366943513524372
1.9752362854550205
1.7375419670335062
1.6596021517950308
0.4584852052455872
1.0061263405094987
0.5492757399612054
1.138158565347262
0.3442819719575885
1.638652787610109
0.6506033544056002
0.8747970833996679
1.773578543792879
1.147296136974007
1.1291152878077404
0.710415748452522
0.5162317734678201
0.6795588487476558
0.39779310011724833
0.6397656428539471
0.8831093136040087
0.6437092874947201
0.4038453385528791
1.1064930432158209
1.3768924125322193
1.5926862761312257
0.2586443358681818
1.2750410986237815
0.023090803961113515
0.6011589854689656
0.7592832590755689
1.4776601741994406
1.7845901828999888
1.734389147094347
1.9297625052408713
1.2192806848069337
0.8709716718808869
0.3748537130063123
1.6297510861233075
1.2666015925316123
0.10097617791497737
1.244878477019957
0.7297507442061519
0.1243972315926487
0.665799493916537
1.0386123727101215
1.417949574395549
1.6410661582103572
0.4298607872655136
0.7380143572364355
1.6311740761155604
1.784483383284701
1.9533311384136194
1.6634312244026204
1.559289034678164
1.6168114189420288
1.5574113129311822
0.7147205794156817
1.617449421048412
0.5404259781708944
1.0236125690280338
0.42617897018409523
0.9567869464953309
1.5605220357196792
0.7869124547043183
0.7267650350424135
0.544738553502701
0.06456204885314665
1.6764314767950566
0.17460487768037836
1.3973773748173015
1.6922276373072023
1.2858226186955692
1.1456667114582297
1.660662461242096
1.5021729690419992
1.265188414578898
1.2435998745901924
1.0599568455517105
0.05739204267419873
0.8737471416413805
0.16743610108051743
0.3601123196692195
1.5649824774256724
0.1594518494216688
1.0999915638733297
0.8266941448948255
0.5781939356356662
1.865841269769953
1.3754939542063318
1.4313811827181457
0.9885328000534861
1.3005640598393489
1.0807139283838976
0.04841875180946387
1.894421731315062
0.8887581536608067
1.055629423430627
1.973813325691236
1.2215636130462326
0.8038791991950944
1.0767809111034432
1.2255891087489674
1.0525142377619228
1.1675005172297384
1.9485064104356882
0.3208845555743891
0.6279231357828718
1.9700873920196353
0.5236084427300434
1.053775582455869
0.04775268653564613
0.4934163547806769
0.5468477674202257
1.2403883420481654
1.9729776345105074
0.11669391176739308
1.7717614979290806
1.348870064322249
1.6374625361995931
1.017640548571534
0.410907780005612
1.2771985053940353
1.6616261462335837
0.6087784257771813
0.3069755461218171
0.03141326136209721
0.5665233419590494
1.5987384461739487
1.2601371576200724
0.6934230351741051
0.6239383688117373
0.2880339154346607
0.7131076256852977
1.7915800126985544
0.6213607395557235
0.15436806293538385
1.1459830606493768
1.971467402052254
0.8976635386348717
0.642188581868385
1.5626153051163596
1.8527277868996044
0.914562526896417
0.20501443872035408
1.950369214673743
1.0221274843747783
0.9188794952046702
0.9762412428978948
0.11256227719947631
0.22662820759032432
0.8189793945273101
0.3459886124502085
0.2370448835089385
1.648851846208706
1.6796386153241305
0.426519742261835
1.46322741763455
1.6251372248993379
1.496024210437901
0.20568951178507966
1.3673144502748062
0.8354794866083202
0.9800268567158759
0.5633507803699773
0.14303347596704885
1.9480633550835629
0.9776906543220028
0.8231520120089648
0.1961033147866731
1.2931737715743816
1.0528025347891767
1.764550514538014
1.55303449295292
0.610755101087294
1.6083481018656347
1.4026234296189546
0.744968714427765
0.7588850989132696
1.06473625191819
1.0968121849755728
0.7861057327108867
1.4294968150584104
1.5848627982970858
1.1779825375368902
0.16349322330017868
0.904176019465573
1.3272790111190753
1.8242221579484554
0.9353270880243596
1.9501566081932842
0.539336702555433
1.6464776590760906
0.8165749309809633
0.1914910290442946
1.1259885975256516
1.1571562233243262
1.0118932786732289
1.081658505883186
1.032073999369194
0.9950285636042699
0.3638109269473133
1.2133814199582422
1.241160552073853
1.0742494481555203
0.33185732001985246
1.859490925404499
0.5164982735186567
1.806701924457633
1.3596067527244111
1.1988229421596968
1.6570135591254347
1.5165950937260106
0.09844085026121907
1.6798246817917801
0.44676306450805825
0.875141604152307
1.0165668166996227
0.645963398190784
1.9092899115898507
1.120858410466919
0.327335188023115
1.117384128797276
0.9747399614378802
0.01831933882058201
0.0012224163974114965
1.0240747348578876
0.9942436962598951
1.5252645175529633
0.8283594672639383
1.5407697845089594
0.2899488917863535
1.9794436236139707
1.49923408496043
0.4090629832390549
0.8629207439098181
0.1551596711321217
1.0272082950849557
0.21435431587573728
0.796720229456229
1.5296129635065887
1.6071660238459033
1.1703045285103963
0.27339187173020485
0.8153657915975512
0.18475356413930566
0.6631875084503267
0.60307515313221
0.9274591255743114
1.2455895365526526
1.9053206318828542
1.3225963475165368
0.43429028724470253
0.5482214214625407
0.9514013592350112
1.152875631558003
0.050371095328606064
1.4952487302855004
1.147613007279108
1.2214012188151475
0.06508257444688503
0.4890953918995884
0.19842808103603948
0.0005070654226246862
0.18458190981572686
1.832281613305136
1.377181523260849
1.5345792990588494
1.9007787737337674
0.11665648094174963
0.10688439629837854
0.9446374816208387
0.6253106892880225
1.3250851508683905
1.3605018788419687
0.9550911089636707
1.859439842038287
0.846773048435141
1.380251517620375
0.6997122347630498
0.31445464333899076
0.9935581588500153
1.9187471215052736
0.14622107389141847
1.4285610196235667
1.1167606704251578
0.5930236340130366
1.1981289109704645
1.842098136280603
0.42012050898787123
1.6310471244755658
0.9266760954442339
0.574249933598761
0.5143223465629769
0.10266050245092995
0.5520524897423669
0.4609946570780352
1.1455330074379988
1.0803015900655792
1.9004502828832226
0.43188895384671766
1.7103153900796975
1.0907524749249295
0.6717715728864682
1.7055591956724325
1.371346633571822
0.33251175694920154
1.6486395703082477
1.8842415902345968
0.45027896451023874
1.7130371406313012
0.7627977111133899
1.5295772527413403
1.6979110760592477
0.6120035336275709
1.0139880930441976
1.2750162749374365
0.621234811300474
0.8236469482089608
0.8327121747979678
0.47881699152454327
1.665683084256154
1.7320792390097235
1.147813358410475
0.3906335286197573
1.509024088597606
1.210727882381106
0.005344852084166574
1.4710902038572862
1.5632014890440482
0.11723950579898412
1.1278391740726994
0.3330089642712264
0.45306486583823213
1.6294974740130537
1.199124581932782
1.816734283130809
1.2784753721558717
1.7543057431994806
1.7355741495695236
0.29491034815593253
0.08396679385177563
1.8265480924560296
1.2084822665148083
0.2521090828383996
1.9044022297253895
1.418846132955667
1.5545229490131034
0.6048596870836909
0.7364480788774466
1.5331834345412076
0.1164462129187156
0.38620114718282617
1.4727300345645002
0.9643742840763416
0.45307738207116066
1.4434476742165652
0.1366099674089487
1.4288211446770993
1.7747544618261173
1.18915482199066
1.3702352793162944
1.8791080292534745
1.654325570272319
1.7200821550268224
