1.0000001	0.18608502	-0.08365507	-0.009365106	-0.44220197	0.22246689	-0.34217656	0.12343575	0.07699376	0.026825214	-0.40666464	-0.13449028	-0.019971885	0.04482712	0.26308054	-0.07782832	-0.16229914	-0.10003644	0.078047134	0.17595732	0.09230423	0.08066698	0.15212215	-0.27587348	-0.20157488	0.158685	0.11722414	0.18626206	-0.29935837	-0.4294652
0.18608502	1.0000001	0.16761665	0.21937895	-0.25844795	0.26992482	-0.34217265	-0.10332117	0.23515163	-0.24416055	-0.094586134	0.01764951	0.16262141	-0.18786192	0.18634126	-0.0047725406	-0.32477424	-0.3949236	0.2534484	-0.09251962	-0.08469011	-0.1963676	0.0001824006	-0.0023464058	-0.33802605	0.26842794	-0.014051706	-0.04352896	0.030441595	-0.2706927
-0.08365507	0.16761665	1.0	0.291992	0.06044104	0.05241223	0.054769903	-0.45170256	0.28973302	-0.30013704	0.13840698	0.15243796	0.2738603	-0.29550722	-0.06313509	0.24516666	-0.30798712	-0.3631572	0.26894578	-0.35387823	-0.38878012	-0.3389265	-0.05332578	0.2465833	-0.08537355	0.19002908	-0.29045904	-0.29533002	0.19348994	0.045504436
-0.009365106	0.21937895	0.291992	1.0	-0.0018148142	0.10985282	-0.058853608	-0.21789803	0.30359608	-0.26302686	0.040255066	0.08798327	0.29065102	-0.4030923	-0.023308784	0.23521546	-0.37817234	-0.32379597	0.31338343	-0.26059157	-0.334969	-0.4443388	-0.0021038533	0.20190267	-0.14803776	0.18632704	-0.3102694	-0.22868606	0.14099501	-0.013174079
-0.44220197	-0.25844795	0.06044104	-0.0018148142	0.9999999	-0.41995734	0.2994111	-0.08931715	-0.069979586	-0.031537693	0.23229387	0.14041975	0.08058026	-0.12992582	-0.42671758	0.1601222	0.13602114	0.027264155	-0.057360373	-0.22949977	-0.10466161	-0.10157023	-0.13090423	0.22364822	0.27211693	-0.15813121	-0.22155531	-0.22437043	0.17080991	0.29484883
0.22246689	0.26992482	0.05241223	0.10985282	-0.41995734	0.99999994	-0.46925327	0.0014144235	0.14352281	-0.11438553	-0.16464354	-0.039996833	0.014494973	-0.006036809	0.26321855	-0.13374381	-0.25757942	-0.09186265	0.15909821	0.039001264	0.006539921	-0.068603344	0.011586751	-0.15511511	-0.47283906	0.21348086	0.10381529	0.08523195	-0.043595977	-0.25842384
-0.34217656	-0.34217265	0.054769903	-0.058853608	0.2994111	-0.46925327	1.0	-0.16630273	-0.04754918	-0.044703607	0.23849249	0.14427777	0.029937724	-0.10781264	-0.28112522	0.16786118	0.15921614	0.027537497	-0.124446064	-0.13395768	-0.12727664	-0.07601926	-0.12756476	0.18407308	0.27952644	-0.18344834	-0.20838942	-0.15766671	0.13607283	0.27756235
0.12343575	-0.10332117	-0.45170256	-0.21789803	-0.08931715	0.0014144235	-0.16630273	0.9999999	-0.3307077	0.2701751	-0.32339215	-0.19113915	-0.210536	0.23491628	0.0734179	-0.23362751	0.14772364	0.23165056	-0.16804792	0.2648206	0.2903552	0.23723848	0.1283983	-0.2854638	0.0005733441	-0.2768996	0.21284766	0.24988282	-0.25676998	-0.16170579
0.07699376	0.23515163	0.28973302	0.30359608	-0.069979586	0.14352281	-0.04754918	-0.3307077	0.9999999	-0.38098085	0.029036062	0.114472084	0.27601856	-0.3574352	0.044189196	0.21846023	-0.36254725	-0.2630944	0.3031857	-0.21169497	-0.33106434	-0.38203418	-0.03098755	0.15291284	-0.19511417	0.22572178	-0.26589864	-0.21658677	0.120425284	-0.08771135
0.026825214	-0.24416055	-0.30013704	-0.26302686	-0.031537693	-0.11438553	-0.044703607	0.2701751	-0.38098085	0.9999997	-0.19092388	-0.30410683	-0.35723358	0.29800096	0.060360376	-0.32773742	0.21117394	0.25551635	-0.30368778	0.2742474	0.29854652	0.27478492	0.13852416	-0.25440267	0.078590184	-0.20708019	0.22960089	0.26805192	-0.27186838	-0.08840372
-0.40666464	-0.094586134	0.13840698	0.040255066	0.23229387	-0.16464354	0.23849249	-0.32339215	0.029036062	-0.19092388	0.9999997	0.26339272	0.09219699	-0.14619814	-0.18327582	0.13089603	0.05660705	-0.041269504	0.013104582	-0.2561515	-0.23207211	-0.16347459	-0.42850655	0.18953857	0.17364836	-0.1065724	-0.1344997	-0.27405372	0.27060494	0.27783507
-0.13449028	0.01764951	0.15243796	0.08798327	0.14041975	-0.039996833	0.14427777	-0.19113915	0.114472084	-0.30410683	0.26339272	0.99999964	0.10903678	-0.26428652	-0.10523083	0.1054853	0.0018770618	-0.1578805	0.0752862	-0.31813574	-0.2794043	-0.14716089	-0.55236787	0.13587399	0.08223062	0.029025892	-0.06925718	-0.3524973	0.2845861	0.17194918
-0.019971885	0.16262141	0.2738603	0.29065102	0.08058026	0.014494973	0.029937724	-0.210536	0.27601856	-0.35723358	0.09219699	0.10903678	0.9999996	-0.44792727	-0.103657685	0.27197954	-0.28317714	-0.3329678	0.27110642	-0.21853048	-0.30196866	-0.24775232	-0.021652795	0.20811014	-0.07415526	0.14655583	-0.4920098	-0.27200517	0.15610644	0.0003219155
0.04482712	-0.18786192	-0.29550722	-0.4030923	-0.12992582	-0.006036809	-0.10781264	0.23491628	-0.3574352	0.29800096	-0.14619814	-0.26428652	-0.44792727	0.9999995	0.10775554	-0.33142868	0.21330583	0.24701938	-0.357026	0.270701	0.29480192	0.2946296	0.085717194	-0.2290894	0.0123838475	-0.11756306	0.2774498	0.2723491	-0.19833681	-0.07431254
0.26308054	0.18634126	-0.06313509	-0.023308784	-0.42671758	0.26321855	-0.28112522	0.0734179	0.044189196	0.060360376	-0.18327582	-0.10523083	-0.103657685	0.10775554	0.9999997	-0.250094	-0.1655817	-0.08254919	0.03641308	0.18663946	0.10538425	0.11517404	0.028875861	-0.35829228	-0.40032354	0.20504998	0.17485595	0.20104475	-0.19976957	-0.40870774
-0.07782832	-0.0047725406	0.24516666	0.23521546	0.1601222	-0.13374381	0.16786118	-0.23362751	0.21846023	-0.32773742	0.13089603	0.1054853	0.27197954	-0.33142868	-0.250094	0.99999976	-0.18559153	-0.12468475	0.20040432	-0.2651941	-0.34436306	-0.3508778	0.031199677	0.2714553	0.08779278	0.01155945	-0.49083054	-0.29336408	0.14352532	0.13304295
-0.16229914	-0.32477424	-0.30798712	-0.37817234	0.13602114	-0.25757942	0.15921614	0.14772364	-0.36254725	0.21117394	0.05660705	0.0018770618	-0.28317714	0.21330583	-0.1655817	-0.18559153	0.9999999	0.25022304	-0.493289	0.12468483	0.17009705	0.22147357	-0.025822232	-0.093380734	0.22813424	-0.25474015	0.14593737	0.09266695	-0.013814923	0.14965025
-0.10003644	-0.3949236	-0.3631572	-0.32379597	0.027264155	-0.09186265	0.027537497	0.23165056	-0.2630944	0.25551635	-0.041269504	-0.1578805	-0.3329678	0.24701938	-0.08254919	-0.12468475	0.25022304	1.0	-0.2957971	0.18755828	0.23488681	0.21044002	0.08558473	-0.1619051	0.15317011	-0.4445936	0.16093506	0.16682965	-0.14079808	0.08072999
0.078047134	0.2534484	0.26894578	0.31338343	-0.057360373	0.15909821	-0.124446064	-0.16804792	0.3031857	-0.30368778	0.013104582	0.0752862	0.27110642	-0.357026	0.03641308	0.20040432	-0.493289	-0.2957971	1.0000001	-0.27710268	-0.2689328	-0.36159465	0.010294378	0.15478419	-0.19544895	0.19435278	-0.21363544	-0.23856153	0.09811891	-0.07502118
0.17595732	-0.09251962	-0.35387823	-0.26059157	-0.22949977	0.039001264	-0.13395768	0.2648206	-0.21169497	0.2742474	-0.2561515	-0.31813574	-0.21853048	0.270701	0.18663946	-0.2651941	0.12468483	0.18755828	-0.27710268	1.0000001	0.29799798	0.27010137	0.13674238	-0.42025965	-0.07500352	-0.05632769	0.22543897	0.32210526	-0.3758814	-0.23123917
0.09230423	-0.08469011	-0.38878012	-0.334969	-0.10466161	0.006539921	-0.12727664	0.2903552	-0.33106434	0.29854652	-0.23207211	-0.2794043	-0.30196866	0.29480192	0.10538425	-0.34436306	0.17009705	0.23488681	-0.2689328	0.29799798	1.0	0.27046266	0.12426536	-0.3165863	-0.007845285	-0.16989543	0.25907177	0.29861605	-0.3635011	-0.08728636
0.08066698	-0.1963676	-0.3389265	-0.4443388	-0.10157023	-0.068603344	-0.07601926	0.23723848	-0.38203418	0.27478492	-0.16347459	-0.14716089	-0.24775232	0.2946296	0.11517404	-0.3508778	0.22147357	0.21044002	-0.36159465	0.27010137	0.27046266	1.0	0.016559662	-0.3301435	0.019465506	-0.07557226	0.24908689	0.24514957	-0.11096057	-0.10980375
0.15212215	0.0001824006	-0.05332578	-0.0021038533	-0.13090423	0.011586751	-0.12756476	0.1283983	-0.03098755	0.13852416	-0.42850655	-0.55236787	-0.021652795	0.085717194	0.028875861	0.031199677	-0.025822232	0.08558473	0.010294378	0.13674238	0.12426536	0.016559662	1.0	0.010301267	-0.06401215	-0.07424735	-0.014398057	0.16714741	-0.3899019	-0.21168053
-0.27587348	-0.0023464058	0.2465833	0.20190267	0.22364822	-0.15511511	0.18407308	-0.2854638	0.15291284	-0.25440267	0.18953857	0.13587399	0.20811014	-0.2290894	-0.35829228	0.2714553	-0.093380734	-0.1619051	0.15478419	-0.42025965	-0.3165863	-0.3301435	0.010301267	1.0000002	0.12829964	-0.0424457	-0.24163023	-0.36215228	0.20962366	0.21200468
-0.20157488	-0.33802605	-0.08537355	-0.14803776	0.27211693	-0.47283906	0.27952644	0.0005733441	-0.19511417	0.078590184	0.17364836	0.08223062	-0.07415526	0.0123838475	-0.40032354	0.08779278	0.22813424	0.15317011	-0.19544895	-0.07500352	-0.007845285	0.019465506	-0.06401215	0.12829964	1.0000001	-0.38378438	-0.07283092	-0.12965895	0.059669446	0.26845264
0.158685	0.26842794	0.19002908	0.18632704	-0.15813121	0.21348086	-0.18344834	-0.2768996	0.22572178	-0.20708019	-0.1065724	0.029025892	0.14655583	-0.11756306	0.20504998	0.01155945	-0.25474015	-0.4445936	0.19435278	-0.05632769	-0.16989543	-0.07557226	-0.07424735	-0.0424457	-0.38378438	1.0000001	-0.069446206	-0.017902862	0.057065785	-0.24761322
0.11722414	-0.014051706	-0.29045904	-0.3102694	-0.22155531	0.10381529	-0.20838942	0.21284766	-0.26589864	0.22960089	-0.1344997	-0.06925718	-0.4920098	0.2774498	0.17485595	-0.49083054	0.14593737	0.16093506	-0.21363544	0.22543897	0.25907177	0.24908689	-0.014398057	-0.24163023	-0.07283092	-0.069446206	1.0000002	0.24135415	-0.1774519	-0.11097267
0.18626206	-0.04352896	-0.29533002	-0.22868606	-0.22437043	0.08523195	-0.15766671	0.24988282	-0.21658677	0.26805192	-0.27405372	-0.3524973	-0.27200517	0.2723491	0.20104475	-0.29336408	0.09266695	0.16682965	-0.23856153	0.32210526	0.29861605	0.24514957	0.16714741	-0.36215228	-0.12965895	-0.017902862	0.24135415	1.0000002	-0.43707314	-0.253224
-0.29935837	0.030441595	0.19348994	0.14099501	0.17080991	-0.043595977	0.13607283	-0.25676998	0.120425284	-0.27186838	0.27060494	0.2845861	0.15610644	-0.19833681	-0.19976957	0.14352532	-0.013814923	-0.14079808	0.09811891	-0.3758814	-0.3635011	-0.11096057	-0.3899019	0.20962366	0.059669446	0.057065785	-0.1774519	-0.43707314	1.0000004	0.20756476
-0.4294652	-0.2706927	0.045504436	-0.013174079	0.29484883	-0.25842384	0.27756235	-0.16170579	-0.08771135	-0.08840372	0.27783507	0.17194918	0.0003219155	-0.07431254	-0.40870774	0.13304295	0.14965025	0.08072999	-0.07502118	-0.23123917	-0.08728636	-0.10980375	-0.21168053	0.21200468	0.26845264	-0.24761322	-0.11097267	-0.253224	0.20756476	1.0000004
