1.0000001	-0.06838776	0.15585764	-0.21554352	0.28652176	-0.2750035	0.27800703	0.24887443	-0.44997323	0.29494452	-0.19389704	-0.15978777	0.25318557	0.2734917	-0.24207759	0.03416323	0.22267103	-0.21588762	0.07248422	-0.3366797	-0.3034373	-0.059219435	-0.40957236	-0.2143525	0.077840626	0.18181579	0.15941401	0.20715103	-0.3639898	-0.23856853
-0.06838776	0.99999976	-0.37273285	0.14560242	0.059382603	0.12325979	-0.06677467	0.0903656	0.05747974	-0.20935369	0.0870631	0.18127866	-0.091291256	0.058635347	-0.12996553	0.18266717	-0.0193882	0.080530934	-0.15305945	0.10715026	-0.11552934	-0.052260123	0.06515163	0.14201273	-0.61310863	-0.019156618	-0.15611807	-0.070741706	-0.088319115	-0.15435152
0.15585764	-0.37273285	0.9999999	-0.11000674	0.1336302	-0.43581337	0.16383511	0.10069328	-0.20463577	0.22124232	-0.11348149	-0.20610228	0.12695113	0.15703626	-0.07241989	-0.10381849	0.1599438	-0.43416053	0.0024553824	-0.3361869	-0.0134570105	-0.16111363	-0.1517458	-0.1896618	0.2574552	0.17258443	0.15226917	0.17878659	-0.121772274	0.04439736
-0.21554352	0.14560242	-0.11000674	0.9999998	-0.14557646	0.023779351	-0.036317755	-0.038293794	0.10634777	-0.22145851	-0.064625986	0.11760629	-0.12349673	-0.028350784	0.1500131	-0.023182545	-0.016045805	-0.016143635	-0.6131278	0.06259515	0.07847105	-0.31925413	0.12764196	0.0959492	-0.08732972	0.07437699	-0.07759859	0.042971328	0.10336743	0.0076669175
0.28652176	0.059382603	0.1336302	-0.14557646	0.9999998	-0.31211203	0.24318449	0.2941512	-0.4117331	0.20259006	-0.048956785	-0.03021766	0.17184566	0.301529	-0.351182	0.114612736	0.16113542	-0.3008557	0.022113675	-0.28625694	-0.35102376	-0.11009808	-0.3195384	-0.09222019	-0.01892096	0.16637494	0.05741465	0.15499125	-0.39839363	-0.19234213
-0.2750035	0.12325979	-0.43581337	0.023779351	-0.31211203	1.0	-0.21125084	-0.28295538	0.26618958	-0.2993505	0.20669357	0.19554444	-0.28294146	-0.30821276	0.0624882	0.08720385	-0.27371976	0.29570815	0.07045618	0.28181595	0.19599307	0.1924774	0.2497912	0.2403612	-0.22493276	-0.2418292	-0.26718792	-0.3239831	0.21578784	0.031767886
0.27800703	-0.06677467	0.16383511	-0.036317755	0.24318449	-0.21125084	1.0	0.23556207	-0.2536407	0.25393152	-0.25770932	-0.11134792	0.22928715	0.27243602	-0.235635	0.008383032	0.2453853	-0.21251172	-0.05107758	-0.46860576	-0.23309179	-0.2752554	-0.40244457	-0.22940312	0.07582523	0.25335327	0.1537422	0.22782354	-0.3793464	-0.21629147
0.24887443	0.0903656	0.10069328	-0.038293794	0.2941512	-0.28295538	0.23556207	0.99999994	-0.26231182	0.16288157	-0.059395734	0.0068170335	0.15966876	0.29537553	-0.3592024	0.14879788	0.15569875	-0.30714324	-0.032343607	-0.19188547	-0.34895357	-0.11076155	-0.1993913	-0.08868264	-0.10363962	0.15625255	0.03584364	0.1164874	-0.48214316	-0.3403139
-0.44997323	0.05747974	-0.20463577	0.10634777	-0.4117331	0.26618958	-0.2536407	-0.26231182	0.99999994	-0.37190637	0.16602717	0.1205466	-0.17786767	-0.40730247	0.18462145	-0.10044451	-0.25061104	0.24615	0.00020398505	0.26775327	0.22947572	0.12828907	0.2848171	0.19460742	-0.1022093	-0.19406742	-0.22162049	-0.28873575	0.2751783	0.16939889
0.29494452	-0.20935369	0.22124232	-0.22145851	0.20259006	-0.2993505	0.25393152	0.16288157	-0.37190637	0.99999994	-0.27905592	-0.33402926	0.2800787	0.2153463	-0.08295959	-0.08797828	0.2614661	-0.20623781	0.07180663	-0.3934376	-0.22727719	-0.06553188	-0.38300222	-0.33839235	0.17317246	0.20327619	0.24447629	0.24053036	-0.23813047	-0.0876078
-0.19389704	0.0870631	-0.11348149	-0.064625986	-0.048956785	0.20669357	-0.25770932	-0.059395734	0.16602717	-0.27905592	1.0	0.25157106	-0.3824648	-0.13769323	-0.0700276	0.17041759	-0.35532078	0.13217513	0.10393078	0.2171947	0.20018211	0.20890862	0.22841282	0.29494506	-0.12216013	-0.30877593	-0.5068987	-0.4233858	0.11136539	-0.054994497
-0.15978777	0.18127866	-0.20610228	0.11760629	-0.03021766	0.19554444	-0.11134792	0.0068170335	0.1205466	-0.33402926	0.25157106	1.0	-0.40476918	-0.07226644	-0.146145	0.24299686	-0.3788594	0.09208386	-0.08989498	0.19490577	0.15513341	0.07226318	0.19078419	0.29669762	-0.2166824	-0.19438726	-0.38776568	-0.2172018	0.04407835	-0.21280493
0.25318557	-0.091291256	0.12695113	-0.12349673	0.17184566	-0.28294146	0.22928715	0.15966876	-0.17786767	0.2800787	-0.3824648	-0.40476918	1.0000001	0.19144826	-0.08608005	-0.12742804	0.27766034	-0.1740975	0.050738227	-0.220708	-0.4133216	-0.0831204	-0.36813268	-0.3565827	0.10795884	0.21394588	0.26729035	0.25525746	-0.231601	-0.061377715
0.2734917	0.058635347	0.15703626	-0.028350784	0.301529	-0.30821276	0.27243602	0.29537553	-0.40730247	0.2153463	-0.13769323	-0.07226644	0.19144826	1.0000002	-0.25567237	0.098957725	0.22786643	-0.3862193	-0.11930028	-0.30813038	-0.30259505	-0.25297517	-0.28626752	-0.16767243	-0.02286762	0.24446277	0.11816525	0.21250218	-0.37265173	-0.2390195
-0.24207759	-0.12996553	-0.07241989	0.1500131	-0.351182	0.0624882	-0.235635	-0.3592024	0.18462145	-0.08295959	-0.0700276	-0.146145	-0.08608005	-0.25567237	1.0000002	-0.38470194	0.0004098171	0.13512897	-0.12095855	0.08285822	0.13814212	-0.028016787	0.14278224	-0.062819436	0.11619388	-0.03682228	0.10889278	0.010109494	0.25372392	0.27935523
0.03416323	0.18266717	-0.10381849	-0.023182545	0.114612736	0.08720385	0.008383032	0.14879788	-0.10044451	-0.08797828	0.17041759	0.24299686	-0.12742804	0.098957725	-0.38470194	1.0000004	-0.11279972	-0.0057150186	-0.05282729	0.080146514	0.029405829	0.06413119	0.019047027	0.1898414	-0.31988543	-0.09280955	-0.23996273	-0.17973687	-0.12780331	-0.51163954
0.22267103	-0.0193882	0.1599438	-0.016045805	0.16113542	-0.27371976	0.2453853	0.15569875	-0.25061104	0.2614661	-0.35532078	-0.3788594	0.27766034	0.22786643	0.0004098171	-0.11279972	1.0000004	-0.20591758	-0.12826459	-0.3412275	-0.3113486	-0.2744451	-0.3042156	-0.4182209	0.070493214	0.29235825	0.28307414	0.29924458	-0.24705608	-0.019927163
-0.21588762	0.080530934	-0.43416053	-0.016143635	-0.3008557	0.29570815	-0.21251172	-0.30714324	0.24615	-0.20623781	0.13217513	0.09208386	-0.1740975	-0.3862193	0.13512897	-0.0057150186	-0.20591758	1.0000004	0.10661047	0.25360182	0.17152272	0.21777806	0.21788429	0.15752923	-0.22668877	-0.33621353	-0.10400379	-0.27747527	0.21657357	0.08603541
0.07248422	-0.15305945	0.0024553824	-0.6131278	0.022113675	0.07045618	-0.05107758	-0.032343607	0.00020398505	0.07180663	0.10393078	-0.08989498	0.050738227	-0.11930028	-0.12095855	-0.05282729	-0.12826459	0.10661047	1.0000002	0.04624811	-0.03579322	0.2745154	-0.054940443	-0.029114446	0.046064634	-0.2610395	-0.030979132	-0.13977064	-0.019726386	0.06462513
-0.3366797	0.10715026	-0.3361869	0.06259515	-0.28625694	0.28181595	-0.46860576	-0.19188547	0.26775327	-0.3934376	0.2171947	0.19490577	-0.220708	-0.30813038	0.08285822	0.080146514	-0.3412275	0.25360182	0.04624811	1.0000001	0.2065266	0.18916808	0.28991202	0.24941638	-0.14556377	-0.30861747	-0.19193786	-0.2824428	0.2323595	0.05007526
-0.3034373	-0.11552934	-0.0134570105	0.07847105	-0.35102376	0.19599307	-0.23309179	-0.34895357	0.22947572	-0.22727719	0.20018211	0.15513341	-0.4133216	-0.30259505	0.13814212	0.029405829	-0.3113486	0.17152272	-0.03579322	0.2065266	1.0	0.11241408	0.27087918	0.21581893	0.046259705	-0.2384159	-0.24958548	-0.28185263	0.2725643	0.10293464
-0.059219435	-0.052260123	-0.16111363	-0.31925413	-0.11009808	0.1924774	-0.2752554	-0.11076155	0.12828907	-0.06553188	0.20890862	0.07226318	-0.0831204	-0.25297517	-0.028016787	0.06413119	-0.2744451	0.21777806	0.2745154	0.18916808	0.11241408	0.99999994	0.12082878	0.13489054	-0.062320057	-0.4731632	-0.18723272	-0.29704905	0.096847095	-0.0006612022
-0.40957236	0.06515163	-0.1517458	0.12764196	-0.3195384	0.2497912	-0.40244457	-0.1993913	0.2848171	-0.38300222	0.22841282	0.19078419	-0.36813268	-0.28626752	0.14278224	0.019047027	-0.3042156	0.21788429	-0.054940443	0.28991202	0.27087918	0.12082878	0.9999998	0.2602642	-0.115754	-0.30835468	-0.22297254	-0.33382213	0.2641614	0.12783925
-0.2143525	0.14201273	-0.1896618	0.0959492	-0.09222019	0.2403612	-0.22940312	-0.08868264	0.19460742	-0.33839235	0.29494506	0.29669762	-0.3565827	-0.16767243	-0.062819436	0.1898414	-0.4182209	0.15752923	-0.029114446	0.24941638	0.21581893	0.13489054	0.2602642	0.99999964	-0.181064	-0.3285025	-0.41453347	-0.41727722	0.13308506	-0.07689138
0.077840626	-0.61310863	0.2574552	-0.08732972	-0.01892096	-0.22493276	0.07582523	-0.10363962	-0.1022093	0.17317246	-0.12216013	-0.2166824	0.10795884	-0.02286762	0.11619388	-0.31988543	0.070493214	-0.22668877	0.046064634	-0.14556377	0.046259705	-0.062320057	-0.115754	-0.181064	0.9999996	0.09047315	0.1597279	0.13969211	0.051542807	0.15046817
0.18181579	-0.019156618	0.17258443	0.07437699	0.16637494	-0.2418292	0.25335327	0.15625255	-0.19406742	0.20327619	-0.30877593	-0.19438726	0.21394588	0.24446277	-0.03682228	-0.09280955	0.29235825	-0.33621353	-0.2610395	-0.30861747	-0.2384159	-0.4731632	-0.30835468	-0.3285025	0.09047315	0.99999964	0.23078234	0.29689804	-0.16266474	-0.07212256
0.15941401	-0.15611807	0.15226917	-0.07759859	0.05741465	-0.26718792	0.1537422	0.03584364	-0.22162049	0.24447629	-0.5068987	-0.38776568	0.26729035	0.11816525	0.10889278	-0.23996273	0.28307414	-0.10400379	-0.030979132	-0.19193786	-0.24958548	-0.18723272	-0.22297254	-0.41453347	0.1597279	0.23078234	0.9999996	0.28467986	-0.1003829	0.10305707
0.20715103	-0.070741706	0.17878659	0.042971328	0.15499125	-0.3239831	0.22782354	0.1164874	-0.28873575	0.24053036	-0.4233858	-0.2172018	0.25525746	0.21250218	0.010109494	-0.17973687	0.29924458	-0.27747527	-0.13977064	-0.2824428	-0.28185263	-0.29704905	-0.33382213	-0.41727722	0.13969211	0.29689804	0.28467986	0.9999997	-0.16577727	0.03215994
-0.3639898	-0.088319115	-0.121772274	0.10336743	-0.39839363	0.21578784	-0.3793464	-0.48214316	0.2751783	-0.23813047	0.11136539	0.04407835	-0.231601	-0.37265173	0.25372392	-0.12780331	-0.24705608	0.21657357	-0.019726386	0.2323595	0.2725643	0.096847095	0.2641614	0.13308506	0.051542807	-0.16266474	-0.1003829	-0.16577727	0.99999976	0.22917965
-0.23856853	-0.15435152	0.04439736	0.0076669175	-0.19234213	0.031767886	-0.21629147	-0.3403139	0.16939889	-0.0876078	-0.054994497	-0.21280493	-0.061377715	-0.2390195	0.27935523	-0.51163954	-0.019927163	0.08603541	0.06462513	0.05007526	0.10293464	-0.0006612022	0.12783925	-0.07689138	0.15046817	-0.07212256	0.10305707	0.03215994	0.22917965	0.99999976
