1.0	0.058594096	-0.35748962	0.17918214	-0.043971814	0.05725051	-0.35302582	0.037387747	-0.065896556	-0.27067742	0.096317075	0.23785464	-0.12547295	-0.21482016	-0.32079875	-0.19679247	0.24317011	0.110251054	0.06151011	0.14825691	-0.33614722	0.25920132	-0.04583013	0.24552104	0.17287384	-0.20580539	-0.03183872	0.23819214	-0.5215988	-0.055353187
0.058594096	1.0000001	-0.21536197	0.24156041	-0.08666435	0.2944374	-0.15524435	0.18881476	-0.038482428	-0.31784073	0.28348526	-0.092640065	0.028585956	-0.248143	-0.2962379	-0.23208441	0.21304317	-0.03003773	-0.007458087	0.08567903	-0.23885317	0.16231032	-0.42004856	0.107362695	0.09233611	0.14033392	-0.38418728	0.19787389	-0.21450044	-0.11657094
-0.35748962	-0.21536197	1.0000001	-0.18927339	0.15329076	-0.23951693	0.29325718	0.0078055235	-0.05963579	0.28274244	-0.21068694	-0.113865435	0.16747396	0.2573891	0.2915188	0.2815534	-0.33260128	-0.239148	-0.13236812	-0.25371984	0.29336208	-0.4142188	0.19794025	-0.43847576	-0.2675369	0.038454566	0.1225849	-0.3581786	0.27510017	0.1596808
0.17918214	0.24156041	-0.18927339	1.0	-0.1478864	0.22044374	-0.16373535	0.17812061	-0.07630477	-0.37594157	0.25834513	0.14425799	-0.08763725	-0.42422163	-0.40115723	-0.28225997	0.28848276	-0.009037087	0.01769609	0.11143855	-0.3726618	0.24246655	-0.33524296	0.20451747	0.15785597	-0.08799742	-0.27779725	0.24268097	-0.204424	-0.051403657
-0.043971814	-0.08666435	0.15329076	-0.1478864	0.99999994	-0.036732763	0.18168797	0.16989394	-0.36786342	0.10135305	-0.0463802	0.067736745	0.27495205	0.10444079	0.10826016	0.15592787	-0.04852882	-0.26063976	-0.43420193	-0.49346155	0.14761925	-0.060463514	0.12662296	-0.17527968	-0.29528043	-0.040765915	-0.054575562	-0.32422376	0.10486413	0.22033498
0.05725051	0.2944374	-0.23951693	0.22044374	-0.036732763	0.99999976	-0.2753977	0.17762499	-0.058907505	-0.3881803	0.28402844	-0.091332436	0.0038015998	-0.13309985	-0.23170556	-0.25169373	0.19280855	0.008933213	0.014998702	0.100817226	-0.31769207	0.15215269	-0.3937496	0.11281441	0.10514367	0.14639649	-0.38764268	0.17433977	-0.085707106	-0.15458046
-0.35302582	-0.15524435	0.29325718	-0.16373535	0.18168797	-0.2753977	0.99999976	0.008929686	-0.059070967	0.24627504	-0.28992328	-0.14700475	0.19515681	0.22092088	0.24882951	0.23835158	-0.21288908	-0.28785473	-0.2470893	-0.36718652	0.27651364	-0.24564962	0.1961808	-0.29893807	-0.22445782	0.026451912	0.1057998	-0.34518322	0.25070444	0.18364744
0.037387747	0.18881476	0.0078055235	0.17812061	0.16989394	0.17762499	0.008929686	0.9999997	-0.4543326	-0.1494996	0.19069742	0.07549016	0.19820976	-0.08953134	-0.06644477	0.00407172	0.13007718	-0.3781323	-0.28630677	-0.16860643	-0.099081054	0.007269773	-0.17410246	-0.0790309	-0.19972204	-0.06350111	-0.2821388	-0.027363231	-0.021901404	0.16538057
-0.065896556	-0.038482428	-0.05963579	-0.07630477	-0.36786342	-0.058907505	-0.059070967	-0.4543326	0.99999946	0.043443985	-0.029270036	-0.21245274	-0.17814498	0.0113242455	-0.054716595	-0.19179788	-0.060702085	0.25441983	0.2329117	0.19815797	-0.005384692	-0.0014938476	-0.05320361	0.08038999	0.20943351	0.16994695	0.072304666	0.09979997	0.00840505	-0.41284797
-0.27067742	-0.31784073	0.28274244	-0.37594157	0.10135305	-0.3881803	0.24627504	-0.1494996	0.043443985	0.9999995	-0.27528098	-0.11012431	0.059731796	0.28038093	0.30280906	0.2581189	-0.40564483	-0.0541895	-0.037287973	-0.18461251	0.30520996	-0.37912127	0.2617999	-0.2731856	-0.18649636	0.0048381723	0.23001833	-0.2817557	0.24094518	0.07222969
0.096317075	0.28348526	-0.21068694	0.25834513	-0.0463802	0.28402844	-0.28992328	0.19069742	-0.029270036	-0.27528098	0.9999996	0.016089996	0.034827966	-0.33212647	-0.22448227	-0.26418158	0.23186229	-0.040622693	-0.02087211	0.08181034	-0.24147902	0.1882448	-0.3974048	0.1297664	0.09248685	0.039325193	-0.49983615	0.17698188	-0.09725734	-0.13439728
0.23785464	-0.092640065	-0.113865435	0.14425799	0.067736745	-0.091332436	-0.14700475	0.07549016	-0.21245274	-0.11012431	0.016089996	0.9999997	0.0036119074	-0.26822627	-0.2086521	-0.056860976	0.19716889	-0.07483863	-0.06012153	-0.053645525	-0.14246266	0.19526733	0.06637251	0.16000938	0.018294638	-0.5582651	0.009215063	0.10953989	-0.25408402	0.14371386
-0.12547295	0.028585956	0.16747396	-0.08763725	0.27495205	0.0038015998	0.19515681	0.19820976	-0.17814498	0.059731796	0.034827966	0.0036119074	0.9999997	0.09091471	0.100548156	0.15257923	-0.012997856	-0.29823583	-0.57878923	-0.35947523	0.1388195	-0.12751795	0.044887405	-0.29061413	-0.3660178	0.0028673657	-0.15274616	-0.22452329	0.12208206	0.18319787
-0.21482016	-0.248143	0.2573891	-0.42422163	0.10444079	-0.13309985	0.22092088	-0.08953134	0.0113242455	0.28038093	-0.33212647	-0.26822627	0.09091471	0.99999976	0.29668418	0.24169543	-0.4075798	-0.08562445	-0.033105962	-0.12485167	0.2750793	-0.40756315	0.19828735	-0.2499185	-0.2143152	0.12541033	0.18558219	-0.3407377	0.25225204	0.033563375
-0.32079875	-0.2962379	0.2915188	-0.40115723	0.10826016	-0.23170556	0.24882951	-0.06644477	-0.054716595	0.30280906	-0.22448227	-0.2086521	0.100548156	0.29668418	0.99999976	0.2867006	-0.37549996	-0.095073886	-0.042432886	-0.18070167	0.30751365	-0.35720006	0.22927672	-0.34950384	-0.25979844	0.04689177	0.17318466	-0.33176017	0.27745366	0.12656526
-0.19679247	-0.23208441	0.2815534	-0.28225997	0.15592787	-0.25169373	0.23835158	0.00407172	-0.19179788	0.2581189	-0.26418158	-0.056860976	0.15257923	0.24169543	0.2867006	0.99999976	-0.20389464	-0.1465092	-0.12754637	-0.16593121	0.26839334	-0.41123098	0.24018858	-0.39984939	-0.39191422	-0.06997286	0.15893734	-0.2951129	0.19903135	0.20214994
0.24317011	0.21304317	-0.33260128	0.28848276	-0.04852882	0.19280855	-0.21288908	0.13007718	-0.060702085	-0.40564483	0.23186229	0.19716889	-0.012997856	-0.4075798	-0.37549996	-0.20389464	0.99999976	0.021653837	-0.057026256	0.097983465	-0.36261642	0.2839605	-0.24563351	0.22203809	0.15138492	-0.15896462	-0.2892872	0.2514271	-0.345782	-0.0053494247
0.110251054	-0.03003773	-0.239148	-0.009037087	-0.26063976	0.008933213	-0.28785473	-0.3781323	0.25441983	-0.0541895	-0.040622693	-0.07483863	-0.29823583	-0.08562445	-0.095073886	-0.1465092	0.021653837	0.99999976	0.2687681	0.25500646	-0.1285941	0.102174066	-0.041514583	0.17762059	0.263419	0.08235559	0.08725853	0.17342867	-0.1439561	-0.49121055
0.06151011	-0.007458087	-0.13236812	0.01769609	-0.43420193	0.014998702	-0.2470893	-0.28630677	0.2329117	-0.037287973	-0.02087211	-0.06012153	-0.57878923	-0.033105962	-0.042432886	-0.12754637	-0.057026256	0.2687681	0.99999964	0.27392283	-0.099639565	0.026515547	-0.068901576	0.13779901	0.23639731	0.08050357	0.07927185	0.16747174	-0.07034377	-0.29420486
0.14825691	0.08567903	-0.25371984	0.11143855	-0.49346155	0.100817226	-0.36718652	-0.16860643	0.19815797	-0.18461251	0.08181034	-0.053645525	-0.35947523	-0.12485167	-0.18070167	-0.16593121	0.097983465	0.25500646	0.27392283	0.9999996	-0.25447422	0.13183662	-0.21294798	0.21637027	0.269155	0.038030174	0.027317401	0.26226804	-0.24440591	-0.23396076
-0.33614722	-0.23885317	0.29336208	-0.3726618	0.14761925	-0.31769207	0.27651364	-0.099081054	-0.005384692	0.30520996	-0.24147902	-0.14246266	0.1388195	0.2750793	0.30751365	0.26839334	-0.36261642	-0.1285941	-0.099639565	-0.25447422	0.9999996	-0.2532081	0.24409181	-0.32007346	-0.3307489	0.04836034	0.18090649	-0.37946725	0.27419493	0.122577906
0.25920132	0.16231032	-0.4142188	0.24246655	-0.060463514	0.15215269	-0.24564962	0.007269773	-0.0014938476	-0.37912127	0.1882448	0.19526733	-0.12751795	-0.40756315	-0.35720006	-0.41123098	0.2839605	0.102174066	0.026515547	0.13183662	-0.2532081	0.9999995	-0.12830606	0.2860602	0.21894677	-0.18296264	-0.15528382	0.25448954	-0.30438957	-0.08221133
-0.04583013	-0.42004856	0.19794025	-0.33524296	0.12662296	-0.3937496	0.1961808	-0.17410246	-0.05320361	0.2617999	-0.3974048	0.06637251	0.044887405	0.19828735	0.22927672	0.24018858	-0.24563351	-0.041514583	-0.068901576	-0.21294798	0.24409181	-0.12830606	0.9999997	-0.20030545	-0.17165525	-0.20156163	0.26532236	-0.24276538	0.12179688	0.14047173
0.24552104	0.107362695	-0.43847576	0.20451747	-0.17527968	0.11281441	-0.29893807	-0.0790309	0.08038999	-0.2731856	0.1297664	0.16000938	-0.29061413	-0.2499185	-0.34950384	-0.39984939	0.22203809	0.17762059	0.13779901	0.21637027	-0.32007346	0.2860602	-0.20030545	0.99999976	0.2694056	-0.166963	-0.0199206	0.27189794	-0.224786	-0.13465141
0.17287384	0.09233611	-0.2675369	0.15785597	-0.29528043	0.10514367	-0.22445782	-0.19972204	0.20943351	-0.18649636	0.09248685	0.018294638	-0.3660178	-0.2143152	-0.25979844	-0.39191422	0.15138492	0.263419	0.23639731	0.269155	-0.3307489	0.21894677	-0.17165525	0.2694056	0.9999995	0.014983982	-0.054408994	0.26993525	-0.24807513	-0.3315556
-0.20580539	0.14033392	0.038454566	-0.08799742	-0.040765915	0.14639649	0.026451912	-0.06350111	0.16994695	0.0048381723	0.039325193	-0.5582651	0.0028673657	0.12541033	0.04689177	-0.06997286	-0.15896462	0.08235559	0.08050357	0.038030174	0.04836034	-0.18296264	-0.20156163	-0.166963	0.014983982	0.99999964	-0.10072795	-0.036568757	0.12518586	-0.25623608
-0.03183872	-0.38418728	0.1225849	-0.27779725	-0.054575562	-0.38764268	0.1057998	-0.2821388	0.072304666	0.23001833	-0.49983615	0.009215063	-0.15274616	0.18558219	0.17318466	0.15893734	-0.2892872	0.08725853	0.07927185	0.027317401	0.18090649	-0.15528382	0.26532236	-0.0199206	-0.054408994	-0.10072795	0.99999976	-0.14179443	0.07105161	0.06351278
0.23819214	0.19787389	-0.3581786	0.24268097	-0.32422376	0.17433977	-0.34518322	-0.027363231	0.09979997	-0.2817557	0.17698188	0.10953989	-0.22452329	-0.3407377	-0.33176017	-0.2951129	0.2514271	0.17342867	0.16747174	0.26226804	-0.37946725	0.25448954	-0.24276538	0.27189794	0.26993525	-0.036568757	-0.14179443	0.9999997	-0.42009157	-0.14073063
-0.5215988	-0.21450044	0.27510017	-0.204424	0.10486413	-0.085707106	0.25070444	-0.021901404	0.00840505	0.24094518	-0.09725734	-0.25408402	0.12208206	0.25225204	0.27745366	0.19903135	-0.345782	-0.1439561	-0.07034377	-0.24440591	0.27419493	-0.30438957	0.12179688	-0.224786	-0.24807513	0.12518586	0.07105161	-0.42009157	0.9999997	0.078281865
-0.055353187	-0.11657094	0.1596808	-0.051403657	0.22033498	-0.15458046	0.18364744	0.16538057	-0.41284797	0.07222969	-0.13439728	0.14371386	0.18319787	0.033563375	0.12656526	0.20214994	-0.0053494247	-0.49121055	-0.29420486	-0.23396076	0.122577906	-0.08221133	0.14047173	-0.13465141	-0.3315556	-0.25623608	0.06351278	-0.14073063	0.078281865	0.9999997
