0.99999994	-0.30703408	-0.26523107	-0.15193267	0.20151688	-0.29156926	-0.36587146	-0.24627858	-0.029621705	0.26270196	0.25547072	-0.19110887	0.25356135	-0.3247092	-0.3487806	0.2486518	0.03297522	0.22776076	0.27493712	0.26437715	-0.34863386	0.28381842	-0.26950315	-0.42364237	-0.33511102	0.277284	-0.23642734	0.16451707	0.15727995	0.23065752
-0.30703408	0.9999998	0.2647598	0.14396694	-0.12311634	0.24969523	0.26124057	0.21015844	0.09322756	-0.24692117	-0.3554535	0.22410549	-0.3041972	0.28101823	0.25344753	-0.28268462	-0.08489627	-0.36103296	-0.4274207	-0.27668005	0.21378559	-0.3514668	0.1678096	0.2650499	0.23919399	-0.41901708	0.21326047	-0.110952824	-0.17189378	-0.25788218
-0.26523107	0.2647598	0.99999994	0.13224429	-0.2198073	0.12586105	0.21995033	0.22983009	0.17060551	-0.20491625	-0.120605215	0.25881633	-0.37907836	0.2075096	0.16587193	-0.24400085	-0.24396186	-0.48671374	-0.29378065	-0.15935908	0.25951782	-0.24991168	0.15572272	0.25871328	0.23678236	-0.4270013	0.26641908	-0.27355456	-0.19085105	-0.19376689
-0.15193267	0.14396694	0.13224429	1.0000001	-0.33890617	0.10020503	0.13677542	0.115511194	0.24995326	0.016663771	-0.19856781	0.1878145	-0.19920036	0.15627198	0.19776474	-0.18227588	-0.3748693	-0.061342154	-0.18467985	-0.23391843	0.030592883	-0.079558805	0.016658822	0.11988572	0.038284644	-0.23941828	0.1925871	-0.057604592	-0.5867487	0.05389607
0.20151688	-0.12311634	-0.2198073	-0.33890617	1.0	-0.091586486	-0.26431832	-0.49197546	-0.28484988	0.18363899	0.17288429	-0.091986075	0.18213303	-0.17260185	-0.23398307	0.2561457	0.16842462	0.12790368	0.1738475	0.1665918	-0.12339797	0.16304214	-0.24936323	-0.250193	-0.2678761	0.20790781	-0.36319757	0.17829575	0.251247	0.1336226
-0.29156926	0.24969523	0.12586105	0.10020503	-0.091586486	1.0	0.23882681	0.1513356	0.015329671	-0.14902732	-0.43582293	0.13297504	-0.3025052	0.28774002	0.2782903	-0.24226858	-0.0080450345	-0.06427866	-0.35727558	-0.35780978	0.05288877	-0.46610877	0.07712766	0.14075013	0.18208112	-0.19606075	0.111845255	0.085349314	-0.12740277	-0.14048296
-0.36587146	0.26124057	0.21995033	0.13677542	-0.26431832	0.23882681	1.0000001	0.24558377	0.1240201	-0.38648328	-0.23568434	0.22438504	-0.35846972	0.24770182	0.267504	-0.4078541	-0.114886284	-0.18604355	-0.36428607	-0.4071719	0.22214127	-0.31564215	0.16931793	0.20900421	0.25066954	-0.26357183	0.2430482	-0.1533728	-0.12543717	-0.11102567
-0.24627858	0.21015844	0.22983009	0.115511194	-0.49197546	0.1513356	0.24558377	1.0000001	0.103192136	-0.37178397	-0.26492295	0.13244902	-0.22688445	0.20607625	0.21409251	-0.34570467	-0.11406994	-0.16972612	-0.22196814	-0.15628229	0.20577034	-0.28305972	0.23840311	0.25470138	0.29033452	-0.2366428	0.27393728	-0.24345762	-0.17959347	-0.31898978
-0.029621705	0.09322756	0.17060551	0.24995326	-0.28484988	0.015329671	0.1240201	0.103192136	1.0	0.030644896	0.006111249	0.23569	-0.2440791	0.064816676	0.095965475	-0.31581298	-0.5504171	-0.16041355	-0.1556299	-0.1295457	0.067603976	-0.03714458	-0.1369051	0.0374183	0.037844367	-0.1780531	0.19656591	-0.08308758	-0.33641583	0.11305283
0.26270196	-0.24692117	-0.20491625	0.016663771	0.18363899	-0.14902732	-0.38648328	-0.37178397	0.030644896	0.99999994	0.1838458	-0.1283422	0.1984961	-0.26279786	-0.15614876	0.19787443	-0.05174758	0.19514395	0.18654825	0.18819705	-0.34400266	0.2264205	-0.44211254	-0.1992245	-0.36435676	0.2132202	-0.26638994	0.20750435	0.030649137	0.25276113
0.25547072	-0.3554535	-0.120605215	-0.19856781	0.17288429	-0.43582293	-0.23568434	-0.26492295	0.006111249	0.1838458	0.9999999	-0.09800559	0.21361673	-0.40149656	-0.42276976	0.17967238	0.011817124	0.09328652	0.2456605	0.23751621	-0.047682296	0.27273685	-0.25355053	-0.25615382	-0.20265266	0.19942527	-0.10758218	-0.0027220268	0.13970375	0.19196866
-0.19110887	0.22410549	0.25881633	0.1878145	-0.091986075	0.13297504	0.22438504	0.13244902	0.23569	-0.1283422	-0.09800559	0.99999976	-0.38897586	0.17358226	0.15752131	-0.26131478	-0.3863344	-0.39722535	-0.37057638	-0.3259704	0.19677238	-0.14832059	0.043379717	0.1611919	0.1206572	-0.23206252	0.20742798	-0.20116882	-0.21993163	-0.015377714
0.25356135	-0.3041972	-0.37907836	-0.19920036	0.18213303	-0.3025052	-0.35846972	-0.22688445	-0.2440791	0.1984961	0.21361673	-0.38897586	0.9999997	-0.42408127	-0.22423543	0.27471596	0.18649812	0.23568174	0.29708338	0.24927935	-0.19251817	0.26554453	-0.10400413	-0.19321565	-0.28559276	0.27857646	-0.20558539	0.08500566	0.1992206	0.11323646
-0.3247092	0.28101823	0.2075096	0.15627198	-0.17260185	0.28774002	0.24770182	0.20607625	0.064816676	-0.26279786	-0.40149656	0.17358226	-0.42408127	0.99999964	0.24689572	-0.22174858	-0.10159617	-0.16581562	-0.35400608	-0.18316008	0.10639813	-0.39287224	0.116772905	0.19546391	0.20896602	-0.33408865	0.16181944	0.04152659	-0.21017647	-0.15335116
-0.3487806	0.25344753	0.16587193	0.19776474	-0.23398307	0.2782903	0.267504	0.21409251	0.095965475	-0.15614876	-0.42276976	0.15752131	-0.22423543	0.24689572	0.9999996	-0.29650342	-0.0704524	-0.083610035	-0.29257983	-0.5116182	0.15670584	-0.38242668	0.14906338	0.20036128	0.21252342	-0.284779	0.21029173	-0.097812824	-0.2552601	-0.14527497
0.2486518	-0.28268462	-0.24400085	-0.18227588	0.2561457	-0.24226858	-0.4078541	-0.34570467	-0.31581298	0.19787443	0.17967238	-0.26131478	0.27471596	-0.22174858	-0.29650342	0.9999997	0.19152376	0.2144041	0.26837876	0.25665256	-0.21177697	0.24569066	-0.08680588	-0.2600747	-0.32700497	0.27003253	-0.41572863	0.15450907	0.22470331	0.118671656
0.03297522	-0.08489627	-0.24396186	-0.3748693	0.16842462	-0.0080450345	-0.114886284	-0.11406994	-0.5504171	-0.05174758	0.011817124	-0.3863344	0.18649812	-0.10159617	-0.0704524	0.19152376	0.99999964	0.14007014	0.15477605	0.09023672	-0.048676398	0.027934216	0.108844034	-0.05177279	-0.01945433	0.14329815	-0.19164224	0.058147125	0.2543334	-0.1559901
0.22776076	-0.36103296	-0.48671374	-0.061342154	0.12790368	-0.06427866	-0.18604355	-0.16972612	-0.16041355	0.19514395	0.09328652	-0.39722535	0.23568174	-0.16581562	-0.083610035	0.2144041	0.14007014	0.99999976	0.23828092	0.14747596	-0.34737614	0.15729421	-0.16681397	-0.39445978	-0.24565347	0.2620004	-0.2525441	0.22338387	0.11478865	0.16562584
0.27493712	-0.4274207	-0.29378065	-0.18467985	0.1738475	-0.35727558	-0.36428607	-0.22196814	-0.1556299	0.18654825	0.2456605	-0.37057638	0.29708338	-0.35400608	-0.29257983	0.26837876	0.15477605	0.23828092	0.99999994	0.26333866	-0.19878371	0.2689741	-0.11851424	-0.33926016	-0.15707089	0.28294373	-0.24411683	0.10038687	0.19035113	0.13451919
0.26437715	-0.27668005	-0.15935908	-0.23391843	0.1665918	-0.35780978	-0.4071719	-0.15628229	-0.1295457	0.18819705	0.23751621	-0.3259704	0.24927935	-0.18316008	-0.5116182	0.25665256	0.09023672	0.14747596	0.26333866	1.0000001	-0.22997916	0.25992706	-0.17006621	-0.15386085	-0.24927706	0.24220952	-0.23386781	0.10031291	0.19277902	0.11973582
-0.34863386	0.21378559	0.25951782	0.030592883	-0.12339797	0.05288877	0.22214127	0.20577034	0.067603976	-0.34400266	-0.047682296	0.19677238	-0.19251817	0.10639813	0.15670584	-0.21177697	-0.048676398	-0.34737614	-0.19878371	-0.22997916	1.0000001	-0.22439298	0.2177335	0.235553	0.24058993	-0.3707271	0.24553001	-0.4913137	-0.090750456	-0.18153177
0.28381842	-0.3514668	-0.24991168	-0.079558805	0.16304214	-0.46610877	-0.31564215	-0.28305972	-0.03714458	0.2264205	0.27273685	-0.14832059	0.26554453	-0.39287224	-0.38242668	0.24569066	0.027934216	0.15729421	0.2689741	0.25992706	-0.22439298	1.0000001	-0.1236857	-0.18809631	-0.35011587	0.25612208	-0.2017491	0.045019835	0.12882404	0.19327116
-0.26950315	0.1678096	0.15572272	0.016658822	-0.24936323	0.07712766	0.16931793	0.23840311	-0.1369051	-0.44211254	-0.25355053	0.043379717	-0.10400413	0.116772905	0.14906338	-0.08680588	0.108844034	-0.16681397	-0.11851424	-0.17006621	0.2177335	-0.1236857	1.0000001	0.23495992	0.24919085	-0.15825826	0.17591238	-0.3774401	-0.047700033	-0.4161135
-0.42364237	0.2650499	0.25871328	0.11988572	-0.250193	0.14075013	0.20900421	0.25470138	0.0374183	-0.1992245	-0.25615382	0.1611919	-0.19321565	0.19546391	0.20036128	-0.2600747	-0.05177279	-0.39445978	-0.33926016	-0.15386085	0.235553	-0.18809631	0.23495992	0.99999994	0.26491347	-0.26094046	0.24351409	-0.26287296	-0.18683288	-0.40083268
-0.33511102	0.23919399	0.23678236	0.038284644	-0.2678761	0.18208112	0.25066954	0.29033452	0.037844367	-0.36435676	-0.20265266	0.1206572	-0.28559276	0.20896602	0.21252342	-0.32700497	-0.01945433	-0.24565347	-0.15707089	-0.24927706	0.24058993	-0.35011587	0.24919085	0.26491347	1.0	-0.23723233	0.24158987	-0.2240959	-0.0887159	-0.45935696
0.277284	-0.41901708	-0.4270013	-0.23941828	0.20790781	-0.19606075	-0.26357183	-0.2366428	-0.1780531	0.2132202	0.19942527	-0.23206252	0.27857646	-0.33408865	-0.284779	0.27003253	0.14329815	0.2620004	0.28294373	0.24220952	-0.3707271	0.25612208	-0.15825826	-0.26094046	-0.23723233	1.0	-0.3685336	0.18248065	0.22442602	0.16652974
-0.23642734	0.21326047	0.26641908	0.1925871	-0.36319757	0.111845255	0.2430482	0.27393728	0.19656591	-0.26638994	-0.10758218	0.20742798	-0.20558539	0.16181944	0.21029173	-0.41572863	-0.19164224	-0.2525441	-0.24411683	-0.23386781	0.24553001	-0.2017491	0.17591238	0.24351409	0.24158987	-0.3685336	0.9999998	-0.32446823	-0.3820488	-0.18982886
0.16451707	-0.110952824	-0.27355456	-0.057604592	0.17829575	0.085349314	-0.1533728	-0.24345762	-0.08308758	0.20750435	-0.0027220268	-0.20116882	0.08500566	0.04152659	-0.097812824	0.15450907	0.058147125	0.22338387	0.10038687	0.10031291	-0.4913137	0.045019835	-0.3774401	-0.26287296	-0.2240959	0.18248065	-0.32446823	0.9999998	0.10837011	0.16914009
0.15727995	-0.17189378	-0.19085105	-0.5867487	0.251247	-0.12740277	-0.12543717	-0.17959347	-0.33641583	0.030649137	0.13970375	-0.21993163	0.1992206	-0.21017647	-0.2552601	0.22470331	0.2543334	0.11478865	0.19035113	0.19277902	-0.090750456	0.12882404	-0.047700033	-0.18683288	-0.0887159	0.22442602	-0.3820488	0.10837011	0.9999998	-0.016857749
0.23065752	-0.25788218	-0.19376689	0.05389607	0.1336226	-0.14048296	-0.11102567	-0.31898978	0.11305283	0.25276113	0.19196866	-0.015377714	0.11323646	-0.15335116	-0.14527497	0.118671656	-0.1559901	0.16562584	0.13451919	0.11973582	-0.18153177	0.19327116	-0.4161135	-0.40083268	-0.45935696	0.16652974	-0.18982886	0.16914009	-0.016857749	0.9999998
