1.0000001	0.10541175	-0.11798648	-0.322382	0.13650215	0.16694385	0.053254705	0.09668715	0.0929885	-0.08362379	0.0025221847	0.026012953	0.20239218	-0.28997228	-0.1485292	-0.1480179	-0.027163977	0.179855	0.09036406	-0.57514495	-0.045369547	-0.09286641	-0.18591075	-0.04558868	-0.17969847	-0.06141358	0.20727006	0.111433856	0.002034729	-0.14996487
0.10541175	1.0000002	-0.113822624	-0.20978503	0.08880372	0.1332778	0.23755221	-0.10882854	0.11413101	0.1978549	0.086555764	-0.1377497	0.21631165	-0.25804004	-0.19327544	-0.39577082	-0.062385667	0.29419023	-0.3162994	-0.09851704	0.06541249	-0.38034913	-0.28453007	0.17506465	-0.39040637	0.072837934	0.19122538	0.24017763	-0.22469826	-0.0442983
-0.11798648	-0.113822624	1.0000002	0.022691915	0.19267568	-0.23667064	-0.24818233	-0.34377113	0.1949028	-0.16711915	-0.3419755	-0.32962143	-0.019454869	0.2646998	-0.15595396	0.20982924	-0.367584	-0.11531743	0.13698009	0.078739725	0.2548224	0.066135	0.22474448	-0.37194502	0.08350399	0.27752307	-0.009226147	0.06099544	0.21622165	-0.34578684
-0.322382	-0.20978503	0.022691915	0.99999976	-0.20354305	-0.1461157	-0.12802401	0.039570082	-0.25975037	-0.09523585	0.026664605	0.11619006	-0.13868716	0.08031137	0.16777432	0.14011727	0.08119478	-0.30753043	0.10272633	0.20971698	-0.06059849	0.1687997	0.109780766	-0.053599063	0.24817605	-0.10895916	-0.6314881	-0.10790226	0.118481584	0.14144358
0.13650215	0.08880372	0.19267568	-0.20354305	0.9999998	-0.06838956	-0.17252168	-0.1941201	0.28379613	-0.21817075	-0.2881927	-0.38430217	0.21301179	0.059988126	-0.43342727	0.007663065	-0.22474493	0.12992266	0.10951131	-0.20578572	0.18795832	-0.12945206	0.03972195	-0.18089093	-0.17420277	0.23529822	0.19194327	0.22788464	0.1308088	-0.35770655
0.16694385	0.1332778	-0.23667064	-0.1461157	-0.06838956	0.9999997	0.24145475	0.19621928	-0.25179726	0.20650706	0.24042614	0.16359691	0.089078516	-0.36851394	-0.00042938234	-0.30427244	0.19060025	0.1568772	-0.12502073	-0.21172029	-0.25443685	-0.1265824	-0.42418358	0.21293136	-0.115410216	-0.27936417	0.07551863	-0.00035849668	-0.3315028	0.17139232
0.053254705	0.23755221	-0.24818233	-0.12802401	-0.17252168	0.24145475	0.9999996	0.05561357	-0.10688984	0.28510228	0.26673418	0.10571812	0.07222518	-0.18906255	0.03506736	-0.39517787	0.099628575	0.22270775	-0.39626867	-0.09794594	-0.082314335	-0.2841984	-0.3860521	0.2733098	-0.23398879	-0.14553562	0.10863551	0.047605183	-0.392722	0.15432972
0.09668715	-0.10882854	-0.34377113	0.039570082	-0.1941201	0.19621928	0.05561357	0.9999994	-0.24146026	0.058826637	0.18064965	0.2773186	-0.03791277	-0.21346246	0.13880096	-0.11496045	0.29082826	-0.06493336	0.06713398	-0.1346809	-0.5448134	0.07857572	-0.09985006	0.096846074	0.037356213	-0.42779168	-0.06784074	-0.19135562	-0.05562126	0.22702636
0.0929885	0.11413101	0.1949028	-0.25975037	0.28379613	-0.25179726	-0.10688984	-0.24146026	0.9999994	-0.19215085	-0.2051849	-0.2498879	0.18280412	0.09660237	-0.39949	-0.00840187	-0.28429803	0.14174668	0.046152856	-0.09338964	0.23187655	-0.18958989	0.0702915	-0.17142561	-0.21043721	0.2471233	0.20075539	0.21288225	0.10586804	-0.35772562
-0.08362379	0.1978549	-0.16711915	-0.09523585	-0.21817075	0.20650706	0.28510228	0.058826637	-0.19215085	0.9999994	0.26119065	0.08490265	0.059281114	-0.25351244	0.05866458	-0.33278373	0.10602906	0.15466265	-0.3352603	0.057673845	-0.027979923	-0.25133058	-0.3359931	0.27167186	-0.16644575	-0.10799277	0.046309017	-0.027305149	-0.4379065	0.18418366
0.0025221847	0.086555764	-0.3419755	0.026664605	-0.2881927	0.24042614	0.26673418	0.18064965	-0.2051849	0.26119065	0.99999934	0.22653215	-0.070475265	-0.2207967	0.12662333	-0.27360678	0.23323923	0.09045749	-0.26596695	0.016757183	-0.22058295	-0.11913972	-0.3549811	0.27767992	-0.070213914	-0.27420694	-0.05191986	-0.16313864	-0.38392615	0.26833475
0.026012953	-0.1377497	-0.32962143	0.11619006	-0.38430217	0.16359691	0.10571812	0.2773186	-0.2498879	0.08490265	0.22653215	0.9999994	-0.09989455	-0.17216729	0.18722942	-0.07915813	0.2951717	-0.045452617	-0.020156678	-0.03578075	-0.31609753	0.05943725	-0.096097074	0.15317284	0.083902374	-0.48454165	-0.15777537	-0.3543331	-0.08321687	0.26709566
0.20239218	0.21631165	-0.019454869	-0.13868716	0.21301179	0.089078516	0.07222518	-0.03791277	0.18280412	0.059281114	-0.070475265	-0.09989455	0.9999996	-0.21705146	-0.45813966	-0.2574914	-0.1018542	0.2582375	0.02933328	-0.32387245	0.087155595	-0.3907762	-0.2217367	-0.016913407	-0.32933635	0.07991158	0.17772381	0.23138434	-0.07261563	-0.14258301
-0.28997228	-0.25804004	0.2646998	0.08031137	0.059988126	-0.36851394	-0.18906255	-0.21346246	0.09660237	-0.25351244	-0.2207967	-0.17216729	-0.21705146	0.9999997	0.04200765	0.27492183	-0.19556494	-0.23003861	0.113113455	0.18539795	0.16562296	0.16372858	0.2809478	-0.31947306	0.19130781	0.17941397	-0.07964815	-0.13717265	0.2080011	-0.16154748
-0.1485292	-0.19327544	-0.15595396	0.16777432	-0.43342727	-0.00042938234	0.03506736	0.13880096	-0.39949	0.05866458	0.12662333	0.18722942	-0.45813966	0.04200765	0.9999997	0.109341696	0.18922561	-0.26142788	-0.068012565	0.17946464	-0.15909968	0.20817342	0.06621209	0.08625233	0.22189045	-0.17910269	-0.2164888	-0.28990486	-0.07451978	0.22111993
-0.1480179	-0.39577082	0.20982924	0.14011727	0.007663065	-0.30427244	-0.39517787	-0.11496045	-0.00840187	-0.33278373	-0.27360678	-0.07915813	-0.2574914	0.27492183	0.109341696	0.99999976	-0.07144449	-0.283994	0.20271286	0.14204116	0.06375817	0.27193725	0.31073856	-0.24720962	0.25590703	0.091556765	-0.12354214	-0.1989904	0.2573026	-0.102942206
-0.027163977	-0.062385667	-0.367584	0.08119478	-0.22474493	0.19060025	0.099628575	0.29082826	-0.28429803	0.10602906	0.23323923	0.2951717	-0.1018542	-0.19556494	0.18922561	-0.07144449	0.9999999	-0.052890643	-0.029461369	-0.013243607	-0.4743452	0.08499888	-0.13464476	0.17036423	0.070926845	-0.39745042	-0.13968489	-0.36919358	-0.14647833	0.2802615
0.179855	0.29419023	-0.11531743	-0.30753043	0.12992266	0.1568772	0.22270775	-0.06493336	0.14174668	0.15466265	0.09045749	-0.045452617	0.2582375	-0.23003861	-0.26142788	-0.283994	-0.052890643	0.9999999	-0.22231671	-0.2537628	0.061670143	-0.44601908	-0.28724685	0.13891566	-0.44220468	0.016168214	0.24866004	0.20711361	-0.22893731	-0.05908329
0.09036406	-0.3162994	0.13698009	0.10272633	0.10951131	-0.12502073	-0.39626867	0.06713398	0.046152856	-0.3352603	-0.26596695	-0.020156678	0.02933328	0.113113455	-0.068012565	0.20271286	-0.029461369	-0.22231671	0.99999994	-0.11336982	-0.023621982	0.17189603	0.19344756	-0.47786212	0.16262068	0.037195027	-0.11664476	-0.07195884	0.27648038	-0.1574151
-0.57514495	-0.09851704	0.078739725	0.20971698	-0.20578572	-0.21172029	-0.09794594	-0.1346809	-0.09338964	0.057673845	0.016757183	-0.03578075	-0.32387245	0.18539795	0.17946464	0.14204116	-0.013243607	-0.2537628	-0.11336982	0.99999994	0.050577693	0.11100106	0.13950217	0.033007987	0.17820632	0.03804327	-0.27317333	-0.11014383	0.0036405753	0.116805226
-0.045369547	0.06541249	0.2548224	-0.06059849	0.18795832	-0.25443685	-0.082314335	-0.5448134	0.23187655	-0.027979923	-0.22058295	-0.31609753	0.087155595	0.16562296	-0.15909968	0.06375817	-0.4743452	0.061670143	-0.023621982	0.050577693	1.0	-0.13721104	0.09869388	-0.124533065	-0.08472446	0.30282083	0.09449436	0.18073122	0.060598202	-0.35042453
-0.09286641	-0.38034913	0.066135	0.1687997	-0.12945206	-0.1265824	-0.2841984	0.07857572	-0.18958989	-0.25133058	-0.11913972	0.05943725	-0.3907762	0.16372858	0.20817342	0.27193725	0.08499888	-0.44601908	0.17189603	0.11100106	-0.13721104	1.0	0.23442574	-0.11262108	0.29296914	-0.0406304	-0.15894505	-0.27336323	0.19309278	0.027959865
-0.18591075	-0.28453007	0.22474448	0.109780766	0.03972195	-0.42418358	-0.3860521	-0.09985006	0.0702915	-0.3359931	-0.3549811	-0.096097074	-0.2217367	0.2809478	0.06621209	0.31073856	-0.13464476	-0.28724685	0.19344756	0.13950217	0.09869388	0.23442574	0.99999994	-0.23949005	0.21547876	0.13322124	-0.09278349	-0.08515988	0.2792798	-0.16776565
-0.04558868	0.17506465	-0.37194502	-0.053599063	-0.18089093	0.21293136	0.2733098	0.096846074	-0.17142561	0.27167186	0.27767992	0.15317284	-0.016913407	-0.31947306	0.08625233	-0.24720962	0.17036423	0.13891566	-0.47786212	0.033007987	-0.124533065	-0.11262108	-0.23949005	1.0000001	-0.19057141	-0.19598898	0.045645554	-0.03576108	-0.37459108	0.22364177
-0.17969847	-0.39040637	0.08350399	0.24817605	-0.17420277	-0.115410216	-0.23398879	0.037356213	-0.21043721	-0.16644575	-0.070213914	0.083902374	-0.32933635	0.19130781	0.22189045	0.25590703	0.070926845	-0.44220468	0.16262068	0.17820632	-0.08472446	0.29296914	0.21547876	-0.19057141	0.99999994	-0.053054575	-0.3780907	-0.28845552	0.18356869	0.081474476
-0.06141358	0.072837934	0.27752307	-0.10895916	0.23529822	-0.27936417	-0.14553562	-0.42779168	0.2471233	-0.10799277	-0.27420694	-0.48454165	0.07991158	0.17941397	-0.17910269	0.091556765	-0.39745042	0.016168214	0.037195027	0.03804327	0.30282083	-0.0406304	0.13322124	-0.19598898	-0.053054575	0.9999999	0.11422166	0.19397025	0.123297796	-0.38652
0.20727006	0.19122538	-0.009226147	-0.6314881	0.19194327	0.07551863	0.10863551	-0.06784074	0.20075539	0.046309017	-0.05191986	-0.15777537	0.17772381	-0.07964815	-0.2164888	-0.12354214	-0.13968489	0.24866004	-0.11664476	-0.27317333	0.09449436	-0.15894505	-0.09278349	0.045645554	-0.3780907	0.11422166	0.99999976	0.16682649	-0.16362515	-0.20831396
0.111433856	0.24017763	0.06099544	-0.10790226	0.22788464	-0.00035849668	0.047605183	-0.19135562	0.21288225	-0.027305149	-0.16313864	-0.3543331	0.23138434	-0.13717265	-0.28990486	-0.1989904	-0.36919358	0.20711361	-0.07195884	-0.11014383	0.18073122	-0.27336323	-0.08515988	-0.03576108	-0.28845552	0.19397025	0.16682649	0.9999997	0.004111974	-0.18057647
0.002034729	-0.22469826	0.21622165	0.118481584	0.1308088	-0.3315028	-0.392722	-0.05562126	0.10586804	-0.4379065	-0.38392615	-0.08321687	-0.07261563	0.2080011	-0.07451978	0.2573026	-0.14647833	-0.22893731	0.27648038	0.0036405753	0.060598202	0.19309278	0.2792798	-0.37459108	0.18356869	0.123297796	-0.16362515	0.004111974	0.9999997	-0.19237658
-0.14996487	-0.0442983	-0.34578684	0.14144358	-0.35770655	0.17139232	0.15432972	0.22702636	-0.35772562	0.18418366	0.26833475	0.26709566	-0.14258301	-0.16154748	0.22111993	-0.102942206	0.2802615	-0.05908329	-0.1574151	0.116805226	-0.35042453	0.027959865	-0.16776565	0.22364177	0.081474476	-0.38652	-0.20831396	-0.18057647	-0.19237658	0.9999997
