1.0000001	0.22869422	0.011446524	0.18071082	-0.3719707	0.061447218	0.030131992	-0.0412648	0.01315466	-0.48977572	0.15297826	-0.19303168	-0.28687274	0.23920107	-0.14684385	0.0573987	-0.04339794	0.22858125	0.111998715	0.17540263	-0.07897785	0.06400706	0.08948753	-0.2561452	-0.19295914	-0.14424162	-0.06223948	0.049191866	-0.22610189	-0.1599545
0.22869422	1.0000001	0.102171905	0.16088836	-0.3584557	0.038688324	-0.14534408	-0.03275377	-0.18746974	-0.32947966	0.25807324	-0.011023469	-0.41556528	0.1498387	-0.10935607	0.19173169	-0.20068194	0.22212829	0.20965491	0.04271344	-0.074525155	-0.010099171	0.11724619	-0.45395702	-0.31695423	-0.08407908	-0.033426404	0.21965152	-0.13795307	-0.040301263
0.011446524	0.102171905	1.0000002	-0.16007161	0.018504608	0.27076754	-0.3308508	0.23454532	-0.4083381	-0.14266887	0.12203889	-0.18655328	-0.17838845	-0.20303053	-0.34144542	0.19563343	-0.20330332	0.18315932	0.2597912	0.15263171	0.14262402	-0.40410385	0.25739276	-0.0707615	0.03514211	0.26018524	-0.19670253	0.17381261	-0.22597076	-0.36759964
0.18071082	0.16088836	-0.16007161	1.0000002	-0.5135479	-0.14117685	0.1619983	-0.14789109	0.09947217	-0.09266807	0.15510961	-0.042575333	-0.19275247	0.27670884	-0.05143731	-0.090195306	-0.0024575954	0.092525095	0.0068062777	0.05203345	-0.4038659	0.15657146	-0.06686206	-0.11174804	-0.33065102	-0.2752894	0.15861946	0.030231437	0.008759803	0.08281256
-0.3719707	-0.3584557	0.018504608	-0.5135479	1.0000002	0.0050399657	-0.10740174	0.080239825	-0.024600942	0.20250008	-0.18027322	0.06551267	0.19330603	-0.3916775	0.08402271	-0.0481766	0.06516718	-0.15916553	-0.10354136	-0.0757094	0.1774773	-0.12071936	-0.0038394302	0.1972318	0.23521502	0.17027949	-0.037638526	-0.09024498	0.07017327	0.022316294
0.061447218	0.038688324	0.27076754	-0.14117685	0.0050399657	1.0000002	-0.1636347	0.28857857	-0.32668212	-0.08688562	-0.0057545356	-0.2805254	-0.1525033	-0.11625943	-0.3451532	0.11786405	-0.22691195	0.21723019	0.23687384	0.167748	0.21195403	-0.34652463	0.27853626	-0.019030057	0.08648168	0.25091422	-0.42205358	0.13991979	-0.38565308	-0.35322568
0.030131992	-0.14534408	-0.3308508	0.1619983	-0.10740174	-0.1636347	1.0000002	-0.08956395	0.25531808	0.05835485	-0.13778406	0.01276946	0.058514748	0.11361617	0.111327745	-0.60583955	0.21164408	-0.0839918	-0.25445044	0.008518564	-0.10988568	0.18112096	-0.13855584	0.14463158	-0.005478652	-0.26303875	0.12501761	-0.28877774	0.11674495	0.13495572
-0.0412648	-0.03275377	0.23454532	-0.14789109	0.080239825	0.28857857	-0.08956395	1.0000002	-0.29605922	-0.032888103	-0.13314916	-0.35639024	-0.03865453	-0.16216287	-0.2550475	0.04542177	-0.18725465	0.13123132	0.14326747	0.19242269	0.21366987	-0.43028307	0.20497876	0.09809074	0.14819631	0.2692655	-0.3752741	0.05743396	-0.16265872	-0.36598122
0.01315466	-0.18746974	-0.4083381	0.09947217	-0.024600942	-0.32668212	0.25531808	-0.29605922	1.0000004	0.074065305	-0.16627802	0.09842308	0.18171458	0.13922414	0.23470902	-0.2898142	0.25678635	-0.19755952	-0.3861879	-0.11348925	-0.16686745	0.2815091	-0.25193483	0.10964971	-0.035870805	-0.28164476	0.21422115	-0.29096746	0.22232139	0.24325064
-0.48977572	-0.32947966	-0.14266887	-0.09266807	0.20250008	-0.08688562	0.05835485	-0.032888103	0.074065305	1.0000004	-0.23365693	0.1498016	0.2489317	-0.21073097	0.18614031	-0.114719115	0.09623334	-0.35264966	-0.14120513	-0.32674772	0.048957497	0.017898757	-0.16899692	0.2067405	0.14166288	0.03620204	0.103274964	-0.1758347	0.17517652	0.15302218
0.15297826	0.25807324	0.12203889	0.15510961	-0.18027322	-0.0057545356	-0.13778406	-0.13314916	-0.16627802	-0.23365693	1.0000005	0.0115800565	-0.37229759	0.11069766	-0.17926027	0.17172964	-0.060577	0.18763381	0.19238797	0.040492035	-0.27971387	-0.028645854	0.12660629	-0.35728797	-0.4339744	-0.056357287	0.10014382	0.14195368	-0.1325694	-0.013786748
-0.19303168	-0.011023469	-0.18655328	-0.042575333	0.06551267	-0.2805254	0.01276946	-0.35639024	0.09842308	0.1498016	0.0115800565	1.0000005	0.07797859	-0.091336615	0.24096757	-0.013159995	-0.039628852	-0.20557165	-0.07964859	-0.5459182	-0.016224293	0.19211316	-0.25225422	-0.06524798	-0.001340878	-0.1266447	0.17574164	0.07960632	0.17654948	0.2260819
-0.28687274	-0.41556528	-0.17838845	-0.19275247	0.19330603	-0.1525033	0.058514748	-0.03865453	0.18171458	0.2489317	-0.37229759	0.07797859	1.0000006	-0.08339701	0.22029376	-0.071845196	0.17488427	-0.33579102	-0.3495336	-0.110533334	0.04059366	0.09410291	-0.27098042	0.24030337	0.20317115	-0.006387437	0.06255159	-0.26414946	0.23089544	0.10245849
0.23920107	0.1498387	-0.20303053	0.27670884	-0.3916775	-0.11625943	0.11361617	-0.16216287	0.13922414	-0.21073097	0.11069766	-0.091336615	-0.08339701	1.0000006	0.039691716	-0.0036368242	0.062598035	0.06432764	-0.0152749615	0.073070355	-0.36098614	0.17528398	-0.14124992	-0.20407523	-0.2973137	-0.37955892	0.13379161	-0.0034394409	0.028371947	0.057781912
-0.14684385	-0.10935607	-0.34144542	-0.05143731	0.08402271	-0.3451532	0.111327745	-0.2550475	0.23470902	0.18614031	-0.17926027	0.24096757	0.22029376	0.039691716	1.0000006	-0.13678236	0.15895046	-0.41276023	-0.2654296	-0.3304828	-0.034966476	0.23661332	-0.44762573	0.08846677	0.046595484	-0.17054492	0.18783976	-0.13045691	0.28521952	0.23683481
0.0573987	0.19173169	0.19563343	-0.090195306	-0.0481766	0.11786405	-0.60583955	0.04542177	-0.2898142	-0.114719115	0.17172964	-0.013159995	-0.071845196	-0.0036368242	-0.13678236	1.0000007	-0.23233987	0.13540035	0.21563007	-0.012917659	0.003750644	-0.1269565	0.13446796	-0.37626448	-0.15669942	0.09010655	-0.069212794	0.22297251	-0.14214525	-0.0913341
-0.04339794	-0.20068194	-0.20330332	-0.0024575954	0.06516718	-0.22691195	0.21164408	-0.18725465	0.25678635	0.09623334	-0.060577	-0.039628852	0.17488427	0.062598035	0.15895046	-0.23233987	1.0000008	-0.27980322	-0.34950322	0.03712793	-0.10765929	0.16916247	-0.13314995	0.13223124	0.035543915	-0.2575029	0.17595753	-0.5877534	0.16890372	0.16678883
0.22858125	0.22212829	0.18315932	0.092525095	-0.15916553	0.21723019	-0.0839918	0.13123132	-0.19755952	-0.35264966	0.18763381	-0.20557165	-0.33579102	0.06432764	-0.41276023	0.13540035	-0.27980322	1.0000007	0.2541718	0.16730063	0.0072393534	-0.13885555	0.26442054	-0.21863663	-0.20148402	0.06090808	-0.21009527	0.18954177	-0.42993596	-0.17943935
0.111998715	0.20965491	0.2597912	0.0068062777	-0.10354136	0.23687384	-0.25445044	0.14326747	-0.3861879	-0.14120513	0.19238797	-0.07964859	-0.3495336	-0.0152749615	-0.2654296	0.21563007	-0.34950322	0.2541718	1.0000006	0.07238354	0.05303988	-0.30072778	0.25100574	-0.25066808	-0.089004084	0.15624562	-0.16051105	0.2582669	-0.40034094	-0.27544817
0.17540263	0.04271344	0.15263171	0.05203345	-0.0757094	0.167748	0.008518564	0.19242269	-0.11348925	-0.32674772	0.040492035	-0.5459182	-0.110533334	0.073070355	-0.3304828	-0.012917659	0.03712793	0.16730063	0.07238354	1.0000006	-0.035455503	-0.23102637	0.19137831	0.024390124	0.008537406	0.08821708	-0.15317738	-0.102578774	-0.15801156	-0.29825774
-0.07897785	-0.074525155	0.14262402	-0.4038659	0.1774773	0.21195403	-0.10988568	0.21366987	-0.16686745	0.048957497	-0.27971387	-0.016224293	0.04059366	-0.36098614	-0.034966476	0.003750644	-0.10765929	0.0072393534	0.05303988	-0.035455503	1.0000006	-0.20575796	0.11240111	0.107588865	0.25961256	0.25315982	-0.4218461	0.036593158	-0.15120833	-0.22066963
0.06400706	-0.010099171	-0.40410385	0.15657146	-0.12071936	-0.34652463	0.18112096	-0.43028307	0.2815091	0.017898757	-0.028645854	0.19211316	0.09410291	0.17528398	0.23661332	-0.1269565	0.16916247	-0.13885555	-0.30072778	-0.23102637	-0.20575796	1.0000007	-0.3334292	0.004357732	-0.08115289	-0.36989406	0.23951931	-0.14834325	0.20972177	0.2545911
0.08948753	0.11724619	0.25739276	-0.06686206	-0.0038394302	0.27853626	-0.13855584	0.20497876	-0.25193483	-0.16899692	0.12660629	-0.25225422	-0.27098042	-0.14124992	-0.44762573	0.13446796	-0.13314995	0.26442054	0.25100574	0.19137831	0.11240111	-0.3334292	1.0000005	-0.14370754	-0.025878398	0.1826282	-0.2803765	0.114122495	-0.48780236	-0.17796597
-0.2561452	-0.45395702	-0.0707615	-0.11174804	0.1972318	-0.019030057	0.14463158	0.09809074	0.10964971	0.2067405	-0.35728797	-0.06524798	0.24030337	-0.20407523	0.08846677	-0.37626448	0.13223124	-0.21863663	-0.25066808	0.024390124	0.107588865	0.004357732	-0.14370754	1.0000005	0.254996	0.08859734	-0.05448732	-0.2575778	0.1434681	-0.0010820152
-0.19295914	-0.31695423	0.03514211	-0.33065102	0.23521502	0.08648168	-0.005478652	0.14819631	-0.035870805	0.14166288	-0.4339744	-0.001340878	0.20317115	-0.2973137	0.046595484	-0.15669942	0.035543915	-0.20148402	-0.089004084	0.008537406	0.25961256	-0.08115289	-0.025878398	0.254996	1.0000002	0.1891461	-0.23163368	-0.10845051	0.037612423	-0.1729999
-0.14424162	-0.08407908	0.26018524	-0.2752894	0.17027949	0.25091422	-0.26303875	0.2692655	-0.28164476	0.03620204	-0.056357287	-0.1266447	-0.006387437	-0.37955892	-0.17054492	0.09010655	-0.2575029	0.06090808	0.15624562	0.08821708	0.25315982	-0.36989406	0.1826282	0.08859734	0.1891461	1.0000002	-0.32273632	0.11815322	-0.13710795	-0.3389151
-0.06223948	-0.033426404	-0.19670253	0.15861946	-0.037638526	-0.42205358	0.12501761	-0.3752741	0.21422115	0.103274964	0.10014382	0.17574164	0.06255159	0.13379161	0.18783976	-0.069212794	0.17595753	-0.21009527	-0.16051105	-0.15317738	-0.4218461	0.23951931	-0.2803765	-0.05448732	-0.23163368	-0.32273632	1.0000002	-0.13996461	0.2222136	0.27252564
0.049191866	0.21965152	0.17381261	0.030231437	-0.09024498	0.13991979	-0.28877774	0.05743396	-0.29096746	-0.1758347	0.14195368	0.07960632	-0.26414946	-0.0034394409	-0.13045691	0.22297251	-0.5877534	0.18954177	0.2582669	-0.102578774	0.036593158	-0.14834325	0.114122495	-0.2575778	-0.10845051	0.11815322	-0.13996461	1.0000002	-0.13254139	-0.11031939
-0.22610189	-0.13795307	-0.22597076	0.008759803	0.07017327	-0.38565308	0.11674495	-0.16265872	0.22232139	0.17517652	-0.1325694	0.17654948	0.23089544	0.028371947	0.28521952	-0.14214525	0.16890372	-0.42993596	-0.40034094	-0.15801156	-0.15120833	0.20972177	-0.48780236	0.1434681	0.037612423	-0.13710795	0.2222136	-0.13254139	1.0000001	0.21392034
-0.1599545	-0.040301263	-0.36759964	0.08281256	0.022316294	-0.35322568	0.13495572	-0.36598122	0.24325064	0.15302218	-0.013786748	0.2260819	0.10245849	0.057781912	0.23683481	-0.0913341	0.16678883	-0.17943935	-0.27544817	-0.29825774	-0.22066963	0.2545911	-0.17796597	-0.0010820152	-0.1729999	-0.3389151	0.27252564	-0.11031939	0.21392034	1.0000001
