0.9911416622442777
1.5550076592656208
1.19726119054259
1.5807879867875203
1.135157389041064
1.7749972792500641
0.7209070108735238
0.7976193222240417
1.9593527202666037
1.8209931428971622
1.5715259574528537
0.440892517020558
0.3895631616536708
0.11492387978923047
1.0063982826198632
0.34745039578861925
0.40874121901695903
0.40429752482323034
1.637840140476855
1.4173729942397537
1.5824985563037002
1.6690474806064022
0.5625794196417664
1.321373098494989
0.02047800566598479
1.8526738914598522
0.7750128820449167
1.6608311518252434
1.0637906104459067
0.10727192729907564
1.6797891527096753
0.402444943493514
0.3889305704466226
1.1403933242988293
0.3630505810867606
0.6349261192989633
1.4131364876115675
1.0344608548752874
0.24168875266873502
0.8314825265065247
0.06716360482569406
1.7059209932485604
0.03806252975223723
1.4253225320672807
1.9020413964097553
0.1636092854128377
1.6977736617585093
0.44055830288665954
0.34474805438544487
0.04372289274902852
0.4079520657597404
0.8586273955386148
1.4793303080764975
0.45359588562891817
0.1590711467508208
1.1984801495753954
1.1989120743995982
0.5174835319145568
0.7416331662565241
0.9122585729643404
0.06353446105583305
0.9433429123896908
1.8937991954859763
0.5068009278551198
0.7841788767946036
0.9995483015306434
1.1896560764844575
1.7275862568899822
0.7019861464751629
0.5454682962982174
0.7010224265907672
1.3870109571219817
0.306916620802248
0.4029107481869625
1.269335358706
1.4450220625138972
1.8589107977354908
1.1046004249991008
1.875854324788699
0.7939347404788977
1.603468894302545
1.0933974354313147
1.96581252669151
0.9678379976990359
1.161978677366335
1.4860901925547483
1.9519513536748407
1.6611096734295547
0.4140989190769544
1.8451908461662812
1.0554951609431757
1.2063149975243008
0.649084074747756
0.6493124286225991
1.2809875568288778
0.758752979720291
1.1723505022113587
0.32775919647460316
0.9528980554088378
0.22322084286760369
1.9798622627279971
0.8833544911408002
1.618130548568782
0.5391412303799847
1.0790380664035755
0.09937312498581696
1.215306706951474
0.016992249874143273
1.5866149881403302
0.28335691895585313
1.0570759201296116
0.5551026830778241
0.9424894840691274
0.7343233830303719
0.759844233988777
0.023025895603114854
0.9374220101260702
0.4173525848533186
0.7365422332317433
1.1490846058618724
1.6099633594845149
1.9760852352093132
1.780341725663026
0.4411659566170951
1.587313163679439
1.9803481251968187
1.9042099613315129
1.9962007366579797
0.7509919507227281
1.6529253630515024
0.9654672385963929
0.300949861021206
1.3925857067982448
0.6506915595361233
1.3772580174263582
0.26264690765879384
0.9463251697636639
0.6058203510776778
1.1171436645274837
1.2432986525429952
1.522966427384149
0.958270758411256
0.3982863809564936
1.0740060014039363
1.91816684372532
0.35945078457316915
1.3451454554845592
1.4915581234430517
0.21717208127714027
0.21315045590243686
0.6512891653938011
0.06621775521284334
0.6398591015402502
0.9005747796021799
0.5956927231651876
1.3099431914840356
0.531711677689054
0.5138579008652056
0.6311237663427376
1.552194121108823
0.1984878774148937
0.4470091308040165
0.14459990389007316
0.22163674096649344
0.5107325025541305
1.0458235282190647
1.5983389169150157
1.3213714308439979
1.4939268454461327
0.24769514771864776
0.9286481518974719
0.29911446246500173
0.9440661136575474
1.5441120132606667
1.8091871241345276
1.4939314353009587
0.6456116379358514
1.6767986428485953
0.9622612738759821
1.4738490000409887
1.855412763858203
1.6480820001108216
0.9610213150792164
1.761073363953459
1.7004289582055623
1.7762883905667504
0.795974509860216
1.7250635989567074
1.267441059755809
1.584263438912079
0.24185911148538586
0.4222641885222458
1.6357654160165758
1.5077901685745678
0.6860977626733971
0.09057696630816658
1.4594036673629958
0.1355457549051926
0.7187797994865963
0.02119820286816232
0.3411484787714405
1.9757070870877749
0.008276165645789257
1.0871667489523176
0.7467423628341063
1.4074424736955935
1.4746010920092114
0.4419503824223816
1.8729811581199234
1.469342604887263
0.3360336089204137
1.7453043027213635
0.7894706058521386
0.36374161508215175
1.8916850125727807
1.7639999891708704
0.510855925803769
0.6880893375198025
0.9572121575484995
0.22849673701442064
1.177027955594482
0.8450513092896912
1.59627664498527
0.17975911594393068
1.1574258923727316
1.768935237668217
1.49480725641766
1.6585626527389143
1.4853296017383415
1.4550377788495104
0.1866723911328252
0.2976410637585405
1.018868428235694
1.3878944531194808
1.7610542587228664
0.4578658675089895
0.4809460335933746
1.6180840668387524
0.9974494823275009
1.7110847076762077
0.6845666010477829
1.3068738363890717
1.6261298653576732
1.6309398549511085
1.6179905568106248
0.6845268863369496
0.3624627966927574
1.9240266328901678
1.5377104807138866
1.611752614149625
1.1155556725718307
1.8169228736447642
1.5482241314924017
1.4604446114162994
0.4142601087864728
1.9151606769740481
0.023935645967627428
1.616734391685822
0.5944564589883323
0.4313689581522857
1.4766039052593651
0.8059572082525157
1.0782643423243994
1.3623859092831383
1.6621755396085303
1.5717071570126573
0.168271640466791
1.4664924044928576
1.8624410705386913
1.8805672993509135
1.9360893788523912
0.9329737037700041
1.8959689444320902
1.5329215291068372
0.692388455568693
0.8236910808308864
0.32969367699415897
0.15554581454488758
1.3528346927181647
0.1635825428562936
0.8719653977947108
1.005796507575598
0.7719547206668997
1.2016801825720713
0.2593489291655715
1.7535901646709222
0.03235072155569663
1.3467429439200085
1.711781104717339
0.9610892055823248
1.272292290370381
0.14118199591782665
1.0773617952470482
0.9303062554888122
1.9470120130231348
1.6532885135160325
0.07029898993041095
1.4343067056182293
0.4986576288147655
1.046216851912645
1.6639015003976556
1.6960443681570665
0.9636183115621313
1.586726751742265
0.9340216468256592
0.30177071220684026
1.2863015745338846
0.5154383585209996
0.2637822298926473
1.236358826807383
1.5543860392428654
0.9115982683861517
0.8127696815728063
0.22499520087501934
0.334994963806424
1.8314259396791648
1.0183362070641122
1.12428087384452
0.007830005991841471
0.36998070672208816
0.6221777285556109
0.4936587175257785
0.16950943497393678
1.684176604032018
0.8951306613762751
0.23538964886571545
1.1503599241640754
0.34921653458616486
0.6650859967435487
0.4640477158933436
0.8347604847253887
1.183097585660098
0.2802087287604309
0.6254968796995799
0.9517132856160564
1.5309735919422325
0.464999707078414
1.5725147015819632
0.24820206784357368
1.772241446247752
0.9587536191004586
0.7395322415691405
0.6599443887847303
0.03288534289935008
0.7744420265780629
1.7067575556857844
0.6959513963426807
1.121868248051794
0.08558784559048016
0.6578032615059874
1.0121377160711693
1.5779558097489712
0.4020464559053645
0.7753071466319827
1.7702981431398874
1.6385408666240313
1.8213999460210109
1.212939883941396
1.188432411633456
0.022504988669810988
0.5956541748465636
1.8983333550186223
0.5034602223412978
0.7190212949606398
0.7656022890371925
1.2895558571658874
1.377535254254178
0.7354497535163531
1.242221492622221
0.7337349765685863
1.7156690342462808
1.5267083997971616
1.392528939884087
0.9394072575793846
1.4543809882292846
0.5594512001754008
0.06976549760305328
1.280303234825368
1.1901535168071888
0.8869208421424393
1.2700651124105982
0.6083538072922778
0.5964660261968111
0.19895257543050882
0.7848980538281665
1.8623907750458883
1.2560188184165844
0.5687683875861151
0.920090717039036
1.926509575027607
0.1353196996041266
1.5142751137072235
1.0286558620415411
1.7298973143684286
1.0167485265303189
0.3681847353853711
0.688998509838513
0.4529380506932743
0.4813260939147366
1.2874349067462496
0.8353326066399562
1.1721500720273073
0.4532676543813279
1.0052926794128136
1.6545338447930609
0.004794204685399706
0.6279565716625359
1.198923213351465
1.1103390354543448
1.3297925555812293
1.4419457951468062
0.3222070729841511
0.9731195007063909
1.211289926775421
0.6597835577342261
1.0594737772732012
1.8428446474239242
0.7129513633802422
1.7905395439531382
1.8230598138592977
1.8615857163929548
1.506663359012543
0.11991622154974912
0.6003048928969685
1.7582562906846808
1.9410540946067236
1.647783093911479
0.7594931080285467
0.6203443128840225
1.7469138145479342
0.02533818766546636
0.17429324247794087
0.521974954844808
0.9708453851667391
0.7293206948939239
