1.0000001	-0.095103055	-0.01842485	0.026052449	-0.46481425	-0.19344756	0.0890987	0.025921112	-0.039452344	-0.40286928	0.068906724	-0.14093243	0.022623412	0.036729388	0.058575064	0.15109698	0.14371742	-0.21644348	0.1807692	-0.010030227	0.20941249	0.25619024	-0.3570972	-0.26696935	0.11972401	-0.15884104	-0.04245914	-0.25392097	0.1096915	0.16231881
-0.095103055	0.99999994	-0.15810475	-0.66727036	-0.018217426	-0.15388952	0.091682844	0.1799385	-0.15405305	-0.040111843	0.09597623	0.16566461	-0.13754913	0.16239975	-0.27047154	0.15672328	0.16613731	-0.11405038	-0.21708202	-0.3850649	0.12708077	-0.13015796	0.04783858	-0.075031385	0.1473014	0.19984996	-0.13729595	0.013708563	0.14561969	0.053556073
-0.01842485	-0.15810475	0.99999976	0.18318552	-0.019951459	0.2661529	-0.3760011	-0.37235814	0.29449007	0.17441425	-0.27746955	-0.35744208	0.30265418	-0.3517479	0.24060483	-0.32292137	-0.37727952	0.1544078	0.2020041	0.26296487	-0.2874686	0.04540376	0.15366621	0.23543599	-0.29906872	-0.13357835	0.25868994	0.24553238	-0.30595574	-0.36180058
0.026052449	-0.66727036	0.18318552	0.9999998	0.008683963	0.16498111	-0.11119627	-0.21025346	0.20026584	0.06813841	-0.20088693	-0.21996896	0.17685711	-0.19995518	0.23201299	-0.18704058	-0.21203342	0.087127164	0.20892088	0.26822373	-0.2147044	0.10399746	0.007954911	0.121397026	-0.27036446	-0.30033833	0.14153	0.051305663	-0.17806265	-0.07852888
-0.46481425	-0.018217426	-0.019951459	0.008683963	0.9999999	0.038678244	-0.080317035	-0.029401168	-0.018534524	0.2240964	-0.034187	0.15191543	-0.018157339	0.019671937	-0.14625084	-0.13806516	-0.12836714	0.23117784	-0.2076577	-0.024444183	-0.21926458	-0.55895686	0.19578455	0.1567481	-0.04292099	0.18594077	-0.05289795	0.1035797	-0.018463628	-0.095379606
-0.19344756	-0.15388952	0.2661529	0.16498111	0.038678244	0.9999999	-0.26563987	-0.31003302	0.25283638	0.21187286	-0.09013749	-0.24446836	0.26974353	-0.47824427	0.2318687	-0.2686368	-0.29300407	0.14525601	0.1308203	0.23529166	-0.29329047	0.019706061	0.1335245	0.1757375	-0.29683927	-0.14772956	0.27895245	0.21040986	-0.49793807	-0.23249638
0.0890987	0.091682844	-0.3760011	-0.11119627	-0.080317035	-0.26563987	0.99999976	0.28598228	-0.37279412	-0.1835205	0.16124675	0.2233265	-0.43552133	0.25937706	-0.23926592	0.26977187	0.25642857	-0.12099983	-0.11840607	-0.29308105	0.24420726	-0.013152073	-0.21800877	-0.2613496	0.2737642	0.13115267	-0.4710253	-0.24767034	0.2815004	0.24044019
0.025921112	0.1799385	-0.37235814	-0.21025346	-0.029401168	-0.31003302	0.28598228	0.99999976	-0.4222466	-0.15567887	0.23013395	0.27014622	-0.3908826	0.23661849	-0.267733	0.2670467	0.27551234	-0.15514715	-0.3087643	-0.3753204	0.254088	-0.0430899	-0.14443243	-0.35071653	0.26916716	0.19388108	-0.2544152	-0.23371439	0.2841342	0.25164998
-0.039452344	-0.15405305	0.29449007	0.20026584	-0.018534524	0.25283638	-0.37279412	-0.4222466	0.9999997	0.1600072	-0.33237642	-0.38238633	0.2929363	-0.21385631	0.24544087	-0.29285166	-0.2707641	0.13044707	0.22469328	0.26927742	-0.30369696	0.07296819	0.13806231	0.23537807	-0.30654648	-0.2858612	0.23396006	0.22461255	-0.37190405	-0.20801918
-0.40286928	-0.040111843	0.17441425	0.06813841	0.2240964	0.21187286	-0.1835205	-0.15567887	0.1600072	0.9999998	-0.19129123	-0.022778282	0.11757482	-0.101218365	0.018918289	-0.39769012	-0.30643722	0.2896589	-0.10106866	0.095119365	-0.38536063	-0.23202415	0.28913194	0.26173854	-0.3469071	0.08938802	0.13187583	0.278377	-0.28399307	-0.2593217
0.068906724	0.09597623	-0.27746955	-0.20088693	-0.034187	-0.09013749	0.16124675	0.23013395	-0.33237642	-0.19129123	0.99999976	0.12557483	-0.12597577	0.043877635	-0.04033654	0.20857441	0.22544904	-0.2749674	-0.23341598	-0.112040386	0.24169032	0.0016081692	-0.32955968	-0.45510837	0.2383532	0.06442635	-0.07327742	-0.37432998	0.17460117	0.2649752
-0.14093243	0.16566461	-0.35744208	-0.21996896	0.15191543	-0.24446836	0.2233265	0.27014622	-0.38238633	-0.022778282	0.12557483	0.9999998	-0.42173687	0.24307995	-0.3812372	0.1672781	0.17034349	0.010022973	-0.3658658	-0.31678516	0.13622802	-0.22300786	0.04141152	-0.093988486	0.19203928	0.27395326	-0.2110388	-0.15044852	0.22890657	0.13221954
0.022623412	-0.13754913	0.30265418	0.17685711	-0.018157339	0.26974353	-0.43552133	-0.3908826	0.2929363	0.11757482	-0.12597577	-0.42173687	1.0	-0.38694024	0.27130824	-0.28754017	-0.28091738	0.091897115	0.21050438	0.27602056	-0.20559172	0.077905715	0.07128095	0.16034429	-0.3064455	-0.24512261	0.27987227	0.17379437	-0.32539558	-0.22750348
0.036729388	0.16239975	-0.3517479	-0.19995518	0.019671937	-0.47824427	0.25937706	0.23661849	-0.21385631	-0.101218365	0.043877635	0.24307995	-0.38694024	1.0000002	-0.2979486	0.20973007	0.19543841	-0.038623653	-0.2087691	-0.24799053	0.16013531	-0.12206495	-0.015016984	-0.070409134	0.22702545	0.16587533	-0.50359803	-0.14042348	0.28231534	0.13456117
0.058575064	-0.27047154	0.24060483	0.23201299	-0.14625084	0.2318687	-0.23926592	-0.267733	0.24544087	0.018918289	-0.04033654	-0.3812372	0.27130824	-0.2979486	1.0000002	-0.21804844	-0.280262	-0.024405682	0.254943	0.30153635	-0.21897593	0.1911237	-0.042684786	0.08975108	-0.16285348	-0.3991113	0.2144213	0.07996011	-0.27819365	-0.16264579
0.15109698	0.15672328	-0.32292137	-0.18704058	-0.13806516	-0.2686368	0.26977187	0.2670467	-0.29285166	-0.39769012	0.20857441	0.1672781	-0.28754017	0.20973007	-0.21804844	1.0000002	0.31445897	-0.3500719	-0.09453544	-0.2932809	0.30343166	0.06547134	-0.2180725	-0.32150084	0.30292603	0.024223832	-0.2868102	-0.3255556	0.2780712	0.2838594
0.14371742	0.16613731	-0.37727952	-0.21203342	-0.12836714	-0.29300407	0.25642857	0.27551234	-0.2707641	-0.30643722	0.22544904	0.17034349	-0.28091738	0.19543841	-0.280262	0.31445897	1.0000004	-0.3548356	-0.10070733	-0.32832435	0.30997768	0.06667704	-0.304565	-0.33364752	0.28511238	0.06568831	-0.18202838	-0.28965852	0.2680692	0.29986542
-0.21644348	-0.11405038	0.1544078	0.087127164	0.23117784	0.14525601	-0.12099983	-0.15514715	0.13044707	0.2896589	-0.2749674	0.010022973	0.091897115	-0.038623653	-0.024405682	-0.3500719	-0.3548356	1.0000004	-0.10920135	0.0715288	-0.32856828	-0.32826138	0.27842212	0.2584761	-0.24431428	0.13150229	0.050086956	0.25470078	-0.18141057	-0.34338441
0.1807692	-0.21708202	0.2020041	0.20892088	-0.2076577	0.1308203	-0.11840607	-0.3087643	0.22469328	-0.10106866	-0.23341598	-0.3658658	0.21050438	-0.2087691	0.254943	-0.09453544	-0.10070733	-0.10920135	1.0000004	0.23362115	-0.07101782	0.24485746	-0.11165127	0.075204246	-0.15698485	-0.36859646	0.13782533	0.008981963	-0.22708519	-0.11230513
-0.010030227	-0.3850649	0.26296487	0.26822373	-0.024444183	0.23529166	-0.29308105	-0.3753204	0.26927742	0.095119365	-0.112040386	-0.31678516	0.27602056	-0.24799053	0.30153635	-0.2932809	-0.32832435	0.0715288	0.23362115	1.0000002	-0.20406277	0.11199816	0.04885683	0.16923936	-0.22768064	-0.38658747	0.20940809	0.1302758	-0.2408484	-0.23778686
0.20941249	0.12708077	-0.2874686	-0.2147044	-0.21926458	-0.29329047	0.24420726	0.254088	-0.30369696	-0.38536063	0.24169032	0.13622802	-0.20559172	0.16013531	-0.21897593	0.30343166	0.30997768	-0.32856828	-0.07101782	-0.20406277	1.0000005	0.09225642	-0.34480706	-0.3667393	0.2896091	0.060334828	-0.17979795	-0.3616821	0.26351574	0.29310083
0.25619024	-0.13015796	0.04540376	0.10399746	-0.55895686	0.019706061	-0.013152073	-0.0430899	0.07296819	-0.23202415	0.0016081692	-0.22300786	0.077905715	-0.12206495	0.1911237	0.06547134	0.06667704	-0.32826138	0.24485746	0.11199816	0.09225642	1.0000004	-0.21650235	-0.12301983	-0.028197154	-0.35438335	0.112837926	-0.10737618	-0.046834268	0.064058475
-0.3570972	0.04783858	0.15366621	0.007954911	0.19578455	0.1335245	-0.21800877	-0.14443243	0.13806231	0.28913194	-0.32955968	0.04141152	0.07128095	-0.015016984	-0.042684786	-0.2180725	-0.304565	0.27842212	-0.11165127	0.04885683	-0.34480706	-0.21650235	1.0000004	0.28564194	-0.2821384	0.098156765	0.079827696	0.29323	-0.18859603	-0.3896297
-0.26696935	-0.075031385	0.23543599	0.121397026	0.1567481	0.1757375	-0.2613496	-0.35071653	0.23537807	0.26173854	-0.45510837	-0.093988486	0.16034429	-0.070409134	0.08975108	-0.32150084	-0.33364752	0.2584761	0.075204246	0.16923936	-0.3667393	-0.12301983	0.28564194	1.0000004	-0.27306908	-0.039060224	0.11072556	0.2966346	-0.20344758	-0.39835718
0.11972401	0.1473014	-0.29906872	-0.27036446	-0.04292099	-0.29683927	0.2737642	0.26916716	-0.30654648	-0.3469071	0.2383532	0.19203928	-0.3064455	0.22702545	-0.16285348	0.30292603	0.28511238	-0.24431428	-0.15698485	-0.22768064	0.2896091	-0.028197154	-0.2821384	-0.27306908	1.0000002	0.07290991	-0.36384758	-0.37670356	0.29469696	0.27228475
-0.15884104	0.19984996	-0.13357835	-0.30033833	0.18594077	-0.14772956	0.13115267	0.19388108	-0.2858612	0.08938802	0.06442635	0.27395326	-0.24512261	0.16587533	-0.3991113	0.024223832	0.06568831	0.13150229	-0.36859646	-0.38658747	0.060334828	-0.35438335	0.098156765	-0.039060224	0.07290991	1.0	-0.10605504	0.009566847	0.13115036	0.027296882
-0.04245914	-0.13729595	0.25868994	0.14153	-0.05289795	0.27895245	-0.4710253	-0.2544152	0.23396006	0.13187583	-0.07327742	-0.2110388	0.27987227	-0.50359803	0.2144213	-0.2868102	-0.18202838	0.050086956	0.13782533	0.20940809	-0.17979795	0.112837926	0.079827696	0.11072556	-0.36384758	-0.10605504	0.9999999	0.17314461	-0.39514014	-0.15343744
-0.25392097	0.013708563	0.24553238	0.051305663	0.1035797	0.21040986	-0.24767034	-0.23371439	0.22461255	0.278377	-0.37432998	-0.15044852	0.17379437	-0.14042348	0.07996011	-0.3255556	-0.28965852	0.25470078	0.008981963	0.1302758	-0.3616821	-0.10737618	0.29323	0.2966346	-0.37670356	0.009566847	0.17314461	0.9999999	-0.2328479	-0.45345196
0.1096915	0.14561969	-0.30595574	-0.17806265	-0.018463628	-0.49793807	0.2815004	0.2841342	-0.37190405	-0.28399307	0.17460117	0.22890657	-0.32539558	0.28231534	-0.27819365	0.2780712	0.2680692	-0.18141057	-0.22708519	-0.2408484	0.26351574	-0.046834268	-0.18859603	-0.20344758	0.29469696	0.13115036	-0.39514014	-0.2328479	0.9999998	0.23388386
0.16231881	0.053556073	-0.36180058	-0.07852888	-0.095379606	-0.23249638	0.24044019	0.25164998	-0.20801918	-0.2593217	0.2649752	0.13221954	-0.22750348	0.13456117	-0.16264579	0.2838594	0.29986542	-0.34338441	-0.11230513	-0.23778686	0.29310083	0.064058475	-0.3896297	-0.39835718	0.27228475	0.027296882	-0.15343744	-0.45345196	0.23388386	0.9999998
