1.0000001	-0.37701142	-0.4212726	-0.3038188	-0.17250273	0.21841764	-0.06602656	0.20711058	0.21547383	0.21729064	-0.20045963	-0.1163138	-0.33128545	-0.14709109	0.0032620665	0.28505734	-0.15677895	-0.16841666	-0.3218002	-0.27300104	0.21477477	0.17097569	0.21198528	-0.060374293	-0.037576944	0.2082767	-0.28928125	0.15765141	0.1760017	0.15677199
-0.37701142	1.0000004	0.23870723	0.11300044	0.1554272	-0.2282903	0.14957292	-0.1889393	-0.260086	-0.2904416	0.14034073	0.17380282	0.29386643	0.020352356	0.10572761	-0.47275984	0.10189266	0.12079686	0.26678047	0.13117662	-0.22540767	-0.27403146	-0.31145382	0.08982722	-0.022337558	-0.20921251	0.22826329	-0.33773765	-0.059555143	-0.07222484
-0.4212726	0.23870723	1.0000002	0.18083431	0.058873784	-0.09018238	0.14511867	-0.12389628	-0.08222284	-0.1515484	0.09105828	-0.0015316026	0.25327837	-0.09019542	0.13566713	-0.26144573	0.022260547	0.03699121	0.23519413	0.024169018	-0.07650823	-0.3230198	-0.56903726	0.1847518	-0.12130019	-0.12199558	0.11911428	-0.050090834	-0.204711	-0.037015773
-0.3038188	0.11300044	0.18083431	1.0000004	0.08107333	-0.040674124	0.088207975	-0.116528474	-0.1515693	-0.12941104	0.09853691	0.13334575	0.16184013	-0.045414854	0.14344768	-0.18929802	0.018958166	-0.08464211	0.21089356	0.015435026	-0.094094135	-0.36649266	-0.09642377	0.1953076	0.0060284515	-0.15115295	0.033325423	-0.055906832	-0.6665304	0.011765681
-0.17250273	0.1554272	0.058873784	0.08107333	1.0000002	-0.31564176	-0.03498748	-0.50238085	-0.2943676	-0.37306428	0.27628368	0.19565435	0.19462354	0.20626068	-0.12338484	-0.17248793	0.267373	0.22777985	0.22433697	0.25754398	-0.38565955	-0.06434633	-0.032142445	-0.060709015	0.19743828	-0.47815552	0.15169391	-0.121193394	-0.072469465	-0.2908293
0.21841764	-0.2282903	-0.09018238	-0.040674124	-0.31564176	1.0000002	0.07408989	0.3013776	0.26359612	0.19094333	-0.32593092	-0.17665097	-0.16683033	-0.38537785	0.17890586	0.22783357	-0.41280192	-0.30807376	-0.26290432	-0.4509875	0.27887625	-0.013873906	0.0018587447	0.14548726	-0.26072693	0.26857334	-0.16522643	0.14350016	0.030743945	0.28002617
-0.06602656	0.14957292	0.14511867	0.088207975	-0.03498748	0.07408989	1.0000001	0.07434466	0.0024521921	-0.19029683	-0.17736995	0.016567525	0.13993952	-0.23663451	0.24147874	-0.107853286	-0.31049082	-0.19002436	0.15058345	-0.083718725	0.015639339	-0.29636574	-0.13841961	0.24904676	-0.49171138	-0.005678864	-0.093379974	-0.018932134	-0.0896901	0.18458869
0.20711058	-0.1889393	-0.12389628	-0.116528474	-0.50238085	0.3013776	0.07434466	1.0000001	0.27684906	0.22188534	-0.4143677	-0.19081874	-0.1703486	-0.279	0.12468212	0.21567959	-0.40887278	-0.23502779	-0.28058475	-0.31063533	0.28417116	0.051465277	0.048475128	0.078630656	-0.29222298	0.30484384	-0.17179021	0.13410878	0.098626025	0.26321182
0.21547383	-0.260086	-0.08222284	-0.1515693	-0.2943676	0.26359612	0.0024521921	0.27684906	0.9999999	0.22769761	-0.37759775	-0.43063635	-0.17433514	-0.1962606	0.069632016	0.2692883	-0.31359795	-0.22534803	-0.27833465	-0.34033695	0.31094834	0.07349044	0.061593503	0.060797453	-0.23077893	0.27345282	-0.37849236	0.26171714	0.12061163	0.24641041
0.21729064	-0.2904416	-0.1515484	-0.12941104	-0.37306428	0.19094333	-0.19029683	0.22188534	0.22769761	0.9999999	-0.14925571	-0.16229469	-0.402589	-0.015580321	-0.13978043	0.25472116	-0.18971688	-0.18207254	-0.4548305	-0.21528794	0.247497	0.20673122	0.16480295	-0.1491333	-0.03969602	0.25731713	-0.18760122	0.18535477	0.13670433	0.11170193
-0.20045963	0.14034073	0.09105828	0.09853691	0.27628368	-0.32593092	-0.17736995	-0.4143677	-0.37759775	-0.14925571	0.9999999	0.22563598	0.15318257	0.26687184	-0.24086395	-0.26446897	0.29808024	0.2707183	0.17193998	0.28329328	-0.3350411	0.010794952	-0.06971391	-0.14048551	0.25762603	-0.3842054	0.21758413	-0.15863775	-0.13574223	-0.38775828
-0.1163138	0.17380282	-0.0015316026	0.13334575	0.19565435	-0.17665097	0.016567525	-0.19081874	-0.43063635	-0.16229469	0.22563598	0.99999994	0.15746063	0.1599841	-0.08116737	-0.30721068	0.17671236	0.20438541	0.1726775	0.21522003	-0.38966835	-0.06531944	0.007999608	-0.09113065	0.13734704	-0.2799119	0.24652286	-0.516421	-0.19100648	-0.22318235
-0.33128545	0.29386643	0.25327837	0.16184013	0.19462354	-0.16683033	0.13993952	-0.1703486	-0.17433514	-0.402589	0.15318257	0.15746063	0.9999999	0.023011008	0.10900712	-0.38772604	0.10652837	0.10950309	0.28858006	0.104591265	-0.2582561	-0.31442648	-0.39612976	0.12340383	-0.00097436854	-0.3417372	0.18356533	-0.20103979	-0.12689768	-0.12974636
-0.14709109	0.020352356	-0.09019542	-0.045414854	0.20626068	-0.38537785	-0.23663451	-0.279	-0.1962606	-0.015580321	0.26687184	0.1599841	0.023011008	1.0	-0.45082593	-0.11616331	0.26246738	0.2673791	0.035279542	0.28596413	-0.23939651	0.15664615	0.11713254	-0.35642436	0.27571297	-0.24924922	0.12336284	-0.07501469	0.02198565	-0.3397317
0.0032620665	0.10572761	0.13566713	0.14344768	-0.12338484	0.17890586	0.24147874	0.12468212	0.069632016	-0.13978043	-0.24086395	-0.08116737	0.10900712	-0.45082593	1.0	-0.023211371	-0.18466607	-0.29492712	0.09667873	-0.29773974	0.10957969	-0.31067362	-0.24170315	0.30599517	-0.259741	0.060290616	-0.08002926	-0.013537215	-0.18290097	0.24084939
0.28505734	-0.47275984	-0.26144573	-0.18929802	-0.17248793	0.22783357	-0.107853286	0.21567959	0.2692883	0.25472116	-0.26446897	-0.30721068	-0.38772604	-0.11616331	-0.023211371	1.0000002	-0.21635957	-0.25369298	-0.27074364	-0.25423428	0.26534778	0.17230885	0.18477017	-0.030022359	-0.057507347	0.24802816	-0.30280566	0.25532225	0.13864349	0.17104374
-0.15677895	0.10189266	0.022260547	0.018958166	0.267373	-0.41280192	-0.31049082	-0.40887278	-0.31359795	-0.18971688	0.29808024	0.17671236	0.10652837	0.26246738	-0.18466607	-0.21635957	1.0000004	0.2712668	0.1464012	0.2757602	-0.2611482	0.02218875	0.025527235	-0.16693887	0.28827897	-0.3181426	0.18640658	-0.133496	-0.036790926	-0.36024415
-0.16841666	0.12079686	0.03699121	-0.08464211	0.22777985	-0.30807376	-0.19002436	-0.23502779	-0.22534803	-0.18207254	0.2707183	0.20438541	0.10950309	0.2673791	-0.29492712	-0.25369298	0.2712668	1.0000004	0.11316078	0.29113266	-0.36021408	0.09810557	-0.00949082	-0.27513134	0.2490859	-0.2693789	0.24727768	-0.2589124	0.06546107	-0.4576462
-0.3218002	0.26678047	0.23519413	0.21089356	0.22433697	-0.26290432	0.15058345	-0.28058475	-0.27833465	-0.4548305	0.17193998	0.1726775	0.28858006	0.035279542	0.09667873	-0.27074364	0.1464012	0.11316078	1.0000004	0.149809	-0.30653816	-0.3072577	-0.2675048	0.1320382	-0.011201347	-0.25362277	0.16412577	-0.17020045	-0.2802654	-0.09264801
-0.27300104	0.13117662	0.024169018	0.015435026	0.25754398	-0.4509875	-0.083718725	-0.31063533	-0.34033695	-0.21528794	0.28329328	0.21522003	0.104591265	0.28596413	-0.29773974	-0.25423428	0.2757602	0.29113266	0.149809	1.0000002	-0.34039715	0.06483002	0.05601522	-0.20735052	0.22643642	-0.2503796	0.20762137	-0.1768064	-0.021056125	-0.3670064
0.21477477	-0.22540767	-0.07650823	-0.094094135	-0.38565955	0.27887625	0.015639339	0.28417116	0.31094834	0.247497	-0.3350411	-0.38966835	-0.2582561	-0.23939651	0.10957969	0.26534778	-0.2611482	-0.36021408	-0.30653816	-0.34039715	1.0000004	0.059964497	0.04950307	0.082031995	-0.22597526	0.29603353	-0.32171586	0.25162813	0.08181508	0.27225262
0.17097569	-0.27403146	-0.3230198	-0.36649266	-0.06434633	-0.013873906	-0.29636574	0.051465277	0.07349044	0.20673122	0.010794952	-0.06531944	-0.31442648	0.15664615	-0.31067362	0.17230885	0.02218875	0.09810557	-0.3072577	0.06483002	0.059964497	1.0000004	0.24335833	-0.41692245	0.15204659	0.11083511	-0.01898527	0.056046143	0.2424371	-0.120457
0.21198528	-0.31145382	-0.56903726	-0.09642377	-0.032142445	0.0018587447	-0.13841961	0.048475128	0.061593503	0.16480295	-0.06971391	0.007999608	-0.39612976	0.11713254	-0.24170315	0.18477017	0.025527235	-0.00949082	-0.2675048	0.05601522	0.04950307	0.24335833	1.0000002	-0.2389306	0.11114963	0.1004247	-0.19206533	0.083019495	0.09779042	-0.0023421587
-0.060374293	0.08982722	0.1847518	0.1953076	-0.060709015	0.14548726	0.24904676	0.078630656	0.060797453	-0.1491333	-0.14048551	-0.09113065	0.12340383	-0.35642436	0.30599517	-0.030022359	-0.16693887	-0.27513134	0.1320382	-0.20735052	0.082031995	-0.41692245	-0.2389306	1.0000002	-0.32569334	0.005346334	-0.060976256	0.004996345	-0.29390633	0.21648939
-0.037576944	-0.022337558	-0.12130019	0.0060284515	0.19743828	-0.26072693	-0.49171138	-0.29222298	-0.23077893	-0.03969602	0.25762603	0.13734704	-0.00097436854	0.27571297	-0.259741	-0.057507347	0.28827897	0.2490859	-0.011201347	0.22643642	-0.22597526	0.15204659	0.11114963	-0.32569334	1.0000004	-0.22339825	0.1526545	-0.10201886	0.0054102945	-0.3563108
0.2082767	-0.20921251	-0.12199558	-0.15115295	-0.47815552	0.26857334	-0.005678864	0.30484384	0.27345282	0.25731713	-0.3842054	-0.2799119	-0.3417372	-0.24924922	0.060290616	0.24802816	-0.3181426	-0.2693789	-0.25362277	-0.2503796	0.29603353	0.11083511	0.1004247	0.005346334	-0.22339825	1.0000002	-0.14761308	0.16899449	0.14141014	0.2400624
-0.28928125	0.22826329	0.11911428	0.033325423	0.15169391	-0.16522643	-0.093379974	-0.17179021	-0.37849236	-0.18760122	0.21758413	0.24652286	0.18356533	0.12336284	-0.08002926	-0.30280566	0.18640658	0.24727768	0.16412577	0.20762137	-0.32171586	-0.01898527	-0.19206533	-0.060976256	0.1526545	-0.14761308	1.0000001	-0.5397247	-0.015919179	-0.29587033
0.15765141	-0.33773765	-0.050090834	-0.055906832	-0.121193394	0.14350016	-0.018932134	0.13410878	0.26171714	0.18535477	-0.15863775	-0.516421	-0.20103979	-0.07501469	-0.013537215	0.25532225	-0.133496	-0.2589124	-0.17020045	-0.1768064	0.25162813	0.056046143	0.083019495	0.004996345	-0.10201886	0.16899449	-0.5397247	1.0	0.0546677	0.1727038
0.1760017	-0.059555143	-0.204711	-0.6665304	-0.072469465	0.030743945	-0.0896901	0.098626025	0.12061163	0.13670433	-0.13574223	-0.19100648	-0.12689768	0.02198565	-0.18290097	0.13864349	-0.036790926	0.06546107	-0.2802654	-0.021056125	0.08181508	0.2424371	0.09779042	-0.29390633	0.0054102945	0.14141014	-0.015919179	0.0546677	1.0000001	-0.034826163
0.15677199	-0.07222484	-0.037015773	0.011765681	-0.2908293	0.28002617	0.18458869	0.26321182	0.24641041	0.11170193	-0.38775828	-0.22318235	-0.12974636	-0.3397317	0.24084939	0.17104374	-0.36024415	-0.4576462	-0.09264801	-0.3670064	0.27225262	-0.120457	-0.0023421587	0.21648939	-0.3563108	0.2400624	-0.29587033	0.1727038	-0.034826163	1.0000001
