0.9999999	0.2859942	-0.4003237	0.24847831	-0.42016748	-0.3382408	-0.4246267	0.17510019	-0.35304928	-0.17878036	-0.34176663	0.2873383	0.2949448	-0.25627494	-0.040911127	0.19543923	-0.31362864	0.27161968	0.29091159	0.07284569	-0.24191545	0.316929	-0.34283277	-0.3162151	0.30843878	0.31341314	0.20740335	0.22796293	-0.15840651	-0.3696616
0.2859942	1.0	-0.26483154	0.27794665	-0.34198788	-0.38345918	-0.4186196	0.20935942	-0.21511777	-0.33158222	-0.27405044	0.24358174	0.25333115	-0.29905748	-0.1343868	0.22399832	-0.40006313	0.2866084	0.27496305	0.14986803	-0.41057152	0.2690841	-0.30953234	-0.2709706	0.28620082	0.29128733	0.25868073	0.2796782	-0.2208857	-0.3154447
-0.4003237	-0.26483154	1.0000002	-0.21161075	0.3107034	0.28371543	0.2699653	-0.21024895	0.31504416	0.2060485	0.2862393	-0.31382185	-0.41613504	0.28087866	-0.011990582	-0.23832348	0.28017205	-0.32699275	-0.4360968	-0.043517426	0.27443013	-0.37638554	0.29036292	0.22709787	-0.3784253	-0.38830385	-0.2879628	-0.20947438	0.20024075	0.2895722
0.24847831	0.27794665	-0.21161075	1.0	-0.23297332	-0.29734287	-0.29935515	0.18395172	-0.28302997	-0.3622484	-0.16676435	0.1606678	0.23595786	-0.2479631	-0.28019342	0.27918512	-0.15632297	0.23567063	0.21324806	0.23766169	-0.42674258	0.228154	-0.30491737	-0.4883052	0.23042935	0.23613374	0.2771708	0.26122555	-0.2145346	-0.33355305
-0.42016748	-0.34198788	0.3107034	-0.23297332	0.99999976	0.27131262	0.27694	-0.12725334	0.29950413	0.18992816	0.288025	-0.3664813	-0.41287336	0.24573272	-0.010884932	-0.13076417	0.292145	-0.37366608	-0.36081418	-0.02504584	0.25774077	-0.39548606	0.28599197	0.19748636	-0.36476755	-0.36287433	-0.19445935	-0.2637292	0.16666616	0.30207455
-0.3382408	-0.38345918	0.28371543	-0.29734287	0.27131262	0.99999976	0.21641457	-0.43284953	0.26850477	0.24122405	0.26515356	-0.2902426	-0.35736063	0.2629646	0.031772427	-0.16743444	0.2934542	-0.2909088	-0.3795261	-0.07549421	0.27936527	-0.24732868	0.30114424	0.23318124	-0.36429295	-0.25331262	-0.2867437	-0.35684603	0.27539936	0.29779395
-0.4246267	-0.4186196	0.2699653	-0.29935515	0.27694	0.21641457	0.9999996	-0.04230029	0.27509302	0.23309089	0.21107367	-0.2435174	-0.2552789	0.2750685	0.093056396	-0.37453657	0.21886587	-0.29090735	-0.21516041	-0.13358808	0.28237063	-0.36932635	0.25243658	0.25351402	-0.29502034	-0.3995469	-0.25229245	-0.22750227	0.13000636	0.25370476
0.17510019	0.20935942	-0.21024895	0.18395172	-0.12725334	-0.43284953	-0.04230029	0.9999995	-0.14503312	-0.16803174	-0.25669497	0.22425136	0.21204409	-0.24161339	-0.021188345	0.099261254	-0.32403266	0.19373436	0.2203995	0.08072448	-0.21837999	0.17487444	-0.36600724	-0.2533012	0.23227656	0.1961125	0.2046555	0.24069272	-0.5503291	-0.2901465
-0.35304928	-0.21511777	0.31504416	-0.28302997	0.29950413	0.26850477	0.27509302	-0.14503312	0.9999994	0.24657418	0.24227825	-0.2910375	-0.49450466	0.29499203	0.063163385	-0.30030853	0.24515474	-0.36237946	-0.3555348	-0.12876046	0.27955762	-0.36649835	0.2808352	0.24643283	-0.34510833	-0.30977958	-0.31759268	-0.28049994	0.20840693	0.2827215
-0.17878036	-0.33158222	0.2060485	-0.3622484	0.18992816	0.24122405	0.23309089	-0.16803174	0.24657418	0.9999993	0.1221402	-0.10796774	-0.26336548	0.29171243	0.22018878	-0.36618534	0.17554054	-0.31807947	-0.24647968	-0.3214267	0.28615844	-0.14977291	0.24281754	0.2360852	-0.20077145	-0.24560083	-0.4050095	-0.5030731	0.24545673	0.23143294
-0.34176663	-0.27405044	0.2862393	-0.16676435	0.288025	0.26515356	0.21107367	-0.25669497	0.24227825	0.1221402	0.9999992	-0.4891287	-0.28551525	0.1982938	-0.11916507	-0.07448858	0.30126098	-0.1835595	-0.42093644	0.043796647	0.21353248	-0.35389033	0.26204488	0.17521	-0.43209484	-0.38795656	-0.08989779	-0.1790171	0.16317011	0.28272733
0.2873383	0.24358174	-0.31382185	0.1606678	-0.3664813	-0.2902426	-0.2435174	0.22425136	-0.2910375	-0.10796774	-0.4891287	0.9999992	0.26511842	-0.2175332	0.09576037	0.08357222	-0.46241698	0.2404635	0.29708624	-0.035568755	-0.2003508	0.2933693	-0.30533478	-0.17409271	0.31069857	0.29695892	0.12598938	0.19816996	-0.21579984	-0.40970907
0.2949448	0.25333115	-0.41613504	0.23595786	-0.41287336	-0.35736063	-0.2552789	0.21204409	-0.49450466	-0.26336548	-0.28551525	0.26511842	0.9999992	-0.3237493	-0.01570607	0.20237257	-0.24753307	0.2653362	0.2943133	0.07825291	-0.23731449	0.28844282	-0.2601242	-0.29616132	0.29839626	0.28812978	0.24430099	0.25908455	-0.31275997	-0.30163008
-0.25627494	-0.29905748	0.28087866	-0.2479631	0.24573272	0.2629646	0.2750685	-0.24161339	0.29499203	0.29171243	0.1982938	-0.2175332	-0.3237493	0.9999992	0.14701658	-0.42989713	0.22371908	-0.30894753	-0.30116123	-0.26727045	0.30286628	-0.32752147	0.28305304	0.27302563	-0.27888343	-0.35064068	-0.40377825	-0.33632797	0.24903674	0.2622891
-0.040911127	-0.1343868	-0.011990582	-0.28019342	-0.010884932	0.031772427	0.093056396	-0.021188345	0.063163385	0.22018878	-0.11916507	0.09576037	-0.01570607	0.14701658	0.9999992	-0.33456367	-0.06325969	-0.13282362	0.031471923	-0.64178616	0.1261187	0.03694844	0.06746904	0.16190758	0.042108987	0.012719965	-0.31524485	-0.18839896	0.13045327	0.05036803
0.19543923	0.22399832	-0.23832348	0.27918512	-0.13076417	-0.16743444	-0.37453657	0.099261254	-0.30030853	-0.36618534	-0.07448858	0.08357222	0.20237257	-0.42989713	-0.33456367	0.9999993	-0.073685095	0.18641852	0.14457713	0.25542033	-0.34532347	0.18485975	-0.19619423	-0.40584984	0.15822986	0.19347377	0.28098035	0.21566093	-0.13904046	-0.12683223
-0.31362864	-0.40006313	0.28017205	-0.15632297	0.292145	0.2934542	0.21886587	-0.32403266	0.24515474	0.17554054	0.30126098	-0.46241698	-0.24753307	0.22371908	-0.06325969	-0.073685095	0.9999993	-0.3585492	-0.34995598	0.006698346	0.2423461	-0.3169595	0.2949549	0.15394236	-0.367338	-0.34101275	-0.1857767	-0.28500792	0.21482015	0.30249113
0.27161968	0.2866084	-0.32699275	0.23567063	-0.37366608	-0.2909088	-0.29090735	0.19373436	-0.36237946	-0.31807947	-0.1835595	0.2404635	0.2653362	-0.30894753	-0.13282362	0.18641852	-0.3585492	0.9999993	0.28226563	0.14031167	-0.3436618	0.2632614	-0.44867483	-0.10744025	0.26969844	0.28140765	0.26054907	0.2886003	-0.24621102	-0.37312132
0.29091159	0.27496305	-0.4360968	0.21324806	-0.36081418	-0.3795261	-0.21516041	0.2203995	-0.3555348	-0.24647968	-0.42093644	0.29708624	0.2943133	-0.30116123	0.031471923	0.14457713	-0.34995598	0.28226563	0.99999917	0.032325745	-0.35424852	0.29700512	-0.33811456	-0.16972496	0.32146442	0.30639726	0.20559092	0.24300697	-0.19494678	-0.33230206
0.07284569	0.14986803	-0.043517426	0.23766169	-0.02504584	-0.07549421	-0.13358808	0.08072448	-0.12876046	-0.3214267	0.043796647	-0.035568755	0.07825291	-0.26727045	-0.64178616	0.25542033	0.006698346	0.14031167	0.032325745	0.9999992	-0.18150507	0.02764419	-0.14279924	-0.30125192	0.040395025	0.06077251	0.25642002	0.20278172	-0.24549852	-0.14238742
-0.24191545	-0.41057152	0.27443013	-0.42674258	0.25774077	0.27936527	0.28237063	-0.21837999	0.27955762	0.28615844	0.21353248	-0.2003508	-0.23731449	0.30286628	0.1261187	-0.34532347	0.2423461	-0.3436618	-0.35424852	-0.18150507	0.99999946	-0.3211672	0.292236	0.2704449	-0.35007888	-0.32093066	-0.37045106	-0.28130487	0.21983476	0.27696073
0.316929	0.2690841	-0.37638554	0.228154	-0.39548606	-0.24732868	-0.36932635	0.17487444	-0.36649835	-0.14977291	-0.35389033	0.2933693	0.28844282	-0.32752147	0.03694844	0.18485975	-0.3169595	0.2632614	0.29700512	0.02764419	-0.3211672	0.9999994	-0.3732254	-0.32120934	0.31514248	0.32285848	0.18898553	0.20805499	-0.14397532	-0.35284737
-0.34283277	-0.30953234	0.29036292	-0.30491737	0.28599197	0.30114424	0.25243658	-0.36600724	0.2808352	0.24281754	0.26204488	-0.30533478	-0.2601242	0.28305304	0.06746904	-0.19619423	0.2949549	-0.44867483	-0.33811456	-0.14279924	0.292236	-0.3732254	0.9999993	0.2363145	-0.3366981	-0.37422985	-0.23714292	-0.32733607	0.2525423	0.32098025
-0.3162151	-0.2709706	0.22709787	-0.4883052	0.19748636	0.23318124	0.25351402	-0.2533012	0.24643283	0.2360852	0.17521	-0.17409271	-0.29616132	0.27302563	0.16190758	-0.40584984	0.15394236	-0.10744025	-0.16972496	-0.30125192	0.2704449	-0.32120934	0.2363145	0.99999917	-0.27065322	-0.2644564	-0.26242092	-0.20072238	0.20878695	0.22936818
0.30843878	0.28620082	-0.3784253	0.23042935	-0.36476755	-0.36429295	-0.29502034	0.23227656	-0.34510833	-0.20077145	-0.43209484	0.31069857	0.29839626	-0.27888343	0.042108987	0.15822986	-0.367338	0.26969844	0.32146442	0.040395025	-0.35007888	0.31514248	-0.3366981	-0.27065322	0.99999917	0.31883475	0.1977107	0.23654228	-0.22976345	-0.3526492
0.31341314	0.29128733	-0.38830385	0.23613374	-0.36287433	-0.25331262	-0.3995469	0.1961125	-0.30977958	-0.24560083	-0.38795656	0.29695892	0.28812978	-0.35064068	0.012719965	0.19347377	-0.34101275	0.28140765	0.30639726	0.06077251	-0.32093066	0.32285848	-0.37422985	-0.2644564	0.31883475	0.9999991	0.2136104	0.2449814	-0.20093521	-0.3774901
0.20740335	0.25868073	-0.2879628	0.2771708	-0.19445935	-0.2867437	-0.25229245	0.2046555	-0.31759268	-0.4050095	-0.08989779	0.12598938	0.24430099	-0.40377825	-0.31524485	0.28098035	-0.1857767	0.26054907	0.20559092	0.25642002	-0.37045106	0.18898553	-0.23714292	-0.26242092	0.1977107	0.2136104	0.999999	0.29642338	-0.39780194	-0.21187238
0.22796293	0.2796782	-0.20947438	0.26122555	-0.2637292	-0.35684603	-0.22750227	0.24069272	-0.28049994	-0.5030731	-0.1790171	0.19816996	0.25908455	-0.33632797	-0.18839896	0.21566093	-0.28500792	0.2886003	0.24300697	0.20278172	-0.28130487	0.20805499	-0.32733607	-0.20072238	0.23654228	0.2449814	0.29642338	0.99999917	-0.43235055	-0.33125463
-0.15840651	-0.2208857	0.20024075	-0.2145346	0.16666616	0.27539936	0.13000636	-0.5503291	0.20840693	0.24545673	0.16317011	-0.21579984	-0.31275997	0.24903674	0.13045327	-0.13904046	0.21482015	-0.24621102	-0.19494678	-0.24549852	0.21983476	-0.14397532	0.2525423	0.20878695	-0.22976345	-0.20093521	-0.39780194	-0.43235055	0.9999991	0.23843767
-0.3696616	-0.3154447	0.2895722	-0.33355305	0.30207455	0.29779395	0.25370476	-0.2901465	0.2827215	0.23143294	0.28272733	-0.40970907	-0.30163008	0.2622891	0.05036803	-0.12683223	0.30249113	-0.37312132	-0.33230206	-0.14238742	0.27696073	-0.35284737	0.32098025	0.22936818	-0.3526492	-0.3774901	-0.21187238	-0.33125463	0.23843767	0.9999991
