1.0000001	0.03903227	0.020188943	-0.024408909	0.22743297	0.0073175416	-0.33023778	0.0872613	-0.1824896	-0.07854051	0.2879591	0.06912779	-0.0104369875	-0.1627457	0.14494434	0.2672019	0.121551104	-0.19887601	-0.05588033	-0.22772668	0.10739795	-0.28924215	-0.43174165	0.2502418	0.19318518	-0.3857312	0.24233805	0.07285888	-0.383955	-0.37599808
0.03903227	1.0	-0.27272183	0.24788089	-0.27159604	-0.1928695	0.16193675	-0.31871054	0.21410678	-0.4498614	0.08974715	-0.4244481	0.25831747	0.21369673	0.25843537	0.08425644	-0.2466678	-0.2574477	0.24056925	0.15037152	-0.2613134	-0.20636664	-0.034226347	-0.06394425	-0.16584088	-0.09352457	0.17168987	0.26701668	0.0722197	-0.20971468
0.020188943	-0.27272183	0.99999994	-0.23320667	0.17669567	0.26959386	-0.21749738	0.2411904	-0.3890894	0.26677105	-0.1226962	0.290974	-0.44553158	-0.2544476	-0.31507167	-0.14080352	0.25499797	0.24168064	-0.3035141	-0.30839604	0.29525837	0.20996799	0.005526664	0.065180026	0.21769121	0.055420645	-0.18263909	-0.36652517	-0.13636507	0.07739025
-0.024408909	0.24788089	-0.23320667	0.9999999	-0.24978428	-0.45977548	0.19922736	-0.2728018	0.26851577	-0.24525446	0.040557314	-0.4125058	0.2559339	0.25659767	0.2159011	0.06246855	-0.41659486	-0.21077107	0.3026824	0.23888554	-0.3265567	-0.2555953	0.046020813	-0.1825251	-0.32648006	0.016892916	0.088949494	0.25061813	0.1860692	-0.060915537
0.22743297	-0.27159604	0.17669567	-0.24978428	0.9999999	0.18445292	-0.4337932	0.25032675	-0.23824957	0.086578086	0.16897954	0.24433541	-0.18762147	-0.4233378	-0.033823915	0.16611804	0.25861928	-0.01691056	-0.2184888	-0.3261095	0.24191585	-0.02840835	-0.24737437	0.259825	0.2874292	-0.25465775	0.096651435	-0.1530484	-0.34862587	-0.21750738
0.0073175416	-0.1928695	0.26959386	-0.45977548	0.18445292	0.9999997	-0.12553915	0.26437652	-0.331475	0.23869982	-0.09116004	0.27378863	-0.35192275	-0.29083472	-0.33891585	-0.032544002	0.25347772	0.21060833	-0.38291454	-0.22780968	0.27539244	0.19608268	-0.0680432	0.15957655	0.2144429	-0.031809766	-0.16118263	-0.23887637	-0.25938898	0.03727491
-0.33023778	0.16193675	-0.21749738	0.19922736	-0.4337932	-0.12553915	0.99999976	-0.32928854	0.25786605	-0.046223782	-0.24730821	-0.3073888	0.14413181	0.27596307	0.024428505	-0.18182896	-0.33649382	-0.0015198984	0.21560748	0.28827128	-0.24884444	0.03535948	0.2286066	-0.20349975	-0.44311368	0.18241222	-0.074070446	0.10885196	0.2514698	0.15253453
0.0872613	-0.31871054	0.2411904	-0.2728018	0.25032675	0.26437652	-0.32928854	0.99999976	-0.35511974	0.17476398	0.079561226	0.28559098	-0.14985721	-0.3348539	-0.26969507	0.038723573	0.2837654	0.16349554	-0.4457204	-0.25121054	0.27216038	0.09155114	-0.15817648	0.19002254	0.22781081	-0.08097068	-0.10288874	-0.24844603	-0.32509598	-0.0077402815
-0.1824896	0.21410678	-0.3890894	0.26851577	-0.23824957	-0.331475	0.25786605	-0.35511974	0.9999997	-0.14620127	-0.09917058	-0.35631225	0.22081447	0.28556168	0.15993385	-0.11662631	-0.31097767	-0.111859776	0.27414834	0.26077324	-0.37137133	-0.13385545	0.14967106	-0.22350594	-0.27892208	0.122690044	-0.043639008	0.1884807	0.24743907	0.038886987
-0.07854051	-0.4498614	0.26677105	-0.24525446	0.086578086	0.23869982	-0.046223782	0.17476398	-0.14620127	0.99999964	-0.23423116	0.23725529	-0.4282004	-0.20175758	-0.47251874	-0.16832174	0.17080218	0.284867	-0.20065776	-0.16314512	0.21168387	0.23650517	0.08254417	-0.02990671	0.10618061	0.13671532	-0.28690377	-0.22820026	-0.02602206	0.1725998
0.2879591	0.08974715	-0.1226962	0.040557314	0.16897954	-0.09116004	-0.24730821	0.079561226	-0.09917058	-0.23423116	0.9999997	-0.023922503	0.1368961	-0.13354674	0.20783214	0.28039154	0.05503378	-0.22735782	0.003148062	-0.1341002	0.025036689	-0.45020047	-0.4192014	0.20080228	0.09030697	-0.31805843	0.25417092	0.13888639	-0.26861653	-0.28971305
0.06912779	-0.4244481	0.290974	-0.4125058	0.24433541	0.27378863	-0.3073888	0.28559098	-0.35631225	0.23725529	-0.023922503	0.9999997	-0.30835077	-0.3223107	-0.21460274	-0.044339128	0.30290332	0.19107546	-0.35959566	-0.3177727	0.30747625	0.15143076	-0.075005405	0.12447533	0.25726134	-0.0021387562	-0.08427509	-0.31476834	-0.20011711	0.032178517
-0.0104369875	0.25831747	-0.44553158	0.2559339	-0.18762147	-0.35192275	0.14413181	-0.14985721	0.22081447	-0.4282004	0.1368961	-0.30835077	0.9999997	0.2002813	0.2531036	0.10605735	-0.18144614	-0.29499337	0.24167554	0.19496976	-0.38996083	-0.21332088	-0.03579543	-0.034637555	-0.30301723	-0.08584681	0.17175205	0.25040734	0.08112994	-0.09451002
-0.1627457	0.21369673	-0.2544476	0.25659767	-0.4233378	-0.29083472	0.27596307	-0.3348539	0.28556168	-0.20175758	-0.13354674	-0.3223107	0.2002813	0.99999976	0.10967291	-0.16030122	-0.31263366	-0.077796295	0.27283216	0.2771541	-0.3858825	-0.032743216	0.21403131	-0.35594863	-0.3212737	0.15923019	-0.011641845	0.15212804	0.26246214	0.102469124
0.14494434	0.25843537	-0.31507167	0.2159011	-0.033823915	-0.33891585	0.024428505	-0.26969507	0.15993385	-0.47251874	0.20783214	-0.21460274	0.2531036	0.10967291	0.99999976	0.18545958	-0.13159351	-0.42686346	0.20059861	0.061788067	-0.16674747	-0.35537118	-0.16029067	0.017533747	-0.05048074	-0.15179414	0.25810972	0.2421344	-0.014402836	-0.23767833
0.2672019	0.08425644	-0.14080352	0.06246855	0.16611804	-0.032544002	-0.18182896	0.038723573	-0.11662631	-0.16832174	0.28039154	-0.044339128	0.10605735	-0.16030122	0.18545958	0.9999998	-0.00096435635	-0.3506277	0.057928395	-0.09398528	-0.044289816	-0.35747862	-0.38484073	0.2106458	0.10489161	-0.37023783	0.2725199	0.19098912	-0.14178747	-0.43865344
0.121551104	-0.2466678	0.25499797	-0.41659486	0.25861928	0.25347772	-0.33649382	0.2837654	-0.31097767	0.17080218	0.05503378	0.30290332	-0.18144614	-0.31263366	-0.13159351	-0.00096435635	0.9999999	0.14038712	-0.378755	-0.45026264	0.2966068	0.09912756	-0.16328238	0.16886765	0.27219832	-0.0683901	-0.06531402	-0.3485298	-0.25541404	-0.010997157
-0.19887601	-0.2574477	0.24168064	-0.21077107	-0.01691056	0.21060833	-0.0015198984	0.16349554	-0.111859776	0.284867	-0.22735782	0.19107546	-0.29499337	-0.077796295	-0.42686346	-0.3506277	0.14038712	0.9999999	-0.24838883	-0.09684051	0.18180485	0.27555296	0.15388262	-0.14664309	0.047468383	0.22171852	-0.45383206	-0.27459112	0.034517556	0.24828243
-0.05588033	0.24056925	-0.3035141	0.3026824	-0.2184888	-0.38291454	0.21560748	-0.4457204	0.27414834	-0.20065776	0.003148062	-0.35959566	0.24167554	0.27283216	0.20059861	0.057928395	-0.378755	-0.24838883	1.0	0.25149226	-0.39710012	-0.20186867	0.10071936	-0.2159875	-0.30264214	-0.0037644948	0.1203245	0.25730568	0.20176286	-0.025494087
-0.22772668	0.15037152	-0.30839604	0.23888554	-0.3261095	-0.22780968	0.28827128	-0.25121054	0.26077324	-0.16314512	-0.1341002	-0.3177727	0.19496976	0.2771541	0.061788067	-0.09398528	-0.45026264	-0.09684051	0.25149226	1.0000001	-0.290397	-0.0055099395	0.19339633	-0.15169796	-0.47865677	0.14552872	-0.051085904	0.12705037	0.24040323	0.14464822
0.10739795	-0.2613134	0.29525837	-0.3265567	0.24191585	0.27539244	-0.24884444	0.27216038	-0.37137133	0.21168387	0.025036689	0.30747625	-0.38996083	-0.3858825	-0.16674747	-0.044289816	0.2966068	0.18180485	-0.39710012	-0.290397	0.99999994	0.11834981	-0.13002627	0.1453838	0.25531122	-0.02593292	-0.09799369	-0.38594633	-0.21357381	0.0021798837
-0.28924215	-0.20636664	0.20996799	-0.2555953	-0.02840835	0.19608268	0.03535948	0.09155114	-0.13385545	0.23650517	-0.45020047	0.15143076	-0.21332088	-0.032743216	-0.35537118	-0.35747862	0.09912756	0.27555296	-0.20186867	-0.0055099395	0.11834981	0.99999976	0.20354961	-0.049568955	0.03846905	0.21155722	-0.3271847	-0.29323176	0.07869038	0.25378084
-0.43174165	-0.034226347	0.005526664	0.046020813	-0.24737437	-0.0680432	0.2286066	-0.15817648	0.14967106	0.08254417	-0.4192014	-0.075005405	-0.03579543	0.21403131	-0.16029067	-0.38484073	-0.16328238	0.15388262	0.10071936	0.19339633	-0.13002627	0.20354961	1.0	-0.41510004	-0.20435937	0.2972333	-0.18851444	-0.10512693	0.2671712	0.27878097
0.2502418	-0.06394425	0.065180026	-0.1825251	0.259825	0.15957655	-0.20349975	0.19002254	-0.22350594	-0.02990671	0.20080228	0.12447533	-0.034637555	-0.35594863	0.017533747	0.2106458	0.16886765	-0.14664309	-0.2159875	-0.15169796	0.1453838	-0.049568955	-0.41510004	1.0000001	0.20657088	-0.4316936	0.17612419	-0.0019769953	-0.40914428	-0.25945315
0.19318518	-0.16584088	0.21769121	-0.32648006	0.2874292	0.2144429	-0.44311368	0.22781081	-0.27892208	0.10618061	0.09030697	0.25726134	-0.30301723	-0.3212737	-0.05048074	0.10489161	0.27219832	0.047468383	-0.30264214	-0.47865677	0.25531122	0.03846905	-0.20435937	0.20657088	0.99999994	-0.1927122	0.047331095	-0.1012198	-0.2038055	-0.1940017
-0.3857312	-0.09352457	0.055420645	0.016892916	-0.25465775	-0.031809766	0.18241222	-0.08097068	0.122690044	0.13671532	-0.31805843	-0.0021387562	-0.08584681	0.15923019	-0.15179414	-0.37023783	-0.0683901	0.22171852	-0.0037644948	0.14552872	-0.02593292	0.21155722	0.2972333	-0.4316936	-0.1927122	1.0	-0.38008475	-0.22155204	0.24502148	0.3045024
0.24233805	0.17168987	-0.18263909	0.088949494	0.096651435	-0.16118263	-0.074070446	-0.10288874	-0.043639008	-0.28690377	0.25417092	-0.08427509	0.17175205	-0.011641845	0.25810972	0.2725199	-0.06531402	-0.45383206	0.1203245	-0.051085904	-0.09799369	-0.3271847	-0.18851444	0.17612419	0.047331095	-0.38008475	1.0000001	0.22273722	-0.23400874	-0.3774228
0.07285888	0.26701668	-0.36652517	0.25061813	-0.1530484	-0.23887637	0.10885196	-0.24844603	0.1884807	-0.22820026	0.13888639	-0.31476834	0.25040734	0.15212804	0.2421344	0.19098912	-0.3485298	-0.27459112	0.25730568	0.12705037	-0.38594633	-0.29323176	-0.10512693	-0.0019769953	-0.1012198	-0.22155204	0.22273722	1.0000001	0.055134386	-0.24254261
-0.383955	0.0722197	-0.13636507	0.1860692	-0.34862587	-0.25938898	0.2514698	-0.32509598	0.24743907	-0.02602206	-0.26861653	-0.20011711	0.08112994	0.26246214	-0.014402836	-0.14178747	-0.25541404	0.034517556	0.20176286	0.24040323	-0.21357381	0.07869038	0.2671712	-0.40914428	-0.2038055	0.24502148	-0.23400874	0.055134386	1.0000001	0.19686042
-0.37599808	-0.20971468	0.07739025	-0.060915537	-0.21750738	0.03727491	0.15253453	-0.0077402815	0.038886987	0.1725998	-0.28971305	0.032178517	-0.09451002	0.102469124	-0.23767833	-0.43865344	-0.010997157	0.24828243	-0.025494087	0.14464822	0.0021798837	0.25378084	0.27878097	-0.25945315	-0.1940017	0.3045024	-0.3774228	-0.24254261	0.19686042	1.0000001
