1.0000001	0.24411419	-0.30421877	-0.12137522	0.011371244	0.28504434	-0.09684201	0.12235533	-0.43424514	-0.14772533	0.2269083	0.27058345	0.25840476	0.05791058	0.15028118	-0.13978314	-0.41914043	0.27336514	-0.34932697	-0.14025272	0.15725437	-0.3003156	0.21497697	-0.17741929	0.18134812	-0.39431328	-0.33562553	0.12825148	-0.18823409	-0.033267725
0.24411419	1.0000002	-0.35267943	-0.19528058	0.029398533	0.21802163	-0.2217618	0.1363147	-0.33177006	-0.24154451	0.14665101	0.27991903	0.15265122	0.086149074	0.17477947	-0.077879645	-0.20894942	0.2574365	-0.34301478	-0.10458717	0.118177176	-0.42271754	0.18884957	-0.096288815	0.19325294	-0.342385	-0.060429085	0.13705371	-0.26752254	-0.09590011
-0.30421877	-0.35267943	1.0000002	0.11159481	0.031224998	-0.501188	0.0040421877	-0.14322965	0.24682404	0.126833	-0.19104992	-0.2884347	-0.2290826	-0.0755837	-0.14182973	0.2040119	0.22583981	-0.15069905	0.24892801	0.0943325	-0.27302286	0.23253177	-0.4133249	0.16616076	-0.0931427	0.24866404	0.16112493	-0.17045236	0.14140634	0.08446303
-0.12137522	-0.19528058	0.11159481	1.0000004	0.20828745	-0.09334604	-0.122891776	0.17459294	0.00645164	-0.11423905	-0.06924916	-0.11980771	0.07281947	0.22606666	-0.36166316	0.14941809	0.15923539	-0.07474962	0.1296131	-0.23200907	-0.22871071	0.1267006	-0.1905429	0.23291607	0.09014907	0.015991503	-0.17217937	-0.48793703	0.2525848	-0.37236446
0.011371244	0.029398533	0.031224998	0.20828745	1.0000002	0.01938951	-0.2787894	0.2349281	-0.10430452	-0.41448313	-0.21585004	0.062047128	0.0017334289	0.25936574	-0.21596088	0.20733234	0.008774716	0.057701737	-0.0063569425	-0.33346128	-0.3256019	0.0015742851	-0.15561928	0.23784885	0.19489664	-0.11594101	-0.014506585	-0.25398424	0.17116193	-0.30211556
0.28504434	0.21802163	-0.501188	-0.09334604	0.01938951	1.0000002	-0.064072125	0.15974496	-0.3131061	-0.16523188	0.21501179	0.21649106	0.25757957	0.089700155	0.11150415	-0.25228655	-0.30115083	0.19204155	-0.2878135	-0.19729589	0.158507	-0.14851755	0.23034783	-0.116471834	0.14341491	-0.35943243	-0.32146966	0.09335277	-0.12936004	-0.13933243
-0.09684201	-0.2217618	0.0040421877	-0.122891776	-0.2787894	-0.064072125	1.0000004	-0.2665793	0.14689478	0.28364933	0.06974498	-0.2662714	-0.082608424	-0.3622311	0.063104145	-0.2301016	0.0635491	-0.15039136	0.09597516	0.21500471	0.17656194	0.0621316	0.11694724	-0.18317547	-0.51918066	0.18207622	0.10170095	0.13973272	-0.04873501	0.17256844
0.12235533	0.1363147	-0.14322965	0.17459294	0.2349281	0.15974496	-0.2665793	1.0000004	-0.19697005	-0.25650987	0.030957153	0.09404062	0.19846253	0.27241233	-0.032053616	0.09375987	-0.08546231	0.15813038	-0.16097002	-0.5372694	-0.1834477	-0.0972177	0.013560837	0.10795614	0.22008821	-0.20554346	-0.2427159	-0.16977249	0.041556563	-0.48103398
-0.43424514	-0.33177006	0.24682404	0.00645164	-0.10430452	-0.3131061	0.14689478	-0.19697005	1.0000002	0.1898939	-0.14596768	-0.36588246	-0.42293417	-0.10391495	-0.16565576	0.031987537	0.26127663	-0.30702767	0.2899329	0.20313689	-0.090965986	0.2275142	-0.17743309	0.111125335	-0.24983957	0.3067926	0.22614737	-0.09192967	0.12779516	0.12620144
-0.14772533	-0.24154451	0.126833	-0.11423905	-0.41448313	-0.16523188	0.28364933	-0.25650987	0.1898939	1.0000002	-0.018637577	-0.33505803	-0.09007023	-0.44837242	0.023343842	-0.055872705	0.1210901	-0.17666784	0.14482696	0.23809874	0.083913796	0.15124455	-0.021069193	-0.09784237	-0.37597921	0.22055726	0.090226695	0.10352195	-0.014536492	0.19667158
0.2269083	0.14665101	-0.19104992	-0.06924916	-0.21585004	0.21501179	0.06974498	0.030957153	-0.14596768	-0.018637577	1.0000002	0.15931754	0.1916656	-0.03107741	0.19829907	-0.4440513	-0.27689898	0.19158712	-0.3115573	-0.07588291	0.25531337	-0.2978941	0.2585054	-0.335309	0.048306175	-0.23142591	-0.2239849	0.15786952	-0.32433304	0.04312285
0.27058345	0.27991903	-0.2884347	-0.11980771	0.062047128	0.21649106	-0.2662714	0.09404062	-0.36588246	-0.33505803	0.15931754	1.0000001	0.15818228	0.0836448	0.18067019	-0.042302568	-0.38548547	0.26816973	-0.3679252	-0.09404422	0.10379362	-0.2741123	0.13918887	-0.18475115	0.23070101	-0.34648868	-0.0913003	0.12711787	-0.21209846	0.00015657289
0.25840476	0.15265122	-0.2290826	0.07281947	0.0017334289	0.25757957	-0.082608424	0.19846253	-0.42293417	-0.09007023	0.1916656	0.15818228	1.0000001	0.1448799	0.031542603	-0.08121494	-0.16298586	0.18458927	-0.27040228	-0.24777722	0.052514896	-0.12222107	0.14128654	-0.10399978	0.1686523	-0.33749172	-0.56362283	-0.002436458	-0.05865219	-0.23938036
0.05791058	0.086149074	-0.0755837	0.22606666	0.25936574	0.089700155	-0.3622311	0.27241233	-0.10391495	-0.44837242	-0.03107741	0.0836448	0.1448799	1.0000001	-0.14578721	0.08112864	0.0039432645	0.07571737	-0.022698388	-0.3560825	-0.1841028	-0.05752553	-0.007033877	0.16045377	0.22034691	-0.16802947	-0.21410933	-0.34460086	0.12678768	-0.36728212
0.15028118	0.17477947	-0.14182973	-0.36166316	-0.21596088	0.11150415	0.063104145	-0.032053616	-0.16565576	0.023343842	0.19829907	0.18067019	0.031542603	-0.14578721	1.0000001	-0.19396575	-0.28790823	0.17191459	-0.2865266	0.03210041	0.24355353	-0.1395451	0.18646859	-0.44229963	-0.06643333	-0.074578114	0.047827214	0.28729373	-0.5058567	0.15745482
-0.13978314	-0.077879645	0.2040119	0.14941809	0.20733234	-0.25228655	-0.2301016	0.09375987	0.031987537	-0.055872705	-0.4440513	-0.042302568	-0.08121494	0.08112864	-0.19396575	1.0000002	0.12560372	-0.020633334	0.1245729	-0.09949072	-0.41973048	0.13327813	-0.4549924	0.25799435	0.124205776	0.051893394	0.015055996	-0.16316645	0.17329156	-0.097992964
-0.41914043	-0.20894942	0.22583981	0.15923539	0.008774716	-0.30115083	0.0635491	-0.08546231	0.26127663	0.1210901	-0.27689898	-0.38548547	-0.16298586	0.0039432645	-0.28790823	0.12560372	1.0000004	-0.4418656	0.30821753	0.12085398	-0.21067226	0.26470032	-0.21833494	0.20775722	-0.18820979	0.26083362	0.122478284	-0.26307902	0.2524212	-0.056354232
0.27336514	0.2574365	-0.15069905	-0.07474962	0.057701737	0.19204155	-0.15039136	0.15813038	-0.30702767	-0.17666784	0.19158712	0.26816973	0.18458927	0.07571737	0.17191459	-0.020633334	-0.4418656	1.0000004	-0.4268449	-0.24846415	0.090358	-0.4366747	0.15158911	-0.13069735	0.21516643	-0.3577713	-0.15333681	0.12219183	-0.28959882	-0.04451612
-0.34932697	-0.34301478	0.24892801	0.1296131	-0.0063569425	-0.2878135	0.09597516	-0.16097002	0.2899329	0.14482696	-0.3115573	-0.3679252	-0.27040228	-0.022698388	-0.2865266	0.1245729	0.30821753	-0.4268449	1.0000004	0.14190115	-0.14291036	0.28347537	-0.2634031	0.18748611	-0.21719606	0.28584254	0.15417476	-0.20824204	0.23315947	0.037172318
-0.14025272	-0.10458717	0.0943325	-0.23200907	-0.33346128	-0.19729589	0.21500471	-0.5372694	0.20313689	0.23809874	-0.07588291	-0.09404422	-0.24777722	-0.3560825	0.03210041	-0.09949072	0.12085398	-0.24846415	0.14190115	1.0000004	0.104630716	0.096566685	-0.020615572	-0.08589233	-0.2671183	0.21169174	0.21985628	0.12589946	-0.039578464	0.2758346
0.15725437	0.118177176	-0.27302286	-0.22871071	-0.3256019	0.158507	0.17656194	-0.1834477	-0.090965986	0.083913796	0.25531337	0.10379362	0.052514896	-0.1841028	0.24355353	-0.41973048	-0.21067226	0.090358	-0.14291036	0.104630716	1.0000002	-0.23822905	0.2713295	-0.44653344	-0.09222833	-0.10827625	-0.004393745	0.25776762	-0.2953444	0.17056118
-0.3003156	-0.42271754	0.23253177	0.1267006	0.0015742851	-0.14851755	0.0621316	-0.0972177	0.2275142	0.15124455	-0.2978941	-0.2741123	-0.12222107	-0.05752553	-0.1395451	0.13327813	0.26470032	-0.4366747	0.28347537	0.096566685	-0.23822905	1.0000004	-0.37662923	0.17168005	-0.206275	0.25590765	0.08010463	-0.1697337	0.19876026	0.0014959408
0.21497697	0.18884957	-0.4133249	-0.1905429	-0.15561928	0.23034783	0.11694724	0.013560837	-0.17743309	-0.021069193	0.2585054	0.13918887	0.14128654	-0.007033877	0.18646859	-0.4549924	-0.21833494	0.15158911	-0.2634031	-0.020615572	0.2713295	-0.37662923	1.0000005	-0.3163869	-0.058313444	-0.18590248	-0.09415927	0.17349319	-0.13958408	0.0068543246
-0.17741929	-0.096288815	0.16616076	0.23291607	0.23784885	-0.116471834	-0.18317547	0.10795614	0.111125335	-0.09784237	-0.335309	-0.18475115	-0.10399978	0.16045377	-0.44229963	0.25799435	0.20775722	-0.13069735	0.18748611	-0.08589233	-0.44653344	0.17168005	-0.3163869	1.0000006	0.07951442	0.061543766	0.012464669	-0.34492832	0.27808982	-0.21092835
0.18134812	0.19325294	-0.0931427	0.09014907	0.19489664	0.14341491	-0.51918066	0.22008821	-0.24983957	-0.37597921	0.048306175	0.23070101	0.1686523	0.22034691	-0.06643333	0.124205776	-0.18820979	0.21516643	-0.21719606	-0.2671183	-0.09222833	-0.206275	-0.058313444	0.07951442	1.0000006	-0.32628718	-0.2269245	-0.07046571	-0.00032505958	-0.15207197
-0.39431328	-0.342385	0.24866404	0.015991503	-0.11594101	-0.35943243	0.18207622	-0.20554346	0.3067926	0.22055726	-0.23142591	-0.34648868	-0.33749172	-0.16802947	-0.074578114	0.051893394	0.26083362	-0.3577713	0.28584254	0.21169174	-0.10827625	0.25590765	-0.18590248	0.061543766	-0.32628718	1.0000006	0.2322603	-0.03191716	0.1244838	0.12733166
-0.33562553	-0.060429085	0.16112493	-0.17217937	-0.014506585	-0.32146966	0.10170095	-0.2427159	0.22614737	0.090226695	-0.2239849	-0.0913003	-0.56362283	-0.21410933	0.047827214	0.015055996	0.122478284	-0.15333681	0.15417476	0.21985628	-0.004393745	0.08010463	-0.09415927	0.012464669	-0.2269245	0.2322603	1.0000005	0.06681851	0.00019732236	0.18840384
0.12825148	0.13705371	-0.17045236	-0.48793703	-0.25398424	0.09335277	0.13973272	-0.16977249	-0.09192967	0.10352195	0.15786952	0.12711787	-0.002436458	-0.34460086	0.28729373	-0.16316645	-0.26307902	0.12219183	-0.20824204	0.12589946	0.25776762	-0.1697337	0.17349319	-0.34492832	-0.07046571	-0.03191716	0.06681851	1.0000005	-0.3799223	0.23227319
-0.18823409	-0.26752254	0.14140634	0.2525848	0.17116193	-0.12936004	-0.04873501	0.041556563	0.12779516	-0.014536492	-0.32433304	-0.21209846	-0.05865219	0.12678768	-0.5058567	0.17329156	0.2524212	-0.28959882	0.23315947	-0.039578464	-0.2953444	0.19876026	-0.13958408	0.27808982	-0.00032505958	0.1244838	0.00019732236	-0.3799223	1.0000005	-0.2279453
-0.033267725	-0.09590011	0.08446303	-0.37236446	-0.30211556	-0.13933243	0.17256844	-0.48103398	0.12620144	0.19667158	0.04312285	0.00015657289	-0.23938036	-0.36728212	0.15745482	-0.097992964	-0.056354232	-0.04451612	0.037172318	0.2758346	0.17056118	0.0014959408	0.0068543246	-0.21092835	-0.15207197	0.12733166	0.18840384	0.23227319	-0.2279453	1.0000005
