0.05264774693949015
1.1254039773301792
0.7409028603287264
0.22436887621708834
1.526629125409902
0.44694039935451824
1.595660741924952
0.01742911227214905
0.4899986118167794
0.5148362910564233
0.5916445456962474
1.8489521416565144
1.9752303213278473
1.9154128031228077
0.5264316271778924
0.4647469473790222
0.3750137663514379
1.247176321562731
0.7353814057185097
1.6253644392539979
1.999259090244046
0.15688482396135273
0.36508846179641985
0.02081188943143264
1.2653376820645768
1.8166365944263805
0.8585882091828532
1.227164622062638
1.6254607418928582
1.5500890077355194
0.7784749847087082
0.7896462413415426
0.9974876211286641
0.35799992608369946
1.2725919769528329
0.8990619574469079
1.8993380919448548
1.143077648927257
1.4385616350914612
1.092125872372633
1.7163198749663875
1.2753340402448015
1.7193444661163024
0.4965243596507589
0.9123235266326253
1.1847403735707314
1.5897851650188133
1.370240966107229
0.795548431298222
0.7841550657390883
0.7958282787483255
1.487142175364256
0.969913975473764
0.13592595554403908
0.8985090657119581
0.7043130894957157
0.35447990690670195
1.6776858358902078
1.089785937871572
0.6683289872398788
0.6899877855054977
0.36084062055549015
0.6092615872689588
1.7901284948580711
0.5402306383109814
0.8691018007383093
1.903517802138782
1.3049412491373553
1.7964890926295893
1.4267431163755964
0.14240984888809405
1.530610093579869
0.8701675245361828
1.342603186453024
0.7063173529197764
0.5549497378016541
0.6747337272184462
1.450263616799743
0.036266130976437605
0.4630158047131756
1.5713468995924131
1.1297541144776424
0.988663121222721
1.4806889486761874
0.1903508425598044
1.752782311684394
0.41046380719301134
0.48213443492835384
1.93108307301944
1.232422264948268
0.6711435512240143
1.9834750145939377
0.39223322487981993
0.1796367043464977
1.94274191528335
0.7580430641059819
1.8708559103944646
0.8510239485040225
0.9196794828196047
1.0430842150721547
0.47596978231169595
1.3044287854176686
1.0163232197177798
1.7368780834203659
0.8008382143690191
0.29756212091442213
0.9394124958913528
1.453540701226268
0.04239899156515836
1.509297244559778
1.8752071857107873
0.15169982061846432
0.32560612044985304
0.23855186319382704
0.12759922963166614
1.1248351267949386
0.45752772978687717
1.030802855830644
1.393138094176141
1.1680177634301592
1.2384747658759978
1.9888550475829527
0.7217569424604464
0.7444149279671077
1.836746080239393
0.459570329643606
1.6597506905645325
1.807820700890766
1.5608248465230834
1.4248978917474184
1.9933230299413374
0.2604218459251011
1.411660287207017
1.8144799975416557
1.4930025239443991
0.4740288844637983
0.1528052734294365
0.5041290687011559
0.8071693662838082
0.49365942407568997
1.3813645774895782
0.09448063768074344
0.5081519909770851
1.1331885869985667
1.2394435867282825
1.1606759622331904
1.008603179973413
1.5236344815203198
1.729213353976122
1.8802953384796366
0.5833546076771727
1.168885014792023
1.9599099400183364
0.6344382673532829
1.0135452392572217
0.7411242158203797
1.2668468729960445
1.5840671348150739
0.48983669199511604
1.9601366027470535
0.8041332278997675
0.1902239251260498
1.1749203960609589
1.5727975994852545
1.0854521573322116
1.8922689896672749
1.9272275088806186
1.705798898848037
0.6362293932648986
0.7386049914620871
0.28268937509180936
1.6135671308760313
1.2897239447454572
0.8595338986818084
0.6703919063445822
1.0856796780269127
1.2450337196829366
1.9871310548256846
0.08029925688530093
1.0332698618164382
1.7546729192560349
1.8351197997375779
0.2713845902358947
0.21155650017924987
0.9977132940522524
0.7374241005594078
1.8131358876431825
1.0495633691921855
1.7080220842893532
0.5717527514098315
0.5101555024689417
1.2391505680845634
0.5489211025664422
0.6323582802765861
0.9911849122486376
0.403151591467072
1.7952461730381895
1.9039735245634368
1.5004560529566406
0.07701978943839571
1.6270598932681906
1.5839891101929462
0.7401595663667464
1.5263669245344336
1.9444235996123114
1.1035328834120506
0.14044369045823824
1.6485448224742278
0.8733701987877742
0.5654508526540072
0.743581427527912
1.4806815163268527
1.4224231324104382
1.8730874701707156
0.44413956969918744
1.8268230597027606
0.1308584381844009
1.9581465352572072
0.8393521974576794
0.715690901098589
1.0192794974018746
1.259428208709654
0.5053160229726841
0.10993620567363882
1.0606905452828679
0.9643551943598929
1.8280639867584634
0.8836463114828323
0.5938518401925643
0.5144651956428381
1.8467434368618685
1.156013612397414
0.6806052283893693
0.2395137728962169
0.19217328448098625
0.37265810230076224
1.8417377522553064
1.3323658413353408
0.9778846851062211
1.255831415288429
1.8836682894656567
0.0638259956770082
0.003556842359358825
0.024767356156544462
0.4534661192281062
0.5161741445953227
1.9970003854937253
1.440977481663703
1.617248827084115
0.9387258138323673
1.5502408247489627
1.8680017064371506
0.09102121010034336
1.4466282834551718
0.05071363707774923
1.2748522815738366
0.04572690218815767
1.0417767753496852
1.0240816166916873
0.18846557443194234
0.3736347920584948
0.7474899247095192
1.223070559371067
0.8169747053242034
0.5197015387289505
0.46643614522258114
1.8170458823581863
0.931837857351397
0.16620548962738302
1.7439194372025348
0.5003785994868275
0.7190676261197131
0.13156739638425963
1.2240123750934244
0.05251645146792239
1.3967027451473553
1.882889939338033
0.048632670154174606
1.1799280096208509
0.710909915721313
0.21875378882243024
0.857285624397842
0.1036151723341443
0.30788757816944057
0.680537916454711
0.048779889215598615
0.43834979151011555
1.4932152507797662
1.5915065820781826
0.3823426886621777
1.427951364290999
1.381035572545661
0.5473407610935632
1.1956570063149954
0.9103391930878264
1.3612465020613937
1.6678366085769787
0.7142465711747206
1.993938848268109
1.9822581182075778
0.41442099489110795
0.371065675036808
1.0254835000779803
0.8406973860089406
1.4310089664868495
0.8490950402584958
1.7492094426467217
1.8580336800598731
1.5043517632243966
0.025947919058076918
1.2779535556580126
0.03995120318238232
1.8496101429485936
0.7624808237762539
1.3820863232032607
0.6602172429139983
1.4923175665321315
0.24991533886421524
1.2136655863573294
0.7412790745734268
1.1843069630765797
1.194860410106062
1.5571607608178322
1.8965977872985775
0.8173059841898627
0.5057170319086577
0.7731675734028747
0.8287171049591466
1.6747335300621389
1.022961777462764
0.7021349575565401
0.9117697473881734
0.9512086626664167
1.119560319619008
0.13345081718583796
0.4162681944340203
1.2846796871485324
1.0132585104369134
1.0975715426123491
1.35241412318
1.8005510790002694
0.9244609722971693
0.3026788257169817
1.055842214118562
1.2781561322544481
0.7696888135981399
1.0126799507675313
0.355936426922018
1.1837535157407537
1.266074838968844
0.5226053150016763
0.0039062299299941206
0.17112022145291217
1.7401378893945247
1.6883059579569717
0.41456069026187614
1.9182351676970109
1.7640501687359296
1.5619989243224004
0.7651287056868077
1.0051008195510536
1.4723446597951542
0.22288461789589498
0.2716775508069569
0.2532744717721105
0.19634115759096527
0.5134631578964792
1.0847029565588533
1.3309024313040378
1.4737011254442924
0.1586483720330254
1.6400607222297834
1.2577425723872626
0.9450188802455413
0.45331347368329644
1.144592432904454
0.7966677446753867
1.7150746391490048
0.9214821018388764
0.1097169583709312
1.1669113189206544
1.2597266937146563
0.3519690983335142
1.619080882599148
1.292987027793721
1.870190730060101
1.7668891759507006
1.3388826275385688
1.0133698842168612
1.296762304039154
0.3449221969978993
0.21564722294619787
1.2210876717332084
0.966576515855577
1.4134484001502505
1.8286458282024447
0.6463745140546444
0.10633528562164396
1.253279309785912
1.7717891153723433
1.5296960999399996
1.4265936186172514
0.09366120328069583
0.8684412965387727
1.4361157312838881
1.0811265058113877
0.5473654100911491
0.29452213288758133
0.471170681380747
1.9017129713848497
0.3372635930449801
0.6105533614553302
0.8867407299639349
0.4235871421576973
1.0231318053737761
1.4845287996112608
0.5010618452996038
0.8637184497858277
1.0897832038851325
1.7868097997644345
1.9274888031213986
0.08464941898996692
1.5723970787163972
1.3053638292721852
1.7450762659984342
0.4328835237031181
0.3567998469480793
0.08815158725141292
0.9930650027177528
1.9755266303837244
0.35183694502616625
0.6395394468717497
0.4786516668852978
1.492444598606089
0.6674117495688827
