0.7775684836444219
1.0015442641198724
1.8517821289631833
0.14254170301135005
1.2184095498529142
1.8204581476815944
0.21892975415357885
1.3428260664747744
1.6998788781536434
1.4529314491538656
0.30994719630369416
1.6585343812993338
1.6246181007702378
1.4732165985220183
0.06657001812150631
1.627535499188785
1.850781520211959
0.43777899650135077
0.663739609621155
0.6159576446802941
1.8125666853936808
0.9978741243102907
1.3121764251231933
1.707785433648589
1.8353382370351587
1.5392545138512128
0.34016479880137496
1.707084356183823
0.058860603100093334
0.3538532998020445
1.797478198665484
0.3046916281300991
0.19243644619585965
0.4702384951041194
1.978317635795879
0.014175629792501976
0.9024581726882852
0.49019230275491754
0.20438701939152182
1.763443347463223
1.598325465778255
1.687087437607737
0.14995161164134374
1.7537032150167893
1.130917675539624
0.354444293789278
1.688759571221294
1.6734069425714668
1.7417983247361393
0.9134033967570572
0.6917685789819039
1.6891223606353094
1.6780707678340414
1.7351293231262956
1.31865784964559
1.617731604709499
0.4597943922316239
1.7463766106666567
1.5197855557265776
1.5113907176217312
0.5315426493424982
0.20852976426552616
0.5280594974395241
1.143483809418463
1.5100583916783992
0.9502457898044991
0.021864055041606267
1.648075219669393
1.9991466035212841
1.6694202071631121
0.5089300244954207
0.4661282183196318
0.7789618483802405
1.780459925776657
0.5681423262287599
0.5978019605009999
1.741591787591979
0.9611306694959398
1.8189336830775635
1.335505118914515
0.34808790625397346
0.2957854671043405
1.0894126538781252
1.2837672180542672
0.6022699075194458
1.9237489616962369
0.4855689566053414
0.38401790986026096
0.8802268678032235
1.245104891644964
1.1264338949694086
0.0384899954616571
1.5232246772823594
1.6164773626751043
1.9498608826851698
0.7400989111480456
1.7799607880957513
1.5809409282742488
1.200024834018834
0.9644987588119591
0.772263463616657
0.5876927989924823
1.8078486279676258
1.726610207519488
0.9666579296109308
1.8129152946807878
1.613288617277964
1.9691212911754812
1.3173547010034328
1.3769428119284164
1.4237964118069648
0.2290042724397876
1.3143935631398505
0.6304181702256717
0.07057228948485039
1.1931330997368244
1.6680326433618002
0.8505372288469941
0.25240194597686183
1.1057974442134109
0.6518407615695554
1.770821017860872
0.8067491696811806
1.0994816488969268
0.4829397202270036
1.4449456832539538
0.837745838890215
1.1696214455398832
1.6037961510238785
0.6628679806829585
0.9173881555292027
1.9213896968077868
1.2458904929240746
1.5688656660391394
1.7271082295772349
0.9798922618357555
1.561371328299322
1.3681329717706114
1.1822148168664528
1.7635662076432712
1.1483222477719024
0.30503356141760696
1.1572308442267547
0.010264996100964652
0.13033488547796845
1.5192113007006525
1.8621876586228494
0.5495328949296105
1.8237728993628124
1.466777817128209
1.8210107965932862
1.2408115701248352
0.8352419775381958
0.8124938179018006
0.8816301211990074
0.8833997676034115
0.8550670066149204
0.7734414140645542
0.36071723458975824
0.4582305285394488
0.9872369391299554
0.050084645207731926
0.5957823111355287
0.5296050207505343
0.6742893504459166
1.8697632436501899
1.9077769836487348
0.8402966000529453
1.6139968681489543
1.2332760667656106
1.746538974703121
0.7350261680467671
0.5907991274118807
0.4058657328649158
1.7962728512785384
1.9287035491463047
0.7405551452099366
1.8874544808327613
0.1304111374635315
1.8631110311128105
1.1055368424890484
0.7923670450509059
1.4541864481760691
1.3719454313489952
1.192493705696466
1.5435505126704019
0.7888420034596264
1.5762436190439924
1.891690549645662
1.248301845755728
1.7237516889391062
0.9029663993923012
0.27644810852420343
1.1879374364424629
1.9260327692427122
1.303499104515314
1.8177962160719068
1.324588029871387
0.17955401459330256
1.5627584533105852
0.24937735433753572
1.1403707091058255
1.6085948821948493
0.5519246500784125
0.5153661622786354
1.9305605855940555
1.4082435785149456
1.095891343417319
1.6962553397803148
1.2126516110859393
1.112641917789014
1.5481925203238127
1.5466682103738698
0.9216420939960153
1.4474464566046092
0.1953682964314747
1.9543561100584126
1.4624004508819377
1.568057812255562
1.0395809564317244
0.7823550309975358
1.0546904144989542
0.9699382020396552
0.7313156329882438
1.1340335734047986
1.9955438545907818
0.4634174690561723
1.6283923364130959
1.2953622443817756
0.47365636210924644
0.0957814529647969
0.006017615845451463
1.8141920362703556
0.8645300640983153
0.2778056173803287
0.5931060479820061
1.5635582550711173
1.210023116567478
1.1835492314764562
0.9843631405453992
1.177012123872011
1.0174513474019071
0.9376431383396797
0.631919655715901
1.6040310351377087
1.1446311907519289
0.6960478317062053
1.0631792868995764
1.6277291192326253
0.7532917238441368
0.29617483253488874
1.1745981334831093
0.9100611716903355
1.369338162010589
0.8182338974596797
0.6744753248575568
1.4922180660317144
0.7401116839125972
1.112289499792271
1.5438306613186359
1.8858018780220938
0.9634370001146126
0.8511891505353124
0.8631298181533174
1.2896328756630557
1.6112373446486148
0.4208196780997182
0.88846292503555
1.484614192376754
1.8781027015611134
1.792774488370204
0.9674569819192513
1.7743955671421145
0.623942820258971
0.5974602863023089
1.7343514481868807
0.3661071745369866
1.6116656196347092
1.6702791455142507
1.8635644163941107
0.7469001535222217
0.15312627535086132
0.07073637211381945
0.6991311677611416
1.913793785523716
1.4203265254022726
1.4105580115752845
0.5010987149442001
1.1358879628857637
0.15786516277984552
1.9951123914959765
1.7382005205320892
0.8644030560170408
0.6031503549922292
1.1335646023508161
0.6233971981899014
1.3329843106586743
0.8427819918703703
1.602410912592888
0.8538349313717442
0.1050957511312709
1.448413695117814
0.09707214333570269
0.3041615968270823
0.07139091783041573
0.6714654387534049
1.15370135502482
1.4698084733681014
1.2711506115090032
0.651023002791107
0.8038846239005155
1.4374236836599474
0.5751603139512056
0.13988594608364546
1.3367030832868
0.06869540841173705
1.8764155973592946
0.6511119531134941
1.5219086939831192
1.6214321465369437
0.01735780432319567
1.77517354058391
1.23621316949513
1.0450908125548595
0.29395219005181605
0.17415855531392532
0.7454712090992635
1.1506211687617234
0.8447647400754859
1.66067405130981
0.8412817134157844
0.6309008811428849
1.5049491122621188
1.259620680753786
0.3822894149490923
1.5105721807859727
0.4329291261718331
1.1188271221144166
1.7391092719869923
0.6023741943188496
0.05455695921479897
1.2031260998432898
0.08292561326973247
1.2838703429568241
0.4958340220085429
1.8536951496958165
0.7742873790264946
1.9852628682992841
1.8955061342499544
1.922626856604141
1.8430117037083893
1.636614096899895
1.8848154058857642
0.21381916337414086
1.0864957684919783
0.5713621553527861
0.4583784278708771
1.333637918260475
1.1716375071941978
1.39898682871304
1.2172357324839809
1.912211423673527
0.5555117190383481
0.7784284490069591
1.8728830105813428
0.11964469499429375
1.82610409835282
0.17960011056013503
1.4629361064017719
0.9764009537497025
1.9476592506417938
1.6535288296764032
0.1701996493854423
0.31428896226393177
1.0304121610610446
1.7632545530084143
0.10429251758709857
1.9436917069054704
0.057067292214149745
1.6562259436947833
1.1609785933127488
1.3288769606804034
0.6894004377953502
0.8056375459142713
0.7795063291249333
0.11438585923758438
1.3296152641764463
0.36565627519566846
1.0533046620201694
0.7694943292642897
0.10339469504526067
1.8775866718657825
1.3880017549710817
0.8661490060515047
0.02714864477289214
0.05101289249803864
0.19911158911489046
1.5159765263492957
0.20429928340420012
1.6936005587324774
1.963403328406473
1.7733251474104164
0.46155459935419807
1.1071407656917014
0.8918641054964633
0.14392798683849972
0.18260112526756545
0.1345058827530352
1.9574448171572283
0.37382594782667167
0.30143639275954537
1.7333916124999122
1.3202869340572578
0.5545020262344333
0.3194399923604181
1.8004200022010504
1.6754761040345403
0.6089746277259867
0.019920645752645294
1.6311437770108703
1.1393788508756295
0.09019891149503567
1.53465752802164
0.8365604880713755
1.090889024281131
1.2706077488400431
1.9395269376198259
1.8312485100923144
0.5049962062931317
0.634787665244148
0.7496884224957732
0.6204075329201786
0.23301166212181768
0.3734845248274481
0.006526598959478491
