1.0	0.29309854	-0.23735495	0.25287953	-0.1762817	-0.39462864	0.19650912	0.19976535	-0.3578176	-0.19764623	-0.18762013	-0.29089847	0.060671706	0.19756484	0.1694762	-0.2715515	0.003830383	-0.06690822	0.03225697	-0.17437156	-0.40242973	0.14735223	0.19057187	-0.29841945	-0.1916652	0.24726652	0.22029066	-0.27621937	0.13231152	0.18000317
0.29309854	1.0000004	-0.25280336	0.2008494	-0.17488472	-0.45297492	0.24708886	0.23597161	-0.23365504	-0.27265817	-0.16152641	-0.39260334	0.13150896	0.25692698	0.09554723	-0.19742297	0.06203034	-0.039957415	-0.011076228	-0.31027922	-0.30589283	0.12403021	0.15733323	-0.31007904	-0.041098356	0.24993344	0.19765083	-0.28566682	0.08936005	0.10128757
-0.23735495	-0.25280336	1.0000002	0.022541434	0.27320418	0.10650727	-0.4205617	-0.08346278	0.21050832	0.07701665	0.16664411	0.14985204	-0.058996685	-0.0895772	-0.2794256	0.23560855	0.16746053	0.1720231	-0.29398736	0.11267742	0.005795547	-0.23245929	-0.20011446	0.29366595	0.09809271	-0.31678355	-0.31730467	0.24033159	-0.30660936	-0.24244669
0.25287953	0.2008494	0.022541434	1.0000004	0.029434603	-0.3690248	0.03080895	0.17570783	-0.23550406	-0.17742866	-0.1454275	-0.13649681	-0.017328665	0.12353409	0.033439487	-0.12583964	0.09975053	0.0430094	-0.05340356	-0.08843267	-0.57850945	0.004970187	0.05328064	-0.09911664	-0.13795798	0.12572837	0.07113774	-0.21741006	0.024836384	0.09000933
-0.1762817	-0.17488472	0.27320418	0.029434603	1.0000002	0.05366378	-0.15697815	-0.020685147	0.14156255	0.069106504	0.20917082	0.1628108	-0.14661945	-0.104801714	-0.34871432	0.22941302	0.22484219	0.2010599	-0.36750472	0.07473776	-0.015604389	-0.31314465	-0.23196231	0.25546098	0.21980889	-0.1750002	-0.344536	0.20944588	-0.31647775	-0.46047732
-0.39462864	-0.45297492	0.10650727	-0.3690248	0.05366378	1.0000005	-0.2048486	-0.30458775	0.2211651	0.22364824	0.13136028	0.23591274	-0.063180976	-0.38069186	-0.040155914	0.088191606	-0.18743764	-0.13512889	0.08319875	0.19950579	0.22168207	-0.002109426	-0.03863222	0.15677606	0.053540908	-0.14602797	-0.14079382	0.16265446	-0.010032105	-0.06752589
0.19650912	0.24708886	-0.4205617	0.03080895	-0.15697815	-0.2048486	1.0000005	0.21132499	-0.2992731	-0.24191111	-0.2597754	-0.18498611	0.14849283	0.21309638	0.08563124	-0.26332653	-0.00929571	-0.071613416	0.051597495	-0.37103662	-0.06368098	0.16726315	0.18045828	-0.40286028	0.051634397	0.2603686	0.20631412	-0.28488106	0.11220854	0.072267175
0.19976535	0.23597161	-0.08346278	0.17570783	-0.020685147	-0.30458775	0.21132499	1.0000005	-0.2782639	-0.43823698	-0.30819914	-0.33181414	0.21219586	0.29715315	-0.054541137	-0.108777575	0.16881363	0.10798074	-0.18506542	-0.4318074	-0.15774012	0.034732293	0.02193602	-0.11332511	-0.0015786549	0.15051843	0.19275267	-0.15886709	-0.051332504	0.019467395
-0.3578176	-0.23365504	0.21050832	-0.23550406	0.14156255	0.2211651	-0.2992731	-0.2782639	1.0000005	0.1841129	0.16126804	0.23246776	-0.03967308	-0.30963197	-0.11369642	0.19720717	0.015405688	0.062301945	-0.052862763	0.17965427	0.1772094	-0.07064554	-0.27444783	0.22715575	0.074803725	-0.3299881	-0.43913227	0.27050444	-0.21455528	-0.106146045
-0.19764623	-0.27265817	0.07701665	-0.17742866	0.069106504	0.22364824	-0.24191111	-0.43823698	0.1841129	1.0000005	0.2513266	0.28596234	-0.44980234	-0.41967595	-0.022618752	0.0704041	-0.16206393	-0.066842735	0.07809081	0.31211814	0.070282824	-0.07367415	-0.07997474	0.15880021	0.026038926	-0.1453655	-0.24624272	0.15854894	0.039265893	-0.010562213
-0.18762013	-0.16152641	0.16664411	-0.1454275	0.20917082	0.13136028	-0.2597754	-0.30819914	0.16126804	0.2513266	1.0000005	0.24777345	-0.49375802	-0.25298724	-0.19560693	0.1803159	0.064075716	0.07259658	-0.16596672	0.25435793	0.0622299	-0.29239702	-0.1466681	0.22573143	0.18365453	-0.15189016	-0.28093305	0.20197837	-0.108669534	-0.26103017
-0.29089847	-0.39260334	0.14985204	-0.13649681	0.1628108	0.23591274	-0.18498611	-0.33181414	0.23246776	0.28596234	0.24777345	1.0000005	-0.3346073	-0.4670379	-0.13713641	0.15049182	-0.05094908	-0.0083408905	0.013342137	0.27866697	0.11422761	-0.10529107	-0.10429418	0.21340549	0.088053234	-0.29311916	-0.35161746	0.21865708	-0.03771028	-0.16469517
0.060671706	0.13150896	-0.058996685	-0.017328665	-0.14661945	-0.063180976	0.14849283	0.21219586	-0.03967308	-0.44980234	-0.49375802	-0.3346073	1.0000004	0.23017347	0.09951345	-0.053356204	-0.0052851797	-0.00560494	0.014682067	-0.38754955	0.06696446	0.13711157	0.035434943	-0.15139636	-0.16421361	0.08476955	0.1893069	-0.102644145	-0.011514014	0.074733526
0.19756484	0.25692698	-0.0895772	0.12353409	-0.104801714	-0.38069186	0.21309638	0.29715315	-0.30963197	-0.41967595	-0.25298724	-0.4670379	0.23017347	1.0000004	0.040987805	-0.08168173	0.11059683	0.06433118	-0.07850766	-0.41890746	-0.050571773	0.056026816	0.043079548	-0.18791585	-0.031694178	0.16319752	0.22795375	-0.17997156	0.0006929299	0.028374016
0.1694762	0.09554723	-0.2794256	0.033439487	-0.34871432	-0.040155914	0.08563124	-0.054541137	-0.11369642	-0.022618752	-0.19560693	-0.13713641	0.09951345	0.040987805	1.0000002	-0.31178984	-0.3792803	-0.16728134	0.26711664	-0.019206496	-0.07044996	0.2659342	0.18974452	-0.30749932	-0.45352015	0.15555993	0.19825582	-0.22323988	0.22366366	0.29933262
-0.2715515	-0.19742297	0.23560855	-0.12583964	0.22941302	0.088191606	-0.26332653	-0.108777575	0.19720717	0.0704041	0.1803159	0.15049182	-0.053356204	-0.08168173	-0.31178984	1.0000002	0.16850923	0.20259038	-0.11736756	0.11961903	0.17195739	-0.43338308	-0.42465612	0.28832343	0.11909896	-0.3846537	-0.1736461	0.295539	-0.22233905	-0.34743527
0.003830383	0.06203034	0.16746053	0.09975053	0.22484219	-0.18743764	-0.00929571	0.16881363	0.015405688	-0.16206393	0.064075716	-0.05094908	-0.0052851797	0.11059683	-0.3792803	0.16850923	1.0000004	0.28444678	-0.42195106	-0.11499729	-0.05621157	-0.34021395	-0.25798136	0.12291182	0.15634552	-0.050011072	-0.072669335	0.08830303	-0.40301856	-0.2259203
-0.06690822	-0.039957415	0.1720231	0.0430094	0.2010599	-0.13512889	-0.071613416	0.10798074	0.062301945	-0.066842735	0.07259658	-0.0083408905	-0.00560494	0.06433118	-0.16728134	0.20259038	0.28444678	1.0000005	-0.31711242	-0.042368498	0.022252517	-0.36323953	-0.42403862	0.16622697	0.057751395	-0.11658659	-0.025965557	0.16450322	-0.55247253	-0.2175887
0.03225697	-0.011076228	-0.29398736	-0.05340356	-0.36750472	0.08319875	0.051597495	-0.18506542	-0.052862763	0.07809081	-0.16596672	0.013342137	0.014682067	-0.07850766	0.26711664	-0.11736756	-0.42195106	-0.31711242	1.0000004	0.062698215	0.072944604	0.21456048	0.14878224	-0.1972003	-0.32860714	0.017889746	0.13304356	-0.10133568	0.2514187	0.25036743
-0.17437156	-0.31027922	0.11267742	-0.08843267	0.07473776	0.19950579	-0.37103662	-0.4318074	0.17965427	0.31211814	0.25435793	0.27866697	-0.38754955	-0.41890746	-0.019206496	0.11961903	-0.11499729	-0.042368498	0.062698215	1.0000002	0.04514898	-0.15354143	-0.05961606	0.18355496	0.012686841	-0.16448732	-0.2386235	0.1574838	0.018880442	-0.03652034
-0.40242973	-0.30589283	0.005795547	-0.57850945	-0.015604389	0.22168207	-0.06368098	-0.15774012	0.1772094	0.070282824	0.0622299	0.11422761	0.06696446	-0.050571773	-0.07044996	0.17195739	-0.05621157	0.022252517	0.072944604	0.04514898	1.0000002	-0.09996117	-0.18443473	0.10942552	0.058879185	-0.2086731	-0.025787473	0.19885051	-0.07926402	-0.09859786
0.14735223	0.12403021	-0.23245929	0.004970187	-0.31314465	-0.002109426	0.16726315	0.034732293	-0.07064554	-0.07367415	-0.29239702	-0.10529107	0.13711157	0.056026816	0.2659342	-0.43338308	-0.34021395	-0.36323953	0.21456048	-0.15354143	-0.09996117	1.0000004	0.2643761	-0.34278893	-0.1924507	0.18652353	0.145502	-0.24644445	0.2524143	0.2609834
0.19057187	0.15733323	-0.20011446	0.05328064	-0.23196231	-0.03863222	0.18045828	0.02193602	-0.27444783	-0.07997474	-0.1466681	-0.10429418	0.035434943	0.043079548	0.18974452	-0.42465612	-0.25798136	-0.42403862	0.14878224	-0.05961606	-0.18443473	0.2643761	1.0000002	-0.28453794	-0.019027153	0.2514286	0.13528226	-0.4049786	0.27499127	0.18870196
-0.29841945	-0.31007904	0.29366595	-0.09911664	0.25546098	0.15677606	-0.40286028	-0.11332511	0.22715575	0.15880021	0.22573143	0.21340549	-0.15139636	-0.18791585	-0.30749932	0.28832343	0.12291182	0.16622697	-0.1972003	0.18355496	0.10942552	-0.34278893	-0.28453794	0.99999994	0.111454256	-0.4091852	-0.24564768	0.29820776	-0.22974698	-0.231344
-0.1916652	-0.041098356	0.09809271	-0.13795798	0.21980889	0.053540908	0.051634397	-0.0015786549	0.074803725	0.026038926	0.18365453	0.088053234	-0.16421361	-0.031694178	-0.45352015	0.11909896	0.15634552	0.057751395	-0.32860714	0.012686841	0.058879185	-0.1924507	-0.019027153	0.111454256	0.9999998	0.011373105	-0.28299406	0.07865942	-0.1255055	-0.43153518
0.24726652	0.24993344	-0.31678355	0.12572837	-0.1750002	-0.14602797	0.2603686	0.15051843	-0.3299881	-0.1453655	-0.15189016	-0.29311916	0.08476955	0.16319752	0.15555993	-0.3846537	-0.050011072	-0.11658659	0.017889746	-0.16448732	-0.2086731	0.18652353	0.2514286	-0.4091852	0.011373105	0.9999998	0.19984017	-0.50693625	0.15592277	0.13842212
0.22029066	0.19765083	-0.31730467	0.07113774	-0.344536	-0.14079382	0.20631412	0.19275267	-0.43913227	-0.24624272	-0.28093305	-0.35161746	0.1893069	0.22795375	0.19825582	-0.1736461	-0.072669335	-0.025965557	0.13304356	-0.2386235	-0.025787473	0.145502	0.13528226	-0.24564768	-0.28299406	0.19984017	0.99999976	-0.26346958	0.122282475	0.209792
-0.27621937	-0.28566682	0.24033159	-0.21741006	0.20944588	0.16265446	-0.28488106	-0.15886709	0.27050444	0.15854894	0.20197837	0.21865708	-0.102644145	-0.17997156	-0.22323988	0.295539	0.08830303	0.16450322	-0.10133568	0.1574838	0.19885051	-0.24644445	-0.4049786	0.29820776	0.07865942	-0.50693625	-0.26346958	0.9999998	-0.25432867	-0.23724236
0.13231152	0.08936005	-0.30660936	0.024836384	-0.31647775	-0.010032105	0.11220854	-0.051332504	-0.21455528	0.039265893	-0.108669534	-0.03771028	-0.011514014	0.0006929299	0.22366366	-0.22233905	-0.40301856	-0.55247253	0.2514187	0.018880442	-0.07926402	0.2524143	0.27499127	-0.22974698	-0.1255055	0.15592277	0.122282475	-0.25432867	0.99999976	0.22536631
0.18000317	0.10128757	-0.24244669	0.09000933	-0.46047732	-0.06752589	0.072267175	0.019467395	-0.106146045	-0.010562213	-0.26103017	-0.16469517	0.074733526	0.028374016	0.29933262	-0.34743527	-0.2259203	-0.2175887	0.25036743	-0.03652034	-0.09859786	0.2609834	0.18870196	-0.231344	-0.43153518	0.13842212	0.209792	-0.23724236	0.22536631	0.99999976
