1.0000001	0.1297897	-0.12900412	-0.4538153	0.21585608	0.2460925	-0.051902514	-0.27376136	-0.23062682	0.21700215	-0.37524065	-0.2217144	-0.3671164	-0.3655899	-0.069025666	0.2152504	-0.42028195	-0.30760834	0.27808747	-0.2111091	0.25248614	0.22477873	0.004428248	-0.16659713	-0.30822703	0.24134123	0.3082198	0.27331775	0.054519683	0.29049313
0.1297897	1.0000001	-0.21846128	-0.13262603	0.22998737	0.17184317	-0.15141016	0.013490744	-0.3729898	0.1510954	-0.23067065	-0.091380335	0.06299207	-0.0530394	0.23677431	0.1569177	-0.171261	-0.2438483	0.0648284	-0.14738451	0.093106896	-0.016741965	0.103211865	-0.28531653	-0.41417244	0.13259564	0.09869153	0.18715405	-0.38695067	0.08382489
-0.12900412	-0.21846128	0.9999998	0.18762225	-0.31099293	-0.29444924	0.2808931	0.10354593	0.20812692	-0.43932453	0.21666326	0.19203387	0.050152592	0.1833338	-0.13716623	-0.32252875	0.17598687	0.20935236	-0.17959729	0.20164938	-0.19319332	-0.11335664	-0.42763767	0.29665533	0.25029546	-0.25630537	-0.18131128	-0.26922947	0.09777613	-0.18147969
-0.4538153	-0.13262603	0.18762225	0.99999994	-0.20315973	-0.22450338	0.094571605	0.24919073	0.22589567	-0.2920616	0.25608167	0.24012738	0.2351841	0.27419135	0.046360448	-0.20032832	0.30345997	0.2681275	-0.448566	0.24475092	-0.30795678	-0.2374154	-0.06879233	0.17863142	0.21025853	-0.24671309	-0.4750216	-0.38420972	-0.02450892	-0.31472152
0.21585608	0.22998737	-0.31099293	-0.20315973	1.0	0.23564139	-0.31727648	-0.11494922	-0.3155239	0.28497675	-0.37617996	-0.25254902	-0.09950512	-0.26475146	0.04928382	0.26001137	-0.24307081	-0.18462445	0.16573982	-0.2472623	0.20104896	0.1699545	0.18662252	-0.44921207	-0.45021906	0.25420287	0.19840683	0.25448504	-0.069471434	0.19257511
0.2460925	0.17184317	-0.29444924	-0.22450338	0.23564139	1.0	-0.10112576	-0.27515042	-0.42412844	0.2508889	-0.23537336	-0.22005656	-0.14545333	-0.4137318	-0.024056561	0.21110713	-0.29876313	-0.5004352	0.24542457	-0.3185195	0.25319654	0.23021792	0.06909824	-0.2059616	-0.31444427	0.2817943	0.24586982	0.30875194	-0.0071809767	0.25345516
-0.051902514	-0.15141016	0.2808931	0.094571605	-0.31727648	-0.10112576	0.99999976	-0.021097213	0.079309806	-0.33324885	0.10894833	0.077164784	-0.008812248	0.073866986	-0.10714888	-0.18560274	0.10023535	0.05788557	-0.032976214	0.055443313	-0.039613843	-0.00932216	-0.70016766	0.24782613	0.18756251	-0.11697489	-0.1202152	-0.12343621	0.06253379	-0.005871941
-0.27376136	0.013490744	0.10354593	0.24919073	-0.11494922	-0.27515042	-0.021097213	0.9999997	0.19167988	-0.14879087	0.2077803	0.2569313	0.2685093	0.26025155	0.19247562	-0.15691963	0.26532283	0.21909459	-0.2998076	0.24251708	-0.43363145	-0.48762205	0.015328439	0.12813058	0.08707822	-0.22632825	-0.356771	-0.28323305	-0.26048985	-0.36271676
-0.23062682	-0.3729898	0.20812692	0.22589567	-0.3155239	-0.42412844	0.079309806	0.19167988	0.99999964	-0.19511211	0.2701447	0.2316581	0.10301876	0.24606216	-0.090039685	-0.21077248	0.23228528	0.29271835	-0.26961246	0.2715343	-0.3338595	-0.27521768	-0.028066102	0.23858322	0.24347788	-0.36482927	-0.18139496	-0.39215586	0.07007352	-0.22019368
0.21700215	0.1510954	-0.43932453	-0.2920616	0.28497675	0.2508889	-0.33324885	-0.14879087	-0.19511211	0.9999995	-0.21824707	-0.18542346	-0.17949982	-0.400314	-0.01056202	0.24131542	-0.18972073	-0.23340516	0.18358073	-0.31553775	0.2035522	0.1870494	0.18080683	-0.34563527	-0.35438856	0.25523838	0.2325126	0.2635768	-0.015834147	0.20555499
-0.37524065	-0.23067065	0.21666326	0.25608167	-0.37617996	-0.23537336	0.10894833	0.2077803	0.2701447	-0.21824707	0.99999964	0.27853993	0.19774836	0.23234826	-0.052404672	-0.43552756	0.24256903	0.2741974	-0.25226113	0.28724813	-0.3310546	-0.30007344	-0.05425925	0.2681087	0.2368886	-0.39311922	-0.2883809	-0.23705624	0.023556387	-0.32092083
-0.2217144	-0.091380335	0.19203387	0.24012738	-0.25254902	-0.22005656	0.077164784	0.2569313	0.2316581	-0.18542346	0.27853993	0.9999996	0.25494516	0.22583029	0.098456934	-0.45123002	0.24715951	0.25607836	-0.41294265	0.258035	-0.46266383	-0.29478192	-0.06047523	0.22429638	0.1397825	-0.3525636	-0.21381351	-0.26658207	-0.15006039	-0.34473902
-0.3671164	0.06299207	0.050152592	0.2351841	-0.09950512	-0.14545333	-0.008812248	0.2685093	0.10301876	-0.17949982	0.19774836	0.25494516	0.9999996	0.2089242	0.21648285	-0.3075557	0.2455662	0.18708023	-0.32010898	0.19786026	-0.3072528	-0.25714004	0.057498988	0.08560074	0.0591555	-0.23712543	-0.37477535	-0.13262318	-0.28912988	-0.40456614
-0.3655899	-0.0530394	0.1833338	0.27419135	-0.26475146	-0.4137318	0.073866986	0.26025155	0.24606216	-0.400314	0.23234826	0.22583029	0.2089242	0.99999976	0.105171494	-0.15675063	0.26331833	0.26278037	-0.29075322	0.27059808	-0.28713423	-0.3604309	-0.025350029	0.18740071	0.195049	-0.33871144	-0.2872399	-0.42820087	-0.07367399	-0.24340135
-0.069025666	0.23677431	-0.13716623	0.046360448	0.04928382	-0.024056561	-0.10714888	0.19247562	-0.090039685	-0.01056202	-0.052404672	0.098456934	0.21648285	0.105171494	0.99999976	0.035105616	0.12226247	-0.0111213075	-0.18983443	-0.017564002	-0.11934473	-0.21906348	0.10298128	-0.1213197	-0.112946644	-0.058359567	-0.14218356	-0.002476871	-0.61876315	-0.101930834
0.2152504	0.1569177	-0.32252875	-0.20032832	0.26001137	0.21110713	-0.18560274	-0.15691963	-0.21077248	0.24131542	-0.43552756	-0.45123002	-0.3075557	-0.15675063	0.035105616	0.9999998	-0.18575428	-0.3114569	0.21267593	-0.3223932	0.26047978	0.20332228	0.10828327	-0.384619	-0.21951208	0.2882264	0.214143	0.20754468	-0.01459835	0.2512182
-0.42028195	-0.171261	0.17598687	0.30345997	-0.24307081	-0.29876313	0.10023535	0.26532283	0.23228528	-0.18972073	0.24256903	0.24715951	0.2455662	0.26331833	0.12226247	-0.18575428	0.99999976	0.2664923	-0.4051779	0.22925362	-0.2568748	-0.25196564	-0.0953753	0.16973248	0.20798929	-0.22498302	-0.4312776	-0.36851752	-0.13664544	-0.39193296
-0.30760834	-0.2438483	0.20935236	0.2681275	-0.18462445	-0.5004352	0.05788557	0.21909459	0.29271835	-0.23340516	0.2741974	0.25607836	0.18708023	0.26278037	-0.0111213075	-0.3114569	0.2664923	0.99999994	-0.37008694	0.27956578	-0.2905433	-0.20440811	-0.016951239	0.20666766	0.22665934	-0.39556682	-0.30117846	-0.3306202	0.022037208	-0.326837
0.27808747	0.0648284	-0.17959729	-0.448566	0.16573982	0.24542457	-0.032976214	-0.2998076	-0.26961246	0.18358073	-0.25226113	-0.41294265	-0.32010898	-0.29075322	-0.18983443	0.21267593	-0.4051779	-0.37008694	0.99999994	-0.19824937	0.29289198	0.25618285	0.01910535	-0.16311505	-0.10223457	0.2605106	0.2868095	0.25921813	0.12560734	0.28472754
-0.2111091	-0.14738451	0.20164938	0.24475092	-0.2472623	-0.3185195	0.055443313	0.24251708	0.2715343	-0.31553775	0.28724813	0.258035	0.19786026	0.27059808	-0.017564002	-0.3223932	0.22925362	0.27956578	-0.19824937	0.9999998	-0.35235316	-0.39683926	0.008354027	0.23256549	0.19828278	-0.4213845	-0.31186372	-0.3449153	0.026539383	-0.39879465
0.25248614	0.093106896	-0.19319332	-0.30795678	0.20104896	0.25319654	-0.039613843	-0.43363145	-0.3338595	0.2035522	-0.3310546	-0.46266383	-0.3072528	-0.28713423	-0.11934473	0.26047978	-0.2568748	-0.2905433	0.29289198	-0.35235316	0.99999976	0.30341575	0.020754116	-0.2563538	-0.12510136	0.2979123	0.2652913	0.26287648	0.095001794	0.2949838
0.22477873	-0.016741965	-0.11335664	-0.2374154	0.1699545	0.23021792	-0.00932216	-0.48762205	-0.27521768	0.1870494	-0.30007344	-0.29478192	-0.25714004	-0.3604309	-0.21906348	0.20332228	-0.25196564	-0.20440811	0.25618285	-0.39683926	0.30341575	0.9999998	-0.02745269	-0.24122368	-0.06870419	0.2758646	0.24680606	0.23654735	0.15831628	0.26936492
0.004428248	0.103211865	-0.42763767	-0.06879233	0.18662252	0.06909824	-0.70016766	0.015328439	-0.028066102	0.18080683	-0.05425925	-0.06047523	0.057498988	-0.025350029	0.10298128	0.10828327	-0.0953753	-0.016951239	0.01910535	0.008354027	0.020754116	-0.02745269	1.0	-0.3093987	-0.15667805	0.040713307	0.061965913	0.08553352	-0.05509384	-0.0389448
-0.16659713	-0.28531653	0.29665533	0.17863142	-0.44921207	-0.2059616	0.24782613	0.12813058	0.23858322	-0.34563527	0.2681087	0.22429638	0.08560074	0.18740071	-0.1213197	-0.384619	0.16973248	0.20666766	-0.16311505	0.23256549	-0.2563538	-0.24122368	-0.3093987	0.9999998	0.24352208	-0.34712103	-0.14964508	-0.21331036	0.08092862	-0.14977624
-0.30822703	-0.41417244	0.25029546	0.21025853	-0.45021906	-0.31444427	0.18756251	0.08707822	0.24347788	-0.35438856	0.2368886	0.1397825	0.0591555	0.195049	-0.112946644	-0.21951208	0.20798929	0.22665934	-0.10223457	0.19828278	-0.12510136	-0.06870419	-0.15667805	0.24352208	1.0	-0.17024	-0.23910815	-0.33238676	0.1193333	-0.23690923
0.24134123	0.13259564	-0.25630537	-0.24671309	0.25420287	0.2817943	-0.11697489	-0.22632825	-0.36482927	0.25523838	-0.39311922	-0.3525636	-0.23712543	-0.33871144	-0.058359567	0.2882264	-0.22498302	-0.39556682	0.2605106	-0.4213845	0.2979123	0.2758646	0.040713307	-0.34712103	-0.17024	1.0	0.24122094	0.27135417	0.03851301	0.27089217
0.3082198	0.09869153	-0.18131128	-0.4750216	0.19840683	0.24586982	-0.1202152	-0.356771	-0.18139496	0.2325126	-0.2883809	-0.21381351	-0.37477535	-0.2872399	-0.14218356	0.214143	-0.4312776	-0.30117846	0.2868095	-0.31186372	0.2652913	0.24680606	0.061965913	-0.14964508	-0.23910815	0.24122094	0.9999996	0.27241534	0.08016795	0.30171296
0.27331775	0.18715405	-0.26922947	-0.38420972	0.25448504	0.30875194	-0.12343621	-0.28323305	-0.39215586	0.2635768	-0.23705624	-0.26658207	-0.13262318	-0.42820087	-0.002476871	0.20754468	-0.36851752	-0.3306202	0.25921813	-0.3449153	0.26287648	0.23654735	0.08553352	-0.21331036	-0.33238676	0.27135417	0.27241534	0.99999964	-0.035603166	0.2618324
0.054519683	-0.38695067	0.09777613	-0.02450892	-0.069471434	-0.0071809767	0.06253379	-0.26048985	0.07007352	-0.015834147	0.023556387	-0.15006039	-0.28912988	-0.07367399	-0.61876315	-0.01459835	-0.13664544	0.022037208	0.12560734	0.026539383	0.095001794	0.15831628	-0.05509384	0.08092862	0.1193333	0.03851301	0.08016795	-0.035603166	0.99999964	0.08315484
0.29049313	0.08382489	-0.18147969	-0.31472152	0.19257511	0.25345516	-0.005871941	-0.36271676	-0.22019368	0.20555499	-0.32092083	-0.34473902	-0.40456614	-0.24340135	-0.101930834	0.2512182	-0.39193296	-0.326837	0.28472754	-0.39879465	0.2949838	0.26936492	-0.0389448	-0.14977624	-0.23690923	0.27089217	0.30171296	0.2618324	0.08315484	0.99999964
