1.0	-0.33160728	-0.33135659	-0.28236496	0.024250584	0.13470913	-0.12847407	0.23989119	0.29120424	-0.08643664	-0.18039025	0.1316756	0.27337682	-0.085894726	0.2542535	0.22479	-0.44413224	0.086201414	0.12097695	0.22544964	-0.09553921	-0.3839586	-0.21543914	0.25785387	0.2912534	-0.4022226	-0.36416227	0.26672927	-0.249204	-0.24138384
-0.33160728	0.99999994	0.27669975	0.30482993	-0.23152153	-0.2951603	-0.025688462	-0.44154292	-0.3168116	0.03046566	0.23321256	-0.31385252	-0.22709699	0.18865165	-0.1387681	-0.4146805	0.23018649	-0.02640737	0.06018189	-0.18305969	0.242411	0.2695481	0.16705677	-0.32920313	-0.22504765	0.2330597	0.26908588	-0.2982743	0.29650086	-0.003141756
-0.33135659	0.27669975	0.9999999	0.3108111	-0.21490487	-0.25661567	0.07880542	-0.25885537	-0.29943958	0.0065207453	0.2262727	-0.20120402	-0.36448422	0.21788816	-0.2198035	-0.35954848	0.2326281	0.020597236	-0.003183594	-0.42669016	0.17681296	0.2996824	0.16652511	-0.347428	-0.18807189	0.23103921	0.26459315	-0.2752434	0.26357704	-0.025577985
-0.28236496	0.30482993	0.3108111	0.9999999	-0.22927496	-0.26974696	0.05609334	-0.33783737	-0.35807377	0.06385489	0.2566396	-0.25889388	-0.30536255	0.20998761	-0.20299782	-0.38814798	0.25621247	-0.032292124	-0.027033983	-0.36500755	0.20203894	0.30540523	0.20648602	-0.3148987	-0.26599467	0.25044993	0.30036014	-0.3707959	0.27249485	0.013102242
0.024250584	-0.23152153	-0.21490487	-0.22927496	0.99999976	0.25997242	0.123519875	0.16701359	0.04388762	-0.12896524	-0.33046743	0.25860688	-0.012554417	-0.46705887	0.052475378	0.2307447	-0.04130702	0.07077028	-0.20365557	0.1606598	-0.3821668	-0.17535882	0.08535443	0.13326652	-0.011730688	0.045511015	-0.14312573	-0.005991553	-0.22248851	0.14457287
0.13470913	-0.2951603	-0.25661567	-0.26974696	0.25997242	0.99999964	0.108835176	0.21164383	0.1311797	-0.11433115	-0.50198466	0.30735004	0.11580232	-0.1818752	0.09303999	0.2509744	-0.18800408	0.094272576	-0.1302877	0.15614082	-0.5381932	-0.22848642	-0.06983748	0.16137917	0.12780926	-0.108067796	-0.24460424	0.14483528	-0.22312148	0.0524159
-0.12847407	-0.025688462	0.07880542	0.05609334	0.123519875	0.108835176	0.9999997	0.016781302	-0.28060254	0.021539785	-0.05970547	0.15461533	-0.24491408	0.035069846	-0.34156224	0.037163064	0.1536237	-0.007946937	-0.5012349	-0.2236384	-0.14788724	0.14083038	0.20551375	-0.24127668	-0.20289025	0.14289461	0.042408764	-0.105635926	-0.014226435	0.20803632
0.23989119	-0.44154292	-0.25885537	-0.33783737	0.16701359	0.21164383	0.016781302	0.9999996	0.25245836	-0.017451387	-0.17173024	0.24792458	0.22707511	-0.2789259	0.15600614	0.2893315	-0.26346573	-0.007923372	-0.057488274	0.1995947	-0.24896774	-0.26908582	-0.2631998	0.25440338	0.20354578	-0.351611	-0.29411578	0.21321926	-0.43663162	0.020004945
0.29120424	-0.3168116	-0.29943958	-0.35807377	0.04388762	0.1311797	-0.28060254	0.25245836	0.99999964	-0.030869389	-0.19314188	0.12283596	0.30601904	-0.15816617	0.26478404	0.21278785	-0.37660766	0.024665747	0.15822418	0.2559218	-0.10049706	-0.33424205	-0.4056133	0.28041914	0.29757312	-0.3672554	-0.2774651	0.27561998	-0.25795454	-0.16079116
-0.08643664	0.03046566	0.0065207453	0.06385489	-0.12896524	-0.11433115	0.021539785	-0.017451387	-0.030869389	0.9999995	0.13440287	-0.014230499	-0.0033132902	0.15170807	-0.26799	-0.12984559	0.14367795	-0.71313554	-0.17471327	-0.10716004	0.071342334	0.10804388	-0.033289578	-0.16061768	-0.12905936	0.0222418	0.10507644	0.013894816	0.048313163	0.19037628
-0.18039025	0.23321256	0.2262727	0.2566396	-0.33046743	-0.50198466	-0.05970547	-0.17173024	-0.19314188	0.13440287	0.9999996	-0.41525948	-0.1986338	0.1786484	-0.17329578	-0.23069508	0.20224464	-0.16973785	0.035353873	-0.2687561	0.26641214	0.23826058	0.12338847	-0.14729412	-0.2643161	0.14186628	0.2652972	-0.23494567	0.19728269	0.041097898
0.1316756	-0.31385252	-0.20120402	-0.25889388	0.25860688	0.30735004	0.15461533	0.24792458	0.12283596	-0.014230499	-0.41525948	0.9999996	0.085723385	-0.20722163	0.04299064	0.26676598	-0.13194369	0.027569987	-0.23106104	0.13243271	-0.4852286	-0.19448042	-0.0469076	0.14829844	0.10323342	-0.123900004	-0.27670056	0.13496332	-0.35488033	0.09083561
0.27337682	-0.22709699	-0.36448422	-0.30536255	-0.012554417	0.11580232	-0.24491408	0.22707511	0.30601904	-0.0033132902	-0.1986338	0.085723385	0.9999996	-0.065339565	0.23733313	0.17073746	-0.24262044	-0.043871325	0.16781433	0.22069418	-0.04331505	-0.3310285	-0.39174482	0.25089207	0.26792207	-0.4602102	-0.20983917	0.2727389	-0.28284308	-0.1689123
-0.085894726	0.18865165	0.21788816	0.20998761	-0.46705887	-0.1818752	0.035069846	-0.2789259	-0.15816617	0.15170807	0.1786484	-0.20722163	-0.065339565	0.99999964	-0.19149344	-0.25086224	0.14183238	-0.14640358	0.02513342	-0.4133118	0.19642758	0.20429368	0.0031979678	-0.32961622	-0.080055565	0.040097717	0.17341584	-0.0074207997	0.22251981	-0.12518014
0.2542535	-0.1387681	-0.2198035	-0.20299782	0.052475378	0.09303999	-0.34156224	0.15600614	0.26478404	-0.26799	-0.17329578	0.04299064	0.23733313	-0.19149344	0.9999997	0.17390643	-0.40792084	0.16817282	0.2192893	0.23883449	-0.09203159	-0.3597038	-0.24442741	0.27411652	0.27343318	-0.21475363	-0.21521908	0.17104295	-0.23854144	-0.31111678
0.22479	-0.4146805	-0.35954848	-0.38814798	0.2307447	0.2509744	0.037163064	0.2893315	0.21278785	-0.12984559	-0.23069508	0.26676598	0.17073746	-0.25086224	0.17390643	0.99999976	-0.29348847	0.062199723	-0.1007787	0.2215031	-0.2904379	-0.30704135	-0.09105862	0.25513557	0.17467648	-0.17082366	-0.2950711	0.1699452	-0.46697134	0.048848856
-0.44413224	0.23018649	0.2326281	0.25621247	-0.04130702	-0.18800408	0.1536237	-0.26346573	-0.37660766	0.14367795	0.20224464	-0.13194369	-0.24262044	0.14183238	-0.40792084	-0.29348847	0.9999998	-0.16824347	-0.16335054	-0.26764885	0.11316536	0.2979831	0.23940298	-0.27239895	-0.45016667	0.26165956	0.27705002	-0.22231147	0.22032486	0.16367896
0.086201414	-0.02640737	0.020597236	-0.032292124	0.07077028	0.094272576	-0.007946937	-0.007923372	0.024665747	-0.71313554	-0.16973785	0.027569987	-0.043871325	-0.14640358	0.16817282	0.062199723	-0.16824347	0.9999999	0.117370956	0.084202185	-0.101918645	-0.07376946	0.021348326	0.097509034	0.10802543	0.005009178	-0.12601078	-0.028532423	-0.008095339	-0.33357838
0.12097695	0.06018189	-0.003183594	-0.027033983	-0.20365557	-0.1302877	-0.5012349	-0.057488274	0.15822418	-0.17471327	0.035353873	-0.23106104	0.16781433	0.02513342	0.2192893	-0.1007787	-0.16335054	0.117370956	0.9999998	0.1071936	0.16086617	-0.118509	-0.26222733	0.1133559	0.18613547	-0.18788826	-0.061438795	0.12023649	0.049025536	-0.41825786
0.22544964	-0.18305969	-0.42669016	-0.36500755	0.1606598	0.15614082	-0.2236384	0.1995947	0.2559218	-0.10716004	-0.2687561	0.13243271	0.22069418	-0.4133118	0.23883449	0.2215031	-0.26764885	0.084202185	0.1071936	0.99999994	-0.096405685	-0.3649327	-0.18216096	0.26822802	0.22536194	-0.17874391	-0.37302676	0.19227369	-0.17866437	-0.059228808
-0.09553921	0.242411	0.17681296	0.20203894	-0.3821668	-0.5381932	-0.14788724	-0.24896774	-0.10049706	0.071342334	0.26641214	-0.4852286	-0.04331505	0.19642758	-0.09203159	-0.2904379	0.11316536	-0.101918645	0.16086617	-0.096405685	0.99999976	0.16036421	-0.0016167313	-0.21725138	-0.061023716	0.04585015	0.16647771	-0.07849065	0.2372475	-0.058388993
-0.3839586	0.2695481	0.2996824	0.30540523	-0.17535882	-0.22848642	0.14083038	-0.26908582	-0.33424205	0.10804388	0.23826058	-0.19448042	-0.3310285	0.20429368	-0.3597038	-0.30704135	0.2979831	-0.07376946	-0.118509	-0.3649327	0.16036421	0.9999997	0.22010894	-0.39777926	-0.3396026	0.26740178	0.28938553	-0.2879796	0.26301858	0.10168539
-0.21543914	0.16705677	0.16652511	0.20648602	0.08535443	-0.06983748	0.20551375	-0.2631998	-0.4056133	-0.033289578	0.12338847	-0.0469076	-0.39174482	0.0031979678	-0.24442741	-0.09105862	0.23940298	0.021348326	-0.26222733	-0.18216096	-0.0016167313	0.22010894	0.99999964	-0.18499427	-0.4261305	0.29246944	0.20692576	-0.42446664	0.11468388	0.19070001
0.25785387	-0.32920313	-0.347428	-0.3148987	0.13326652	0.16137917	-0.24127668	0.25440338	0.28041914	-0.16061768	-0.14729412	0.14829844	0.25089207	-0.32961622	0.27411652	0.25513557	-0.27239895	0.097509034	0.1133559	0.26822802	-0.21725138	-0.39777926	-0.18499427	0.99999964	0.22758573	-0.29631433	-0.1973146	0.18359362	-0.3574118	-0.11218966
0.2912534	-0.22504765	-0.18807189	-0.26599467	-0.011730688	0.12780926	-0.20289025	0.20354578	0.29757312	-0.12905936	-0.2643161	0.10323342	0.26792207	-0.080055565	0.27343318	0.17467648	-0.45016667	0.10802543	0.18613547	0.22536194	-0.061023716	-0.3396026	-0.4261305	0.22758573	0.9999995	-0.3277226	-0.38038138	0.28018257	-0.16821322	-0.24629006
-0.4022226	0.2330597	0.23103921	0.25044993	0.045511015	-0.108067796	0.14289461	-0.351611	-0.3672554	0.0222418	0.14186628	-0.123900004	-0.4602102	0.040097717	-0.21475363	-0.17082366	0.26165956	0.005009178	-0.18788826	-0.17874391	0.04585015	0.26740178	0.29246944	-0.29631433	-0.3277226	0.9999994	0.244773	-0.37678602	0.20337129	0.13865703
-0.36416227	0.26908588	0.26459315	0.30036014	-0.14312573	-0.24460424	0.042408764	-0.29411578	-0.2774651	0.10507644	0.2652972	-0.27670056	-0.20983917	0.17341584	-0.21521908	-0.2950711	0.27705002	-0.12601078	-0.061438795	-0.37302676	0.16647771	0.28938553	0.20692576	-0.1973146	-0.38038138	0.244773	0.9999992	-0.43291536	0.2167995	0.06978981
0.26672927	-0.2982743	-0.2752434	-0.3707959	-0.005991553	0.14483528	-0.105635926	0.21321926	0.27561998	0.013894816	-0.23494567	0.13496332	0.2727389	-0.0074207997	0.17104295	0.1699452	-0.22231147	-0.028532423	0.12023649	0.19227369	-0.07849065	-0.2879796	-0.42446664	0.18359362	0.28018257	-0.37678602	-0.43291536	0.99999917	-0.11278435	-0.17666395
-0.249204	0.29650086	0.26357704	0.27249485	-0.22248851	-0.22312148	-0.014226435	-0.43663162	-0.25795454	0.048313163	0.19728269	-0.35488033	-0.28284308	0.22251981	-0.23854144	-0.46697134	0.22032486	-0.008095339	0.049025536	-0.17866437	0.2372475	0.26301858	0.11468388	-0.3574118	-0.16821322	0.20337129	0.2167995	-0.11278435	0.9999992	-0.033061177
-0.24138384	-0.003141756	-0.025577985	0.013102242	0.14457287	0.0524159	0.20803632	0.020004945	-0.16079116	0.19037628	0.041097898	0.09083561	-0.1689123	-0.12518014	-0.31111678	0.048848856	0.16367896	-0.33357838	-0.41825786	-0.059228808	-0.058388993	0.10168539	0.19070001	-0.11218966	-0.24629006	0.13865703	0.06978981	-0.17666395	-0.033061177	0.9999992
