1.3314469526585213
0.32753213106189283
0.9878435674089889
0.8181762016559095
1.28072319761575
0.36869285965639254
1.9972795812382813
0.9010824440856942
1.9025347824105443
0.14749991676723484
0.894755770694537
1.4897150543515782
0.007962879558517821
0.007046692638143615
1.506760208428066
0.08955144562960626
0.9845124762202813
1.751402794879688
0.8190595633068811
1.4564863009151827
1.154246572071959
0.09111939724953766
1.2301377021473503
0.654659012343987
0.5679552156159517
1.4015561954188172
0.18847932771122178
1.2403579308567334
1.5619151264936495
0.04426023374056687
0.6829963538229482
1.3025923772502088
0.77204487105291
1.943922599487587
0.24777064426701956
0.8694848996112539
0.5583158806342199
0.40758922580248313
1.6559947905727699
1.4072788143610433
1.1165664428680004
0.8975426229099099
0.11416728358074568
1.4602491943519535
1.972456274441662
1.8572420042809543
1.4611965881260185
1.3310575270538298
1.741984317709797
0.8701444971169712
1.9120389569275837
0.5328896279976065
0.20373927185319518
0.3255005584540609
1.9067330843743697
1.564262157898277
0.9615287038782765
1.635674985053016
0.298410387558923
1.9037671007035382
0.7774071900051931
0.8579602506941686
0.5606893385168246
1.6094722369710794
0.8577937654767689
0.2242361087194491
1.361408962073413
1.3745305386324762
0.5530482412512092
1.045920873646774
1.8721547420907179
1.371448851017838
0.009654065362630249
0.9435392697632945
1.6951659792912022
1.88361008216831
0.28894488472101276
1.4469390959686064
1.648532794175306
0.9734805258892001
1.3846930037430119
0.7570671721080049
0.49128864268664274
0.7905101713394562
1.7430778103482218
1.831585937965911
0.9887774872454811
0.37920732824071246
1.304667137090866
0.1916201763787777
1.967947902084851
0.0758659998107436
0.09767423300113198
1.5204258145235543
0.9026539018477402
0.583062343585897
1.7703189470745306
1.8174809279314021
1.840357635332591
1.4191408953718674
1.0561975417399845
1.6890326249820082
0.6316499419646573
1.6254197752982351
1.6643416615932283
0.581609916001262
0.12683111825049886
0.007308860885898438
1.4651770794499919
1.994229022496155
1.358315440395385
1.4810772917901078
1.0595232660025804
0.1781311778388075
1.0467376858101092
0.5833530666696454
1.904631177266472
1.2535134099711518
1.5213420133323403
1.685219142221011
1.9482513763365583
1.837036982600797
1.562455440849089
0.722047625999851
0.8741108943987468
1.8649652305333253
1.036061417124225
1.9542089165090095
0.7742897848482897
1.008139369294521
1.4500477258495887
1.2367616134575488
1.748503098908555
0.3342768998678298
0.8413453401238051
0.21282547789511708
1.2567379826859937
0.5231512614395628
0.3563446377851016
1.945283372233622
0.3345123659379998
0.8840813931972036
1.9607774082582472
1.0407314786218338
1.553290994496085
1.273083089138475
1.4385972859396667
1.1741506554820302
0.02157332580586413
0.7876049580735174
1.7634927549068498
1.1663633787111882
1.6458771722555219
0.269125718692661
0.48825837638642033
1.4128696516037282
0.22090562720079587
1.6085285524942212
0.28535530964232336
1.3923411080078687
0.27015889811198734
0.5846810013254051
1.8563824332563075
1.62434729321133
1.658551209844157
0.0604547931886934
0.04072302331262301
1.0874014109070673
0.9705147167624804
0.11181732509765197
0.004363922650719276
1.8954464914418951
1.8480289285510256
1.5637252441478107
1.9600643120400896
1.0206377859570215
1.497585529081782
0.6264561143473373
0.6730580674416753
1.5297793193754206
1.0318706795881825
0.9769510670189783
0.6442567759328466
1.1081303433955743
0.0016416750307401973
1.9478291991851906
0.25564997911242004
1.631962990623975
1.8126045335197252
1.1501094330988582
1.6275968690549514
0.6473764818095369
0.6047505725095808
0.6268863355439656
1.9452952843045308
0.9904084739443682
0.021255106330160478
0.08007708148523474
1.5968832566374584
0.24776907331627074
1.1076455821024846
1.4436924942481675
0.04357479919749174
1.4818644160232528
0.47976323092935047
1.8322586500956928
0.9497516833329469
1.0573895111930853
0.9141556655875356
0.4744542873679516
1.1591194818765407
0.6816238123503493
0.7603469083360854
0.11654633890822463
0.20745677616097247
0.04583783467764446
0.1952920964512206
0.48439345662003364
0.4263087269847947
0.688475693839554
1.3457605302801054
1.2304396381684037
1.3005672504948331
1.5824888814443878
1.5349134408584064
1.1669926614683133
0.8574987571077801
1.7694715897017468
1.2106866991534464
1.6925190664650265
1.493790809994444
0.8403544458168286
0.7750462311558299
0.585485958653112
1.6128480961400735
1.6362603441240968
1.369695933556251
1.8467757664640185
0.10284166062023781
0.9997597209534337
1.0266181892855748
1.8723767240274412
1.5494422742169922
1.541183014690897
1.9913291135642963
1.4374350901150996
0.2917289715001208
0.9310292666314004
1.86738542938164
0.8861796811940943
0.4790886039800444
0.33712773017669817
1.5178236656373914
0.9928067953390636
1.3129962551286514
1.3038262864686982
0.959256267903166
1.48654963764704
0.7715819929687098
1.3542824742677206
1.289848507326748
1.3637527240454785
1.082717671492246
1.0518687134706268
0.5985755882672779
1.0136417660786399
0.28167985763059833
1.9259476169390957
0.8635129130416306
0.3552037580658225
0.46284304499818507
0.299615402328961
0.6172920660351859
1.441735025613854
1.6520554400805505
0.320798176024333
0.3859297568709821
0.824923041566799
0.9297100844650619
1.756720183826213
1.0658596088415693
1.044308412598234
1.1502615501963234
1.0595304199137836
1.2831194250737132
0.7491037265446894
1.8382389440309281
1.155600586196829
1.3233694827867426
0.7049801891870509
1.5729839599754525
1.369058489948563
1.265884734165461
0.4591050446164302
1.4119767742846443
1.2360616748368374
0.43617402062158317
1.2126345185243954
0.8376705726421327
1.3877033779797516
0.21315297368212494
1.0575932471831506
1.1604023107237493
0.6512672914507696
1.8120674904134662
1.7330558936569564
1.0394828272578864
1.3472516555991547
0.3792168896606667
1.2774921443172287
1.0653876242472944
1.69895720613978
0.8836643698094775
1.262525659345565
0.14448392467389914
1.558954757785165
0.35872535075271417
0.696805201774557
0.920926277037402
0.8670832989727628
1.48575059746836
1.580001931990696
0.37840723538913323
1.8338728312523742
0.052261439711932534
1.3529017622872532
1.2964415741517683
0.19031736349111106
0.9390292138612655
1.4286176558582797
1.5261266567530218
0.7066474846424007
1.4723557743442635
0.29758150753583235
1.2007250955552968
0.4954666574832134
0.7698432087498437
1.3045243908047859
1.1360676597088624
1.816967449147459
0.7033057385453698
1.4084850825204753
1.0228288181516516
0.05633430212557866
0.8468810092100787
0.7121095170818039
0.3229636048283966
0.22060638131025478
1.9314304509246942
1.2659553008232673
1.6240988957667966
0.9095725841317612
1.8437521175752127
1.6381677802920476
1.9062204951424448
1.5393405117699
1.7609091942466548
0.8796444784762432
0.8655809875389273
1.7184957090713318
0.4017712815779084
1.820772333428195
0.6612541425436838
1.490098860422537
0.34302762643725204
0.7536034304131611
1.5713846999827226
0.08453001404259908
0.27193181472211014
1.371903446158198
1.1763934956324347
1.1580893556573395
0.8979810603131919
1.7186190620558046
1.4789497896152801
1.1982938341230314
0.6188568769518941
0.7112302960505406
0.8627395449473096
0.585521074171508
0.9004564916854876
1.9604952579475508
1.8231784474959076
0.7959040130493431
1.769007246256254
0.47476333844552143
0.5210370139542178
1.4221200808286678
1.6690033130488031
0.5000664359024405
1.6777096431562497
0.09956872451371712
0.10657792192478621
1.0917525044567502
1.9956684549235406
1.9857094786440477
0.42242698828656566
0.7249919109667278
0.0896392928418186
1.3999937703118885
1.7368978164104625
0.5592941906565227
0.17122664037023605
1.5152146426849573
1.1917709373571364
1.1625961564506182
1.2973636971539053
1.3149202057095255
0.02709139328721899
0.011586542383738685
1.6867204893835588
0.20834133426803159
0.04970726259067226
0.5201289168844943
0.64772575604561
1.2604291054424468
0.14529780145605087
1.529916153128948
0.7784486594463811
0.07046388298186379
1.2080536649367524
1.3563460854841836
1.9845780163361175
0.2089296056108123
1.5651781007820498
1.9652361586331777
0.2817735668452006
0.2587899166617025
1.3959519118722472
1.7906677770821537
0.7069886761672775
1.9834237372075953
1.1626530201318943
0.9630472160772419
1.1754776834536278
