1.0	-0.34682402	-0.07672053	0.2005533	-0.2690901	-0.011526369	-0.28456005	0.16004275	0.24243677	0.19459009	-0.03078907	0.19427304	0.076147735	-0.30018914	-0.22889952	-0.14249068	-0.2639452	0.26582217	0.117903195	-0.42164782	-0.32807183	-0.16616689	-0.20699713	0.1510353	0.25341144	-0.40707362	0.25276482	0.10089665	0.13171655	0.14344813
-0.34682402	1.0000001	0.037156306	-0.3252366	0.28986138	0.07539817	0.22897246	-0.17498569	-0.27789214	-0.2634075	0.062036105	-0.2137391	-0.11996708	0.22043456	0.18838242	0.09839846	0.25206134	-0.36553583	-0.18339251	0.27370206	0.22726925	0.2182023	0.2495162	-0.17616448	-0.34515393	0.2557654	-0.34388137	-0.20506385	-0.17575692	-0.16010812
-0.07672053	0.037156306	0.9999999	0.13850829	0.02677012	-0.25627452	0.17873366	0.19444638	-0.32771963	-0.18564272	-0.41529527	-0.22853917	0.26578504	-0.1826563	0.15781306	-0.25725546	-0.19267848	-0.016767342	0.15477915	0.06475638	0.043515008	-0.13593796	0.010646708	-0.4591702	-0.11654736	0.06844533	-0.025125455	0.20650212	0.21566276	0.112844065
0.2005533	-0.3252366	0.13850829	1.0	-0.20015177	-0.32943878	-0.062292665	0.18343572	0.00091216096	0.04636004	-0.20362924	-0.045515034	0.20803714	-0.24389799	0.011324919	-0.0870977	-0.45400685	0.23455583	0.16125277	-0.12008644	-0.3293561	-0.24882916	-0.056227557	-0.10742225	0.09725035	-0.20795786	0.11153278	0.24889627	0.19587949	0.18268372
-0.2690901	0.28986138	0.02677012	-0.20015177	1.0000001	0.089632004	0.19429359	-0.24993719	-0.19707458	-0.2803881	0.08637241	-0.21844783	-0.0951725	0.22995935	0.14348444	0.12950252	0.19578654	-0.43440932	-0.24830961	0.24324535	0.26444718	0.24878426	0.24072671	-0.24139749	-0.15291986	0.18018465	-0.2785694	-0.22148925	-0.18522117	-0.29042372
-0.011526369	0.07539817	-0.25627452	-0.32943878	0.089632004	1.0000001	-0.17121454	-0.2440308	0.116769336	0.13484906	0.2901085	0.16988043	-0.37822634	0.23299268	-0.26930314	0.2339006	0.15731905	-0.09012794	-0.33695388	-0.03984904	0.120514594	0.23871435	0.028218374	0.20155396	0.10186452	-0.04550401	0.061478414	-0.37427178	-0.34435996	-0.36206055
-0.28456005	0.22897246	0.17873366	-0.062292665	0.19429359	-0.17121454	1.0000004	0.025005087	-0.3438609	-0.42202795	-0.20217785	-0.47643912	0.097407654	0.03794702	0.300844	-0.11586226	0.13228357	-0.21267591	0.046729542	0.23876984	0.09902939	0.036057338	0.20348123	-0.24815015	-0.29738963	0.25346962	-0.34299162	0.07177	-0.01666767	0.051546395
0.16004275	-0.17498569	0.19444638	0.18343572	-0.24993719	-0.2440308	0.025005087	1.0000002	0.042553656	0.010544848	-0.39692706	-0.07834485	0.27288815	-0.42726415	0.039957218	-0.43613207	-0.12857993	0.16193253	0.2909975	-0.20091279	-0.1964249	-0.33736017	-0.24565597	-0.12686107	0.04307562	-0.0979876	0.07639405	0.2620937	0.29201075	0.28607175
0.24243677	-0.27789214	-0.32771963	0.00091216096	-0.19707458	0.116769336	-0.3438609	0.042553656	1.0000002	0.25251746	0.105692096	0.27799353	-0.08318275	-0.10876771	-0.321354	-0.016852546	-0.018602619	0.12848535	0.015553407	-0.3791786	-0.0835088	-0.07366938	-0.29125482	0.2554102	0.27478242	-0.3790549	0.23884507	-0.079124406	-0.012414346	0.04160242
0.19459009	-0.2634075	-0.18564272	0.04636004	-0.2803881	0.13484906	-0.42202795	0.010544848	0.25251746	1.0000002	0.10741006	0.2606134	-0.05944281	-0.00959492	-0.398003	0.07819855	-0.19380352	0.14415649	-0.0384827	-0.35729113	-0.05929699	-0.098977715	-0.36218712	0.2324819	0.2497288	-0.16360727	0.26999694	-0.040527187	0.01500399	-0.063726716
-0.03078907	0.062036105	-0.41529527	-0.20362924	0.08637241	0.2901085	-0.20217785	-0.39692706	0.105692096	0.10741006	1.0000004	0.1814017	-0.43059498	0.24692376	-0.13769527	0.2784542	0.143572	-0.08264684	-0.28846377	0.04055405	0.07776646	0.23802665	0.062221847	0.20277287	0.063815	-0.04415743	0.041468266	-0.38701785	-0.33284438	-0.27631727
0.19427304	-0.2137391	-0.22853917	-0.045515034	-0.21844783	0.16988043	-0.47643912	-0.07834485	0.27799353	0.2606134	0.1814017	1.0000004	-0.19519155	-0.015636744	-0.3831568	0.09479892	-0.06523044	0.12932748	-0.04106281	-0.192983	-0.08775859	0.011216422	-0.20093435	0.2445673	0.25340384	-0.37895355	0.2574539	-0.1748457	-0.028715651	-0.049400803
0.076147735	-0.11996708	0.26578504	0.20803714	-0.0951725	-0.37822634	0.097407654	0.27288815	-0.08318275	-0.05944281	-0.43059498	-0.19519155	1.0000004	-0.32901576	0.09755786	-0.2820481	-0.29869238	0.09428205	0.23960078	-0.11497986	-0.07092275	-0.29296133	-0.17331322	-0.22670616	-0.06840193	0.03068069	0.025924956	0.2907931	0.30082643	0.21893135
-0.30018914	0.22043456	-0.1826563	-0.24389799	0.22995935	0.23299268	0.03794702	-0.42726415	-0.10876771	-0.00959492	0.24692376	-0.015636744	-0.32901576	1.0000005	-0.025421837	0.27474028	0.20420204	-0.25483122	-0.2894661	0.18516721	0.21870424	0.2831106	0.20060343	0.042581182	-0.077872664	0.118924245	-0.1473815	-0.29791957	-0.41920248	-0.3671231
-0.22889952	0.18838242	0.15781306	0.011324919	0.14348444	-0.26930314	0.300844	0.039957218	-0.321354	-0.398003	-0.13769527	-0.3831568	0.09755786	-0.025421837	1.0000005	-0.035140894	0.09460807	-0.15885003	0.07508986	0.2298257	0.043583814	-0.044380244	0.19938578	-0.25029352	-0.37666273	0.24390544	-0.42118087	0.1207589	0.01433257	0.089538895
-0.14249068	0.09839846	-0.25725546	-0.0870977	0.12950252	0.2339006	-0.11586226	-0.43613207	-0.016852546	0.07819855	0.2784542	0.09479892	-0.2820481	0.27474028	-0.035140894	1.0000006	0.10856035	-0.09505521	-0.44067633	0.08993734	0.12560785	0.25036165	0.15475956	0.1363318	-0.064783394	0.031172454	-0.047984548	-0.27848426	-0.3925305	-0.3922842
-0.2639452	0.25206134	-0.19267848	-0.45400685	0.19578654	0.15731905	0.13228357	-0.12857993	-0.018602619	-0.19380352	0.143572	-0.06523044	-0.29869238	0.20420204	0.09460807	0.10856035	1.0000006	-0.26298428	-0.12667164	0.16822688	0.15286241	0.20589001	0.16816202	0.048543658	-0.23202814	0.15275082	-0.26116133	-0.30361858	-0.29282856	-0.08995378
0.26582217	-0.36553583	-0.016767342	0.23455583	-0.43440932	-0.09012794	-0.21267591	0.16193253	0.12848535	0.14415649	-0.08264684	0.12932748	0.09428205	-0.25483122	-0.15885003	-0.09505521	-0.26298428	1.0000007	0.16013786	-0.19705476	-0.5846326	-0.21460359	-0.15415174	0.114407435	0.14389053	-0.1661387	0.19297767	0.16266833	0.1576423	0.2002281
0.117903195	-0.18339251	0.15477915	0.16125277	-0.24830961	-0.33695388	0.046729542	0.2909975	0.015553407	-0.0384827	-0.28846377	-0.04106281	0.23960078	-0.2894661	0.07508986	-0.44067633	-0.12667164	0.16013786	1.0000007	-0.07697212	-0.22142893	-0.4887358	-0.27836147	-0.07850764	0.03356773	-0.040309373	0.04443254	0.2691181	0.27227598	0.29639933
-0.42164782	0.27370206	0.06475638	-0.12008644	0.24324535	-0.03984904	0.23876984	-0.20091279	-0.3791786	-0.35729113	0.04055405	-0.192983	-0.11497986	0.18516721	0.2298257	0.08993734	0.16822688	-0.19705476	-0.07697212	1.0000006	0.13922548	0.1655426	0.26827136	-0.28882533	-0.36393973	0.23464929	-0.230378	-0.084896065	-0.16723272	-0.10559435
-0.32807183	0.22726925	0.043515008	-0.3293561	0.26444718	0.120514594	0.09902939	-0.1964249	-0.0835088	-0.05929699	0.07776646	-0.08775859	-0.07092275	0.21870424	0.043583814	0.12560785	0.15286241	-0.5846326	-0.22142893	0.13922548	1.0000005	0.19626877	0.109179445	-0.11069202	-0.054885764	0.1119359	-0.10978905	-0.15645742	-0.1490847	-0.38756916
-0.16616689	0.2182023	-0.13593796	-0.24882916	0.24878426	0.23871435	0.036057338	-0.33736017	-0.07366938	-0.098977715	0.23802665	0.011216422	-0.29296133	0.2831106	-0.044380244	0.25036165	0.20589001	-0.21460359	-0.4887358	0.1655426	0.19626877	1.0000006	0.21227972	-0.009528331	-0.040337525	0.047553167	-0.12652369	-0.4474599	-0.33401522	-0.29248774
-0.20699713	0.2495162	0.010646708	-0.056227557	0.24072671	0.028218374	0.20348123	-0.24565597	-0.29125482	-0.36218712	0.062221847	-0.20093435	-0.17331322	0.20060343	0.19938578	0.15475956	0.16816202	-0.15415174	-0.27836147	0.26827136	0.109179445	0.21227972	1.0000005	-0.1423265	-0.3152421	0.19286816	-0.38974229	-0.08177856	-0.23739114	-0.1647181
0.1510353	-0.17616448	-0.4591702	-0.10742225	-0.24139749	0.20155396	-0.24815015	-0.12686107	0.2554102	0.2324819	0.20277287	0.2445673	-0.22670616	0.042581182	-0.25029352	0.1363318	0.048543658	0.114407435	-0.07850764	-0.28882533	-0.11069202	-0.009528331	-0.1423265	1.0000002	0.18127309	-0.12640391	0.1354457	-0.10986897	-0.14361554	-0.10042993
0.25341144	-0.34515393	-0.11654736	0.09725035	-0.15291986	0.10186452	-0.29738963	0.04307562	0.27478242	0.2497288	0.063815	0.25340384	-0.06840193	-0.077872664	-0.37666273	-0.064783394	-0.23202814	0.14389053	0.03356773	-0.36393973	-0.054885764	-0.040337525	-0.3152421	0.18127309	1.0000004	-0.43976995	0.28187156	-0.037852444	-0.0023758078	0.008264905
-0.40707362	0.2557654	0.06844533	-0.20795786	0.18018465	-0.04550401	0.25346962	-0.0979876	-0.3790549	-0.16360727	-0.04415743	-0.37895355	0.03068069	0.118924245	0.24390544	0.031172454	0.15275082	-0.1661387	-0.040309373	0.23464929	0.1119359	0.047553167	0.19286816	-0.12640391	-0.43976995	1.0000001	-0.39617822	0.01974171	-0.0064800717	-0.042422496
0.25276482	-0.34388137	-0.025125455	0.11153278	-0.2785694	0.061478414	-0.34299162	0.07639405	0.23884507	0.26999694	0.041468266	0.2574539	0.025924956	-0.1473815	-0.42118087	-0.047984548	-0.26116133	0.19297767	0.04443254	-0.230378	-0.10978905	-0.12652369	-0.38974229	0.1354457	0.28187156	-0.39617822	0.99999994	0.0051531456	0.11312035	0.012066061
0.10089665	-0.20506385	0.20650212	0.24889627	-0.22148925	-0.37427178	0.07177	0.2620937	-0.079124406	-0.040527187	-0.38701785	-0.1748457	0.2907931	-0.29791957	0.1207589	-0.27848426	-0.30361858	0.16266833	0.2691181	-0.084896065	-0.15645742	-0.4474599	-0.08177856	-0.10986897	-0.037852444	0.01974171	0.0051531456	0.9999997	0.27680284	0.24553056
0.13171655	-0.17575692	0.21566276	0.19587949	-0.18522117	-0.34435996	-0.01666767	0.29201075	-0.012414346	0.01500399	-0.33284438	-0.028715651	0.30082643	-0.41920248	0.01433257	-0.3925305	-0.29282856	0.1576423	0.27227598	-0.16723272	-0.1490847	-0.33401522	-0.23739114	-0.14361554	-0.0023758078	-0.0064800717	0.11312035	0.27680284	0.9999996	0.25551084
0.14344813	-0.16010812	0.112844065	0.18268372	-0.29042372	-0.36206055	0.051546395	0.28607175	0.04160242	-0.063726716	-0.27631727	-0.049400803	0.21893135	-0.3671231	0.089538895	-0.3922842	-0.08995378	0.2002281	0.29639933	-0.10559435	-0.38756916	-0.29248774	-0.1647181	-0.10042993	0.008264905	-0.042422496	0.012066061	0.24553056	0.25551084	0.9999996
