0.9535275253236057
0.5607041680744655
1.1592871417070825
1.4768963007754186
1.5839988451821587
1.1518673697990347
0.9756239049451074
1.5157759560856832
0.625692722958114
0.8661279547499288
1.2580169413227538
0.8182976297869422
1.1930839098585084
0.9783899305292321
1.9859182053036313
1.6273146958307287
0.6913463141278453
1.068215530935115
0.9345587748004653
1.5718962576208042
1.4047389718790675
0.781990436197828
0.9192759388350753
0.6774727992602394
1.331535191596068
0.7742095265370017
0.22049028533802262
1.8373578486981845
0.1365452305260031
0.7787648166414824
0.7775882653391297
1.4104859579802609
1.8541137726711907
0.5514889367222251
0.6465897931905702
0.46748641450823625
0.8527491522839561
1.1390832382283875
0.5289926723619995
1.486974026603862
1.7994454682981873
1.0243873858413148
1.7943642602568228
0.5571108612692408
1.7732637247260208
1.3413389175933876
1.060591459140129
1.3249047888121732
0.4752736574633374
1.1647737049074107
1.9546912174210718
1.3558801472567346
0.5751000958202237
0.7805954532943167
0.2341215735768878
1.5274337014610362
1.1194980324520571
1.4410995119306012
1.7222781397635991
1.593737046873448
0.430466459435213
0.39947561220199335
0.42591972375770504
1.967283407474222
1.3527378467741196
0.8631639381220235
1.9237863421898187
1.5397221964093646
1.9362221103580275
0.2751523649904193
0.5785897420444419
1.9596057082178349
0.00126264594693426
1.270727320157517
1.0999539303255064
1.2236930269311193
1.6433043440332085
1.198363459470935
0.6980772816102845
1.4501582117653113
1.6478976134594778
1.873589278955989
0.7256526945828203
0.4494465762344275
0.012666941699519096
1.5530567926970502
0.41148009570992006
1.426798897092086
0.12877204706310752
0.1354939018994592
0.7560896148491401
0.9685916441380087
1.1014660825937597
0.5185736759094608
1.4261182914523132
1.1776029599203872
1.7575608344781775
0.37517693268690966
0.5124152049837531
0.501300517119972
1.4024071043130528
1.979216359362088
0.014373494527386121
0.8407566055701812
0.9261924884004595
1.2802594248346317
0.15346469245338068
0.12516699154695998
0.22714377744844105
1.1896936091410606
1.6345760610424516
0.07132098632214312
1.7931407526420668
0.2041002059201027
1.4133250894481457
1.180081670330429
1.759857897290581
1.038840596816183
0.610947956439504
1.0154184317712212
1.0807029202237082
0.5290528705541706
1.8853234029506476
1.208099139657728
1.9668805459909122
0.7791649602153163
1.7062164220377396
1.0833211519956614
0.09736768854214084
0.13165967593817296
1.5808637733551871
0.114002803086243
1.902974192127055
0.846222544964214
1.7605703054597663
1.7856927682959725
1.4491517868714547
1.3060765089137845
1.2561139191069661
1.773309192267635
1.9742977304128781
1.5881626745866242
1.3232254007407473
0.41647256294464374
0.8956452104063755
1.2325917171182283
0.83550659567567
0.7523343420884088
0.32726547115588467
0.5564533430841987
0.36476577598983306
0.12726045456292745
1.3592179207201451
0.7405652385968038
1.254596983851872
1.7641677575982713
0.713171893053621
0.3120358005626156
1.5011119983151182
0.07908856065372816
0.36676801728944763
0.8474856723070436
0.7066720853856656
0.2046210129177879
1.860807371000817
1.0302944505878067
1.542271745538624
0.11147360242051874
0.6517793846168485
0.3580929583612844
1.61762240895623
0.5641032031911548
1.2144846259102378
0.724008203369988
0.0865129001639584
0.9501590336082106
0.6089616457489859
1.8203857574470579
0.7675433993838783
1.086629853035689
1.0778199524706467
1.1570789968024258
1.8128862264891825
1.0976100207691735
0.013784757351257726
0.4558657617692259
1.1391737639613169
0.5845961077663213
0.05833144737860674
0.1923910834622229
0.14166133425319272
1.3079494290015736
0.6766947413105715
0.9876747386505313
1.1617521612824042
0.3391835274948696
1.210878801041124
0.37568493530534
0.5750093831524115
0.7409080958008873
1.1631307604366026
0.0064866391229487785
0.4864877259257101
0.7461140273004956
0.4383249269557963
0.9607356779074472
0.15647193624440003
1.9453767034204792
1.068202413443176
1.7944999478890993
0.27928906344156523
0.2740308669927569
0.7914901386181612
0.03224354035038868
0.9007250639263342
1.7695427444036154
0.24957701199568882
1.1383357963582497
0.7656793989492883
1.6318327269746657
0.5928829932005653
1.3156423519740175
1.287460545264543
1.0428223783994273
1.7356577016119878
0.7439854086873723
1.8452616484279927
0.3742714954580648
1.1297616698572759
0.8273774326430987
0.10567369837638196
1.9389798443376793
0.09511406423847402
1.5694641051899447
1.7474700275586559
0.027558538329645943
0.6201839609213478
0.11458309834586733
1.5679369768590397
1.7020220348811042
1.5114140011826485
0.044500723056567715
1.7946678475643494
1.1102465912486021
0.7837593183887273
0.2825391375493256
0.9916493753500066
1.0186550214123342
1.0903697186893742
0.010328881166496329
1.7719554287448296
0.11332727156317945
0.21434487664529955
0.6522966812128215
1.3304190588868838
0.6198433554556437
1.4082727074679393
0.06998492900250275
1.2923904873233039
0.4454246654126395
0.9608107955688461
1.4114751851357377
1.2528724485377387
0.05442605319746119
0.2452038198834101
0.4248694738577403
0.298609325763868
1.665867913474268
0.7729784595958096
0.40391899849152235
0.9416610096299398
1.5700433337419013
1.6594132730996254
0.5461094758382683
0.18242052203697612
0.24704319161168242
1.8566645969784228
0.004296284667244077
1.193847508778495
0.42104940565502913
0.8040648725484429
1.9647258181244118
1.773716876886715
0.008878853428471167
0.5593101677611048
1.480224003695668
0.7513120984093458
0.34789793385723966
1.877965931829418
1.3277254942469963
0.7481888805352142
0.24154754767715692
0.332008143887371
1.7658874124014985
1.962020651848738
0.19057984440170128
1.1818689095053945
0.473698161924907
1.8710123822595177
1.349799674570749
0.4378696812038767
1.1815846115854458
0.6122211021375445
0.8681086819696366
1.063886117136114
1.9344128395014286
0.06503753290907022
0.9356578269515392
0.823123726071247
0.3344247605261339
1.719956898619985
1.268343867104353
1.0518397153570282
0.6914566589708322
0.6164485955057288
0.4616003071385184
0.6974360522849581
0.8492817457376738
1.9411186988511704
1.0442441410420156
0.36135235162999524
1.2381262447996484
1.8756558894388133
0.8637733128746083
1.6644167387913917
1.5474227347081406
0.11963354370786261
0.02082026636103862
1.1160146472438828
1.6410853213816978
0.10450173925174155
0.11550004547206139
1.355584163209459
0.38926567348459007
0.3610555699596547
1.4601890682450522
0.8886385961205718
0.02969756030667603
0.09613064615475242
1.4793506657479378
0.26844063837057197
1.0288970225628207
1.4102939529443574
1.5290340270872382
1.6780967688797288
0.1921189244908139
0.6304997307787177
1.1819331483383537
0.7032491984888454
1.1983223153290607
1.0643625971254713
1.7009143214701636
1.5706198626207384
1.9968441546575455
0.3295402082006078
1.204839907234546
1.3011300846111278
0.6522531671622951
0.5974312791643719
1.5876755595081258
0.351169048020769
1.0097137634477258
1.682216324844509
0.541465367024901
1.190834313830221
1.923265112998002
1.183082612281372
0.6183613459070789
0.6025397791742206
0.7186718369857781
1.2615734548544457
1.9283742374562876
0.1613061771944584
0.5915448737905833
0.8383357404688627
1.5968483686034753
0.20679532900633601
1.5861101539819038
1.3520916473452014
1.335212588918229
0.4980664129484753
1.676815552653006
0.2285961123820528
0.9800551235184551
1.367809488753736
1.2775184858383413
1.0866132389828567
1.194645130612897
1.5605475743600759
0.8456998879944622
1.5955847220221013
1.2288708645230184
0.10891056457328263
1.288104467546514
1.5888482486682327
1.4797618632461291
1.7264002454608436
1.183030463867875
0.056877300208325154
1.0932810258941632
1.7228977580065212
0.19266662333492723
0.33690619891505613
0.5749049207968433
1.2874596604327444
1.339692219739582
0.4529526566303479
1.8591419417447865
0.17519856054487604
0.794507539341196
1.7825081290027425
1.2014488791605222
1.4192557356688842
1.2180383485333344
0.8400111288899319
0.1544299100916593
0.8912277445090362
0.675420457753932
1.4880233071346263
1.5896276749764822
0.49318171975144565
1.1324923133598337
0.4091305036769948
1.3079753014993472
0.9004222230301915
1.279736980369332
0.6157166133214591
0.7853835532434332
0.6299831530042161
0.9185544409686621
0.5673090541681345
1.369214429954303
1.3111180483370082
1.5542376526317911
0.07235466108085031
