1.810867653854473
1.035707173714812
0.5759993912909263
0.9683668948496753
1.8328787148088692
1.8974907708447375
1.7551869658016008
1.3593503114552274
1.0939399640167893
1.3807995477301598
1.9648502094457163
1.2878286302224498
1.08621796621996
0.3507343434136141
1.3353427111990837
1.669478809305562
1.611800730209957
1.603483567917492
1.9181727520422331
1.2775495203272271
0.08717812371382028
0.3356239944502275
0.23764118914111076
1.813933248878749
0.45451017656882486
0.8019423505471563
0.28034208220410006
1.8306692326889844
0.27751290989433497
0.17176100100846647
1.7536120866601537
0.5509813380801718
0.6043125295929683
0.7512350367137703
1.5000347032923074
0.5936228367710676
0.6773418641439628
0.8233462097911175
0.04615169432514188
1.8585042997881667
0.9579293911478268
1.855949447903364
0.892203191580148
1.8153726483534989
1.7434425325178617
0.3505115733458113
1.0593222526611985
0.22561812699777772
1.6795085329106065
1.4336380958936472
1.1571229087986985
0.2722903566272483
1.3834205456583586
0.8449094300908253
0.5483159181486457
1.2339069543975156
0.033448618743342706
1.6946807854228498
0.3857765659165098
0.18678331578928797
0.02269788769441239
1.3589614058317894
0.15949137641813604
0.6054639685775882
1.1458416133836895
0.5381012671498786
0.7192223759322409
1.1000559605775004
1.9507496020579058
0.40179383854091966
1.9737435750623884
1.2596167712150428
1.540674930579793
0.5578473934634196
1.4184531737077697
1.1910892253226981
0.36363818118547053
1.3607949037821776
0.13460117181196796
0.030349603807898307
1.9695981114829735
1.1701930005696686
1.6969389601813265
1.5199798321662967
1.5619088128682754
1.8720311189392569
1.975213246940018
0.9365621393701915
1.279204538825671
1.6125264627388058
1.2289188352485194
1.255711563842547
1.9019836601429667
1.8061132926000345
0.8934923437337725
0.281527139247463
0.05516563272015951
1.5499323144832577
1.1856821641957507
1.8588312798469602
1.5353188979114378
0.4260821777464008
0.30355547534884475
0.6707262069351256
1.048462646178336
1.070002246987713
1.3917127077392317
0.8583150567805742
0.5917556897344995
0.6941909911761948
1.741319310854079
0.9349941333060143
1.1130551985380008
1.966780885118282
0.013435813347458803
1.2393679251164402
1.0316150667468336
1.6291787387541832
1.2699268206427452
1.0766390761777764
1.7266268308049773
1.7304477574067967
0.2706873014321032
1.863294231733595
1.4694066170746563
1.6951782855191573
1.4474121960138004
1.7004893650474824
1.0391121643070054
0.020067191089253367
0.3683419759592321
0.8372289910572372
1.1681392187229038
1.6982974558485724
0.5743549597841757
0.11052436703708057
0.3075848237590062
1.0142484563757403
1.1786538696730489
1.4935277902780424
0.6992946602115455
0.015147057646679674
0.2783533346486271
1.0380814271709857
0.86102582784506
1.374804184931781
0.9430896498759578
1.644716605049329
1.4923657951440026
0.6681991159713099
0.07699551248376757
1.9884885506206202
0.9230141534466294
0.6569932412363335
0.07666300387988967
1.2069635558622138
1.7589102437627124
1.5249616261388326
1.6915894978240278
0.16203514060004554
0.7911855503352969
1.5922667500966177
1.5772909587713093
0.45729695603264164
1.582097797890676
0.7473737779524674
0.5765832565780065
1.2223679016650795
0.3140171232353113
1.493653471056107
1.491524340863857
0.6883319279748159
0.7231869164488676
0.9603947932339052
1.6918323859234066
1.2069577819074886
1.2508804698464244
1.5871396777025706
1.2922960946757174
1.0908630253321476
1.7539326945429203
1.3749531365486256
0.5840761468320399
0.9260006706627681
1.013854050407231
0.5285550496078548
1.56547570958284
1.216302928294645
1.105379143626773
0.8009331923685936
1.8972839504600374
0.6104457166120065
1.4567407446351404
0.6999279473925204
1.007767837909205
0.7715581428696279
0.22937329882024038
1.4741559183973685
1.497341347812553
1.8842222748304778
0.018842413784829315
0.4605381622596223
0.8066767079086268
1.5118255861572811
0.9990516226396517
0.7781376830702345
1.3230599044689044
0.4158207498053734
0.9500741281184499
0.620812519225421
0.2446529976012597
0.198544393509148
0.8039263510433374
1.40051248558977
0.7088029435641956
0.38138832532911415
0.40718656444314294
1.2474112223371907
0.6409335037256596
0.4910364014187516
1.190116900335925
1.4464272379503496
1.7814818290168088
1.4809235499019835
0.36141839601168124
1.7030332760326516
0.7782780619729499
0.8935324229394903
1.4465746247384192
0.006540975999328236
0.8357149377924609
1.811106951819222
1.3542056714656925
1.251282269284411
0.38101991894964415
0.3988879922928892
0.7715591673842872
0.1696209646277913
1.2927364595792743
0.2637113055425011
0.5127920529699721
1.015734409413138
1.9360177250206083
1.8247768414781713
1.341503847079735
0.9744439168704846
1.1602029829315017
1.9191100750033865
1.469974555459132
1.3306243762133176
0.13587987495803588
0.0954015025177275
0.21025894784384103
1.5942631552449877
0.763526043109426
1.2760491240594085
1.0891749059917506
0.3020562750136666
0.13138718611342015
1.280589603399741
0.3129261414174005
0.7465650433311952
1.498513654435094
1.0872123913590495
1.6647252079880575
1.8416686399697375
0.7561401722655698
1.7102639950038032
0.7203276872089188
1.529611187318206
1.6086604446295218
0.44345234997744387
0.8633473956259843
0.019173559691154862
0.6205827324381488
0.16595001684853705
1.2869143342891614
0.5294099168476896
0.16215054476092816
0.4447633903076238
0.9556207648202153
1.7488112794045436
0.7027245854303581
1.1050022667162402
1.891677095334813
1.5267101194124215
0.24440575940822407
0.5498287298752496
1.6118992038463877
1.6529548274008858
0.6824844388192997
1.4744739617876925
0.9011012997283969
0.0893018215063659
1.7134920783930294
0.540481173888858
1.5419075808231353
1.6759985126961647
0.8723696932413976
1.9585031869681715
0.8785526854268795
1.1446448880419773
0.5420278015554072
0.7490061816007194
1.2667313531755497
0.6340517449158869
0.5016577889047511
0.33427722379395686
0.7191978292173664
0.664968214948156
1.328245673914313
1.8852753295079858
1.5922467973240115
1.029931351432312
1.2702022663034027
1.1654973999446796
1.5169742797314332
1.900288793241696
1.244047287823277
1.7711866017987057
1.8815078713430589
0.001160433271147454
0.6091645264146044
1.1680268543149306
1.590805063283835
1.619333246004659
1.8983208846966264
0.07885001147443149
0.10625734332023518
1.5434636861667046
0.4248460031124319
0.9185745082617938
0.5051637508435427
1.3451729849665068
0.03133633989609086
1.9221980460003782
1.8630462848662086
1.7504408235585667
1.3675131389809236
0.7571303201302231
1.4735034061377594
1.285002130261742
1.4310101483415612
1.2937078925198875
1.6784407105859807
1.6264799661639517
1.2709471144103275
0.02798011286623492
1.1247576913473234
1.932358229485997
0.017048817113939796
0.4967842727830798
1.8523779803545612
0.1896547611606434
0.2148843213345759
0.5261420958650562
1.0805889032404767
0.10112569654302894
1.1573516715096108
1.510629775412706
1.3639607791850166
1.7930947728231028
0.7032078425630595
0.4765609058138518
0.6528166283397459
1.703302883290616
0.8888439348585289
1.7332172267051391
0.7444078543953734
0.5563610709269162
1.7960768340967492
0.2569145418287919
0.08883046819676355
0.018989286251180015
1.389429438365768
1.9325154334119388
0.16565224592082184
0.9092837870989046
1.1084504113638936
0.9940794144782137
1.4169955016683569
0.2161700874217214
1.8348620337550747
0.3276995194162795
0.025718846339156443
1.9048322927380101
1.015502786781339
0.586192666819352
1.5170096358895386
1.4637066780648404
0.3143789164926576
1.795227839929959
0.012499158392160092
0.06731107307498374
1.5097642421098638
1.167662151470792
1.1531259231125102
0.5573930902950062
0.2565738479144879
1.9016092229295214
1.8426452101161785
1.8927828139488567
0.06014137496959959
1.8230116950207327
1.7570449372944599
0.16241328262118215
1.6810040728609543
0.9221060016816989
1.4516652341628964
1.6853188658873017
0.7367412551200752
1.7678696111939993
0.8005677787067316
0.5515615813928594
0.7278251800099316
0.7421978386304944
1.1952949178393921
0.829008653183215
1.0917690657529866
1.0825356513725728
1.9828312340379672
1.990608302816823
1.9184573600487338
1.4907676860022319
1.9046638740712152
1.0131450165372744
1.6764445184050312
0.8909673795981079
0.8822201948306663
0.6366322396952562
0.5136032687237777
1.0241294465674327
1.676303778622221
0.7315613583799203
1.0892695874450848
