1.0000001	0.24411626	0.20380877	-0.1095149	-0.29871094	0.19030142	-0.17829949	0.16615826	-0.16958551	-0.03450994	0.25287056	0.23447591	0.031022625	0.1644486	-0.15220739	-0.22186682	-0.2806399	-0.054450464	-0.44072852	-0.29857635	-0.07523557	0.2016593	-0.19584964	-0.31327587	-0.08120636	0.13641374	0.0023161026	-0.11835232	0.14200348	0.053475894
0.24411626	1.0000001	0.28427464	0.08423981	-0.33799997	0.076923385	-0.09689638	0.00051385193	0.07871257	0.11232046	0.24259572	0.25267237	-0.1286767	-0.01337154	-0.13560161	0.007550642	-0.27266738	0.11420225	-0.2802253	-0.5003354	-0.027467366	0.1784927	-0.25302044	-0.4475665	-0.29839498	0.23408061	-0.09757178	-0.19456604	-0.042918887	0.21664578
0.20380877	0.28427464	1.0000001	0.15398617	-0.2270397	0.05869889	-0.019348282	-0.019481707	0.08128534	0.14659938	0.18265924	0.29288355	-0.18882325	-0.082017735	-0.17984927	0.03263574	-0.43301266	0.12747253	-0.27571264	-0.38146704	0.009602729	0.18213074	-0.24047646	-0.273683	-0.22231807	0.22107595	-0.14401807	-0.3923068	-0.14371377	0.24621955
-0.1095149	0.08423981	0.15398617	1.0000001	-0.067567974	-0.3387254	0.27494186	-0.25093016	0.24988778	0.26527548	-0.009998679	0.10393601	-0.40555042	-0.46254957	-0.05909307	0.24800149	-0.18757722	0.23325755	0.0659021	-0.035260294	0.06125355	0.0063515706	-0.16203217	-0.029377852	-0.18703178	0.09795096	-0.1712451	-0.32430363	-0.29164407	0.24746445
-0.29871094	-0.33799997	-0.2270397	-0.067567974	1.0000001	-0.033753186	0.011154496	-0.0039031124	-0.16294643	-0.12968399	-0.39407006	-0.22390874	0.16408642	0.023916595	0.10152326	-0.10975244	0.22465819	-0.14455035	0.16608274	0.24575724	-0.073886454	-0.2609159	0.2642709	0.2821137	0.21373461	-0.39841086	0.13268346	0.12904814	0.11854574	-0.21044679
0.19030142	0.076923385	0.05869889	-0.3387254	-0.033753186	1.0000001	-0.36838073	0.25555277	-0.31365654	-0.32777694	0.03089303	0.14422946	0.21643145	0.22923683	-0.13592148	-0.24997093	-0.09013828	-0.35922346	-0.19378765	-0.08627111	0.08157759	0.16772543	-0.13103172	-0.11506784	0.14782289	0.08482466	-0.055497564	0.07227954	0.187553	-0.14480703
-0.17829949	-0.09689638	-0.019348282	0.27494186	0.011154496	-0.36838073	1.0000001	-0.39804363	0.23842753	0.22229776	-0.06804984	-0.04225959	-0.34059778	-0.44245103	0.06815638	0.26979122	-0.029202444	0.22230972	0.16741946	0.09177052	0.014302	-0.10751965	-0.025895046	0.120152734	-0.10229102	0.00016101995	-0.08630262	-0.2051115	-0.36191282	0.1717067
0.16615826	0.00051385193	-0.019481707	-0.25093016	-0.0039031124	0.25555277	-0.39804363	1.0000002	-0.3452416	-0.27772328	0.06712772	-0.024406485	0.25661147	0.27067846	-0.05462241	-0.42780724	0.07318657	-0.42953563	-0.18734351	-0.017720565	-0.05087855	0.09360975	0.060883928	-0.09463755	0.18351083	-0.02673527	0.061506066	0.15024807	0.26533762	-0.29586425
-0.16958551	0.07871257	0.08128534	0.24988778	-0.16294643	-0.31365654	0.23842753	-0.3452416	1.0000001	0.24737868	-0.037075754	-0.0026767515	-0.31606272	-0.29034564	0.017598528	0.30669028	-0.09874944	0.249766	0.15478376	-0.07261312	0.096073925	-0.029586306	-0.12286043	-0.032994352	-0.38447592	0.1390292	-0.18859035	-0.09529458	-0.4149129	0.21807164
-0.03450994	0.11232046	0.14659938	0.26527548	-0.12968399	-0.32777694	0.22229776	-0.27772328	0.24737868	1.0000002	0.0993583	0.07248283	-0.41908744	-0.29580495	0.09305201	0.22411531	-0.17323057	0.30275553	0.04523439	-0.14845215	-0.07900292	-0.09790952	-0.14037076	-0.11945339	-0.42768505	0.079540014	0.019885903	-0.35565832	-0.18316853	0.2792666
0.25287056	0.24259572	0.18265924	-0.009998679	-0.39407006	0.03089303	-0.06804984	0.06712772	-0.037075754	0.0993583	1.0000001	0.15208481	-0.125498	0.09332619	0.08361887	-0.11246756	-0.14482401	0.1005348	-0.43038023	-0.2687981	-0.20673323	0.029426724	-0.13831478	-0.40079618	-0.24487938	0.1114655	0.073307216	-0.12955548	0.061743498	0.13048224
0.23447591	0.25267237	0.29288355	0.10393601	-0.22390874	0.14422946	-0.04225959	-0.024406485	-0.0026767515	0.07248283	0.15208481	1.0000001	-0.10400813	-0.06774128	-0.25718528	0.0025051017	-0.5194788	0.062906295	-0.21536356	-0.22002608	0.0678658	0.23145552	-0.34093803	-0.3252595	-0.14182061	0.21476501	-0.16830671	-0.32312799	-0.05247893	0.19678332
0.031022625	-0.1286767	-0.18882325	-0.40555042	0.16408642	0.21643145	-0.34059778	0.25661147	-0.31606272	-0.41908744	-0.125498	-0.10400813	1.0000002	0.24867167	-0.056829143	-0.32211798	0.1583592	-0.37768495	-0.029663382	0.12621418	0.03423973	0.03485901	0.16374062	0.10755859	0.27010766	-0.2070889	0.04411583	0.24811439	0.2558765	-0.3382895
0.1644486	-0.01337154	-0.082017735	-0.46254957	0.023916595	0.22923683	-0.44245103	0.27067846	-0.29034564	-0.29580495	0.09332619	-0.06774128	0.24867167	1.0000004	0.04453131	-0.4082211	0.097711585	-0.1694863	-0.21137969	-0.06390991	-0.08355556	0.0107587	0.07130703	-0.078730084	0.13488683	-0.04091804	0.12973225	0.14879523	0.2788393	-0.23631802
-0.15220739	-0.13560161	-0.17984927	-0.05909307	0.10152326	-0.13592148	0.06815638	-0.05462241	0.017598528	0.09305201	0.08361887	-0.25718528	-0.056829143	0.04453131	1.0000004	-0.002978231	0.18097186	0.12580764	0.051387142	0.048371926	-0.3856033	-0.5630137	0.18411823	0.050613895	-0.07856728	-0.22570522	0.2615114	-0.0036888702	0.03763563	-0.05798618
-0.22186682	0.007550642	0.03263574	0.24800149	-0.10975244	-0.24997093	0.26979122	-0.42780724	0.30669028	0.22411531	-0.11246756	0.0025051017	-0.32211798	-0.4082211	-0.002978231	1.0000004	-0.0754216	0.22885685	0.20666663	0.013109585	0.097540505	-0.04620837	-0.09402157	0.013216079	-0.2363188	0.10250029	-0.11454928	-0.07461036	-0.4538596	0.19705348
-0.2806399	-0.27266738	-0.43301266	-0.18757722	0.22465819	-0.09013828	-0.029202444	0.07318657	-0.09874944	-0.17323057	-0.14482401	-0.5194788	0.1583592	0.097711585	0.18097186	-0.0754216	1.0000005	-0.15905066	0.16837586	0.22657159	-0.06392283	-0.3063576	0.2485898	0.23094603	0.16827849	-0.18045844	0.13001533	0.2439856	0.11045231	-0.2473057
-0.054450464	0.11420225	0.12747253	0.23325755	-0.14455035	-0.35922346	0.22230972	-0.42953563	0.249766	0.30275553	0.1005348	0.062906295	-0.37768495	-0.1694863	0.12580764	0.22885685	-0.15905066	1.0000004	0.034345616	-0.15777916	-0.12631287	-0.13236456	-0.10414466	-0.12323312	-0.3350241	0.07500084	0.037179105	-0.27193463	-0.24203126	0.2724507
-0.44072852	-0.2802253	-0.27571264	0.0659021	0.16608274	-0.19378765	0.16741946	-0.18734351	0.15478376	0.04523439	-0.43038023	-0.21536356	-0.029663382	-0.21137969	0.051387142	0.20666663	0.16837586	0.034345616	1.0000004	0.23449327	0.08888355	-0.21240637	0.11822036	0.25095183	0.015371592	-0.08773007	-0.0297027	0.11170716	-0.23448204	-0.05086107
-0.29857635	-0.5003354	-0.38146704	-0.035260294	0.24575724	-0.08627111	0.09177052	-0.017720565	-0.07261312	-0.14845215	-0.2687981	-0.22002608	0.12621418	-0.06390991	0.048371926	0.013109585	0.22657159	-0.15777916	0.23449327	1.0000005	0.09617134	-0.15425862	0.19928946	0.3034012	0.21580076	-0.25930914	-0.012290364	0.20389321	-0.006282952	-0.32143754
-0.07523557	-0.027467366	0.009602729	0.06125355	-0.073886454	0.08157759	0.014302	-0.05087855	0.096073925	-0.07900292	-0.20673323	0.0678658	0.03423973	-0.08355556	-0.3856033	0.097540505	-0.06392283	-0.12631287	0.08888355	0.09617134	1.0000004	0.1976579	-0.23610087	0.056333367	0.043341246	0.15694582	-0.6036232	0.09327017	-0.14235254	-0.04034182
0.2016593	0.1784927	0.18213074	0.0063515706	-0.2609159	0.16772543	-0.10751965	0.09360975	-0.029586306	-0.09790952	0.029426724	0.23145552	0.03485901	0.0107587	-0.5630137	-0.04620837	-0.3063576	-0.13236456	-0.21240637	-0.15425862	0.1976579	1.0000002	-0.23761238	-0.16997129	0.048964415	0.2125959	-0.2935696	-0.010804886	-0.01133278	0.03818449
-0.19584964	-0.25302044	-0.24047646	-0.16203217	0.2642709	-0.13103172	-0.025895046	0.060883928	-0.12286043	-0.14037076	-0.13831478	-0.34093803	0.16374062	0.07130703	0.18411823	-0.09402157	0.2485898	-0.10414466	0.11822036	0.19928946	-0.23610087	-0.23761238	1.0000002	0.21760303	0.16523696	-0.5340127	0.22844496	0.17120163	0.14161156	-0.27778658
-0.31327587	-0.4475665	-0.273683	-0.029377852	0.2821137	-0.11506784	0.120152734	-0.09463755	-0.032994352	-0.11945339	-0.40079618	-0.3252595	0.10755859	-0.078730084	0.050613895	0.013216079	0.23094603	-0.12323312	0.25095183	0.3034012	0.056333367	-0.16997129	0.21760303	1.0000001	0.20425037	-0.27307063	0.01934242	0.16225985	-0.011171185	-0.21039198
-0.08120636	-0.29839498	-0.22231807	-0.18703178	0.21373461	0.14782289	-0.10229102	0.18351083	-0.38447592	-0.42768505	-0.24487938	-0.14182061	0.27010766	0.13488683	-0.07856728	-0.2363188	0.16827849	-0.3350241	0.015371592	0.21580076	0.043341246	0.048964415	0.16523696	0.20425037	1.0000002	-0.17188634	0.006445878	0.20942238	0.18832316	-0.30353886
0.13641374	0.23408061	0.22107595	0.09795096	-0.39841086	0.08482466	0.00016101995	-0.02673527	0.1390292	0.079540014	0.1114655	0.21476501	-0.2070889	-0.04091804	-0.22570522	0.10250029	-0.18045844	0.07500084	-0.08773007	-0.25930914	0.15694582	0.2125959	-0.5340127	-0.27307063	-0.17188634	1.0000002	-0.28590238	-0.13323034	-0.23840667	0.19654086
0.0023161026	-0.09757178	-0.14401807	-0.1712451	0.13268346	-0.055497564	-0.08630262	0.061506066	-0.18859035	0.019885903	0.073307216	-0.16830671	0.04411583	0.12973225	0.2615114	-0.11454928	0.13001533	0.037179105	-0.0297027	-0.012290364	-0.6036232	-0.2935696	0.22844496	0.01934242	0.006445878	-0.28590238	1.0	-0.010223498	0.1617801	-0.046833295
-0.11835232	-0.19456604	-0.3923068	-0.32430363	0.12904814	0.07227954	-0.2051115	0.15024807	-0.09529458	-0.35565832	-0.12955548	-0.32312799	0.24811439	0.14879523	-0.0036888702	-0.07461036	0.2439856	-0.27193463	0.11170716	0.20389321	0.09327017	-0.010804886	0.17120163	0.16225985	0.20942238	-0.13323034	-0.010223498	0.99999994	0.13085991	-0.43225524
0.14200348	-0.042918887	-0.14371377	-0.29164407	0.11854574	0.187553	-0.36191282	0.26533762	-0.4149129	-0.18316853	0.061743498	-0.05247893	0.2558765	0.2788393	0.03763563	-0.4538596	0.11045231	-0.24203126	-0.23448204	-0.006282952	-0.14235254	-0.01133278	0.14161156	-0.011171185	0.18832316	-0.23840667	0.1617801	0.13085991	0.9999999	-0.24984702
0.053475894	0.21664578	0.24621955	0.24746445	-0.21044679	-0.14480703	0.1717067	-0.29586425	0.21807164	0.2792666	0.13048224	0.19678332	-0.3382895	-0.23631802	-0.05798618	0.19705348	-0.2473057	0.2724507	-0.05086107	-0.32143754	-0.04034182	0.03818449	-0.27778658	-0.21039198	-0.30353886	0.19654086	-0.046833295	-0.43225524	-0.24984702	0.9999999
