1.0000001	-0.12498058	-0.27677327	0.14415732	0.254164	-0.06745469	0.17249209	-0.24156277	0.25282463	-0.1799682	0.19959122	0.17758802	-0.21429521	-0.1460593	-0.08546081	0.017946672	-0.039223842	-0.43303123	0.15538466	-0.13575685	-0.22980312	-0.24651444	0.17614754	0.038383324	0.02841987	-0.095120974	0.25492325	-0.17239112	0.005570406	-0.18914306
-0.12498058	1.0000004	0.054783154	-0.2670628	-0.1479972	0.23870988	-0.36875975	0.2813375	0.02721277	0.17814684	-0.14224431	-0.1534178	0.23801985	-0.19657016	0.21254155	-0.16913068	0.18163194	0.19614427	-0.35824746	-0.18715402	0.035449486	-0.19694775	-0.18554877	0.18581086	-0.42690107	0.27665985	-0.2088746	0.20756103	-0.4724105	0.2922913
-0.27677327	0.054783154	1.0000002	-0.0767935	-0.37239587	0.02287154	-0.12797794	0.06473912	-0.45117423	0.24120396	-0.4996233	-0.20781058	0.041932676	0.14980166	0.009140829	-0.20357092	0.1685712	0.20355168	-0.08016216	0.09136687	0.24400476	0.16552176	-0.17569156	-0.031447083	0.052652366	0.054015387	-0.288514	0.105535716	0.056152884	0.066114545
0.14415732	-0.2670628	-0.0767935	1.0	0.09629149	-0.12726946	0.28643125	-0.38177115	0.05572462	-0.19807835	0.10313282	0.11129756	-0.2908924	0.11361294	-0.14347455	0.17600049	-0.20065612	-0.27298394	0.2635111	0.1316466	-0.0008446673	0.061046053	0.12985499	-0.14831607	0.1832519	-0.3474879	0.18830304	-0.5353484	0.23666115	-0.28989366
0.254164	-0.1479972	-0.37239587	0.09629149	0.9999998	-0.15674888	0.2076702	-0.115799576	0.2501361	-0.3675543	0.2554866	0.27854747	-0.206562	-0.054085985	-0.24718912	0.13691635	-0.19626261	-0.33163166	0.18838212	-0.033219084	-0.4627581	-0.054980986	0.28637782	-0.03746325	0.09391483	-0.19710155	0.2940849	-0.11341056	-0.0022954764	-0.2444571
-0.06745469	0.23870988	0.02287154	-0.12726946	-0.15674888	0.99999964	-0.20035931	0.17823918	-0.0021112156	0.22461274	-0.041068375	-0.37759328	0.25007364	-0.37257323	0.2564152	-0.3161961	0.21069959	0.1565316	-0.33571982	-0.2270722	0.100020535	-0.2789028	-0.25918475	0.23447452	-0.24458289	0.2743371	-0.2724319	0.13086951	-0.27316773	0.27463996
0.17249209	-0.36875975	-0.12797794	0.28643125	0.2076702	-0.20035931	0.99999976	-0.36948323	0.057008374	-0.2974336	0.14705765	0.22736403	-0.4174235	0.16316046	-0.21281657	0.16692191	-0.19744262	-0.27286202	0.3098911	0.1390638	-0.17495851	0.094237365	0.2210146	-0.18026707	0.21919252	-0.40507716	0.25017935	-0.33910814	0.22963901	-0.32730198
-0.24156277	0.2813375	0.06473912	-0.38177115	-0.115799576	0.17823918	-0.36948323	0.99999964	-0.053564917	0.1616873	-0.0760382	-0.18401271	0.23967865	-0.116355136	0.15380369	-0.03545895	0.06912555	0.24490987	-0.3662634	-0.049309704	0.029814199	-0.021449365	-0.14890738	0.084935896	-0.29895177	0.2414892	-0.26699707	0.19564472	-0.46456647	0.2451302
0.25282463	0.02721277	-0.45117423	0.05572462	0.2501361	-0.0021112156	0.057008374	-0.053564917	0.99999964	-0.25043833	0.27077964	0.1475049	-0.024831267	-0.28808323	0.025150258	0.069171235	-0.12498446	-0.24831499	0.022060378	-0.09882	-0.31579167	-0.34195766	0.12996173	0.033706795	-0.10208599	-0.03351091	0.22645266	-0.09577893	-0.106053166	-0.030137707
-0.1799682	0.17814684	0.24120396	-0.19807835	-0.3675543	0.22461274	-0.2974336	0.1616873	-0.25043833	0.9999997	-0.35267416	-0.37270558	0.18756537	-0.094562985	0.21832067	-0.27198756	0.25257722	0.2576743	-0.22831425	-0.033037767	0.26255998	-0.06782005	-0.4092784	0.08964419	-0.12346498	0.23355463	-0.38765693	0.16913804	-0.07733099	0.2356568
0.19959122	-0.14224431	-0.4996233	0.10313282	0.2554866	-0.041068375	0.14705765	-0.0760382	0.27077964	-0.35267416	0.9999996	0.15593241	-0.035067312	-0.12929578	-0.06868018	0.1707534	-0.3633434	-0.23384823	0.10134444	-0.07846423	-0.2651917	-0.15342769	0.18865608	0.0053722723	-0.003704798	-0.05742485	0.23612355	-0.21077423	-0.02219787	-0.101109035
0.17758802	-0.1534178	-0.20781058	0.11129756	0.27854747	-0.37759328	0.22736403	-0.18401271	0.1475049	-0.37270558	0.15593241	0.9999995	-0.3358164	0.11084351	-0.33654094	0.17208177	-0.22854236	-0.2566838	0.24796112	0.103388354	-0.36772737	0.08316229	0.2808552	-0.2325199	0.17163366	-0.23246583	0.27738288	-0.07535629	0.0640562	-0.24836268
-0.21429521	0.23801985	0.041932676	-0.2908924	-0.206562	0.25007364	-0.4174235	0.23967865	-0.024831267	0.18756537	-0.035067312	-0.3358164	0.9999996	-0.31110552	0.19121635	-0.14816703	0.14090145	0.17828098	-0.41435385	-0.28796765	0.09459205	-0.07318804	-0.15035664	0.22526452	-0.16458352	0.2731685	-0.21693763	0.21092024	-0.24558215	0.26554745
-0.1460593	-0.19657016	0.14980166	0.11361294	-0.054085985	-0.37257323	0.16316046	-0.116355136	-0.28808323	-0.094562985	-0.12929578	0.11084351	-0.31110552	0.9999997	-0.3049865	0.08908476	-0.058920454	-0.041184753	0.1917579	0.20257385	0.06561755	0.26852185	0.077867605	-0.21767654	0.23007111	-0.32711938	0.016913526	-0.050789364	0.20512103	-0.17554323
-0.08546081	0.21254155	0.009140829	-0.14347455	-0.24718912	0.2564152	-0.21281657	0.15380369	0.025150258	0.21832067	-0.06868018	-0.33654094	0.19121635	-0.3049865	0.99999976	-0.10909059	0.17600697	0.19508934	-0.2876412	-0.10320912	0.17447178	-0.3350676	-0.3922227	0.14487348	-0.4396139	0.2564926	-0.18350984	0.07240281	-0.09377982	0.25741294
0.017946672	-0.16913068	-0.20357092	0.17600049	0.13691635	-0.3161961	0.16692191	-0.03545895	0.069171235	-0.27198756	0.1707534	0.17208177	-0.14816703	0.08908476	-0.10909059	0.9999997	-0.50327027	-0.038967133	0.19249687	0.21223599	-0.093669064	0.13807604	0.14764138	-0.2853606	0.1381365	-0.2208506	0.15844005	-0.39974326	0.09615806	-0.2865435
-0.039223842	0.18163194	0.1685712	-0.20065612	-0.19626261	0.21069959	-0.19744262	0.06912555	-0.12498446	0.25257722	-0.3633434	-0.22854236	0.14090145	-0.058920454	0.17600697	-0.50327027	0.99999976	0.10149157	-0.2025396	-0.2649316	0.14635523	-0.1672138	-0.25038284	0.21874347	-0.20033374	0.1927214	-0.2495976	0.22156711	-0.06424348	0.2315529
-0.43303123	0.19614427	0.20355168	-0.27298394	-0.33163166	0.1565316	-0.27286202	0.24490987	-0.24831499	0.2576743	-0.23384823	-0.2566838	0.17828098	-0.041184753	0.19508934	-0.038967133	0.10149157	0.9999999	-0.22224241	0.08341914	0.22246516	0.006254755	-0.33206388	-0.02947739	-0.17870024	0.2006151	-0.3699542	0.1557792	-0.15408798	0.21388511
0.15538466	-0.35824746	-0.08016216	0.2635111	0.18838212	-0.33571982	0.3098911	-0.3662634	0.022060378	-0.22831425	0.10134444	0.24796112	-0.41435385	0.1917579	-0.2876412	0.19249687	-0.2025396	-0.22224241	0.99999994	0.18143909	-0.137212	0.13599588	0.21211904	-0.26822335	0.25451055	-0.3204285	0.2408421	-0.3135094	0.24426498	-0.40704963
-0.13575685	-0.18715402	0.09136687	0.1316466	-0.033219084	-0.2270722	0.1390638	-0.049309704	-0.09882	-0.033037767	-0.07846423	0.103388354	-0.28796765	0.20257385	-0.10320912	0.21223599	-0.2649316	0.08341914	0.18143909	0.99999994	0.058988575	0.18837881	-0.005960309	-0.62082875	0.18238416	-0.18854563	0.007732645	-0.19720589	0.15155539	-0.22264662
-0.22980312	0.035449486	0.24400476	-0.0008446673	-0.4627581	0.100020535	-0.17495851	0.029814199	-0.31579167	0.26255998	-0.2651917	-0.36772737	0.09459205	0.06561755	0.17447178	-0.093669064	0.14635523	0.22246516	-0.137212	0.058988575	0.9999998	0.0135579165	-0.4047762	-0.03217772	-0.07551887	0.13170382	-0.30666357	0.056103364	0.08034966	0.15109695
-0.24651444	-0.19694775	0.16552176	0.061046053	-0.054980986	-0.2789028	0.094237365	-0.021449365	-0.34195766	-0.06782005	-0.15342769	0.08316229	-0.07318804	0.26852185	-0.3350676	0.13807604	-0.1672138	0.006254755	0.13599588	0.18837881	0.0135579165	0.9999999	0.10728775	-0.2045866	0.23826236	-0.19802839	-0.03128006	-0.059914198	0.1362507	-0.20521514
0.17614754	-0.18554877	-0.17569156	0.12985499	0.28637782	-0.25918475	0.2210146	-0.14890738	0.12996173	-0.4092784	0.18865608	0.2808552	-0.15035664	0.077867605	-0.3922227	0.14764138	-0.25038284	-0.33206388	0.21211904	-0.005960309	-0.4047762	0.10728775	0.9999999	-0.04041517	0.17702141	-0.31310737	0.2763	-0.082015075	0.04284729	-0.30399475
0.038383324	0.18581086	-0.031447083	-0.14831607	-0.03746325	0.23447452	-0.18026707	0.084935896	0.033706795	0.08964419	0.0053722723	-0.2325199	0.22526452	-0.21767654	0.14487348	-0.2853606	0.21874347	-0.02947739	-0.26822335	-0.62082875	-0.03217772	-0.2045866	-0.04041517	1.0000001	-0.25909805	0.20589538	-0.12645848	0.17091435	-0.1417503	0.21808548
0.02841987	-0.42690107	0.052652366	0.1832519	0.09391483	-0.24458289	0.21919252	-0.29895177	-0.10208599	-0.12346498	-0.003704798	0.17163366	-0.16458352	0.23007111	-0.4396139	0.1381365	-0.20033374	-0.17870024	0.25451055	0.18238416	-0.07551887	0.23826236	0.17702141	-0.25909805	1.0	-0.32849726	0.12634662	-0.10500703	0.23846833	-0.38316935
-0.095120974	0.27665985	0.054015387	-0.3474879	-0.19710155	0.2743371	-0.40507716	0.2414892	-0.03351091	0.23355463	-0.05742485	-0.23246583	0.2731685	-0.32711938	0.2564926	-0.2208506	0.1927214	0.2006151	-0.3204285	-0.18854563	0.13170382	-0.19802839	-0.31310737	0.20589538	-0.32849726	0.99999994	-0.31687438	0.21010779	-0.2732733	0.30420285
0.25492325	-0.2088746	-0.288514	0.18830304	0.2940849	-0.2724319	0.25017935	-0.26699707	0.22645266	-0.38765693	0.23612355	0.27738288	-0.21693763	0.016913526	-0.18350984	0.15844005	-0.2495976	-0.3699542	0.2408421	0.007732645	-0.30666357	-0.03128006	0.2763	-0.12645848	0.12634662	-0.31687438	0.99999994	-0.15919833	0.11528581	-0.28432098
-0.17239112	0.20756103	0.105535716	-0.5353484	-0.11341056	0.13086951	-0.33910814	0.19564472	-0.09577893	0.16913804	-0.21077423	-0.07535629	0.21092024	-0.050789364	0.07240281	-0.39974326	0.22156711	0.1557792	-0.3135094	-0.19720589	0.056103364	-0.059914198	-0.082015075	0.17091435	-0.10500703	0.21010779	-0.15919833	0.99999994	-0.22591463	0.22898306
0.005570406	-0.4724105	0.056152884	0.23666115	-0.0022954764	-0.27316773	0.22963901	-0.46456647	-0.106053166	-0.07733099	-0.02219787	0.0640562	-0.24558215	0.20512103	-0.09377982	0.09615806	-0.06424348	-0.15408798	0.24426498	0.15155539	0.08034966	0.1362507	0.04284729	-0.1417503	0.23846833	-0.2732733	0.11528581	-0.22591463	0.99999994	-0.28566644
-0.18914306	0.2922913	0.066114545	-0.28989366	-0.2444571	0.27463996	-0.32730198	0.2451302	-0.030137707	0.2356568	-0.101109035	-0.24836268	0.26554745	-0.17554323	0.25741294	-0.2865435	0.2315529	0.21388511	-0.40704963	-0.22264662	0.15109695	-0.20521514	-0.30399475	0.21808548	-0.38316935	0.30420285	-0.28432098	0.22898306	-0.28566644	0.99999994
