1.0	-0.44338837	0.2543779	0.21679963	-0.17750598	-0.22190268	-0.3121354	-0.26941925	0.053184878	0.10614642	0.23463915	0.19503714	-0.417526	-0.23874693	-0.0043202443	-0.22792938	-0.33151257	-0.363096	0.28402284	0.22012034	-0.25020814	0.26737642	0.12330232	-0.17909636	0.13211195	0.27006996	0.23086374	-0.29084778	0.2633929	-0.123778306
-0.44338837	0.9999998	-0.31611168	-0.25620693	0.23934326	0.25282705	0.21098271	0.27823943	-0.13436887	-0.17001861	-0.32264957	-0.15855464	0.30030185	0.080387704	-0.119720295	0.22265247	0.24009968	0.29844168	-0.3391098	-0.20006618	0.28840294	-0.32937077	-0.24667273	0.22714457	-0.15494162	-0.2766805	-0.31143525	0.27161914	-0.3411413	0.21003969
0.2543779	-0.31611168	1.0000002	0.26777396	-0.12446452	-0.23319198	-0.019925702	-0.30816078	-0.03279562	0.0021197891	0.23511133	0.23860683	-0.331208	-0.20248032	-0.12209843	-0.21771608	-0.45934454	-0.37442744	0.2652665	0.17765029	-0.21785355	0.26533163	-0.0397329	-0.118157394	0.1557982	0.19729412	0.2112094	-0.20702064	0.26029593	-0.20610292
0.21679963	-0.25620693	0.26777396	1.0000002	-0.14002244	-0.28620505	-0.0007190813	-0.402133	0.11487233	0.09413172	0.2705553	0.15896793	-0.2658403	-0.05406502	0.061384298	-0.22705466	-0.47665855	-0.372075	0.18005925	0.11574947	-0.24515676	0.26991808	0.067967705	-0.24982294	0.26352844	0.15698746	0.24237713	-0.4046987	0.24979006	-0.3501487
-0.17750598	0.23934326	-0.12446452	-0.14002244	1.0000001	0.20118816	0.197098	0.2278155	-0.34279048	-0.23777904	-0.32440138	0.015821952	0.2040149	-0.15268376	-0.32630163	0.08926593	0.11501606	0.22922271	-0.18647696	-0.006233893	0.27362663	-0.17068179	-0.42794877	0.26222867	-0.24033652	-0.29987684	-0.13851738	0.16321243	-0.13918482	0.21739812
-0.22190268	0.25282705	-0.23319198	-0.28620505	0.20118816	1.0000001	0.10603488	0.2641611	-0.30575368	-0.33951622	-0.33112472	0.003219861	0.21309707	0.02275588	-0.1853109	0.10367019	0.20829614	0.21090747	-0.12852168	-0.13326521	0.29411203	-0.26750416	-0.14338213	0.28379562	-0.20048265	-0.08994899	-0.52250046	0.24355736	-0.24096623	0.2219885
-0.3121354	0.21098271	-0.019925702	-0.0007190813	0.197098	0.10603488	1.0	0.08845617	-0.14552519	-0.31890887	-0.054216955	-0.06571609	0.17411599	0.06466824	-0.064451404	0.16984902	0.05029896	0.12870924	-0.21350656	-0.19607586	0.17814136	-0.16808054	-0.3754708	0.13685364	-0.024200857	-0.44249126	-0.11499791	0.14684352	-0.19842364	0.06284778
-0.26941925	0.27823943	-0.30816078	-0.402133	0.2278155	0.2641611	0.08845617	0.9999999	-0.23265664	-0.12820408	-0.3713136	-0.10038291	0.27829987	0.037721924	-0.15817125	0.20151927	0.27571884	0.27926353	-0.2361899	-0.19837181	0.2836064	-0.32791886	-0.123124115	0.252554	-0.37954542	-0.18617216	-0.26679972	0.27201974	-0.3443001	0.29352668
0.053184878	-0.13436887	-0.03279562	0.11487233	-0.34279048	-0.30575368	-0.14552519	-0.23265664	0.9999999	0.27470982	0.20207158	-0.2000328	-0.11009294	0.1279914	0.29085803	-0.0029922656	-0.06821057	-0.11308864	-0.06297453	2.9096489e-5	-0.2809501	0.04015883	0.2622338	-0.42150578	0.23597914	0.03456729	0.15163828	-0.068755604	-0.0037124697	-0.26204535
0.10614642	-0.17001861	0.0021197891	0.09413172	-0.23777904	-0.33951622	-0.31890887	-0.12820408	0.27470982	0.99999994	0.14503448	-0.19561413	-0.14497548	0.12297189	0.2476873	-0.0312847	-0.0669788	-0.0801997	-0.04439844	0.00028853337	-0.3141534	0.06625623	0.26701185	-0.3242512	0.15667404	0.058875225	0.18896191	-0.20305681	0.036399327	-0.167884
0.23463915	-0.32264957	0.23511133	0.2705553	-0.32440138	-0.33112472	-0.054216955	-0.3713136	0.20207158	0.14503448	0.99999994	0.081340216	-0.40770078	-0.06476257	0.112215705	-0.12514032	-0.23480166	-0.4232515	0.19808131	0.13973281	-0.34470943	0.24051623	0.15838626	-0.3109676	0.26573315	0.16490762	0.24817693	-0.2601617	0.21915561	-0.3404137
0.19503714	-0.15855464	0.23860683	0.15896793	0.015821952	0.003219861	-0.06571609	-0.10038291	-0.2000328	-0.19561413	0.081340216	1.0	-0.2083044	-0.33070907	-0.2616113	-0.42126653	-0.27419412	-0.22534479	0.2541167	0.20996828	-0.074760206	0.24112636	-0.07628977	0.01376255	0.028663442	0.21793517	0.08179765	-0.22047965	0.2422989	-0.16935591
-0.417526	0.30030185	-0.331208	-0.2658403	0.2040149	0.21309707	0.17411599	0.27829987	-0.11009294	-0.14497548	-0.40770078	-0.2083044	1.0	0.14795075	-0.0010655475	0.23440896	0.24513415	0.30071363	-0.413972	-0.3040266	0.250094	-0.2894048	-0.1461578	0.19937193	-0.2422848	-0.25628212	-0.21026042	0.25855446	-0.27946573	0.22254783
-0.23874693	0.080387704	-0.20248032	-0.05406502	-0.15268376	0.02275588	0.06466824	0.037721924	0.1279914	0.12297189	-0.06476257	-0.33070907	0.14795075	1.0	0.24519472	0.20764215	0.104866534	0.09130151	-0.21614714	-0.53609896	0.0074700285	-0.15299906	0.12718156	-0.017332917	-0.011778558	-0.19227596	-0.17878483	0.10122316	-0.15387668	0.013459342
-0.0043202443	-0.119720295	-0.12209843	0.061384298	-0.32630163	-0.1853109	-0.064451404	-0.15817125	0.29085803	0.2476873	0.112215705	-0.2616113	-0.0010655475	0.24519472	0.99999994	0.054306738	-0.021064112	-0.0814153	-0.14988914	-0.16707431	-0.22805601	-0.04613786	0.24684024	-0.27499416	0.15234159	-0.0062322863	0.05152343	-0.017618712	-0.08189098	-0.14487465
-0.22792938	0.22265247	-0.21771608	-0.22705466	0.08926593	0.10367019	0.16984902	0.20151927	-0.0029922656	-0.0312847	-0.12514032	-0.42126653	0.23440896	0.20764215	0.054306738	0.99999994	0.20410971	0.22255056	-0.2928254	-0.46733066	0.16386968	-0.40358868	-0.018636253	0.08241789	-0.09897534	-0.38222998	-0.12134565	0.22151661	-0.30926126	0.16984366
-0.33151257	0.24009968	-0.45934454	-0.47665855	0.11501606	0.20829614	0.05029896	0.27571884	-0.06821057	-0.0669788	-0.23480166	-0.27419412	0.24513415	0.104866534	-0.021064112	0.20410971	1.0	0.26808313	-0.19130813	-0.12118146	0.22471903	-0.26863435	-0.011458852	0.17112386	-0.3436719	-0.20964326	-0.2776482	0.26451468	-0.26785243	0.25224182
-0.363096	0.29844168	-0.37442744	-0.372075	0.22922271	0.21090747	0.12870924	0.27926353	-0.11308864	-0.0801997	-0.4232515	-0.22534479	0.30071363	0.09130151	-0.0814153	0.22255056	0.26808313	1.0	-0.33779654	-0.16962966	0.25883827	-0.29914045	-0.19164923	0.2014056	-0.18888803	-0.32785642	-0.20058292	0.25128484	-0.22378051	0.23155308
0.28402284	-0.3391098	0.2652665	0.18005925	-0.18647696	-0.12852168	-0.21350656	-0.2361899	-0.06297453	-0.04439844	0.19808131	0.2541167	-0.413972	-0.21614714	-0.14988914	-0.2928254	-0.19130813	-0.33779654	1.0	0.22177912	-0.220371	0.278372	0.005439642	-0.08994843	0.08451688	0.2797584	0.16782272	-0.2653132	0.27990168	-0.11033016
0.22012034	-0.20006618	0.17765029	0.11574947	-0.006233893	-0.13326521	-0.19607586	-0.19837181	2.9096489e-5	0.00028853337	0.13973281	0.20996828	-0.3040266	-0.53609896	-0.16707431	-0.46733066	-0.12118146	-0.16962966	0.22177912	1.0000001	-0.08084658	0.19763781	-0.046212852	-0.07320808	0.09955417	0.20980197	0.15110959	-0.12431099	0.19461636	-0.11404842
-0.25020814	0.28840294	-0.21785355	-0.24515676	0.27362663	0.29411203	0.17814136	0.2836064	-0.2809501	-0.3141534	-0.34470943	-0.074760206	0.250094	0.0074700285	-0.22805601	0.16386968	0.22471903	0.25883827	-0.220371	-0.08084658	1.0	-0.29719436	-0.27299386	0.3010158	-0.30313483	-0.25061038	-0.39597538	0.2714226	-0.28629825	0.26799938
0.26737642	-0.32937077	0.26533163	0.26991808	-0.17068179	-0.26750416	-0.16808054	-0.32791886	0.04015883	0.06625623	0.24051623	0.24112636	-0.2894048	-0.15299906	-0.04613786	-0.40358868	-0.26863435	-0.29914045	0.278372	0.19763781	-0.29719436	0.99999994	0.06794188	-0.17188849	0.1763607	0.25676212	0.24329728	-0.44537216	0.32310474	-0.29619187
0.12330232	-0.24667273	-0.0397329	0.067967705	-0.42794877	-0.14338213	-0.3754708	-0.123124115	0.2622338	0.26701185	0.15838626	-0.07628977	-0.1461578	0.12718156	0.24684024	-0.018636253	-0.011458852	-0.19164923	0.005439642	-0.046212852	-0.27299386	0.06794188	1.0	-0.36365137	0.15082149	0.11345701	0.1257866	-0.10632478	0.048733022	-0.17535894
-0.17909636	0.22714457	-0.118157394	-0.24982294	0.26222867	0.28379562	0.13685364	0.252554	-0.42150578	-0.3242512	-0.3109676	0.01376255	0.19937193	-0.017332917	-0.27499416	0.08241789	0.17112386	0.2014056	-0.08994843	-0.07320808	0.3010158	-0.17188849	-0.36365137	0.9999998	-0.37634423	-0.10796671	-0.36885005	0.20416947	-0.1510374	0.26322967
0.13211195	-0.15494162	0.1557982	0.26352844	-0.24033652	-0.20048265	-0.024200857	-0.37954542	0.23597914	0.15667404	0.26573315	0.028663442	-0.2422848	-0.011778558	0.15234159	-0.09897534	-0.3436719	-0.18888803	0.08451688	0.09955417	-0.30313483	0.1763607	0.15082149	-0.37634423	0.99999964	0.1052068	0.20295486	-0.2699692	0.16599086	-0.5416521
0.27006996	-0.2766805	0.19729412	0.15698746	-0.29987684	-0.08994899	-0.44249126	-0.18617216	0.03456729	0.058875225	0.16490762	0.21793517	-0.25628212	-0.19227596	-0.0062322863	-0.38222998	-0.20964326	-0.32785642	0.2797584	0.20980197	-0.25061038	0.25676212	0.11345701	-0.10796671	0.1052068	0.99999964	0.12955384	-0.2452038	0.25034916	-0.17200059
0.23086374	-0.31143525	0.2112094	0.24237713	-0.13851738	-0.52250046	-0.11499791	-0.26679972	0.15163828	0.18896191	0.24817693	0.08179765	-0.21026042	-0.17878483	0.05152343	-0.12134565	-0.2776482	-0.20058292	0.16782272	0.15110959	-0.39597538	0.24329728	0.1257866	-0.36885005	0.20295486	0.12955384	0.9999996	-0.353406	0.2350944	-0.20101786
-0.29084778	0.27161914	-0.20702064	-0.4046987	0.16321243	0.24355736	0.14684352	0.27201974	-0.068755604	-0.20305681	-0.2601617	-0.22047965	0.25855446	0.10122316	-0.017618712	0.22151661	0.26451468	0.25128484	-0.2653132	-0.12431099	0.2714226	-0.44537216	-0.10632478	0.20416947	-0.2699692	-0.2452038	-0.353406	0.9999996	-0.4419087	0.25454664
0.2633929	-0.3411413	0.26029593	0.24979006	-0.13918482	-0.24096623	-0.19842364	-0.3443001	-0.0037124697	0.036399327	0.21915561	0.2422989	-0.27946573	-0.15387668	-0.08189098	-0.30926126	-0.26785243	-0.22378051	0.27990168	0.19461636	-0.28629825	0.32310474	0.048733022	-0.1510374	0.16599086	0.25034916	0.2350944	-0.4419087	0.99999964	-0.3059708
-0.123778306	0.21003969	-0.20610292	-0.3501487	0.21739812	0.2219885	0.06284778	0.29352668	-0.26204535	-0.167884	-0.3404137	-0.16935591	0.22254783	0.013459342	-0.14487465	0.16984366	0.25224182	0.23155308	-0.11033016	-0.11404842	0.26799938	-0.29619187	-0.17535894	0.26322967	-0.5416521	-0.17200059	-0.20101786	0.25454664	-0.3059708	0.99999964
