0.5100339556176423
0.7177819578883884
0.5794667319754239
0.5774770876812698
0.6923227068012101
1.9987513797745016
1.4399796207137852
0.46179814507034456
1.7372022861819765
0.4931920481053129
0.29859660066262794
1.8980560183595256
1.4389363410212703
1.9088302900313943
0.7878322188148599
1.9415987983030907
1.2436367148235248
0.14050243816886931
0.3907125441914865
0.3792957224925104
1.1305935902595272
1.9152650440389662
0.2252046383380195
0.941646104412329
0.9191297372443281
1.0499484261942928
1.0717238136622134
0.03387985472886346
0.243906194182552
0.20790579635605755
1.2986395012885705
1.672330422041098
1.0800032386660496
1.9792627039399786
1.4754093728124833
0.502841300916784
1.138011706430529
1.8408690467660647
0.5023460642463948
1.1789582122792541
1.329910349237708
0.4630215536700304
0.5386870897492955
1.824080397555064
1.4666971684750028
0.8335644971907703
1.6536780803681452
1.761691287295565
0.25629905072186454
0.9549798108453598
0.608425508038938
1.2126193096950106
0.9717368735057381
1.0012734738813458
1.333633766220535
0.95620050594504
1.6384655976560105
1.3893897276475913
0.7649851337509019
0.6609211700542696
1.9185796166144682
1.7054899628975413
0.46337878088025075
1.8026679277188402
1.5534717909681377
0.8061760480072997
1.8919872070059756
1.9516920278757897
0.7499299242201378
1.9833222928700474
0.4423493761539232
1.7578123825118885
0.7124622704681518
0.10375531179172648
0.7090888647959872
1.9629801311470803
0.8396197820948021
0.48126497164333926
1.0664714850830046
1.492181519625629
1.5712586799904513
0.3848049063341199
1.4967086731891432
1.660138398209321
0.4974410995047365
0.828723796951754
1.017762613664014
0.7856205039958752
1.333185067394464
0.7404553794015214
1.5461139831111785
1.7668546534661085
0.07287271399348705
0.8923013357483358
0.6941883008663565
0.42469959801910484
0.8506552994019161
1.6753919784400038
0.724207062527152
0.4299044878722409
0.28586158760716995
1.284122646476471
0.3282329669125754
1.2413555730917862
1.6601491192590327
1.8638328746263562
0.24481067050027439
1.1925825055896906
1.3477897586619945
0.4711800142069591
1.1104618048118695
1.0740325817438177
0.2142195073293569
0.012734581380354548
1.5701887279241822
0.5306556142550023
1.4659482022985362
0.7020416470236126
1.0697292279873534
1.8025255592826357
1.2371455899834167
1.928024284886898
1.1450466995079902
1.2714198950444033
0.07411653222883685
0.28383144179466857
1.7091484812632414
0.9472898109487962
0.09046477327694435
1.981056694787605
0.010943490844629977
0.34583064560597987
1.0041673336009582
1.192414625376972
1.7048959343730394
0.0160467669543376
1.5794879886610091
0.8036472111037298
0.20352760568768713
1.7030967970147215
0.686239891713917
1.7206965460522945
1.949955089211901
0.06508619905062041
0.793682424840896
0.1876494378642748
0.9951078623528544
1.5236319233524875
0.654882418610713
1.6125277693816162
0.7443927265380896
1.2101565519721325
0.854712682854889
1.483975011468692
1.2784496820797917
1.0732611359146624
0.47992609813241227
0.9451042903286841
1.9917915269412092
0.342382407864124
1.92680088900651
1.4390122344630616
0.685000812111505
0.7382066372241936
1.6229352281428127
0.6629128912484692
1.274825356539993
0.6008881977967484
1.7465850799977531
0.6354610553652753
1.3144150539595427
1.9328272139072267
0.6367527248459621
0.7703035123350268
1.4099158460001353
1.5911438502964304
1.228519461488704
1.9534301142522916
1.5454305314084433
0.6084969288461719
1.1288539500400627
1.3120306046970291
0.2100405212447629
1.1032092205870914
0.6972715461273635
0.4914979460601756
0.09476036241496621
1.4389289527277256
1.291209444511181
0.06462927064462609
0.1316255905713557
1.0216811760625781
0.1825262262659717
1.8562495132164667
0.3319488824292198
0.5417233359653675
1.310623829587302
0.689362892608661
1.3997668081846368
1.7784310243260681
1.2198000705243628
0.7654452313718796
0.574076693322848
1.3314014126446123
1.5129522993369753
0.7496663768595901
0.4978924634859958
1.7944618766095528
1.6287398091242529
1.656101087864114
0.13683294268500412
1.4634482692242943
0.7641797635197973
0.47205546079803473
0.9130179375658456
0.7772880769361272
0.03555077904309001
1.2798229579766631
1.7997701993349446
1.6146648335443554
1.7544061064796819
0.08420851409265251
1.409845749411551
0.2205781371553408
0.09493215368915808
0.8106262536552606
0.7261808685814175
0.19387260291955588
0.3668930413119391
0.9068754131500738
1.6498509834173414
0.36291469029420775
1.3270880756455932
1.098867276426579
1.472070995239922
0.5700530590032931
1.4529591682470386
1.1631501802194135
1.2114798000470532
0.9264319553175218
0.014384941240209947
1.8490938013918388
1.0276776286934453
1.829910248411322
1.489888976931248
0.6368380704030183
0.36525923542367034
1.2435223132111235
0.5560070769099767
1.0863450651654003
1.8779465675302554
0.8357100659444416
1.0108659513395333
1.9582404527850767
0.13965801019231994
1.3730786644265607
1.6820982230883776
1.4894217737595756
1.4700639441819425
0.6428366935804459
1.3150187229475743
0.8010699614619243
0.3767957888058402
0.5918383965578573
1.3802020848088545
1.3695362428786073
1.8124208658591339
1.3460563778729244
0.5626497923005842
1.5958367479914466
1.2600222915045418
0.8127492321951257
1.3134723033678113
0.5617921047445646
1.7044271564021456
1.2807638789783782
0.23139992999741255
1.1177924910524026
1.9354315576840395
0.46937288152365064
0.7320439609893157
0.47438581532652946
1.4602543191659638
1.6742011862999553
0.3509241178257343
0.5275272710102379
0.8630017740585367
1.890118689879116
1.4964048927717772
0.36241036998117715
0.02537599077784103
0.0886337961017305
0.681898465705949
0.21798119841484054
0.7037440601981859
1.3343665186986906
1.209185327396756
1.7588118827537071
0.8110276570753159
1.535514369595313
1.7777699153064237
0.31600291201402286
0.2861148941203817
1.5610117141947808
0.11509986256156801
1.549094266273498
0.5340277655744701
1.0300347367917158
1.0957055786012184
0.5925077211856946
1.6770490174417498
0.4060109816877613
0.07586591980001511
0.265994653590764
0.02627686164211518
0.16307379650910292
1.3239418528601186
0.15544942750235768
1.1343276318772681
1.9004388882216514
0.7908894967465732
1.571921925456521
1.4433333606070082
1.2746582586234547
0.7941026452635591
0.7149701442261502
0.17938303395721888
0.30318392065522226
0.6977198032743743
0.9445875205910348
0.3692019169856675
0.6328024847337519
0.410196942714939
1.144852967501127
1.068214876630963
0.21409043655284243
1.508051262974524
1.877591176558307
1.036931910221452
1.375717889706836
0.3390472167788503
0.06388578373056575
0.787087320776352
1.341440643757792
1.4606117598481998
0.6538155504058065
0.06348747196587912
1.1481539807796899
1.7638558028177191
0.22868020046010473
0.8325806742042785
0.21579913592536482
1.549160356467605
1.1841925784120777
1.7630009698964466
0.6247666440433377
0.4718047091024893
1.137434040486898
0.5876249302361605
0.22146254042225988
1.1198164818299077
1.467159047662011
1.6070028651971069
0.08356255913633093
0.3301159716490698
1.7463922491679433
0.6611590558640825
1.8245717360292184
0.4211815129507468
0.766943008972901
0.20893547005260182
0.35019470951049736
0.7900575588143601
0.9198463129321801
0.11151878737084786
0.2866267708032708
0.5882553474181185
0.11846429325167751
0.3134128889468393
1.6417529052618558
1.0492024818520427
0.6692654065725312
0.9510604697988438
0.8373293966966273
0.14011897232646398
1.0969556569765206
0.3402353210491367
1.9160249521584483
0.7798021823749355
0.9239548931015396
0.9447596577457087
1.75010717258373
0.4792213990735834
1.1419387464610586
1.4671559119649231
0.8200402463697929
0.2590267925060088
0.21420140172394353
1.5077233096324765
0.5341720153170861
1.8946534478644228
0.2809641520525241
0.3770979175833573
0.47921408250963204
1.481580099766194
0.8841931383040282
1.3005699010096985
0.4038704345660169
0.1578036293080225
1.7717637104960853
0.02670785833182232
0.4525772080869719
0.32286978772757147
1.1025864818928952
1.5743860637202969
1.708066798964442
1.92855628705735
0.7145479674596202
0.48954082361109696
1.9334621424772354
0.16359356967496352
1.4763260883582527
1.9790983049814066
0.7495332704641466
1.2833038090215063
0.9550286928160578
1.2332686434150073
0.12358747993528074
1.4922048543315112
1.6125658622584924
1.5319327227888384
1.3555198408664482
1.7742186214547189
0.897417160444971
0.4612792443899907
