1.0000001	-0.17445974	-0.17162551	-0.11509073	0.00032843425	-0.096186645	0.13661543	0.100011505	0.027286137	-0.16465172	0.0025368424	-0.14712304	-0.4094637	0.17361002	0.17155871	0.23985988	0.21314056	-0.4702758	-0.1258916	0.17487775	-0.086868025	0.06649369	-0.2167161	0.12624966	0.1519237	-0.33005553	0.20759726	-0.35200202	-0.10503792	0.17339888
-0.17445974	1.0000001	0.10433202	0.22626251	0.07803696	0.17247367	-0.21269614	0.08567005	-0.14740492	0.03251604	-0.5214401	0.10884461	0.12605835	0.022182655	-0.24202025	-0.09129245	-0.034716528	0.017258689	0.09377837	-0.09145367	-0.10149878	-0.31116205	-0.08230383	-0.069018446	-0.12947264	-0.07166302	0.015798151	0.030120892	0.27368894	-0.10637741
-0.17162551	0.10433202	1.0	0.07668598	-0.33278236	-0.06151491	0.01773204	-0.13023627	0.17530265	0.26150137	0.021280985	0.27624974	0.21694475	-0.24916671	-0.3081463	-0.28069896	-0.26314476	0.22366038	0.3138773	-0.4295751	0.25059855	0.0185829	0.24049635	-0.4380879	-0.33822438	0.17256725	-0.29103422	0.20234329	0.09063287	-0.36849865
-0.11509073	0.22626251	0.07668598	1.0000002	-0.06523285	0.0077586737	0.0036996426	0.19574733	0.07577338	-0.089951165	-0.21665409	0.18720035	0.05626373	0.15554123	-0.30362767	-0.09756339	-0.018334506	0.008713239	0.037231363	-0.069189936	-0.09502742	-0.5445932	-0.05819658	-0.18455957	-0.19411752	-0.16781922	0.08128923	-0.08917455	0.2825113	-0.08549753
0.00032843425	0.07803696	-0.33278236	-0.06523285	1.0000001	0.13801858	-0.17638268	0.1327652	-0.44977006	-0.26584613	-0.15083128	-0.30826518	-0.10800438	0.15360838	0.16973181	0.18950517	0.21663684	-0.107131116	-0.31916502	0.22053763	-0.24515812	-0.028648205	-0.38839114	0.2768844	0.19380231	-0.11205112	0.19206572	-0.13934325	0.032775	0.20232655
-0.096186645	0.17247367	-0.06151491	0.0077586737	0.13801858	1.0	-0.68467844	0.07118891	-0.0041330685	0.053007722	-0.2359051	-0.05639727	0.14560495	0.006845098	-0.026360748	-0.09454148	-0.0018293245	-0.02538987	-0.010310063	0.06491255	-0.166093	-0.023854498	-0.10358553	0.05989251	-0.07771544	-0.11855348	0.034041453	-0.012420794	0.114607595	-0.06884253
0.13661543	-0.21269614	0.01773204	0.0036996426	-0.17638268	-0.68467844	1.0	-0.029498572	0.034034044	-0.11881614	0.14705613	0.01222752	-0.270408	0.03741662	0.029381912	0.09820528	0.006918586	-0.05065201	-0.00376716	-0.043172434	0.08208782	0.02376967	0.0462	-0.070659764	0.06871555	0.044810187	0.004530915	-0.07287708	-0.14255418	0.08278587
0.100011505	0.08567005	-0.13023627	0.19574733	0.1327652	0.07118891	-0.029498572	0.99999994	0.0074543897	-0.39879346	-0.17120127	-0.021333778	-0.15412876	0.2794281	-0.027989559	0.15513216	0.1982982	-0.17005002	-0.23697367	0.17944494	-0.30497244	-0.33105376	-0.37932497	0.11056904	0.037847605	-0.27224982	0.2616877	-0.4557353	0.14885865	0.11948712
0.027286137	-0.14740492	0.17530265	0.07577338	-0.44977006	-0.0041330685	0.034034044	0.0074543897	0.99999994	0.11976754	0.1699669	0.2089897	0.086066104	-0.055050448	-0.26667	-0.21612006	-0.2772283	0.10527464	0.18503684	-0.1290521	0.15722033	-0.044039845	0.15553488	-0.26845405	-0.37846106	0.04783893	-0.1253136	0.04014443	0.0093998	-0.24334468
-0.16465172	0.03251604	0.26150137	-0.089951165	-0.26584613	0.053007722	-0.11881614	-0.39879346	0.11976754	1.0	0.09111004	0.1819978	0.22037093	-0.4311456	-0.17732409	-0.27547848	-0.21949066	0.22872712	0.28905383	-0.31695542	0.26932937	0.12849769	0.2673738	-0.31206644	-0.22165623	0.22388658	-0.30535263	0.26991034	-0.006708026	-0.33277062
0.0025368424	-0.5214401	0.021280985	-0.21665409	-0.15083128	-0.2359051	0.14705613	-0.17120127	0.1699669	0.09111004	0.99999994	0.03338565	-0.007708681	-0.1424431	0.008305542	-0.013539161	-0.083480276	0.116434254	0.023312962	-0.088498965	0.20732315	0.17420833	0.13139802	-0.055174038	-0.12068567	0.12558815	-0.1501012	0.10893459	-0.29094106	-0.112203054
-0.14712304	0.10884461	0.27624974	0.18720035	-0.30826518	-0.05639727	0.01222752	-0.021333778	0.2089897	0.1819978	0.03338565	1.0000001	0.16127218	-0.110072546	-0.43721634	-0.3655034	-0.14233543	0.18636858	0.25709218	-0.33364475	0.18154594	-0.18777297	0.17293781	-0.40344656	-0.25997093	0.11677396	-0.21702658	0.117422305	0.1846126	-0.3967595
-0.4094637	0.12605835	0.21694475	0.05626373	-0.10800438	0.14560495	-0.270408	-0.15412876	0.086066104	0.22037093	-0.007708681	0.16127218	1.0000001	-0.18293585	-0.2000169	-0.33003464	-0.46407518	0.25347355	0.22704765	-0.21506892	0.15169582	-0.0057629556	0.19864182	-0.19271404	-0.32899642	0.1838912	-0.24653041	0.23325288	0.11029777	-0.25498813
0.17361002	0.022182655	-0.24916671	0.15554123	0.15360838	0.006845098	0.03741662	0.2794281	-0.055050448	-0.4311456	-0.1424431	-0.110072546	-0.18293585	1.0000004	0.053210005	0.21598715	0.22200525	-0.34994188	-0.3010149	0.2400709	-0.36452052	-0.19766107	-0.27738154	0.15453295	0.107878566	-0.42752865	0.3076169	-0.33841377	0.11433364	0.18305707
0.17155871	-0.24202025	-0.3081463	-0.30362767	0.16973181	-0.026360748	0.029381912	-0.027989559	-0.26667	-0.17732409	0.008305542	-0.43721634	-0.2000169	0.053210005	1.0000004	0.2543863	0.17893308	-0.24254043	-0.26427087	0.231758	-0.1249308	0.17680947	-0.14952177	0.27895656	0.2897222	-0.04792084	0.14172854	-0.11722406	-0.32800126	0.27933916
0.23985988	-0.09129245	-0.28069896	-0.09756339	0.18950517	-0.09454148	0.09820528	0.15513216	-0.21612006	-0.27547848	-0.013539161	-0.3655034	-0.33003464	0.21598715	0.2543863	1.0000005	0.27244112	-0.4125079	-0.32989356	0.27146655	-0.27233177	-0.015970118	-0.31709355	0.25948346	0.24821861	-0.27198538	0.27279875	-0.25018764	-0.13665481	0.29395777
0.21314056	-0.034716528	-0.26314476	-0.018334506	0.21663684	-0.0018293245	0.006918586	0.1982982	-0.2772283	-0.21949066	-0.083480276	-0.14233543	-0.46407518	0.22200525	0.17893308	0.27244112	1.0000005	-0.25967595	-0.35016873	0.24093395	-0.22197367	-0.05041735	-0.4071144	0.236466	0.21647406	-0.32680213	0.26997498	-0.3242256	-0.050567713	0.22339661
-0.4702758	0.017258689	0.22366038	0.008713239	-0.107131116	-0.02538987	-0.05065201	-0.17005002	0.10527464	0.22872712	0.116434254	0.18636858	0.25347355	-0.34994188	-0.24254043	-0.4125079	-0.25967595	1.0000005	0.21594615	-0.22613771	0.2327605	0.04170761	0.2297801	-0.15920363	-0.2599223	0.2605206	-0.35685584	0.2633372	0.0040520937	-0.2976865
-0.1258916	0.09377837	0.3138773	0.037231363	-0.31916502	-0.010310063	-0.00376716	-0.23697367	0.18503684	0.28905383	0.023312962	0.25709218	0.22704765	-0.3010149	-0.26427087	-0.32989356	-0.35016873	0.21594615	1.0000002	-0.3909363	0.26079232	0.029589845	0.2672702	-0.39855015	-0.3018128	0.20353161	-0.33945483	0.2336013	0.0886547	-0.35357746
0.17487775	-0.09145367	-0.4295751	-0.069189936	0.22053763	0.06491255	-0.043172434	0.17944494	-0.1290521	-0.31695542	-0.088498965	-0.33364475	-0.21506892	0.2400709	0.231758	0.27146655	0.24093395	-0.22613771	-0.3909363	1.0000002	-0.4141004	-0.020613728	-0.24700142	0.2892414	0.23503232	-0.32482162	0.28299543	-0.25937808	-0.1179811	0.28635022
-0.086868025	-0.10149878	0.25059855	-0.09502742	-0.24515812	-0.166093	0.08208782	-0.30497244	0.15722033	0.26932937	0.20732315	0.18154594	0.15169582	-0.36452052	-0.1249308	-0.27233177	-0.22197367	0.2327605	0.26079232	-0.4141004	1.0000001	0.13754569	0.2595785	-0.22929387	-0.24036543	0.24852453	-0.3892804	0.24170244	-0.09406351	-0.33019674
0.06649369	-0.31116205	0.0185829	-0.5445932	-0.028648205	-0.023854498	0.02376967	-0.33105376	-0.044039845	0.12849769	0.17420833	-0.18777297	-0.0057629556	-0.19766107	0.17680947	-0.015970118	-0.05041735	0.04170761	0.029589845	-0.020613728	0.13754569	1.0000001	0.13106894	0.04887338	0.090317756	0.13424581	-0.16036929	0.12003486	-0.42477208	0.024987241
-0.2167161	-0.08230383	0.24049635	-0.05819658	-0.38839114	-0.10358553	0.0462	-0.37932497	0.15553488	0.2673738	0.13139802	0.17293781	0.19864182	-0.27738154	-0.14952177	-0.31709355	-0.4071144	0.2297801	0.2672702	-0.24700142	0.2595785	0.13106894	1.0000002	-0.31714994	-0.112580605	0.2563664	-0.31548843	0.270886	-0.042737365	-0.21289824
0.12624966	-0.069018446	-0.4380879	-0.18455957	0.2768844	0.05989251	-0.070659764	0.11056904	-0.26845405	-0.31206644	-0.055174038	-0.40344656	-0.19271404	0.15453295	0.27895656	0.25948346	0.236466	-0.15920363	-0.39855015	0.2892414	-0.22929387	0.04887338	-0.31714994	1.0000004	0.26113853	-0.1403491	0.2148243	-0.19225673	-0.16773497	0.28165525
0.1519237	-0.12947264	-0.33822438	-0.19411752	0.19380231	-0.07771544	0.06871555	0.037847605	-0.37846106	-0.22165623	-0.12068567	-0.25997093	-0.32899642	0.107878566	0.2897222	0.24821861	0.21647406	-0.2599223	-0.3018128	0.23503232	-0.24036543	0.090317756	-0.112580605	0.26113853	1.0000004	-0.043179046	0.16595393	-0.12729757	-0.22812615	0.29561237
-0.33005553	-0.07166302	0.17256725	-0.16781922	-0.11205112	-0.11855348	0.044810187	-0.27224982	0.04783893	0.22388658	0.12558815	0.11677396	0.1838912	-0.42752865	-0.04792084	-0.27198538	-0.32680213	0.2605206	0.20353161	-0.32482162	0.24852453	0.13424581	0.2563664	-0.1403491	-0.043179046	1.0000002	-0.42999014	0.27855548	-0.06087735	-0.15120968
0.20759726	0.015798151	-0.29103422	0.08128923	0.19206572	0.034041453	0.004530915	0.2616877	-0.1253136	-0.30535263	-0.1501012	-0.21702658	-0.24653041	0.3076169	0.14172854	0.27279875	0.26997498	-0.35685584	-0.33945483	0.28299543	-0.3892804	-0.16036929	-0.31548843	0.2148243	0.16595393	-0.42999014	1.0000002	-0.4178514	0.05520445	0.23656708
-0.35200202	0.030120892	0.20234329	-0.08917455	-0.13934325	-0.012420794	-0.07287708	-0.4557353	0.04014443	0.26991034	0.10893459	0.117422305	0.23325288	-0.33841377	-0.11722406	-0.25018764	-0.3242256	0.2633372	0.2336013	-0.25937808	0.24170244	0.12003486	0.270886	-0.19225673	-0.12729757	0.27855548	-0.4178514	1.0000004	-0.103322454	-0.15849431
-0.10503792	0.27368894	0.09063287	0.2825113	0.032775	0.114607595	-0.14255418	0.14885865	0.0093998	-0.006708026	-0.29094106	0.1846126	0.11029777	0.11433364	-0.32800126	-0.13665481	-0.050567713	0.0040520937	0.0886547	-0.1179811	-0.09406351	-0.42477208	-0.042737365	-0.16773497	-0.22812615	-0.06087735	0.05520445	-0.103322454	1.0000004	-0.20952779
0.17339888	-0.10637741	-0.36849865	-0.08549753	0.20232655	-0.06884253	0.08278587	0.11948712	-0.24334468	-0.33277062	-0.112203054	-0.3967595	-0.25498813	0.18305707	0.27933916	0.29395777	0.22339661	-0.2976865	-0.35357746	0.28635022	-0.33019674	0.024987241	-0.21289824	0.28165525	0.29561237	-0.15120968	0.23656708	-0.15849431	-0.20952779	1.0000004
