1.0850055556285643
0.30258382947717366
0.7182573174483449
0.709131636027591
0.29586002518054566
1.0402589476702822
0.7108703617632104
1.0467009309817132
0.265729886832639
1.8868891561343286
1.430081021167251
0.06705993086774353
0.5625216968512197
0.688217552829707
0.560936551880131
0.660527654638517
1.0717190429089238
0.8241579947532178
1.3928228636289806
1.342170180652296
0.6028242600982756
0.5572238655104131
1.0368244492452496
0.6064160677848716
0.35192626533384086
1.7573876015548435
0.7692625108935662
0.034722927818713556
1.0933086652684865
0.82119343008574
1.8825103013320206
0.3795578871095817
0.6381172762505087
1.8390966053213125
0.8110834670936455
1.5687901165293496
0.811769229921363
1.57159785771643
0.6422389415498382
0.8917495108686515
1.682881597320194
1.643819192877999
0.936157881723207
0.0924407117078958
1.623343653615981
1.1054536124252665
0.6469927644652456
0.11232333970082853
1.5214942620474339
0.29735340301276825
1.4813607486755562
0.05952959437714633
1.6676757705904781
0.4209051060765525
0.6317384025901509
0.3912208946956337
1.1476748001298653
1.3671279236776155
0.22270735622393922
1.5682439573878526
0.8161698697548259
1.874522420864791
1.6191713826349567
1.507124927963604
1.0179768679824386
0.3103456372763964
1.5326852349227489
1.438613194908369
0.9876629974823914
1.3832090748739247
1.2485775780155206
1.8588359351576094
1.107967573347297
1.0833641997939776
0.06096616487498174
0.6379001149600694
1.0734218925909988
0.9638642643837274
1.9895700224393815
1.801634256959764
1.4642492274885293
0.6028976188345985
1.821049492730152
0.8774600037019356
0.990636881347065
1.5327710997090522
0.14443364997287755
1.6180790555945135
0.8194857686259887
1.488565042362745
0.36452037146981664
0.9023411165276845
1.5534068718562708
1.5535457667118333
1.260394141078262
1.019343121303906
1.6221332819232313
1.8768047746487302
1.717899558998097
0.8708229051298073
1.386980645685579
0.23828454705334634
0.7582324815531933
1.7984246971898008
1.1570273452805007
1.9539804543601673
1.8532469653165227
1.1604946462443204
1.4911297793572666
1.4024883349221062
0.7221221700892966
0.2642798709667671
0.7444170242928101
1.0266551551845813
1.8898810198365377
1.7493944991024943
0.4489398904140762
0.40464496996252763
1.2017022938224775
1.0301010736416139
1.488380544514869
1.9125567392317193
0.5200784581222246
1.597471008526052
0.708361122117567
0.2145150647088936
0.5504514324258893
0.23093127534513425
1.3501560847557426
1.6309092005241066
0.3756796264739546
1.818276864971887
0.6667773758771982
0.12253197553957107
1.6859598554729402
1.2683927063672595
0.012048343113027604
1.187980017065193
0.6926619701063546
1.4568522151315042
0.05076813201715913
1.1748459148043757
1.00872996083749
0.6398891511917786
1.1815951692627784
1.6580736955676654
1.3534481831599179
0.6074787093931298
1.6814911226550562
1.770982693257432
1.7684881632802294
1.4178337547514084
0.38057530636637615
1.4853529077664285
1.5515361745637704
1.0729907083579506
1.5549404364996031
1.7279573817546274
0.010328223246076407
0.3659724051172013
0.3090334125059673
0.29461181380642465
0.6270588923576765
1.7941388031868242
0.389247177690037
1.966348609592948
0.06719077483772362
0.3228444921808924
0.5749295113151283
1.7363004828783142
1.9988735429639195
0.21725761042840586
1.0133088711721998
1.2972206608812717
1.157592682192702
0.28792227448647734
1.7447666232563672
1.0077932921348502
0.1083969384688721
0.2560586618090104
0.006603801418133104
1.329090441447044
0.31365819492897473
1.4183422480574033
1.1184801657073844
1.922184683400581
0.3246281515178191
0.41348153746991256
0.7979567933390623
0.8382018544341048
0.029848001517661205
1.7276058004972246
0.09791892014406045
0.2641404302164456
1.7885083461991287
1.0000137826492272
0.7707764301022655
0.1557573975823865
0.02547714493200748
1.6151222146200555
0.17782774446738858
0.5582319928652075
0.9699272795828897
1.5808364391890533
0.08689437826146529
0.2545330502544525
1.9825448908432874
1.2157393628415427
1.9085734446871159
1.8137048888987084
0.8554389034166463
0.8311408425160423
1.8108374982286697
0.38679023728205375
0.5553707326130815
0.7165322857622336
1.249680431295039
0.5626461227916459
1.3574160549088174
1.0470254814891315
0.5621894635016003
0.04959287032505166
0.35801883321880124
1.0080100174448465
1.6275668258945677
0.9957661240897726
1.7088916049212919
1.1262565042831778
0.7175315766385781
1.9577368556511576
0.5525513607198329
1.791591766123586
1.474957461888279
0.3293023580390535
1.1978613926807473
1.2796857600330742
1.5916857258466321
0.3239525289936154
1.4211886397022784
1.1360858024207061
1.7021165358150776
0.7530706759761405
0.60810569622802
1.9936249509080615
1.5672797590782697
1.1622000849090552
1.2718864074619
1.7820976735338478
1.8357420374620572
0.890853869933022
0.9293491995798278
0.10482241223667921
1.0842996569954044
0.6657076517085119
0.4369379099011088
0.23264007997434066
0.3304452526456252
0.08733280585399417
1.364549216014333
0.5777711376547483
0.31289161837932866
0.6137171234631387
1.055423980013052
1.7170485254358006
0.8720855564002203
1.2266131875760535
0.27836614474093224
1.3542509649595442
0.27238243873507195
1.891665684012991
1.903885927149459
1.984301409441492
1.3799532416890041
1.1092775330431446
0.5964424369412975
0.7271075961133764
0.8786471077393916
0.020816040907022826
0.05817474073939066
0.42708430538913245
1.3805792480349146
1.2936310495604788
0.18721054114935076
0.10882395832093761
0.38158554613165063
1.5922305447657554
1.1443152508878596
1.6780102712777891
0.9750111627075495
0.6922898923977905
0.9125270971650372
0.6452268900709552
0.2575791489334194
0.7112730092862878
1.7292989902399263
0.8072320215039774
1.9953649801895719
1.8431372674408202
1.0629035703207577
1.5106709703750878
1.728757254900811
0.46197464025845836
1.5522352677957274
0.3409861269038077
0.6265503551518232
0.4016664099946423
1.2178929989711864
1.1177530927208996
0.9817758355382549
1.9480928165347753
0.0403661652309939
1.2565153914007372
0.5265815878189879
0.021971904253940355
0.43170047949350043
1.590636251092744
1.0586456751439763
0.37455152836722183
1.4282936795412602
0.4101455045500817
1.32090450044612
0.7899797148576875
0.5244199542462002
0.857869626405805
1.954458280156799
0.16715619032394136
1.5360412485754182
0.17050290500721532
1.2926541238106442
1.9301146125819733
0.7949413777171881
1.5467660925558646
0.7228473916647598
1.8880919983305002
1.3735169632335307
0.662867218945286
0.3819878829002161
0.27405146904084554
1.5860305783779904
1.844523203048116
0.03443398012303667
1.048942252893895
0.3480869330985097
0.6458608555094194
1.6067057759522256
1.1677104032148093
0.04067522345587027
1.1206170471764647
1.283956457674565
1.2647941691098832
0.19701920144620177
1.4327852007400286
0.9934972642175557
1.6021834451471826
0.2980111040902005
0.17020240210107063
1.241726329724564
1.0373432114854872
1.4886349475092808
0.7763824329029616
1.1340182581420148
0.1609429120454171
0.7231157600445444
1.4762889564244226
1.5880676488073757
0.1165908110250542
1.6434782654273836
1.5356890112733137
1.361520749798099
1.8471190823372554
0.6830994711543648
1.7398372850753996
0.24813996993105314
1.4691928843365714
0.43798811719191266
1.6028288494835738
1.9683997097235608
0.8228353543502247
0.48195812331240684
1.389883820409318
1.5711502059823095
1.8715128166654378
0.2465703643414301
1.1681900760453194
1.9100860600175797
0.30623783859279663
1.2387031495861789
1.0481962706185932
1.7351710065828334
1.8494147667616796
0.3501488842289209
1.6555136432915827
1.8411189811643796
0.36732263272276944
0.761446282129189
1.4675807128594165
0.6878199511629544
0.06994401655436833
1.6840861954905064
1.296262130835321
0.024507997460508912
0.7993428586723739
1.2019968557665823
0.6571602931777598
1.9066894491007198
0.09110766073546506
0.6591842960743539
1.9635523931089576
1.8847495685714188
1.0962366311190586
1.785862770572071
0.16392977156648025
1.946599947036632
1.5269830921306293
1.7977916454809328
1.704221467135624
0.649588772209903
0.3249728403854226
0.15352574475798675
0.21935377591332728
0.7371140126903273
1.0973540758856422
1.8357586184947152
0.16620774405345906
1.7524317740092932
0.8282120571796705
1.4852994875176626
1.9712457794507914
0.19919092998884702
1.6810840721121312
1.6015497114095483
1.129239390849803
1.8757871917249516
1.5986633403821573
0.19862247831121094
