1.0	-0.3400292	0.09156952	-0.20465615	0.15865709	0.08721697	-0.114912935	-0.19232078	-0.3096374	-0.23376821	0.09615321	-0.05810337	0.15844409	-0.11732581	0.25964057	0.026483476	0.13382144	-0.19701675	0.10192135	-0.051977087	0.18378504	0.11366407	-0.43838316	0.20232867	-0.42359847	0.09833142	0.16292073	-0.19929776	-0.07368382	0.07985205
-0.3400292	0.9999997	-0.111135274	0.27104974	-0.22572367	0.029521462	0.046178002	0.16233256	0.1480516	0.26006186	-0.022638833	0.07103947	-0.35470027	0.25143754	-0.48802826	0.019700777	-0.34124792	0.22514354	-0.20832235	0.10428403	-0.2633975	-0.10136518	0.25431693	-0.22530079	0.3026933	-0.11067303	-0.15657115	0.097620845	-0.06519847	-0.22901522
0.09156952	-0.111135274	0.9999996	-0.18738079	-0.15229394	0.20708756	-0.2684309	0.15101135	-0.27281424	-0.12818253	0.24535504	-0.22812048	0.06389394	-0.014870323	0.08772461	-0.40364742	0.119755656	-0.27324617	-0.09956746	0.17809851	0.049133293	0.24454711	-0.042723842	0.23358452	-0.07496791	0.24223268	0.22836338	-0.44424805	-0.2989136	-0.14173475
-0.20465615	0.27104974	-0.18738079	0.9999994	-0.19540583	0.020203521	0.14468426	0.051105108	0.22357133	0.18057083	-0.19156237	0.13046893	-0.1795275	0.21788916	-0.4089002	0.1150893	-0.34465286	0.26938534	-0.12910764	0.0304431	-0.34956235	-0.13449802	0.2570885	-0.26973322	0.22864215	-0.15296027	-0.39628303	0.1444388	0.03010275	-0.17041108
0.15865709	-0.22572367	-0.15229394	-0.19540583	0.99999946	-0.21715571	0.15191261	-0.4187551	0.012214657	-0.15515655	-0.13174288	0.13788162	0.1495877	-0.29723072	0.20121667	0.09721661	0.18084162	-0.12534772	0.28129697	-0.4192317	0.24589677	-0.01631694	-0.30148575	-0.08700704	-0.31224334	-0.16444483	0.0035096118	0.11548893	0.23573563	0.24816205
0.08721697	0.029521462	0.20708756	0.020203521	-0.21715571	0.99999934	-0.38435104	0.1965642	-0.04650406	0.041626126	0.21190898	-0.16265094	-0.0646633	0.21417814	-0.043761235	-0.09728448	-0.102479905	-0.030810643	-0.32648864	0.25451493	-0.22778818	0.05871264	0.062132414	0.15047225	0.050887305	0.14766341	0.07551555	-0.331426	-0.42881885	-0.34391734
-0.114912935	0.046178002	-0.2684309	0.14468426	0.15191261	-0.38435104	0.99999917	-0.27653876	0.22435148	-0.027882017	-0.32673913	0.27696437	0.042152505	-0.12074524	-0.1192757	0.14313038	0.013491265	0.1334338	0.20647809	-0.32801494	0.020801371	-0.14152998	0.074749105	-0.34497944	-0.005653527	-0.35727623	-0.33330536	0.24878184	0.27073842	0.15185678
-0.19232078	0.16233256	0.15101135	0.051105108	-0.4187551	0.1965642	-0.27653876	0.99999917	-0.09717561	0.16212031	0.14555338	-0.2570307	-0.22014411	0.20167556	-0.23777215	-0.14218493	-0.07386962	-0.007210896	-0.44603473	0.29596558	-0.21340014	0.06978174	0.11604317	0.12932396	0.20781499	0.18170781	0.109672435	-0.11451749	-0.27969015	-0.20396823
-0.3096374	0.1480516	-0.27281424	0.22357133	0.012214657	-0.04650406	0.22435148	-0.09717561	0.99999917	0.045457944	-0.3073443	0.2049833	0.0003260648	0.09132117	-0.1500228	0.18666732	-0.11683003	0.23204736	0.028398084	-0.10579141	-0.21403638	-0.341385	0.21566884	-0.41851714	0.12829109	-0.36098102	-0.33494583	0.23008601	0.12053982	-0.01591028
-0.23376821	0.26006186	-0.12818253	0.18057083	-0.15515655	0.041626126	-0.027882017	0.16212031	0.045457944	0.999999	0.10228974	0.08441045	-0.6471134	0.19637254	-0.29637894	-0.03517019	-0.12249244	0.12881039	-0.26294807	0.08303375	-0.27804345	0.00084679935	0.12436778	-0.11137487	0.25044182	-0.11786396	-0.0887724	0.06662194	-0.0061863684	-0.21563007
0.09615321	-0.022638833	0.24535504	-0.19156237	-0.13174288	0.21190898	-0.32673913	0.14555338	-0.3073443	0.10228974	0.9999991	-0.14422299	-0.17743967	0.094496235	0.054642934	-0.27735442	0.028796013	-0.119376056	-0.16454907	0.17641525	-0.07638932	0.17977704	-0.088184826	0.1950023	0.0393307	0.17907712	0.19944151	-0.43421733	-0.18532065	-0.30107728
-0.05810337	0.07103947	-0.22812048	0.13046893	0.13788162	-0.16265094	0.27696437	-0.2570307	0.2049833	0.08441045	-0.14422299	0.9999991	-0.099493384	-0.090672664	-0.115044184	0.09201854	0.034602553	0.112572834	0.16102083	-0.3412213	-0.050204888	-0.042208668	0.056173537	-0.3554669	-7.960944e-6	-0.55527127	-0.33347592	0.16492695	0.21376303	0.0924579
0.15844409	-0.35470027	0.06389394	-0.1795275	0.1495877	-0.0646633	0.042152505	-0.22014411	0.0003260648	-0.6471134	-0.17743967	-0.099493384	0.99999917	-0.25679922	0.23579647	0.058343682	0.12242446	-0.11977287	0.20318623	-0.09543285	0.21049055	-0.036308028	-0.08498444	0.07385627	-0.28035057	0.07013626	0.044006433	-0.048160896	0.044401936	0.18787773
-0.11732581	0.25143754	-0.014870323	0.21788916	-0.29723072	0.21417814	-0.12074524	0.20167556	0.09132117	0.19637254	0.094496235	-0.090672664	-0.25679922	0.9999992	-0.2605968	0.03479045	-0.34124228	0.21802853	-0.29103422	0.21596538	-0.33634484	-0.16472813	0.23151568	-0.060072817	0.25207224	0.028682308	-0.14692226	-0.049699023	-0.25670573	-0.4433325
0.25964057	-0.48802826	0.08772461	-0.4089002	0.20121667	-0.043761235	-0.1192757	-0.23777215	-0.1500228	-0.29637894	0.054642934	-0.115044184	0.23579647	-0.2605968	0.9999994	0.025108863	0.19110608	-0.18775415	0.17801522	-0.11250376	0.24159573	0.056047633	-0.2808077	0.18575308	-0.34689927	0.11422454	0.17245202	-0.10363253	-0.0012713112	0.14939862
0.026483476	0.019700777	-0.40364742	0.1150893	0.09721661	-0.09728448	0.14313038	-0.14218493	0.18666732	-0.03517019	-0.27735442	0.09201854	0.058343682	0.03479045	0.025108863	0.9999995	-0.31084457	0.22541346	0.066128284	-0.156778	-0.07274301	-0.49374276	0.0404795	-0.09068622	0.008316746	-0.20840786	-0.23852773	0.1979854	0.17381458	0.016763626
0.13382144	-0.34124792	0.119755656	-0.34465286	0.18084162	-0.102479905	0.013491265	-0.07386962	-0.11683003	-0.12249244	0.028796013	0.034602553	0.12242446	-0.34124228	0.19110608	-0.31084457	0.9999996	-0.41641533	0.14461471	-0.14445786	0.24547964	0.21482886	-0.2824315	0.073383905	-0.30016765	0.015827488	0.17417146	-0.03532431	0.034179438	0.2052116
-0.19701675	0.22514354	-0.27324617	0.26938534	-0.12534772	-0.030810643	0.1334338	-0.007210896	0.23204736	0.12881039	-0.119376056	0.112572834	-0.11977287	0.21802853	-0.18775415	0.22541346	-0.41641533	0.9999997	-0.09116153	-0.0039892276	-0.31076646	-0.4077142	0.25222906	-0.19571075	0.21950693	-0.18509065	-0.37449646	0.17564356	0.043218132	-0.18949956
0.10192135	-0.20832235	-0.09956746	-0.12910764	0.28129697	-0.32648864	0.20647809	-0.44603473	0.028398084	-0.26294807	-0.16454907	0.16102083	0.20318623	-0.29103422	0.17801522	0.066128284	0.14461471	-0.09116153	0.9999997	-0.39687726	0.23657551	0.022406336	-0.09996261	-0.13781796	-0.32050443	-0.1281884	-0.07672432	0.07106596	0.23471527	0.24354391
-0.051977087	0.10428403	0.17809851	0.0304431	-0.4192317	0.25451493	-0.32801494	0.29596558	-0.10579141	0.08303375	0.17641525	-0.3412213	-0.09543285	0.21596538	-0.11250376	-0.156778	-0.14445786	-0.0039892276	-0.39687726	0.9999997	-0.22884114	0.04417692	0.09524996	0.17941713	0.15907963	0.2242486	0.12590417	-0.1847155	-0.40436482	-0.19252512
0.18378504	-0.2633975	0.049133293	-0.34956235	0.24589677	-0.22778818	0.020801371	-0.21340014	-0.21403638	-0.27804345	-0.07638932	-0.050204888	0.21049055	-0.33634484	0.24159573	-0.07274301	0.24547964	-0.31076646	0.23657551	-0.22884114	0.9999999	0.15215439	-0.30122763	0.10508029	-0.30099288	0.05166858	0.16518438	-0.07931247	0.12809974	0.26719972
0.11366407	-0.10136518	0.24454711	-0.13449802	-0.01631694	0.05871264	-0.14152998	0.06978174	-0.341385	0.00084679935	0.17977704	-0.042208668	-0.036308028	-0.16472813	0.056047633	-0.49374276	0.21482886	-0.4077142	0.022406336	0.04417692	0.15215439	0.9999998	-0.21509048	0.15812184	-0.15376858	0.14646588	0.20707765	-0.3197011	-0.16325125	0.06306051
-0.43838316	0.25431693	-0.042723842	0.2570885	-0.30148575	0.062132414	0.074749105	0.11604317	0.21566884	0.12436778	-0.088184826	0.056173537	-0.08498444	0.23151568	-0.2808077	0.0404795	-0.2824315	0.25222906	-0.09996261	0.09524996	-0.30122763	-0.21509048	0.9999998	-0.20084481	0.2621774	-0.12088546	-0.30487528	0.07555892	-0.084095165	-0.27171004
0.20232867	-0.22530079	0.23358452	-0.26973322	-0.08700704	0.15047225	-0.34497944	0.12932396	-0.41851714	-0.11137487	0.1950023	-0.3554669	0.07385627	-0.060072817	0.18575308	-0.09068622	0.073383905	-0.19571075	-0.13781796	0.17941713	0.10508029	0.15812184	-0.20084481	0.9999999	-0.1731503	0.2857828	0.27501926	-0.28790548	-0.27577725	-0.012701635
-0.42359847	0.3026933	-0.07496791	0.22864215	-0.31224334	0.050887305	-0.005653527	0.20781499	0.12829109	0.25044182	0.0393307	-7.960944e-6	-0.28035057	0.25207224	-0.34689927	0.008316746	-0.30016765	0.21950693	-0.32050443	0.15907963	-0.30099288	-0.15376858	0.2621774	-0.1731503	0.9999999	-0.07499044	-0.115185305	0.05838266	-0.042932376	-0.24214949
0.09833142	-0.11067303	0.24223268	-0.15296027	-0.16444483	0.14766341	-0.35727623	0.18170781	-0.36098102	-0.11786396	0.17907712	-0.55527127	0.07013626	0.028682308	0.11422454	-0.20840786	0.015827488	-0.18509065	-0.1281884	0.2242486	0.05166858	0.14646588	-0.12088546	0.2857828	-0.07499044	0.9999998	0.26477882	-0.17432316	-0.24561755	-0.09376383
0.16292073	-0.15657115	0.22836338	-0.39628303	0.0035096118	0.07551555	-0.33330536	0.109672435	-0.33494583	-0.0887724	0.19944151	-0.33347592	0.044006433	-0.14692226	0.17245202	-0.23852773	0.17417146	-0.37449646	-0.07672432	0.12590417	0.16518438	0.20707765	-0.30487528	0.27501926	-0.115185305	0.26477882	0.99999964	-0.18302971	-0.15331782	0.028504752
-0.19929776	0.097620845	-0.44424805	0.1444388	0.11548893	-0.331426	0.24878184	-0.11451749	0.23008601	0.06662194	-0.43421733	0.16492695	-0.048160896	-0.049699023	-0.10363253	0.1979854	-0.03532431	0.17564356	0.07106596	-0.1847155	-0.07931247	-0.3197011	0.07555892	-0.28790548	0.05838266	-0.17432316	-0.18302971	0.9999998	0.22267178	0.120320894
-0.07368382	-0.06519847	-0.2989136	0.03010275	0.23573563	-0.42881885	0.27073842	-0.27969015	0.12053982	-0.0061863684	-0.18532065	0.21376303	0.044401936	-0.25670573	-0.0012713112	0.17381458	0.034179438	0.043218132	0.23471527	-0.40436482	0.12809974	-0.16325125	-0.084095165	-0.27577725	-0.042932376	-0.24561755	-0.15331782	0.22267178	1.0	0.21323822
0.07985205	-0.22901522	-0.14173475	-0.17041108	0.24816205	-0.34391734	0.15185678	-0.20396823	-0.01591028	-0.21563007	-0.30107728	0.0924579	0.18787773	-0.4433325	0.14939862	0.016763626	0.2052116	-0.18949956	0.24354391	-0.19252512	0.26719972	0.06306051	-0.27171004	-0.012701635	-0.24214949	-0.09376383	0.028504752	0.120320894	0.21323822	1.0
