1.0000001	-0.32810274	-0.0077128513	-0.28715244	0.031589475	-0.27355203	-0.24516098	0.26354295	0.19636074	0.17907768	0.10025465	0.25897124	-0.06193068	0.065264694	-0.15823787	0.11969698	-0.021849925	-0.26005697	-0.2898487	0.17834704	0.115886725	0.13932134	0.13718928	0.031274095	-0.017553404	-0.25609726	-0.48796514	-0.27113473	-0.015996154	0.16563407
-0.32810274	0.9999999	-0.07134552	0.23158701	0.081888944	0.27841642	0.189166	-0.23555668	-0.2291187	-0.39907005	-0.20899346	-0.24939857	0.12593877	-0.18015714	0.20603475	-0.27888367	-0.20148905	0.23177142	0.10187897	-0.27435443	-0.052029107	-0.14612609	-0.016437674	0.07439863	-0.018580865	0.25006467	0.2616322	0.14138082	-0.025602711	-0.258871
-0.0077128513	-0.07134552	1.0	0.06119225	-0.51578635	-0.08885427	-0.05173753	-0.09213077	0.11682171	0.07342125	-0.034621384	-0.23470505	0.0035948348	0.07643606	-0.06591645	0.2377629	0.27763677	-0.045547638	0.15269095	0.07726528	-0.21518554	-0.095331535	-0.3754845	-0.10206145	0.037605852	-0.19507167	0.03310004	0.027083747	-0.046829384	0.06375113
-0.28715244	0.23158701	0.06119225	0.99999994	0.003286892	0.23915398	0.13472338	-0.5080119	-0.09196798	-0.21582109	-0.06992514	-0.4374737	0.007070818	-0.085583724	0.18217658	-0.13004297	-0.0072147786	0.18018802	0.19965963	-0.21369737	-0.20052835	-0.24815503	-0.22907129	-0.06424073	0.09431744	0.1255153	0.2657818	0.20167671	0.02801141	-0.1654178
0.031589475	0.081888944	-0.51578635	0.003286892	1.0	0.13070874	-0.047539353	0.018596234	-0.17133966	-0.12891768	0.09690394	0.08938565	-0.08242043	0.042612694	0.16986157	-0.35762012	-0.43670258	0.12672779	-0.06316881	-0.17456418	0.038874708	-0.07739572	0.11355521	-0.026677357	0.063024715	0.15750684	-0.05582186	0.07188857	-0.10500293	0.006599153
-0.27355203	0.27841642	-0.08885427	0.23915398	0.13070874	1.0000001	0.07681213	-0.19914922	-0.30153236	-0.20761642	-0.06763119	-0.3470796	0.05576825	-0.010783324	0.27067947	-0.3028797	-0.14638934	0.28601268	0.16331519	-0.3616211	-0.1995641	-0.28459105	-0.1485079	-0.02162464	0.10474578	0.21021743	0.22862114	0.20407028	-0.13331185	-0.15378131
-0.24516098	0.189166	-0.05173753	0.13472338	-0.047539353	0.07681213	1.0000001	-0.103476234	-0.05940958	-0.22405995	-0.4791827	-0.12805289	0.26156816	-0.29704785	-0.07128641	-0.15542074	-0.07037731	0.0033364745	-0.06802881	0.049688842	0.13152803	0.13486259	0.08051466	0.1926503	-0.24609064	0.16417573	0.2195787	-0.10420554	0.23168449	-0.5191783
0.26354295	-0.23555668	-0.09213077	-0.5080119	0.018596234	-0.19914922	-0.103476234	1.0000001	0.12023986	0.11094016	-0.015856387	0.26447952	0.057258267	-0.004165438	-0.2654982	0.051002324	-0.05896136	-0.17590919	-0.33522573	0.20837334	0.23208599	0.22282797	0.21711026	0.13093647	-0.25012437	-0.12923804	-0.32645297	-0.3476956	0.06708065	0.083030954
0.19636074	-0.2291187	0.11682171	-0.09196798	-0.17133966	-0.30153236	-0.05940958	0.12023986	1.0000001	0.10423011	0.013106708	0.12279631	-0.01746012	-0.011891711	-0.25592208	0.2485176	0.2018561	-0.553961	-0.07601702	0.24741046	0.048687868	0.13028951	-0.023582837	0.05931174	-0.050833542	-0.4744717	-0.23999998	-0.19956402	0.052805513	0.09469293
0.17907768	-0.39907005	0.07342125	-0.21582109	-0.12891768	-0.20761642	-0.22405995	0.11094016	0.10423011	1.0000001	0.22208093	0.16565166	-0.3995847	0.18655737	-0.19760981	0.18327506	0.1469267	-0.12337847	0.003363566	0.040915173	-0.04183034	-0.04331394	0.033438474	-0.28458098	0.10869648	-0.14601354	-0.3258965	-0.0039209183	-0.050348885	0.23343076
0.10025465	-0.20899346	-0.034621384	-0.06992514	0.09690394	-0.06763119	-0.4791827	-0.015856387	0.013106708	0.22208093	1.0000002	0.08192072	-0.48663744	0.25841475	0.07732112	0.111668386	0.07600278	-0.0107869515	0.12007534	-0.1417256	-0.16950504	-0.23304492	-0.09234929	-0.26698	0.23841353	-0.12155972	-0.21054895	0.1583002	-0.23948218	0.29441068
0.25897124	-0.24939857	-0.23470505	-0.4374737	0.08938565	-0.3470796	-0.12805289	0.26447952	0.12279631	0.16565166	0.08192072	1.0000002	-0.065492325	-0.022051161	-0.14848085	0.022022	-0.09548103	-0.27216008	-0.23005128	0.15635861	0.2005926	0.17943001	0.2322149	0.035183705	-0.054568205	-0.096268475	-0.32098642	-0.24557064	0.038894743	0.09995723
-0.06193068	0.12593877	0.0035948348	0.007070818	-0.08242043	0.05576825	0.26156816	0.057258267	-0.01746012	-0.3995847	-0.48663744	-0.065492325	1.0000004	-0.20146652	-0.039271183	-0.12956356	-0.110019855	-0.03562075	-0.1749008	0.13813628	0.16086373	0.17765492	0.07603126	0.25051177	-0.28909963	0.06755697	0.14736871	-0.25341806	0.19473201	-0.37712553
0.065264694	-0.18015714	0.07643606	-0.085583724	0.042612694	-0.010783324	-0.29704785	-0.004165438	-0.011891711	0.18655737	0.25841475	-0.022051161	-0.20146652	1.0000002	0.11400868	0.12195977	0.10811717	0.021782016	0.16761719	-0.1729376	-0.23467313	-0.32545683	-0.1166898	-0.4479418	0.246102	-0.20099801	-0.12964603	0.17639567	-0.3840708	0.2403537
-0.15823787	0.20603475	-0.06591645	0.18217658	0.16986157	0.27067947	-0.07128641	-0.2654982	-0.25592208	-0.19760981	0.07732112	-0.14848085	-0.039271183	0.11400868	1.0000002	-0.20663999	-0.10708812	0.24515432	0.21105112	-0.30715114	-0.30003497	-0.34503275	-0.23560755	-0.15874644	0.21826702	0.12060079	0.14540711	0.2571633	-0.34370598	-0.011438707
0.11969698	-0.27888367	0.2377629	-0.13004297	-0.35762012	-0.3028797	-0.15542074	0.051002324	0.2485176	0.18327506	0.111668386	0.022022	-0.12956356	0.12195977	-0.20663999	1.0000004	0.2909016	-0.31232396	0.05185155	0.17884499	-0.09692847	0.042393405	-0.17904964	-0.06903846	-0.015098729	-0.3526923	-0.13061245	-0.042151686	-0.07943859	0.17854196
-0.021849925	-0.20148905	0.27763677	-0.0072147786	-0.43670258	-0.14638934	-0.07037731	-0.05896136	0.2018561	0.1469267	0.07600278	-0.09548103	-0.110019855	0.10811717	-0.10708812	0.2909016	1.0000005	-0.1739043	0.14707269	0.11826178	-0.1836781	-0.039640237	-0.2764398	-0.16972145	0.075414866	-0.3762077	-0.016542863	0.010104734	-0.08584126	0.12530524
-0.26005697	0.23177142	-0.045547638	0.18018802	0.12672779	0.28601268	0.0033364745	-0.17590919	-0.553961	-0.12337847	-0.0107869515	-0.27216008	-0.03562075	0.021782016	0.24515432	-0.31232396	-0.1739043	1.0000005	0.1388394	-0.35398722	-0.19331506	-0.18775688	-0.082434885	-0.08776773	0.12259559	0.24085736	0.19722383	0.22571948	-0.12099521	-0.030248446
-0.2898487	0.10187897	0.15269095	0.19965963	-0.06316881	0.16331519	-0.06802881	-0.33522573	-0.07601702	0.003363566	0.12007534	-0.23005128	-0.1749008	0.16761719	0.21105112	0.05185155	0.14707269	0.1388394	1.0000005	-0.20651974	-0.3492192	-0.36659256	-0.4095411	-0.31861967	0.2381635	0.012290562	0.15597183	0.28687105	-0.31302375	0.05007741
0.17834704	-0.27435443	0.07726528	-0.21369737	-0.17456418	-0.3616211	0.049688842	0.20837334	0.24741046	0.040915173	-0.1417256	0.15635861	0.13813628	-0.1729376	-0.30715114	0.17884499	0.11826178	-0.35398722	-0.20651974	1.0000004	0.19575837	0.26755655	0.08136547	0.16382492	-0.32069722	-0.26647994	-0.13131508	-0.3281611	0.19739208	-0.046241187
0.115886725	-0.052029107	-0.21518554	-0.20052835	0.038874708	-0.1995641	0.13152803	0.23208599	0.048687868	-0.04183034	-0.16950504	0.2005926	0.16086373	-0.23467313	-0.30003497	-0.09692847	-0.1836781	-0.19331506	-0.3492192	0.19575837	1.0000005	0.28503898	0.2811514	0.25173092	-0.41265005	0.06660569	-0.12543036	-0.3517196	0.247868	-0.13033223
0.13932134	-0.14612609	-0.095331535	-0.24815503	-0.07739572	-0.28459105	0.13486259	0.22282797	0.13028951	-0.04331394	-0.23304492	0.17943001	0.17765492	-0.32545683	-0.34503275	0.042393405	-0.039640237	-0.18775688	-0.36659256	0.26755655	0.28503898	1.0000004	0.21618313	0.25280935	-0.29007736	-0.036837354	-0.06900293	-0.37865382	0.25598535	-0.13728273
0.13718928	-0.016437674	-0.3754845	-0.22907129	0.11355521	-0.1485079	0.08051466	0.21711026	-0.023582837	0.033438474	-0.09234929	0.2322149	0.07603126	-0.1166898	-0.23560755	-0.17904964	-0.2764398	-0.082434885	-0.4095411	0.08136547	0.2811514	0.21618313	1.0000005	0.14991027	-0.1879777	0.08511545	-0.17837983	-0.1996191	0.18588927	-0.13845155
0.031274095	0.07439863	-0.10206145	-0.06424073	-0.026677357	-0.02162464	0.1926503	0.13093647	0.05931174	-0.28458098	-0.26698	0.035183705	0.25051177	-0.4479418	-0.15874644	-0.06903846	-0.16972145	-0.08776773	-0.31861967	0.16382492	0.25173092	0.25280935	0.14991027	1.0000005	-0.4211384	0.051139988	0.021946706	-0.32488063	0.24618545	-0.1477513
-0.017553404	-0.018580865	0.037605852	0.09431744	0.063024715	0.10474578	-0.24609064	-0.25012437	-0.050833542	0.10869648	0.23841353	-0.054568205	-0.28909963	0.246102	0.21826702	-0.015098729	0.075414866	0.12259559	0.2381635	-0.32069722	-0.41265005	-0.29007736	-0.1879777	-0.4211384	1.0000005	-0.02454578	-0.0025009047	0.2651509	-0.37821525	0.16728151
-0.25609726	0.25006467	-0.19507167	0.1255153	0.15750684	0.21021743	0.16417573	-0.12923804	-0.4744717	-0.14601354	-0.12155972	-0.096268475	0.06755697	-0.20099801	0.12060079	-0.3526923	-0.3762077	0.24085736	0.012290562	-0.26647994	0.06660569	-0.036837354	0.08511545	0.051139988	-0.02454578	1.0000006	0.18967146	0.096889965	0.06618306	-0.22785087
-0.48796514	0.2616322	0.03310004	0.2657818	-0.05582186	0.22862114	0.2195787	-0.32645297	-0.23999998	-0.3258965	-0.21054895	-0.32098642	0.14736871	-0.12964603	0.14540711	-0.13061245	-0.016542863	0.19722383	0.15597183	-0.13131508	-0.12543036	-0.06900293	-0.17837983	0.021946706	-0.0025009047	0.18967146	1.0000006	0.12500869	0.05401027	-0.2941656
-0.27113473	0.14138082	0.027083747	0.20167671	0.07188857	0.20407028	-0.10420554	-0.3476956	-0.19956402	-0.0039209183	0.1583002	-0.24557064	-0.25341806	0.17639567	0.2571633	-0.042151686	0.010104734	0.22571948	0.28687105	-0.3281611	-0.3517196	-0.37865382	-0.1996191	-0.32488063	0.2651509	0.096889965	0.12500869	1.0000005	-0.288444	0.09148121
-0.015996154	-0.025602711	-0.046829384	0.02801141	-0.10500293	-0.13331185	0.23168449	0.06708065	0.052805513	-0.050348885	-0.23948218	0.038894743	0.19473201	-0.3840708	-0.34370598	-0.07943859	-0.08584126	-0.12099521	-0.31302375	0.19739208	0.247868	0.25598535	0.18588927	0.24618545	-0.37821525	0.06618306	0.05401027	-0.288444	1.0000005	-0.2563685
0.16563407	-0.258871	0.06375113	-0.1654178	0.006599153	-0.15378131	-0.5191783	0.083030954	0.09469293	0.23343076	0.29441068	0.09995723	-0.37712553	0.2403537	-0.011438707	0.17854196	0.12530524	-0.030248446	0.05007741	-0.046241187	-0.13033223	-0.13728273	-0.13845155	-0.1477513	0.16728151	-0.22785087	-0.2941656	0.09148121	-0.2563685	1.0000005
