0.99999994	0.12911496	0.20606974	0.23786907	-0.2833668	0.29818097	-0.051010728	0.22628358	-0.18030977	0.18611147	-0.31919733	-0.25188583	0.13428217	0.2622072	-0.09312999	0.24515101	-0.17057757	-0.18165125	-0.3221147	-0.00088596717	-0.32705757	0.24743046	-0.12728016	0.18619539	0.014743574	-0.31598985	-0.39684552	-0.26103497	0.24219121	-0.3334312
0.12911496	1.0000001	0.029727178	0.012077366	0.09343852	0.06656013	-0.28361693	-0.11392785	0.104703434	-0.07071963	-0.14066084	-0.15330054	-0.24412128	0.037598893	0.19430251	-0.012731687	-0.5996491	0.16416672	-0.036141	0.18212079	0.11596625	0.23088749	0.16576554	-0.20419304	-0.20978436	-0.18830577	-0.08444727	-0.035781555	0.04011381	-0.18911625
0.20606974	0.029727178	0.9999999	0.15478005	-0.14589795	0.23147427	-0.23661612	0.21025033	0.041860845	0.028866384	-0.074696936	-0.2902762	0.1477642	0.24314867	-0.18403834	0.26170468	-0.010338536	-0.2396421	-0.51463836	-0.15562382	-0.23015048	0.079001516	0.012748837	0.19485405	0.14701301	-0.06495283	-0.38068083	-0.29106364	0.14112249	-0.31170744
0.23786907	0.012077366	0.15478005	0.9999999	-0.33044845	0.2568815	-0.07760552	0.20370434	-0.11351148	0.15029173	-0.55826694	-0.20320931	0.08244773	0.19406496	-0.071774766	0.19291699	0.027867643	-0.073461875	-0.29827788	0.05663777	-0.2637988	0.16693707	-0.061318524	0.18739496	-0.046312917	-0.08819231	-0.3198553	-0.348636	0.12400018	-0.19316399
-0.2833668	0.09343852	-0.14589795	-0.33044845	0.99999976	-0.32409716	-0.14328577	-0.2985437	0.1977119	-0.15820587	0.19355285	0.13577367	-0.31531742	-0.28870705	0.2598921	-0.36590412	-0.10190892	0.25929177	0.16813968	0.15418603	0.27720007	-0.13432935	0.20226642	-0.39562204	-0.22980553	0.19966482	0.24627216	0.2882575	-0.3255523	0.16538396
0.29818097	0.06656013	0.23147427	0.2568815	-0.32409716	0.9999996	-0.04221011	0.23984522	-0.113566376	0.15527885	-0.35626414	-0.41597506	0.16794069	0.29050204	-0.19507502	0.27808774	-0.055912238	-0.17818625	-0.35443053	-0.019926574	-0.2651661	0.21846753	-0.1375701	0.23466748	0.05344332	-0.25493693	-0.31730956	-0.3208268	0.22289014	-0.3627121
-0.051010728	-0.28361693	-0.23661612	-0.07760552	-0.14328577	-0.04221011	0.9999995	0.019116726	-0.41341332	0.1496904	0.06564425	0.2027846	0.14206827	-0.09106324	-0.1052632	-0.038588718	0.18110827	-0.114990905	0.16158143	-0.032666326	-0.10689414	-0.11686578	-0.37266788	0.03508027	0.066712074	-0.094732955	0.098110795	-0.008361588	0.04986155	0.15812746
0.22628358	-0.11392785	0.21025033	0.20370434	-0.2985437	0.23984522	0.019116726	0.99999946	-0.28118777	0.2491486	-0.25299016	-0.18859151	0.26360652	0.22780122	-0.23806272	0.24904157	0.11818308	-0.38008913	-0.3147135	-0.18511201	-0.38724333	0.045585822	-0.2647401	0.27248302	0.16422535	-0.05444623	-0.34958696	-0.1764421	0.15015072	-0.15369768
-0.18030977	0.104703434	0.041860845	-0.11351148	0.1977119	-0.113566376	-0.41341332	-0.28118777	0.99999934	-0.45795867	0.13190803	-0.020709556	-0.27681768	-0.12505877	0.13909782	-0.075373515	-0.103687316	0.18211919	-0.0059817326	0.00021661574	0.23236752	-0.13469924	0.28634077	-0.1661899	-0.022575717	0.15249015	0.0898031	0.13010693	-0.20621827	0.008557326
0.18611147	-0.07071963	0.028866384	0.15029173	-0.15820587	0.15527885	0.1496904	0.2491486	-0.45795867	0.9999993	-0.23461531	-0.069382854	0.18025614	0.0993373	-0.10773186	0.11956044	0.044915233	-0.21071397	-0.11879594	-0.0027935947	-0.39128762	0.102141336	-0.49222183	0.1558889	-0.022491774	-0.030479955	-0.18405005	-0.097252004	0.06773528	-0.040474158
-0.31919733	-0.14066084	-0.074696936	-0.55826694	0.19355285	-0.35626414	0.06564425	-0.25299016	0.13190803	-0.23461531	0.9999993	0.21744782	-0.038973965	-0.18548878	0.027036712	-0.14782819	0.07502313	0.049924377	0.19299212	-0.13572584	0.17923015	-0.30133083	0.0582917	-0.18474114	0.085211724	0.1413991	0.2262512	0.19807382	-0.12133304	0.21015424
-0.25188583	-0.15330054	-0.2902762	-0.20320931	0.13577367	-0.41597506	0.2027846	-0.18859151	-0.020709556	-0.069382854	0.21744782	0.9999994	-0.07309857	-0.3798713	0.03851533	-0.27939695	0.10946669	0.07513218	0.26022512	-0.06879705	0.119142786	-0.26576647	-0.108390056	-0.18088816	0.033264153	0.122388735	0.25232044	0.2125003	-0.12408948	0.2947058
0.13428217	-0.24412128	0.1477642	0.08244773	-0.31531742	0.16794069	0.14206827	0.26360652	-0.27681768	0.18025614	-0.038973965	-0.07309857	0.9999993	0.2194013	-0.43890676	0.2377406	0.19255072	-0.48337618	-0.13890506	-0.25376767	-0.35640886	-0.005761046	-0.2841056	0.28349504	0.24014568	-0.15247938	-0.16547984	-0.20266587	0.18413411	-0.045591686
0.2622072	0.037598893	0.24314867	0.19406496	-0.28870705	0.29050204	-0.09106324	0.22780122	-0.12505877	0.0993373	-0.18548878	-0.3798713	0.2194013	0.99999934	-0.2968714	0.30807936	-0.015587216	-0.33034304	-0.21055073	-0.105985545	-0.26343772	0.18229312	-0.087528996	0.26181728	0.11787771	-0.29932085	-0.3102635	-0.37799594	0.2639976	-0.3399924
-0.09312999	0.19430251	-0.18403834	-0.071774766	0.2598921	-0.19507502	-0.1052632	-0.23806272	0.13909782	-0.10773186	0.027036712	0.03851533	-0.43890676	-0.2968714	0.99999946	-0.29827377	-0.22369	0.3004569	0.10749976	0.26818603	0.23893608	0.052043114	0.18830033	-0.46210054	-0.3709109	0.08716237	0.17085044	0.20090029	-0.22443105	0.037137054
0.24515101	-0.012731687	0.26170468	0.19291699	-0.36590412	0.27808774	-0.038588718	0.24904157	-0.075373515	0.11956044	-0.14782819	-0.27939695	0.2377406	0.30807936	-0.29827377	0.99999946	0.028293302	-0.32681093	-0.24307041	-0.21015163	-0.27483162	0.11872225	-0.18270008	0.28737468	0.18631238	-0.20989595	-0.35737583	-0.43645608	0.25005144	-0.3035911
-0.17057757	-0.5996491	-0.010338536	0.027867643	-0.10190892	-0.055912238	0.18110827	0.11818308	-0.103687316	0.044915233	0.07502313	0.10946669	0.19255072	-0.015587216	-0.22369	0.028293302	0.99999946	-0.2138937	-0.022902168	-0.1607737	-0.17401174	-0.32876924	-0.18363847	0.15025914	0.17235176	0.145493	0.05211018	-0.011120075	-0.08150564	0.1603883
-0.18165125	0.16416672	-0.2396421	-0.073461875	0.25929177	-0.17818625	-0.114990905	-0.38008913	0.18211919	-0.21071397	0.049924377	0.07513218	-0.48337618	-0.33034304	0.3004569	-0.32681093	-0.2138937	0.99999946	0.15507492	0.23457047	0.28530094	-0.009712358	0.2231053	-0.29449362	-0.30537072	0.12108442	0.2019712	0.21138364	-0.19819364	0.077413835
-0.3221147	-0.036141	-0.51463836	-0.29827788	0.16813968	-0.35443053	0.16158143	-0.3147135	-0.0059817326	-0.11879594	0.19299212	0.26022512	-0.13890506	-0.21055073	0.10749976	-0.24307041	-0.022902168	0.15507492	0.9999994	0.029166225	0.20518613	-0.09086014	-0.004292221	-0.19479781	-0.10658354	0.054917526	0.27959147	0.20317243	-0.071056746	0.23062651
-0.00088596717	0.18212079	-0.15562382	0.05663777	0.15418603	-0.019926574	-0.032666326	-0.18511201	0.00021661574	-0.0027935947	-0.13572584	-0.06879705	-0.25376767	-0.105985545	0.26818603	-0.21015163	-0.1607737	0.23457047	0.029166225	0.9999993	0.13509174	0.15143622	0.08574265	-0.2762235	-0.62781256	0.006182634	0.08018367	0.09708401	-0.16048531	-0.084037
-0.32705757	0.11596625	-0.23015048	-0.2637988	0.27720007	-0.2651661	-0.10689414	-0.38724333	0.23236752	-0.39128762	0.17923015	0.119142786	-0.35640886	-0.26343772	0.23893608	-0.27483162	-0.17401174	0.28530094	0.20518613	0.13509174	0.9999993	-0.06597601	0.24649827	-0.26761082	-0.17376277	0.09997838	0.25026432	0.22984073	-0.19466792	0.12736988
0.24743046	0.23088749	0.079001516	0.16693707	-0.13432935	0.21846753	-0.11686578	0.045585822	-0.13469924	0.102141336	-0.30133083	-0.26576647	-0.005761046	0.18229312	0.052043114	0.11872225	-0.32876924	-0.009712358	-0.09086014	0.15143622	-0.06597601	0.99999917	-0.0148979975	0.05090494	-0.18297051	-0.37964246	-0.15720007	-0.255354	0.20388894	-0.40556458
-0.12728016	0.16576554	0.012748837	-0.061318524	0.20226642	-0.1375701	-0.37266788	-0.2647401	0.28634077	-0.49222183	0.0582917	-0.108390056	-0.2841056	-0.087528996	0.18830033	-0.18270008	-0.18363847	0.2231053	-0.004292221	0.08574265	0.24649827	-0.0148979975	0.99999917	-0.21380135	-0.08341178	0.07332375	0.073209345	0.10976261	-0.073552005	-0.033181626
0.18619539	-0.20419304	0.19485405	0.18739496	-0.39562204	0.23466748	0.03508027	0.27248302	-0.1661899	0.1558889	-0.18474114	-0.18088816	0.28349504	0.26181728	-0.46210054	0.28737468	0.15025914	-0.29449362	-0.19479781	-0.2762235	-0.26761082	0.05090494	-0.21380135	0.9999992	0.22224772	-0.14130163	-0.30783936	-0.30608064	0.22046283	-0.14719453
0.014743574	-0.20978436	0.14701301	-0.046312917	-0.22980553	0.05344332	0.066712074	0.16422535	-0.022575717	-0.022491774	0.085211724	0.033264153	0.24014568	0.11787771	-0.3709109	0.18631238	0.17235176	-0.30537072	-0.10658354	-0.62781256	-0.17376277	-0.18297051	-0.08341178	0.22224772	0.99999917	-0.04598631	-0.08932366	-0.13450295	0.118051894	0.03004524
-0.31598985	-0.18830577	-0.06495283	-0.08819231	0.19966482	-0.25493693	-0.094732955	-0.05444623	0.15249015	-0.030479955	0.1413991	0.122388735	-0.15247938	-0.29932085	0.08716237	-0.20989595	0.145493	0.12108442	0.054917526	0.006182634	0.09997838	-0.37964246	0.07332375	-0.14130163	-0.04598631	0.9999991	0.16233893	0.2375478	-0.50502586	0.2217643
-0.39684552	-0.08444727	-0.38068083	-0.3198553	0.24627216	-0.31730956	0.098110795	-0.34958696	0.0898031	-0.18405005	0.2262512	0.25232044	-0.16547984	-0.3102635	0.17085044	-0.35737583	0.05211018	0.2019712	0.27959147	0.08018367	0.25026432	-0.15720007	0.073209345	-0.30783936	-0.08932366	0.16233893	0.99999905	0.2806763	-0.30707574	0.26344383
-0.26103497	-0.035781555	-0.29106364	-0.348636	0.2882575	-0.3208268	-0.008361588	-0.1764421	0.13010693	-0.097252004	0.19807382	0.2125003	-0.20266587	-0.37799594	0.20090029	-0.43645608	-0.011120075	0.21138364	0.20317243	0.09708401	0.22984073	-0.255354	0.10976261	-0.30608064	-0.13450295	0.2375478	0.2806763	0.999999	-0.38975036	0.25407368
0.24219121	0.04011381	0.14112249	0.12400018	-0.3255523	0.22289014	0.04986155	0.15015072	-0.20621827	0.06773528	-0.12133304	-0.12408948	0.18413411	0.2639976	-0.22443105	0.25005144	-0.08150564	-0.19819364	-0.071056746	-0.16048531	-0.19466792	0.20388894	-0.073552005	0.22046283	0.118051894	-0.50502586	-0.30707574	-0.38975036	0.99999905	-0.29568186
-0.3334312	-0.18911625	-0.31170744	-0.19316399	0.16538396	-0.3627121	0.15812746	-0.15369768	0.008557326	-0.040474158	0.21015424	0.2947058	-0.045591686	-0.3399924	0.037137054	-0.3035911	0.1603883	0.077413835	0.23062651	-0.084037	0.12736988	-0.40556458	-0.033181626	-0.14719453	0.03004524	0.2217643	0.26344383	0.25407368	-0.29568186	0.99999905
