1.0000001	-0.31439143	-0.21997656	0.11217109	-0.26583436	0.1739948	0.031144671	0.13897926	-0.067387536	-0.44011357	0.13374917	0.1042813	-0.4552511	0.2172462	0.13121328	-0.21714005	0.26327226	0.0027160586	0.20835485	-0.39349845	-0.24673669	0.19100967	-0.11091384	0.28736457	-0.39359123	-0.07350071	0.30486268	-0.14814453	0.12899543	-0.082850285
-0.31439143	1.0000002	0.28287366	-0.24676836	0.21418959	-0.23897503	-0.29282203	-0.28639978	0.2278645	0.22682609	-0.29028866	-0.271283	0.26473483	-0.2978945	-0.32151428	0.28947935	-0.1316147	0.1903004	-0.4369579	0.19640957	0.2965238	-0.20757559	0.24762936	-0.34370202	0.23600219	0.24248604	-0.36913696	0.2612561	-0.34103674	0.21382019
-0.21997656	0.28287366	1.0000004	-0.3177135	0.18193863	-0.3466177	-0.31898957	-0.4373479	0.27981827	0.2217054	-0.25083065	-0.39258647	0.20205212	-0.23792356	-0.39731172	0.24963045	-0.040429965	0.22621943	-0.30737165	0.13142574	0.28237078	-0.29573685	0.2631687	-0.30323908	0.14710447	0.23336741	-0.22911067	0.3007152	-0.18952316	0.28234348
0.11217109	-0.24676836	-0.3177135	1.0000001	-0.20467775	0.24590884	0.25791842	0.28032744	-0.32232687	-0.20447928	0.2613011	0.2872831	-0.24693733	0.20894706	0.29268184	-0.27259636	-0.053597823	-0.37717816	0.24003889	-0.026406778	-0.27089	0.21411629	-0.3314286	0.20423391	-0.08113289	-0.20144251	0.14722037	-0.35641205	0.22493814	-0.46305883
-0.26583436	0.21418959	0.18193863	-0.20467775	1.0000002	-0.22455803	-0.067999184	-0.19963054	0.09208983	0.23502815	-0.05268525	-0.020630283	0.22222508	-0.50902975	-0.15343408	0.20460038	-0.32777128	-0.0057441	-0.287552	0.2142507	0.24396865	-0.37973538	0.14812164	-0.27937832	0.2007937	0.13792564	-0.17998828	0.16799612	-0.21636516	0.111924894
0.1739948	-0.23897503	-0.3466177	0.24590884	-0.22455803	0.99999994	0.22317524	0.2760073	-0.14694363	-0.18426353	0.2781115	0.16593514	-0.229179	0.28384817	0.24155071	-0.3269861	0.04289587	-0.198336	0.22935563	-0.058173485	-0.3817581	0.18732527	-0.40610135	0.25877672	-0.35671893	-0.4025747	0.20641193	-0.36299995	0.3009399	-0.25000647
0.031144671	-0.29282203	-0.31898957	0.25791842	-0.067999184	0.22317524	1.0000001	0.25801814	-0.43261132	-0.03345244	0.25346667	0.24182579	-0.07608169	0.17229804	0.29417756	-0.15285814	-0.11381462	-0.49008158	0.2418664	-0.009474575	-0.2058014	0.098150365	-0.3551104	0.17348552	-0.12250404	-0.3776638	0.08665521	-0.24395655	0.21628927	-0.2552128
0.13897926	-0.28639978	-0.4373479	0.28032744	-0.19963054	0.2760073	0.25801814	1.0000001	-0.31053466	-0.2363747	0.2934893	0.2384588	-0.12038278	0.23191442	0.3020546	-0.29371727	0.019132625	-0.21165197	0.24791893	-0.10898499	-0.30666032	0.2489341	-0.33959615	0.23071466	-0.119331375	-0.40216354	0.1677851	-0.4236965	0.25707906	-0.39430046
-0.067387536	0.2278645	0.27981827	-0.32232687	0.09208983	-0.14694363	-0.43261132	-0.31053466	1.0000001	0.10133046	-0.23239611	-0.4434268	0.107180655	-0.17241803	-0.39550877	0.1716133	0.09387197	0.2769737	-0.37231418	-0.008297208	0.22010784	-0.25156105	0.22448468	-0.14536294	0.01615896	0.20121092	-0.07264731	0.2514778	-0.16500191	0.27458167
-0.44011357	0.22682609	0.2217054	-0.20447928	0.23502815	-0.18426353	-0.03345244	-0.2363747	0.10133046	1.0	-0.19480279	-0.16160254	0.27123207	-0.15651332	-0.15195319	0.21748206	-0.31223595	-0.009770144	-0.1995257	0.27455002	0.21702413	-0.42080423	0.13620204	-0.41756502	0.18722735	0.10247661	-0.30971438	0.19650814	-0.1003678	0.1459801
0.13374917	-0.29028866	-0.25083065	0.2613011	-0.05268525	0.2781115	0.25346667	0.2934893	-0.23239611	-0.19480279	1.0000001	0.22937103	-0.15711324	0.19780333	0.2775265	-0.39697802	0.0036924228	-0.26640725	0.22253418	-0.1398103	-0.3018998	0.18454011	-0.42175385	0.2316624	-0.18416677	-0.39393577	0.19546816	-0.41593358	0.27875623	-0.34241742
0.1042813	-0.271283	-0.39258647	0.2872831	-0.020630283	0.16593514	0.24182579	0.2384588	-0.4434268	-0.16160254	0.22937103	1.0000002	-0.21347812	0.110571094	0.27084127	-0.2719589	-0.09972127	-0.37991035	0.21606769	-0.024370164	-0.20168714	0.17253457	-0.18783186	0.15505424	-0.03673753	-0.08834056	0.1410033	-0.32121122	0.1452766	-0.36369884
-0.4552511	0.26473483	0.20205212	-0.24693733	0.22222508	-0.229179	-0.07608169	-0.12038278	0.107180655	0.27123207	-0.15711324	-0.21347812	1.0000002	-0.24742624	-0.13063997	0.2510199	-0.34177232	0.047952827	-0.3136741	0.25687605	0.2222391	-0.15993737	0.1421908	-0.31982616	0.25180194	0.10087308	-0.4684488	0.16959007	-0.15304573	0.123259075
0.2172462	-0.2978945	-0.23792356	0.20894706	-0.50902975	0.28384817	0.17229804	0.23191442	-0.17241803	-0.15651332	0.19780333	0.110571094	-0.24742624	1.0000002	0.20478073	-0.29406872	0.1372445	-0.113149256	0.25687364	-0.15526247	-0.407682	0.20962839	-0.314911	0.25947243	-0.37742677	-0.2560435	0.225919	-0.28178242	0.27163336	-0.16661197
0.13121328	-0.32151428	-0.39731172	0.29268184	-0.15343408	0.24155071	0.29417756	0.3020546	-0.39550877	-0.15195319	0.2775265	0.27084127	-0.13063997	0.20478073	1.0000004	-0.18826446	-0.019568568	-0.3656674	0.262956	-0.14783198	-0.30858532	0.21282177	-0.3554325	0.22755936	-0.11498349	-0.2888869	0.14511622	-0.32270923	0.22116594	-0.42211336
-0.21714005	0.28947935	0.24963045	-0.27259636	0.20460038	-0.3269861	-0.15285814	-0.29371727	0.1716133	0.21748206	-0.39697802	-0.2719589	0.2510199	-0.29406872	-0.18826446	1.0000002	-0.17798476	0.11757502	-0.27811965	0.17263949	0.28769952	-0.23464876	0.25552043	-0.24237174	0.2294931	0.23148102	-0.38697267	0.27840862	-0.44449294	0.22255339
0.26327226	-0.1316147	-0.040429965	-0.053597823	-0.32777128	0.04289587	-0.11381462	0.019132625	0.09387197	-0.31223595	0.0036924228	-0.09972127	-0.34177232	0.1372445	-0.019568568	-0.17798476	1.0000004	0.14338268	0.10082261	-0.53359616	-0.06660153	0.12642537	0.017452689	0.18770362	-0.22025347	-0.005179054	0.22056541	0.008332984	0.025197953	0.054189026
0.0027160586	0.1903004	0.22621943	-0.37717816	-0.0057441	-0.198336	-0.49008158	-0.21165197	0.2769737	-0.009770144	-0.26640725	-0.37991035	0.047952827	-0.113149256	-0.3656674	0.11757502	0.14338268	1.0000005	-0.2940048	-0.03077786	0.16687858	-0.015016159	0.22797734	-0.17082386	0.07055132	0.20865503	-0.040213227	0.20145099	-0.14237599	0.23052108
0.20835485	-0.4369579	-0.30737165	0.24003889	-0.287552	0.22935563	0.2418664	0.24791893	-0.37231418	-0.1995257	0.22253418	0.21606769	-0.3136741	0.25687364	0.262956	-0.27811965	0.10082261	-0.2940048	1.0000005	-0.20203993	-0.39515185	0.2025883	-0.18126343	0.26045835	-0.18099292	-0.30662733	0.22379453	-0.2162441	0.21727672	-0.15902999
-0.39349845	0.19640957	0.13142574	-0.026406778	0.2142507	-0.058173485	-0.009474575	-0.10898499	-0.008297208	0.27455002	-0.1398103	-0.024370164	0.25687605	-0.15526247	-0.14783198	0.17263949	-0.53359616	-0.03077786	-0.20203993	1.0000005	0.152281	-0.2470923	0.034457516	-0.32733625	0.18565509	0.056255773	-0.35982746	0.08612657	-0.029328026	0.0412042
-0.24673669	0.2965238	0.28237078	-0.27089	0.24396865	-0.3817581	-0.2058014	-0.30666032	0.22010784	0.21702413	-0.3018998	-0.20168714	0.2222391	-0.407682	-0.30858532	0.28769952	-0.06660153	0.16687858	-0.39515185	0.152281	1.0000006	-0.36364242	0.27452856	-0.26796156	0.20792529	0.25788727	-0.29534352	0.29561096	-0.350095	0.2454895
0.19100967	-0.20757559	-0.29573685	0.21411629	-0.37973538	0.18732527	0.098150365	0.2489341	-0.25156105	-0.42080423	0.18454011	0.17253457	-0.15993737	0.20962839	0.21282177	-0.23464876	0.12642537	-0.015016159	0.2025883	-0.2470923	-0.36364242	1.0000005	-0.1870716	0.20629399	-0.032851297	-0.12961474	0.18621948	-0.3499134	0.15602481	-0.32137886
-0.11091384	0.24762936	0.2631687	-0.3314286	0.14812164	-0.40610135	-0.3551104	-0.33959615	0.22448468	0.13620204	-0.42175385	-0.18783186	0.1421908	-0.314911	-0.3554325	0.25552043	0.017452689	0.22797734	-0.18126343	0.034457516	0.27452856	-0.1870716	1.0000005	-0.27837327	0.19058679	0.30429232	-0.1514071	0.2939396	-0.4132699	0.27396113
0.28736457	-0.34370202	-0.30323908	0.20423391	-0.27937832	0.25877672	0.17348552	0.23071466	-0.14536294	-0.41756502	0.2316624	0.15505424	-0.31982616	0.25947243	0.22755936	-0.24237174	0.18770362	-0.17082386	0.26045835	-0.32733625	-0.26796156	0.20629399	-0.27837327	1.0000005	-0.40545186	-0.27649045	0.27690232	-0.21897815	0.21487623	-0.17766741
-0.39359123	0.23600219	0.14710447	-0.08113289	0.2007937	-0.35671893	-0.12250404	-0.119331375	0.01615896	0.18722735	-0.18416677	-0.03673753	0.25180194	-0.37742677	-0.11498349	0.2294931	-0.22025347	0.07055132	-0.18099292	0.18565509	0.20792529	-0.032851297	0.19058679	-0.40545186	1.0000002	0.18232784	-0.37438062	0.14095601	-0.29975688	0.05372798
-0.07350071	0.24248604	0.23336741	-0.20144251	0.13792564	-0.4025747	-0.3776638	-0.40216354	0.20121092	0.10247661	-0.39393577	-0.08834056	0.10087308	-0.2560435	-0.2888869	0.23148102	-0.005179054	0.20865503	-0.30662733	0.056255773	0.25788727	-0.12961474	0.30429232	-0.27649045	0.18232784	1.0000004	-0.104237065	0.2515956	-0.42237058	0.21827467
0.30486268	-0.36913696	-0.22911067	0.14722037	-0.17998828	0.20641193	0.08665521	0.1677851	-0.07264731	-0.30971438	0.19546816	0.1410033	-0.4684488	0.225919	0.14511622	-0.38697267	0.22056541	-0.040213227	0.22379453	-0.35982746	-0.29534352	0.18621948	-0.1514071	0.27690232	-0.37438062	-0.104237065	1.0000002	-0.26053497	0.1823168	-0.10824286
-0.14814453	0.2612561	0.3007152	-0.35641205	0.16799612	-0.36299995	-0.24395655	-0.4236965	0.2514778	0.19650814	-0.41593358	-0.32121122	0.16959007	-0.28178242	-0.32270923	0.27840862	0.008332984	0.20145099	-0.2162441	0.08612657	0.29561096	-0.3499134	0.2939396	-0.21897815	0.14095601	0.2515956	-0.26053497	1.0000002	-0.28495955	0.3035583
0.12899543	-0.34103674	-0.18952316	0.22493814	-0.21636516	0.3009399	0.21628927	0.25707906	-0.16500191	-0.1003678	0.27875623	0.1452766	-0.15304573	0.27163336	0.22116594	-0.44449294	0.025197953	-0.14237599	0.21727672	-0.029328026	-0.350095	0.15602481	-0.4132699	0.21487623	-0.29975688	-0.42237058	0.1823168	-0.28495955	1.0000002	-0.28875515
-0.082850285	0.21382019	0.28234348	-0.46305883	0.111924894	-0.25000647	-0.2552128	-0.39430046	0.27458167	0.1459801	-0.34241742	-0.36369884	0.123259075	-0.16661197	-0.42211336	0.22255339	0.054189026	0.23052108	-0.15902999	0.0412042	0.2454895	-0.32137886	0.27396113	-0.17766741	0.05372798	0.21827467	-0.10824286	0.3035583	-0.28875515	1.0000002
