1.0000001	0.122004695	-0.028755516	0.2759122	-0.0041866605	-0.2420777	-0.22676438	0.15888509	-0.4042001	-0.20155238	-0.007183367	0.22352119	-0.32494414	0.26256496	-0.26949415	-0.010516319	0.12016215	-0.3640955	0.25573334	-0.38756973	-0.089729816	0.110076346	0.2592729	-0.1589853	-0.14648429	0.056940306	-0.33387533	0.16148813	0.051563367	0.14233509
0.122004695	1.0000002	-0.3485188	0.10365652	-0.39500454	-0.4217152	0.09012684	0.124188915	-0.20546447	0.100874454	0.17523327	0.040990196	0.08046159	0.15308484	-0.14236635	0.18071783	-0.06059784	-0.21283112	0.08662438	-0.14597121	-0.12620959	0.05625455	0.13552001	-0.029603278	-0.2808971	-0.20066617	-0.020331316	-0.08342311	0.24164999	-0.017734189
-0.028755516	-0.3485188	1.0000004	0.013957201	0.2731102	0.21992426	-0.09638385	-0.046686396	0.080515034	-0.17039926	-0.24076954	0.10924532	-0.2555484	-0.030740492	0.112988226	-0.4040928	0.0077067227	-0.0025852793	0.096777655	-0.08004075	0.10330963	-0.10285789	-0.066911474	0.00017845895	0.08296008	0.2639241	-0.18930203	0.113211714	-0.3896155	-0.024546644
0.2759122	0.10365652	0.013957201	1.0000005	-0.04982962	-0.16095948	-0.23934202	0.20434538	-0.41842145	-0.21672444	-0.14546046	0.2764352	-0.25637627	0.29994667	-0.3740825	-0.06914035	0.23142621	-0.31765816	0.228186	-0.44343817	-0.19764075	0.19271253	0.2959929	-0.35499394	-0.28585985	0.051614184	-0.19828863	0.20038064	0.11995529	0.2337495
-0.0041866605	-0.39500454	0.2731102	-0.04982962	1.0000004	0.24905428	-0.24447887	-0.105181806	0.03481823	-0.09561405	-0.27326086	0.078894585	-0.16842355	-0.15993178	0.13455985	-0.25759378	-0.0018920056	0.06479347	0.022901576	-0.035672456	0.11941754	-0.115078665	-0.035355665	0.008631638	0.12999217	0.25796363	-0.13297234	0.07575684	-0.32235324	-0.053025518
-0.2420777	-0.4217152	0.21992426	-0.16095948	0.24905428	1.0000006	-0.10809333	-0.14134946	0.15093058	-0.13975593	-0.30267635	-0.02634625	-0.043697327	-0.23781542	0.13234714	-0.20376576	0.050984565	0.15483347	-0.14182548	0.081003964	0.05391961	-0.024802798	-0.09294989	-0.023892403	0.1821388	0.19617036	0.060015425	0.07815432	-0.3206243	0.022891497
-0.22676438	0.09012684	-0.09638385	-0.23934202	-0.24447887	-0.10809333	1.0000006	-0.15258767	0.19544433	0.24353202	0.2487051	-0.29864663	0.24097279	-0.1827276	0.16762441	0.19794948	-0.2776263	0.19012916	-0.20561586	0.23124853	0.17307864	-0.23624343	-0.2546709	0.26300424	0.11955649	-0.31675637	0.20797646	-0.3802545	0.03513736	-0.3842368
0.15888509	0.124188915	-0.046686396	0.20434538	-0.105181806	-0.14134946	-0.15258767	1.0000006	-0.24412082	-0.27319062	-0.082851835	0.18860567	-0.32309294	0.25063765	-0.1324656	-0.21305053	0.14380962	-0.30439684	0.16948791	-0.15753427	-0.11776832	0.16598877	0.17931907	-0.08672388	-0.49866295	-0.007188984	-0.059824288	0.19335435	0.08100372	0.08709164
-0.4042001	-0.20546447	0.080515034	-0.41842145	0.03481823	0.15093058	0.19544433	-0.24412082	1.0000006	0.10529852	0.08931628	-0.24753696	0.17283385	-0.3299853	0.2619406	0.025418822	-0.3593743	0.25492367	-0.2817541	0.27645537	0.16361076	-0.121481545	-0.36743605	0.22672509	0.25148615	-0.014716145	0.18026255	-0.13114803	-0.1401236	-0.20417741
-0.20155238	0.100874454	-0.17039926	-0.21672444	-0.09561405	-0.13975593	0.24353202	-0.27319062	0.10529852	1.0000006	0.1997961	-0.31996143	0.25728968	-0.22842541	0.11749661	0.25592753	-0.1523037	0.16669963	-0.074169666	0.18360399	0.11993092	-0.22753087	-0.1016107	0.16979262	0.087558165	-0.30785444	0.13427281	-0.55167526	0.050398458	-0.13165782
-0.007183367	0.17523327	-0.24076954	-0.14546046	-0.27326086	-0.30267635	0.2487051	-0.082851835	0.08931628	0.1997961	1.0000005	-0.28600726	0.16656335	-0.10520271	0.09974925	0.22965834	-0.3821376	0.06012458	-0.07675974	0.13558619	0.17880891	-0.30559236	-0.10255117	0.22160125	0.058336977	-0.216074	0.10632029	-0.21791315	0.036405317	-0.26171926
0.22352119	0.040990196	0.10924532	0.2764352	0.078894585	-0.02634625	-0.29864663	0.18860567	-0.24753696	-0.31996143	-0.28600726	1.0000006	-0.21907617	0.25201795	-0.23808475	-0.24288437	0.2283187	-0.29021415	0.245324	-0.4092118	-0.20961149	0.18967557	0.25237596	-0.32466397	-0.28479245	0.19138053	-0.34784803	0.24210851	0.003213548	0.22284012
-0.32494414	0.08046159	-0.2555484	-0.25637627	-0.16842355	-0.043697327	0.24097279	-0.32309294	0.17283385	0.25728968	0.16656335	-0.21907617	1.0000007	-0.23854625	0.0763399	0.22909324	-0.14519359	0.22699098	-0.35829234	0.23552236	0.057545085	-0.17982036	-0.19806643	0.14672175	0.13996974	-0.24373734	0.24320619	-0.33198017	0.113756165	-0.10043037
0.26256496	0.15308484	-0.030740492	0.29994667	-0.15993178	-0.23781542	-0.1827276	0.25063765	-0.3299853	-0.22842541	-0.10520271	0.25201795	-0.23854625	1.0000007	-0.39961702	-0.0866293	0.20367095	-0.36115882	0.23482554	-0.28892374	-0.2212507	0.20841935	0.2700098	-0.215125	-0.3484246	-0.009346275	-0.24873118	0.19862503	0.15862441	0.20021646
-0.26949415	-0.14236635	0.112988226	-0.3740825	0.13455985	0.13234714	0.16762441	-0.1324656	0.2619406	0.11749661	0.09974925	-0.23808475	0.0763399	-0.39961702	1.0000008	-0.023525761	-0.31023565	0.20888175	-0.09633084	0.21719186	0.24783531	-0.20603065	-0.3172889	0.27096668	0.21442868	0.0596705	0.10311113	-0.21170199	-0.30630127	-0.39754543
-0.010516319	0.18071783	-0.4040928	-0.06914035	-0.25759378	-0.20376576	0.19794948	-0.21305053	0.025418822	0.25592753	0.22965834	-0.24288437	0.22909324	-0.0866293	-0.023525761	1.000001	-0.21332891	0.04259929	-0.12518448	0.09629333	0.036693346	-0.051180396	0.01731107	0.082443506	0.023976035	-0.34325626	0.10920809	-0.37789017	0.1694096	-0.074607335
0.12016215	-0.06059784	0.0077067227	0.23142621	-0.0018920056	0.050984565	-0.2776263	0.14380962	-0.3593743	-0.1523037	-0.3821376	0.2283187	-0.14519359	0.20367095	-0.31023565	-0.21332891	1.000001	-0.09526334	0.10499273	-0.19453795	-0.3411501	0.22625391	0.18509	-0.37681583	-0.18679368	0.09726047	-0.08316642	0.2031444	0.092105195	0.28554976
-0.3640955	-0.21283112	-0.0025852793	-0.31765816	0.06479347	0.15483347	0.19012916	-0.30439684	0.25492367	0.16669963	0.06012458	-0.29021415	0.22699098	-0.36115882	0.20888175	0.04259929	-0.09526334	1.0000011	-0.36482674	0.29039234	0.17559464	-0.29409862	-0.40176415	0.20066595	0.26775274	-0.10051963	0.24584462	-0.2064902	-0.08144343	-0.15281726
0.25573334	0.08662438	0.096777655	0.228186	0.022901576	-0.14182548	-0.20561586	0.16948791	-0.2817541	-0.074169666	-0.07675974	0.245324	-0.35829234	0.23482554	-0.09633084	-0.12518448	0.10499273	-0.36482674	1.0000008	-0.32641506	-0.112927735	0.12393214	0.2545309	-0.167281	-0.30763084	0.129953	-0.5349699	0.11387773	-0.014819769	0.12168378
-0.38756973	-0.14597121	-0.08004075	-0.44343817	-0.035672456	0.081003964	0.23124853	-0.15753427	0.27645537	0.18360399	0.13558619	-0.4092118	0.23552236	-0.28892374	0.21719186	0.09629333	-0.19453795	0.29039234	-0.32641506	1.0000008	0.14184442	-0.16463804	-0.40187058	0.24299261	0.2245608	-0.15566413	0.27342317	-0.19978182	-0.04438958	-0.19439296
-0.089729816	-0.12620959	0.10330963	-0.19764075	0.11941754	0.05391961	0.17307864	-0.11776832	0.16361076	0.11993092	0.17880891	-0.20961149	0.057545085	-0.2212507	0.24783531	0.036693346	-0.3411501	0.17559464	-0.112927735	0.14184442	1.0000008	-0.54274577	-0.2124549	0.27674165	0.16766147	-0.025515301	0.07198169	-0.14544159	-0.34017643	-0.40532944
0.110076346	0.05625455	-0.10285789	0.19271253	-0.115078665	-0.024802798	-0.23624343	0.16598877	-0.121481545	-0.22753087	-0.30559236	0.18967557	-0.17982036	0.20841935	-0.20603065	-0.051180396	0.22625391	-0.29409862	0.12393214	-0.16463804	-0.54274577	1.0000007	0.20400526	-0.32167628	-0.17015219	0.03739411	-0.0901464	0.1991671	0.17960797	0.26063982
0.2592729	0.13552001	-0.066911474	0.2959929	-0.035355665	-0.09294989	-0.2546709	0.17931907	-0.36743605	-0.1016107	-0.10255117	0.25237596	-0.19806643	0.2700098	-0.3172889	0.01731107	0.18509	-0.40176415	0.2545309	-0.40187058	-0.2124549	0.20400526	1.0000008	-0.36275417	-0.35829344	0.027970372	-0.301893	0.14303204	0.12395132	0.22752078
-0.1589853	-0.029603278	0.00017845895	-0.35499394	0.008631638	-0.023892403	0.26300424	-0.08672388	0.22672509	0.16979262	0.22160125	-0.32466397	0.14672175	-0.215125	0.27096668	0.082443506	-0.37681583	0.20066595	-0.167281	0.24299261	0.27674165	-0.32167628	-0.36275417	1.0000006	0.17290218	-0.12342447	0.15932642	-0.23968187	-0.16515417	-0.49188283
-0.14648429	-0.2808971	0.08296008	-0.28585985	0.12999217	0.1821388	0.11955649	-0.49866295	0.25148615	0.087558165	0.058336977	-0.28479245	0.13996974	-0.3484246	0.21442868	0.023976035	-0.18679368	0.26775274	-0.30763084	0.2245608	0.16766147	-0.17015219	-0.35829344	0.17290218	1.0000006	0.05302471	0.13738987	-0.099815965	-0.18346792	-0.16236144
0.056940306	-0.20066617	0.2639241	0.051614184	0.25796363	0.19617036	-0.31675637	-0.007188984	-0.014716145	-0.30785444	-0.216074	0.19138053	-0.24373734	-0.009346275	0.0596705	-0.34325626	0.09726047	-0.10051963	0.129953	-0.15566413	-0.025515301	0.03739411	0.027970372	-0.12342447	0.05302471	1.0000007	-0.27663985	0.20491928	-0.33467758	0.04789426
-0.33387533	-0.020331316	-0.18930203	-0.19828863	-0.13297234	0.060015425	0.20797646	-0.059824288	0.18026255	0.13427281	0.10632029	-0.34784803	0.24320619	-0.24873118	0.10311113	0.10920809	-0.08316642	0.24584462	-0.5349699	0.27342317	0.07198169	-0.0901464	-0.301893	0.15932642	0.13738987	-0.27663985	1.0000005	-0.12878577	0.05140154	-0.1369138
0.16148813	-0.08342311	0.113211714	0.20038064	0.07575684	0.07815432	-0.3802545	0.19335435	-0.13114803	-0.55167526	-0.21791315	0.24210851	-0.33198017	0.19862503	-0.21170199	-0.37789017	0.2031444	-0.2064902	0.11387773	-0.19978182	-0.14544159	0.1991671	0.14303204	-0.23968187	-0.099815965	0.20491928	-0.12878577	1.0000005	-0.0135919545	0.19241801
0.051563367	0.24164999	-0.3896155	0.11995529	-0.32235324	-0.3206243	0.03513736	0.08100372	-0.1401236	0.050398458	0.036405317	0.003213548	0.113756165	0.15862441	-0.30630127	0.1694096	0.092105195	-0.08144343	-0.014819769	-0.04438958	-0.34017643	0.17960797	0.12395132	-0.16515417	-0.18346792	-0.33467758	0.05140154	-0.0135919545	1.0000004	0.148603
0.14233509	-0.017734189	-0.024546644	0.2337495	-0.053025518	0.022891497	-0.3842368	0.08709164	-0.20417741	-0.13165782	-0.26171926	0.22284012	-0.10043037	0.20021646	-0.39754543	-0.074607335	0.28554976	-0.15281726	0.12168378	-0.19439296	-0.40532944	0.26063982	0.22752078	-0.49188283	-0.16236144	0.04789426	-0.1369138	0.19241801	0.148603	1.0000004
