1.0	-0.16964276	-0.015064049	-0.18586357	-0.048432276	0.010071235	0.09604904	0.0045801657	-0.26453248	-0.15400124	-0.019263947	-0.20079572	-0.54683095	-0.15999329	0.13023722	0.17320247	-0.15003295	0.17493239	-0.10929594	0.19353476	-0.02938227	0.112010635	0.019902945	0.06855908	0.13924254	-0.15623704	0.06258164	-0.023467937	-0.20339306	0.25133944
-0.16964276	0.9999999	0.13745278	-0.13679615	0.2746027	0.1564129	-0.40291497	0.238616	0.20728077	-0.21188147	-0.24550264	0.010447184	0.12310959	-0.048377115	-0.30096427	-0.4463784	0.27543873	-0.34436464	-0.20380113	0.06526095	0.28389594	-0.3380471	0.18779054	0.22449225	0.08389652	0.03957149	-0.28444284	0.2310354	-0.13831626	-0.2678483
-0.015064049	0.13745278	1.0	-0.16813262	0.17774786	0.21307746	-0.30113268	0.02618049	0.25955755	-0.25950557	-0.45027292	-0.2352932	0.1048987	-0.3289526	-0.44040075	-0.18310115	0.25728786	0.09450744	-0.16264226	-0.036957636	0.08777636	-0.2779144	0.28530583	0.17175987	-0.09602259	0.19955163	-0.26490667	0.26047814	-0.04330181	-0.011961324
-0.18586357	-0.13679615	-0.16813262	0.9999999	-0.35826445	-0.31142443	0.18187283	-0.2881697	-0.08263157	0.29817808	0.24057356	0.25342396	0.073890775	0.20907576	0.16413336	0.12579116	-0.17634217	-0.07909466	0.30815798	-0.32152495	-0.21519938	0.19420664	-0.26328966	-0.3777274	-0.25812203	0.07951283	0.21581572	-0.33260036	0.28306335	-0.07248991
-0.048432276	0.2746027	0.17774786	-0.35826445	0.99999994	0.2381179	-0.2932525	0.26742285	0.17748426	-0.33259696	-0.25726542	-0.12513623	0.056554988	-0.22769187	-0.2412937	-0.28466246	0.27196965	-0.1972588	-0.33536282	0.1671259	0.28776246	-0.35297647	0.25243452	0.29259774	0.14551036	-0.016365778	-0.350957	0.289956	-0.27143204	-0.20631117
0.010071235	0.1564129	0.21307746	-0.31142443	0.2381179	0.99999994	-0.32692668	0.109963305	0.15152119	-0.3482686	-0.38343292	-0.40811786	0.011946446	-0.1799637	-0.15506177	-0.11947377	0.22156118	0.047754385	-0.36824635	0.16594034	0.17956983	-0.21015574	0.25729102	0.24147086	0.08624939	0.04779195	-0.39980754	0.28985435	-0.26211187	0.044414934
0.09604904	-0.40291497	-0.30113268	0.18187283	-0.2932525	-0.32692668	0.9999998	-0.1478702	-0.26744118	0.24408387	0.2757249	0.10105734	-0.12352993	0.16929443	0.27575973	0.28276095	-0.40641984	0.10164732	0.21893845	-0.021917444	-0.32904273	0.2930303	-0.32937	-0.3341357	-0.04290884	-0.13363253	0.29263422	-0.33423015	0.10865228	0.15324573
0.0045801657	0.238616	0.02618049	-0.2881697	0.26742285	0.109963305	-0.1478702	0.99999976	0.039994158	-0.24029449	-0.10079328	-0.017254472	-0.03365307	-0.026353354	-0.17127399	-0.29705316	0.16132437	-0.29034647	-0.33269566	0.19937092	0.28823954	-0.3313509	0.12534963	0.2571644	0.2211673	-0.1459585	-0.09616497	0.19192408	-0.35279176	-0.2592489
-0.26453248	0.20728077	0.25955755	-0.08263157	0.17748426	0.15152119	-0.26744118	0.039994158	0.99999976	-0.1020358	-0.27370152	-0.031072378	0.25402698	-0.25646004	-0.4146299	-0.31101754	0.28212956	-0.048944123	-0.12948322	-0.11841562	0.09157031	-0.268876	0.2134366	0.10954287	-0.20925353	0.23824632	-0.28052187	0.21147074	0.034668423	-0.21188597
-0.15400124	-0.21188147	-0.25950557	0.29817808	-0.33259696	-0.3482686	0.24408387	-0.24029449	-0.1020358	0.99999994	0.27319017	0.2312266	0.07849318	0.22205424	0.1744648	0.16713135	-0.1849822	-0.0128169665	0.29691604	-0.22546344	-0.3295112	0.23099321	-0.37984747	-0.4384656	-0.17502467	-0.011120627	0.24442022	-0.2966608	0.24392584	-0.0025759644
-0.019263947	-0.24550264	-0.45027292	0.24057356	-0.25726542	-0.38343292	0.2757249	-0.10079328	-0.27370152	0.27319017	1.0	0.23680897	-0.008935545	0.25377396	0.26141128	0.19246179	-0.346532	-0.025984677	0.25583908	-0.16128094	-0.1979375	0.22872795	-0.370273	-0.2794124	-0.07534055	-0.08564699	0.29313678	-0.38382044	0.17388278	-0.020107115
-0.20079572	0.010447184	-0.2352932	0.25342396	-0.12513623	-0.40811786	0.10105734	-0.017254472	-0.031072378	0.2312266	0.23680897	0.99999994	0.10345798	0.24994594	0.09283501	-0.023099227	-0.11654729	-0.27020675	0.21044602	-0.2599379	-0.042935465	0.06437128	-0.3041885	-0.194917	-0.12596479	-0.019331563	0.19290875	-0.25952077	0.19087596	-0.30345514
-0.54683095	0.12310959	0.1048987	0.073890775	0.056554988	0.011946446	-0.12352993	-0.03365307	0.25402698	0.07849318	-0.008935545	0.10345798	1.0	-0.0059390124	-0.25128025	-0.23265818	0.15205847	-0.09027739	0.07312225	-0.24388635	-0.038992018	-0.21797043	0.029927941	-0.056461375	-0.26859012	0.21651308	-0.110307105	0.051310148	0.17905527	-0.27902544
-0.15999329	-0.048377115	-0.3289526	0.20907576	-0.22769187	-0.1799637	0.16929443	-0.026353354	-0.25646004	0.22205424	0.25377396	0.24994594	-0.0059390124	1.0000001	0.2112803	0.09689193	-0.27191177	-0.20102778	0.175461	-0.079470225	-0.049603626	0.13326979	-0.44156393	-0.19070195	0.03490805	-0.19897728	0.22874078	-0.25382188	0.090142205	-0.1540017
0.13023722	-0.30096427	-0.44040075	0.16413336	-0.2412937	-0.15506177	0.27575973	-0.17127399	-0.4146299	0.1744648	0.26141128	0.09283501	-0.25128025	0.2112803	1.0000001	0.26947173	-0.3733385	0.025869345	0.17490125	-0.002325726	-0.17400758	0.27367783	-0.34536326	-0.16085374	0.027405007	-0.15206382	0.2641961	-0.37074655	0.07296944	0.13501947
0.17320247	-0.4463784	-0.18310115	0.12579116	-0.28466246	-0.11947377	0.28276095	-0.29705316	-0.31101754	0.16713135	0.19246179	-0.023099227	-0.23265818	0.09689193	0.26947173	1.0000002	-0.39131695	0.19885181	0.16759174	-0.013722963	-0.35077372	0.28780523	-0.27764234	-0.20476554	-0.08275784	-0.0860109	0.22334327	-0.2271072	0.103543594	0.24272265
-0.15003295	0.27543873	0.25728786	-0.17634217	0.27196965	0.22156118	-0.40641984	0.16132437	0.28212956	-0.1849822	-0.346532	-0.11654729	0.15205847	-0.27191177	-0.3733385	-0.39131695	1.0000002	-0.09154321	-0.24903414	0.011660979	0.22020698	-0.28929543	0.27696967	0.20831758	0.020027187	0.13339044	-0.3929742	0.2881203	-0.13547544	-0.20468879
0.17493239	-0.34436464	0.09450744	-0.07909466	-0.1972588	0.047754385	0.10164732	-0.29034647	-0.048944123	-0.0128169665	-0.025984677	-0.27020675	-0.09027739	-0.20102778	0.025869345	0.19885181	-0.09154321	1.0000002	0.035060607	-0.028391724	-0.28896245	0.14620146	0.043769512	-0.117860995	-0.075511895	0.03139882	-0.014714807	-0.013560422	0.009241096	0.28166083
-0.10929594	-0.20380113	-0.16264226	0.30815798	-0.33536282	-0.36824635	0.21893845	-0.33269566	-0.12948322	0.29691604	0.25583908	0.21044602	0.07312225	0.175461	0.17490125	0.16759174	-0.24903414	0.035060607	1.0000004	-0.33433697	-0.32149395	0.22843142	-0.20305306	-0.42312372	-0.19980769	0.07566676	0.22889538	-0.37215918	0.28364205	0.011489651
0.19353476	0.06526095	-0.036957636	-0.32152495	0.1671259	0.16594034	-0.021917444	0.19937092	-0.11841562	-0.22546344	-0.16128094	-0.2599379	-0.24388635	-0.079470225	-0.002325726	-0.013722963	0.011660979	-0.028391724	-0.33433697	1.0000002	0.18183503	-0.03860634	0.113062635	0.20229696	0.2937479	-0.3971576	-0.10168218	0.14135101	-0.39558423	0.04549978
-0.02938227	0.28389594	0.08777636	-0.21519938	0.28776246	0.17956983	-0.32904273	0.28823954	0.09157031	-0.3295112	-0.1979375	-0.042935465	-0.038992018	-0.049603626	-0.17400758	-0.35077372	0.22020698	-0.28896245	-0.32149395	0.18183503	1.0000004	-0.27533254	0.17657274	0.2718736	0.21973523	-0.13590923	-0.26069242	0.23206411	-0.31254432	-0.16875924
0.112010635	-0.3380471	-0.2779144	0.19420664	-0.35297647	-0.21015574	0.2930303	-0.3313509	-0.268876	0.23099321	0.22872795	0.06437128	-0.21797043	0.13326979	0.27367783	0.28780523	-0.28929543	0.14620146	0.22843142	-0.03860634	-0.27533254	1.0000004	-0.23422027	-0.38878888	-0.04255294	-0.12017667	0.24793553	-0.3603587	0.11305303	0.19293608
0.019902945	0.18779054	0.28530583	-0.26328966	0.25243452	0.25729102	-0.32937	0.12534963	0.2134366	-0.37984747	-0.370273	-0.3041885	0.029927941	-0.44156393	-0.34536326	-0.27764234	0.27696967	0.043769512	-0.20305306	0.113062635	0.17657274	-0.23422027	1.0000004	0.23725528	0.04751243	0.101201095	-0.3371197	0.29269394	-0.15155712	-0.022950718
0.06855908	0.22449225	0.17175987	-0.3777274	0.29259774	0.24147086	-0.3341357	0.2571644	0.10954287	-0.4384656	-0.2794124	-0.194917	-0.056461375	-0.19070195	-0.16085374	-0.20476554	0.20831758	-0.117860995	-0.42312372	0.20229696	0.2718736	-0.38878888	0.23725528	1.0000005	0.1727974	-0.054614823	-0.18209341	0.2729298	-0.23181248	-0.09529529
0.13924254	0.08389652	-0.09602259	-0.25812203	0.14551036	0.08624939	-0.04290884	0.2211673	-0.20925353	-0.17502467	-0.07534055	-0.12596479	-0.26859012	0.03490805	0.027405007	-0.08275784	0.020027187	-0.075511895	-0.19980769	0.2937479	0.21973523	-0.04255294	0.04751243	0.1727974	1.0000005	-0.49247304	-0.011578521	0.09908756	-0.43160948	-0.0037411675
-0.15623704	0.03957149	0.19955163	0.07951283	-0.016365778	0.04779195	-0.13363253	-0.1459585	0.23824632	-0.011120627	-0.08564699	-0.019331563	0.21651308	-0.19897728	-0.15206382	-0.0860109	0.13339044	0.03139882	0.07566676	-0.3971576	-0.13590923	-0.12017667	0.101201095	-0.054614823	-0.49247304	1.0000004	-0.18925808	0.050229743	0.20199497	-0.020116005
0.06258164	-0.28444284	-0.26490667	0.21581572	-0.350957	-0.39980754	0.29263422	-0.09616497	-0.28052187	0.24442022	0.29313678	0.19290875	-0.110307105	0.22874078	0.2641961	0.22334327	-0.3929742	-0.014714807	0.22889538	-0.10168218	-0.26069242	0.24793553	-0.3371197	-0.18209341	-0.011578521	-0.18925808	1.0000001	-0.39088872	0.1233996	0.050122693
-0.023467937	0.2310354	0.26047814	-0.33260036	0.289956	0.28985435	-0.33423015	0.19192408	0.21147074	-0.2966608	-0.38382044	-0.25952077	0.051310148	-0.25382188	-0.37074655	-0.2271072	0.2881203	-0.013560422	-0.37215918	0.14135101	0.23206411	-0.3603587	0.29269394	0.2729298	0.09908756	0.050229743	-0.39088872	0.9999999	-0.23086658	-0.05266561
-0.20339306	-0.13831626	-0.04330181	0.28306335	-0.27143204	-0.26211187	0.10865228	-0.35279176	0.034668423	0.24392584	0.17388278	0.19087596	0.17905527	0.090142205	0.07296944	0.103543594	-0.13547544	0.009241096	0.28364205	-0.39558423	-0.31254432	0.11305303	-0.15155712	-0.23181248	-0.43160948	0.20199497	0.1233996	-0.23086658	1.0	-0.05129258
0.25133944	-0.2678483	-0.011961324	-0.07248991	-0.20631117	0.044414934	0.15324573	-0.2592489	-0.21188597	-0.0025759644	-0.020107115	-0.30345514	-0.27902544	-0.1540017	0.13501947	0.24272265	-0.20468879	0.28166083	0.011489651	0.04549978	-0.16875924	0.19293608	-0.022950718	-0.09529529	-0.0037411675	-0.020116005	0.050122693	-0.05266561	-0.05129258	1.0
