1.0000001	0.27228642	0.296295	-0.19401106	0.26606172	-0.13548648	-0.3618123	-0.19115353	0.16259395	0.30430248	-0.44169602	0.29166523	-0.30854487	0.20889898	0.29830465	-0.3450754	-0.2979607	-0.41951507	-0.36719283	-0.18920797	-0.06868875	0.24277878	0.050217647	0.22505426	0.13509616	-0.27616835	-0.24540274	0.23888656	-0.15815763	0.0076720156
0.27228642	0.99999994	0.297416	-0.29686043	0.29058835	-0.079300635	-0.24149767	-0.22375573	0.19926205	0.28686494	-0.25855243	0.27324054	-0.344239	0.26156685	0.2578266	-0.33503196	-0.16285446	-0.38215733	-0.43309742	-0.11309648	-0.08341673	0.23295206	0.037236907	0.22478797	0.07762151	-0.3381666	-0.3207116	0.25901684	-0.3578304	-5.2401236e-5
0.296295	0.297416	1.0	-0.29631424	0.27148443	-0.059479095	-0.37703246	-0.37913013	0.22357947	0.30436915	-0.34835514	0.2983273	-0.26340947	0.23999888	0.2622102	-0.38323072	-0.21827021	-0.4089987	-0.35367775	-0.081525736	-0.102731794	0.23649025	0.01243824	0.2417861	0.13124771	-0.27556768	-0.2701273	0.25164768	-0.2222904	-0.0271096
-0.19401106	-0.29686043	-0.29631424	0.99999994	-0.16244553	0.01577342	0.16158816	0.26068184	-0.42632222	-0.3383606	0.2201563	-0.3298513	0.2979537	-0.2593515	-0.27038074	0.25076544	0.19336453	0.27344367	0.23235738	-0.068779044	0.196782	-0.11540969	0.14256725	-0.2698527	-0.19611688	0.10683617	0.11525658	-0.44789323	0.08744853	0.11700048
0.26606172	0.29058835	0.27148443	-0.16244553	0.99999994	-0.13813198	-0.28825483	-0.24410531	0.1350557	0.24936107	-0.27695933	0.22956723	-0.26929292	0.2724508	0.266481	-0.29359043	-0.13679643	-0.2570025	-0.3205618	-0.31642613	0.04970413	0.2827799	0.16126941	0.15524925	0.0060257856	-0.4359015	-0.4169696	0.19206	-0.3781823	0.106525205
-0.13548648	-0.079300635	-0.059479095	0.01577342	-0.13813198	1.0	0.16532984	-0.06366037	0.043803927	-0.063766845	0.18416497	-0.09985563	0.007097243	-0.21409763	-0.2512803	0.086483635	-0.19828661	0.024321089	0.094473906	0.2715314	-0.3246706	-0.20219477	-0.31088507	0.026210733	0.21040292	0.21359989	0.22940785	-0.1645018	0.22449084	-0.49145967
-0.3618123	-0.24149767	-0.37703246	0.16158816	-0.28825483	0.16532984	1.0	0.15400103	-0.13665353	-0.31925976	0.28021082	-0.23512466	0.18963458	-0.1931476	-0.34364888	0.23089819	0.11949459	0.23600629	0.26902297	0.20875546	-0.07792757	-0.5547654	-0.14766914	-0.08680204	-0.06335413	0.27362812	0.2635394	-0.1826165	0.20520608	-0.14772081
-0.19115353	-0.22375573	-0.37913013	0.26068184	-0.24410531	-0.06366037	0.15400103	1.0000001	-0.52758735	-0.2771544	0.18445593	-0.3285406	0.26903644	-0.26192802	-0.10810808	0.18328837	0.19218698	0.28058425	0.23419441	-0.00725969	0.19072753	-0.13664883	0.076915175	-0.42492592	-0.1550993	0.14997649	0.100196496	-0.17535135	0.11313943	0.11504059
0.16259395	0.19926205	0.22357947	-0.42632222	0.1350557	0.043803927	-0.13665353	-0.52758735	0.99999994	0.21859777	-0.12986831	0.22995803	-0.3001921	0.14919047	0.08532409	-0.088785574	-0.12712833	-0.3312033	-0.26740026	0.061994817	-0.3015585	0.07665004	-0.1976534	0.25497594	0.15700936	-0.10614243	-0.019119706	0.18509714	-0.082311004	-0.1411389
0.30430248	0.28686494	0.30436915	-0.3383606	0.24936107	-0.063766845	-0.31925976	-0.2771544	0.21859777	1.0000001	-0.29277313	0.31030568	-0.3581007	0.20962179	0.26192185	-0.3637685	-0.36143965	-0.372564	-0.37562156	-0.088968866	-0.17286435	0.19679676	-0.011917845	0.27368248	0.17663935	-0.2913054	-0.17180148	0.2634256	-0.14827879	-0.04790502
-0.44169602	-0.25855243	-0.34835514	0.2201563	-0.27695933	0.18416497	0.28021082	0.18445593	-0.12986831	-0.29277313	1.0000001	-0.3882015	0.25002852	-0.32051128	-0.44817072	0.29210436	0.15955025	0.27081364	0.27959	0.17983904	-0.0037305295	-0.28410545	-0.10504479	-0.23627402	-0.09697834	0.25642738	0.27421498	-0.31557792	0.20592645	-0.09065246
0.29166523	0.27324054	0.2983273	-0.3298513	0.22956723	-0.09985563	-0.23512466	-0.3285406	0.22995803	0.31030568	-0.3882015	1.0000002	-0.39121643	0.21708323	0.2604856	-0.3493169	-0.3110926	-0.3503045	-0.3029774	-0.028932761	-0.18091582	0.16837804	-0.07145694	0.28687862	0.181244	-0.24309057	-0.24355145	0.2881841	-0.101603754	-0.07924956
-0.30854487	-0.344239	-0.26340947	0.2979537	-0.26929292	0.007097243	0.18963458	0.26903644	-0.3001921	-0.3581007	0.25002852	-0.39121643	1.0000002	-0.29434645	-0.22343354	0.2824539	0.25176528	0.30032778	0.25776052	-0.021760881	0.20033069	-0.15295558	0.099064946	-0.3562682	-0.31364268	0.15122522	0.1556995	-0.34859338	0.11655313	0.117090724
0.20889898	0.26156685	0.23999888	-0.2593515	0.2724508	-0.21409763	-0.1931476	-0.26192802	0.14919047	0.20962179	-0.32051128	0.21708323	-0.29434645	1.0000004	0.22690149	-0.36397886	-0.012485561	-0.23843034	-0.14336543	-0.24862769	0.006510102	0.21203266	0.12361528	0.14322455	-0.05902452	-0.26886994	-0.2905455	0.24372421	-0.46399084	0.11791203
0.29830465	0.2578266	0.2622102	-0.27038074	0.266481	-0.2512803	-0.34364888	-0.10810808	0.08532409	0.26192185	-0.44817072	0.2604856	-0.22343354	0.22690149	1.0000004	-0.3174519	-0.19064115	-0.29051894	-0.36721188	-0.25307	0.040169846	0.2638568	0.11176285	0.16130471	0.027298506	-0.25440624	-0.38318878	0.24672095	-0.17463665	0.105615765
-0.3450754	-0.33503196	-0.38323072	0.25076544	-0.29359043	0.086483635	0.23089819	0.18328837	-0.088785574	-0.3637685	0.29210436	-0.3493169	0.2824539	-0.36397886	-0.3174519	1.0000002	0.20336659	0.26606554	0.24845956	0.0846441	0.08149552	-0.16363966	-0.0013389623	-0.18812686	-0.2134228	0.19672081	0.22503085	-0.41787356	0.1827311	0.010162266
-0.2979607	-0.16285446	-0.21827021	0.19336453	-0.13679643	-0.19828661	0.11949459	0.19218698	-0.12712833	-0.36143965	0.15955025	-0.3110926	0.25176528	-0.012485561	-0.19064115	0.20336659	1.0000004	0.23717515	0.19295186	-0.110318325	0.23801792	-0.022032952	0.1520319	-0.403709	-0.431094	0.029181754	0.046304785	-0.178509	-0.06476077	0.21202417
-0.41951507	-0.38215733	-0.4089987	0.27344367	-0.2570025	0.024321089	0.23600629	0.28058425	-0.3312033	-0.372564	0.27081364	-0.3503045	0.30032778	-0.23843034	-0.29051894	0.26606554	0.23717515	1.0000004	0.304812	0.042485923	0.15515262	-0.22930372	0.039066546	-0.35222915	-0.1762563	0.20551653	0.18544897	-0.22655737	0.13654572	0.077320635
-0.36719283	-0.43309742	-0.35367775	0.23235738	-0.3205618	0.094473906	0.26902297	0.23419441	-0.26740026	-0.37562156	0.27959	-0.3029774	0.25776052	-0.14336543	-0.36721188	0.24845956	0.19295186	0.304812	1.0000004	0.1386255	0.081506476	-0.3173653	-0.08399551	-0.31867027	-0.09622123	0.2639957	0.24435021	-0.2442438	0.18133952	-0.031800453
-0.18920797	-0.11309648	-0.081525736	-0.068779044	-0.31642613	0.2715314	0.20875546	-0.00725969	0.061994817	-0.088968866	0.17983904	-0.028932761	-0.021760881	-0.24862769	-0.25307	0.0846441	-0.110318325	0.042485923	0.1386255	1.0000002	-0.27803034	-0.32533962	-0.46733323	0.039858073	0.1983725	0.27148473	0.26284918	-0.03707073	0.26826426	-0.39293024
-0.06868875	-0.08341673	-0.102731794	0.196782	0.04970413	-0.3246706	-0.07792757	0.19072753	-0.3015585	-0.17286435	-0.0037305295	-0.18091582	0.20033069	0.006510102	0.040169846	0.08149552	0.23801792	0.15515262	0.081506476	-0.27803034	1.0	0.117901176	0.2679957	-0.34829408	-0.40679562	-0.12335203	-0.09201027	-0.20568083	-0.15166979	0.2960727
0.24277878	0.23295206	0.23649025	-0.11540969	0.2827799	-0.20219477	-0.5547654	-0.13664883	0.07665004	0.19679676	-0.28410545	0.16837804	-0.15295558	0.21203266	0.2638568	-0.16363966	-0.022032952	-0.22930372	-0.3173653	-0.32533962	0.117901176	1.0000001	0.20795682	0.06609299	-0.06793468	-0.37400123	-0.39009395	0.13056602	-0.28228742	0.18286686
0.050217647	0.037236907	0.01243824	0.14256725	0.16126941	-0.31088507	-0.14766914	0.076915175	-0.1976534	-0.011917845	-0.10504479	-0.07145694	0.099064946	0.12361528	0.11176285	-0.0013389623	0.1520319	0.039066546	-0.08399551	-0.46733323	0.2679957	0.20795682	1.0000002	-0.07992909	-0.30441174	-0.3113005	-0.28713515	-0.07511385	-0.33101815	0.3040837
0.22505426	0.22478797	0.2417861	-0.2698527	0.15524925	0.026210733	-0.08680204	-0.42492592	0.25497594	0.27368248	-0.23627402	0.28687862	-0.3562682	0.14322455	0.16130471	-0.18812686	-0.403709	-0.35222915	-0.31867027	0.039858073	-0.34829408	0.06609299	-0.07992909	1.0000001	0.22357139	-0.123394825	-0.14357197	0.23531492	-0.05194459	-0.17397866
0.13509616	0.07762151	0.13124771	-0.19611688	0.0060257856	0.21040292	-0.06335413	-0.1550993	0.15700936	0.17663935	-0.09697834	0.181244	-0.31364268	-0.05902452	0.027298506	-0.2134228	-0.431094	-0.1762563	-0.09622123	0.1983725	-0.40679562	-0.06793468	-0.30441174	0.22357139	1.0	0.07905042	0.07227696	0.14772129	0.1375879	-0.38078502
-0.27616835	-0.3381666	-0.27556768	0.10683617	-0.4359015	0.21359989	0.27362812	0.14997649	-0.10614243	-0.2913054	0.25642738	-0.24309057	0.15122522	-0.26886994	-0.25440624	0.19672081	0.029181754	0.20551653	0.2639957	0.27148473	-0.12335203	-0.37400123	-0.3113005	-0.123394825	0.07905042	1.0000001	0.29969227	-0.1348478	0.2858357	-0.22661896
-0.24540274	-0.3207116	-0.2701273	0.11525658	-0.4169696	0.22940785	0.2635394	0.100196496	-0.019119706	-0.17180148	0.27421498	-0.24355145	0.1556995	-0.2905455	-0.38318878	0.22503085	0.046304785	0.18544897	0.24435021	0.26284918	-0.09201027	-0.39009395	-0.28713515	-0.14357197	0.07227696	0.29969227	1.0	-0.26826409	0.27876246	-0.21050479
0.23888656	0.25901684	0.25164768	-0.44789323	0.19206	-0.1645018	-0.1826165	-0.17535135	0.18509714	0.2634256	-0.31557792	0.2881841	-0.34859338	0.24372421	0.24672095	-0.41787356	-0.178509	-0.22655737	-0.2442438	-0.03707073	-0.20568083	0.13056602	-0.07511385	0.23531492	0.14772129	-0.1348478	-0.26826409	1.0	-0.1935134	-0.06612958
-0.15815763	-0.3578304	-0.2222904	0.08744853	-0.3781823	0.22449084	0.20520608	0.11313943	-0.082311004	-0.14827879	0.20592645	-0.101603754	0.11655313	-0.46399084	-0.17463665	0.1827311	-0.06476077	0.13654572	0.18133952	0.26826426	-0.15166979	-0.28228742	-0.33101815	-0.05194459	0.1375879	0.2858357	0.27876246	-0.1935134	0.9999998	-0.2613254
0.0076720156	-5.2401236e-5	-0.0271096	0.11700048	0.106525205	-0.49145967	-0.14772081	0.11504059	-0.1411389	-0.04790502	-0.09065246	-0.07924956	0.117090724	0.11791203	0.105615765	0.010162266	0.21202417	0.077320635	-0.031800453	-0.39293024	0.2960727	0.18286686	0.3040837	-0.17397866	-0.38078502	-0.22661896	-0.21050479	-0.06612958	-0.2613254	0.9999998
