1.4977843516897698
1.7484853605076494
0.2837136283519288
0.6901017369699758
1.8129329641010095
1.745100489360868
1.4235219018722811
0.22047910262860748
1.3610942430332886
1.0277538114363676
1.2359322355840554
1.9046154430410898
0.796254785948713
0.5875294342714001
1.7476277439517374
1.7245309579246073
1.6645513143013335
1.2191086328232736
1.6728579158154269
0.5681543975775998
1.9404151518761577
0.6723803544964169
1.4797280412308005
0.22633273668234866
1.364281771524875
1.0113437214694323
1.3994928332893048
0.34381740081551415
0.015789471911519026
0.9473770105588579
1.964137387260065
0.833602021463336
0.11962091919579376
1.7697060867461323
1.3473704604168335
1.6146238696020756
0.2632548568198514
1.347618319947413
0.5877326320687346
0.8396430883135511
1.9602349375217694
1.1985044083392327
0.6859501141042188
1.1612755415509308
1.4774179917705361
0.43113769855357376
0.23414529764575098
1.1916162611342667
1.39320250230647
0.4226675356509526
0.9128443285150463
1.9537344236590388
1.5438937762655263
1.2138766275807007
0.0979555946647046
0.17929713198992503
1.5347563083420657
0.5936594906825281
0.5934863601245755
1.427193350343755
0.9868623099118072
0.832493076540171
1.2752772406209045
1.4858874260919497
1.6351129537192437
0.5167142912316924
0.45236501725555156
0.6356681245771156
1.8346008157020233
1.6744585791816964
0.9258575134373319
1.8181517506288931
0.3875367586516605
0.43044684691304624
0.28889599617322004
1.1699649310127347
0.0815189370800169
0.3275811903453314
0.059157102946986395
0.08698260943356972
1.4775923263609385
0.7070831961426198
1.051383101505237
0.883308763340644
0.6841222582042796
1.45332538261877
1.4559525783262706
1.6183037072628594
1.461354000074951
0.018477241585284965
1.3441454327805844
0.9784002596320367
0.4076519783815695
1.1813201738210624
0.6837227946309306
0.8279183743294991
0.8417568001782629
1.1218369111640734
1.4170600723008102
1.1826171305990083
1.6414976534911383
1.369673400278373
0.27150513799335996
1.7555355820730896
0.24259679844338167
1.6871605848379951
1.1482828827997211
0.4599480952330728
0.8166647635553519
0.9881037701200073
0.9681240333076797
1.3162103444981668
0.6090322321052684
1.4372405644897335
1.3710619188268074
1.7757156521111588
0.9711616128234957
1.2565769209376711
1.5905988292692588
1.338286977186532
0.3271735425074189
1.4975429679994652
1.4453728260639973
0.7861870463719141
1.6538952442980388
1.541810125711804
1.5767622450806422
0.3871899074311791
1.0954064419934977
1.5398479184408156
0.7695087924781532
0.9801353002745863
1.4996110151283195
0.7798439586225039
0.8295794195654138
1.3030244585529307
1.564302893699987
1.1005963057372479
0.8087870564411057
0.007640447343375545
1.3751938378042794
0.38103997876602413
1.5382301793310456
1.4516162048362184
0.7256261681071483
1.0879198590886416
0.18782853047970494
1.150936616240285
0.3267380699250413
1.3238210638221422
1.5223327104924467
0.6942704303739016
1.8857381132355793
0.052066928933205636
0.3126232828330273
1.4887740162404282
0.11930542901110885
1.6628064316338702
1.333436268290218
1.4009043740662754
1.0568952006752266
0.6666134835592699
0.8745890486339374
1.6353895579699445
0.8003199056953352
1.5082512869359839
1.4121763127960283
1.7270876849678443
1.9284644041985517
0.6431653081330577
0.3075514774015973
1.7561068506753459
1.2275093353361686
0.6680793130005027
0.015595931786683614
0.12181524900389018
0.39226518982635494
0.20190449429975543
1.6472900681303502
0.38772478651191933
1.714986252935501
1.7333181938216038
1.979048186135302
1.6759762225035213
0.03530457181288282
0.7508970057713862
0.8600002478742419
1.5793832790051916
0.6795225498494653
0.5181128218619866
0.4433287970975297
0.2959824885279412
1.6757223913915913
1.6087993209760545
0.6913217532658842
1.6610500673549504
0.57936530113378
0.4333294678917883
1.689083429668068
1.1429868850884082
1.129946552413109
0.36700850821539666
1.506478196070942
0.428221441307594
0.7104836287530727
1.7426330800553111
0.5855555387071454
1.6905873196183003
1.8217602249254912
1.6554069914444456
1.822294539808631
0.45348960722210463
1.2373738465540116
0.4322439629294379
0.5473567463991953
1.0919169394336947
0.5171920570754895
0.3035272100783233
1.4887919093356476
1.9675911957348524
0.5962186068812931
1.3727820723827686
0.6628430775130834
1.3865841551075293
0.05465821585792696
0.8150856576678223
0.2170060809256631
1.6983509838222148
1.4117652615879013
1.4185850893723542
0.4989288670110694
0.16235355991531186
0.9035323267962172
1.6510799531855584
0.2553580643046478
1.673745165948188
1.8590389792737638
1.3765019741476752
0.4721797729789907
0.07505471312455114
0.9752004278523707
1.5716297958468342
0.07907317379008516
0.14880733452699602
1.5562536232718658
0.2745779369567558
1.4298002108258532
0.37113239305209644
1.7564590511936449
1.2669988993355876
0.31816707310856596
1.037654728440618
1.114223741576817
1.5163406912604138
1.7250800080478401
1.332295115601894
1.5989221549880943
1.635370416672037
1.6440751444145345
0.8000938778524824
1.3302199796784162
0.9661539969804269
0.733801274690399
0.24619133862161835
1.664387980015446
1.4899326578102952
1.9647722677338628
1.4359732492191308
0.5054632874198521
1.6655975122262394
0.4435006796052212
1.1760941736017856
1.385878247079658
1.0897912501614675
0.8486865365922431
1.7315188571301208
1.7359815513444883
0.10651490479275116
0.269996917793315
1.2032998929346652
0.6583681225751492
1.5326072409854674
1.3193786620258152
0.13396761110725408
1.8515938460860446
0.4111102422416062
0.6996618156583203
0.39826126237591386
1.811908518750832
1.5081256983424303
0.5171960907026161
1.088929167486021
0.12705566022378356
1.7897661885407072
1.8253666167494962
1.1147152602170578
1.4604857327156986
1.3210656439939528
1.07215642410658
1.9567570783152386
1.6477860187922562
1.9508378008510605
0.14849794695138163
0.926849545554413
1.865309104744291
0.28262461369249126
0.7932519627355927
1.1949827970985898
1.0577119332918592
0.14596321732794482
0.7208117060093298
1.6979933261975202
1.5981389056718949
1.09294675384387
0.23807543003967635
1.2705265167299369
1.6121234747219486
0.7100285012014378
0.7105833670920811
1.9611609712289857
1.5963903204540881
0.47655172594265127
0.7266713835812937
1.7284943986858374
0.9591685924684754
0.29248495752868586
1.5256847771572946
0.7711258542626929
1.1787835043924446
1.7053315278134393
0.7046184635302073
1.870423806574447
1.367453868733158
1.1404957436784484
1.7929504832039362
1.139604094150852
0.5026082607832418
0.12045318973928199
1.180995965187353
0.8290064741908771
1.5518709005193243
1.9363523114220056
1.0923469737049925
0.7944583024878353
0.7336511615286536
0.33658138578229324
0.38070391616924737
1.6634934732659212
0.5487463728351722
1.7242157240173548
0.09638977730162024
0.06708598723990367
1.2934760877621747
0.6605552863479358
0.5077169140192139
1.3694401012136612
0.8355285881425032
1.0228965358237618
1.8445884239696364
1.644559568130779
0.24172182124827502
1.0609143449328573
0.12911199359962855
1.2811758142213108
1.5943623411149153
1.989148341103598
0.5906071644426674
1.8343007652982135
0.729502165190915
0.4071237397305212
1.2217618553671497
1.2057386725778627
1.1807815088639353
1.2972888025272737
1.0319435777838315
0.6836899641125946
0.2301682309299995
1.1370960442381943
1.6965392175543255
1.1483997238380357
0.9173721857423152
1.8785594879295333
1.3246272888446637
0.4843340623204637
1.388409735709425
1.528132557955673
0.4552950453537479
0.009914476624825808
0.6449812727271138
1.3941839737145705
0.18140339479811818
1.0995969698903783
1.4600677075252688
1.4502140657803138
1.2240628649605054
0.8185295208027001
1.8545097353576236
0.23605111013337798
0.7672171124829139
0.6717732020128302
0.5896505935697904
0.6110723730707961
0.20727517222243708
1.5663759094672756
1.7022518751249691
1.9689345128348603
0.6710641182744792
0.0787210904337412
1.724644386795422
0.12052173232660701
0.7540339835442664
1.4126611531485544
1.9102270608114267
0.5080570717585164
1.4797676171030891
0.8696632143660492
0.4476768153776802
1.2001126767063726
1.3385358709794335
1.2487031971138325
0.7853076970646278
1.6534605899660233
1.1499996337007807
1.3615451455625602
1.481742850368328
1.3887210164642978
1.4809512464992451
0.6115083397202734
0.7361053076416033
0.9655351834200885
0.1984959206607586
0.36026287975171756
1.1772197891636333
1.348630613648383
0.6063928144065325
