1.0000001	0.26876876	-0.24001847	-0.3775439	-0.26438838	-0.35830763	0.23805554	-0.34222445	-0.18979977	-0.34306172	-0.361036	0.24036087	0.24885611	-0.31700277	0.2165651	0.1852198	0.29212198	0.033225484	0.22484536	-0.34571233	0.24450013	0.22077928	0.28115883	-0.36959937	-0.33504847	-0.22229947	-0.021491177	-0.17666115	0.29827866	0.2714853
0.26876876	1.0000004	-0.39666092	-0.3672466	-0.15237015	-0.502065	0.10889914	-0.29942572	-0.09191763	-0.14742582	-0.19716503	0.22860686	0.21791698	-0.47947845	0.20048647	0.22598937	0.2452973	0.008155337	0.13062629	-0.22647023	0.22869805	0.24876325	0.2888604	-0.2583862	-0.24264468	-0.20355867	-0.079187185	-0.23758812	0.22897327	0.25157028
-0.24001847	-0.39666092	1.0000001	0.2524961	0.23844728	0.30035004	-0.1118496	0.27141422	0.20089643	0.15139757	0.2449972	-0.32966837	-0.3348158	0.2363139	-0.22827967	-0.3843951	-0.33638638	-0.13770032	-0.15330234	0.1737139	-0.34221452	-0.4352344	-0.27597332	0.22697942	0.28313112	0.2557963	0.1662991	0.28334206	-0.20095454	-0.37807804
-0.3775439	-0.3672466	0.2524961	1.0000001	0.2679351	0.2901331	-0.2276254	0.29602268	0.15910786	0.24220136	0.23333149	-0.34933388	-0.23229651	0.21656272	-0.15657912	-0.16344349	-0.4017563	-0.08205762	-0.2953652	0.24689753	-0.31785548	-0.24316138	-0.37974367	0.28222904	0.28566077	0.21102312	0.085875876	0.2128278	-0.42909518	-0.2591605
-0.26438838	-0.15237015	0.23844728	0.2679351	0.99999994	0.22049044	-0.31972206	0.28711525	0.23934984	0.25650984	0.25285947	-0.19925366	-0.38514	0.15434153	-0.19863196	-0.21476655	-0.26380524	-0.1776595	-0.38840535	0.22846997	-0.33845228	-0.3365162	-0.2723754	0.2344525	0.24618979	0.1980182	0.076686844	0.26359862	-0.4022384	-0.2506922
-0.35830763	-0.502065	0.30035004	0.2901331	0.22049044	1.0	-0.121234626	0.27238762	0.15891656	0.16496782	0.23329176	-0.29794365	-0.27189767	0.2666987	-0.25550526	-0.2502723	-0.3788651	-0.06048883	-0.11493478	0.18968326	-0.29810843	-0.3829623	-0.31901395	0.25853008	0.2852204	0.24190666	0.12914515	0.23159714	-0.3363273	-0.29535314
0.23805554	0.10889914	-0.1118496	-0.2276254	-0.31972206	-0.121234626	1.0	-0.324505	-0.18693449	-0.44443226	-0.3020333	0.06686861	0.14228332	-0.10131949	0.19843274	0.17186047	0.21919952	-0.072362654	0.3034424	-0.45916545	0.11332528	0.09382382	0.17768246	-0.11081678	-0.15173213	-0.20809309	0.14799671	-0.23038608	0.20701578	0.18335009
-0.34222445	-0.29942572	0.27141422	0.29602268	0.28711525	0.27238762	-0.324505	1.0000002	0.1947862	0.263949	0.26401523	-0.2825523	-0.23964152	0.23357035	-0.26583093	-0.3071314	-0.32986274	-0.10011598	-0.35139093	0.27685696	-0.20378521	-0.3136933	-0.3541222	0.23149458	0.25895256	0.2605472	0.036819134	0.2743069	-0.3507881	-0.3571231
-0.18979977	-0.09191763	0.20089643	0.15910786	0.23934984	0.15891656	-0.18693449	0.1947862	1.0000002	0.17298937	0.2665805	-0.16947766	-0.2896299	0.05179846	-0.37253138	-0.089140244	-0.20199805	-0.44714043	-0.16532192	0.10809386	-0.31536812	-0.2895752	-0.05226449	0.123770855	0.16771415	0.11331191	0.18814752	0.21918076	-0.19951363	-0.30398765
-0.34306172	-0.14742582	0.15139757	0.24220136	0.25650984	0.16496782	-0.44443226	0.263949	0.17298937	1.0000004	0.22220866	-0.11425996	-0.23445305	0.11441637	-0.21630284	-0.10932585	-0.39727068	-0.043001853	-0.4826811	0.28768352	-0.1317114	-0.09356265	-0.15129791	0.16441734	0.17773513	0.16160375	-0.08009998	0.20484377	-0.34160018	-0.25439703
-0.361036	-0.19716503	0.2449972	0.23333149	0.25285947	0.23329176	-0.3020333	0.26401523	0.2665805	0.22220866	1.0000004	-0.32854858	-0.36189216	0.19312035	-0.43488574	-0.25089964	-0.2850505	-0.24529785	-0.17136343	0.19117215	-0.30899596	-0.17750837	-0.19333561	0.19700517	0.24472584	0.21158291	0.12124164	0.27081853	-0.21272211	-0.31617892
0.24036087	0.22860686	-0.32966837	-0.34933388	-0.19925366	-0.29794365	0.06686861	-0.2825523	-0.16947766	-0.11425996	-0.32854858	1.0000002	0.273754	-0.14982522	0.14676934	0.14965826	0.24650875	0.15538152	0.07306196	-0.08482416	0.28515473	0.26951432	0.22288199	-0.48330396	-0.3688401	-0.21149549	-0.30948278	-0.18960324	0.2534378	0.25648656
0.24885611	0.21791698	-0.3348158	-0.23229651	-0.38514	-0.27189767	0.14228332	-0.23964152	-0.2896299	-0.23445305	-0.36189216	0.273754	1.0000002	-0.2555139	0.20694904	0.19101752	0.25463015	0.1738502	0.15748414	-0.09998243	0.2887042	0.26911533	0.2248531	-0.36757308	-0.38412014	-0.14060083	-0.21411619	-0.3676539	0.25218529	0.27775547
-0.31700277	-0.47947845	0.2363139	0.21656272	0.15434153	0.2666987	-0.10131949	0.23357035	0.05179846	0.11441637	0.19312035	-0.14982522	-0.2555139	1.0000004	-0.3520051	-0.30736497	-0.15942165	0.07065259	-0.105696775	0.19349812	-0.20989959	-0.21584491	-0.44968614	0.1703226	0.21739969	0.2549865	-0.02906172	0.20964478	-0.1721172	-0.2790535
0.2165651	0.20048647	-0.22827967	-0.15657912	-0.19863196	-0.25550526	0.19843274	-0.26583093	-0.37253138	-0.21630284	-0.43488574	0.14676934	0.20694904	-0.3520051	1.0000002	0.25243804	0.20761348	0.07621321	0.18756813	-0.22215171	0.21870372	0.20710546	0.18678778	-0.05844959	-0.15207614	-0.3982203	-0.04891394	-0.37481055	0.15993409	0.26964316
0.1852198	0.22598937	-0.3843951	-0.16344349	-0.21476655	-0.2502723	0.17186047	-0.3071314	-0.089140244	-0.10932585	-0.25089964	0.14965826	0.19101752	-0.30736497	0.25243804	1.0000002	0.20396776	-0.05111468	0.15156417	-0.22482792	0.22301903	0.24569122	0.24643855	-0.086928695	-0.19176617	-0.479654	-0.06491997	-0.47685987	0.14525889	0.26073292
0.29212198	0.2452973	-0.33638638	-0.4017563	-0.26380524	-0.3788651	0.21919952	-0.32986274	-0.20199805	-0.39727068	-0.2850505	0.24650875	0.25463015	-0.15942165	0.20761348	0.20396776	1.0000002	0.102648616	0.23337087	-0.31031707	0.26692757	0.24441713	0.25173062	-0.22520071	-0.41706383	-0.24552849	-0.1091748	-0.2872454	0.28374425	0.29681626
0.033225484	0.008155337	-0.13770032	-0.08205762	-0.1776595	-0.06048883	-0.072362654	-0.10011598	-0.44714043	-0.043001853	-0.24529785	0.15538152	0.1738502	0.07065259	0.07621321	-0.05111468	0.102648616	1.0000004	0.009418533	0.078056246	0.14951263	0.11719333	-0.05216289	-0.053494688	-0.08015325	0.058896575	-0.48828954	-0.14652179	0.07635692	0.12804253
0.22484536	0.13062629	-0.15330234	-0.2953652	-0.38840535	-0.11493478	0.3034424	-0.35139093	-0.16532192	-0.4826811	-0.17136343	0.07306196	0.15748414	-0.105696775	0.18756813	0.15156417	0.23337087	0.009418533	1.0000002	-0.4409926	0.1315246	0.13530746	0.17368716	-0.13565445	-0.118898	-0.20365752	0.10041533	-0.3149353	0.23437177	0.19595116
-0.34571233	-0.22647023	0.1737139	0.24689753	0.22846997	0.18968326	-0.45916545	0.27685696	0.10809386	0.28768352	0.19117215	-0.08482416	-0.09998243	0.19349812	-0.22215171	-0.22482792	-0.31031707	0.078056246	-0.4409926	1.0000002	-0.20069607	-0.14029677	-0.2842767	0.1407457	0.18533958	0.23387887	-0.14147551	0.19952148	-0.2722149	-0.28017908
0.24450013	0.22869805	-0.34221452	-0.31785548	-0.33845228	-0.29810843	0.11332528	-0.20378521	-0.31536812	-0.1317114	-0.30899596	0.28515473	0.2887042	-0.20989959	0.21870372	0.22301903	0.26692757	0.14951263	0.1315246	-0.20069607	1.0000001	0.30439177	0.2448545	-0.3013481	-0.40005955	-0.31046322	-0.30320928	-0.27278873	0.2560548	0.29961786
0.22077928	0.24876325	-0.4352344	-0.24316138	-0.3365162	-0.3829623	0.09382382	-0.3136933	-0.2895752	-0.09356265	-0.17750837	0.26951432	0.26911533	-0.21584491	0.20710546	0.24569122	0.24441713	0.11719333	0.13530746	-0.14029677	0.30439177	1.0	0.24484764	-0.30791676	-0.30982292	-0.3449038	-0.2554281	-0.28823218	0.24594393	0.28780437
0.28115883	0.2888604	-0.27597332	-0.37974367	-0.2723754	-0.31901395	0.17768246	-0.3541222	-0.05226449	-0.15129791	-0.19333561	0.22288199	0.2248531	-0.44968614	0.18678778	0.24643855	0.25173062	-0.05216289	0.17368716	-0.2842767	0.2448545	0.24484764	0.99999994	-0.290699	-0.39660746	-0.33107764	-0.032329235	-0.22599405	0.2538884	0.2633242
-0.36959937	-0.2583862	0.22697942	0.28222904	0.2344525	0.25853008	-0.11081678	0.23149458	0.123770855	0.16441734	0.19700517	-0.48330396	-0.36757308	0.1703226	-0.05844959	-0.086928695	-0.22520071	-0.053494688	-0.13565445	0.1407457	-0.3013481	-0.30791676	-0.290699	0.99999994	0.28145266	0.14241123	0.12835416	0.14860879	-0.45911545	-0.2222537
-0.33504847	-0.24264468	0.28313112	0.28566077	0.24618979	0.2852204	-0.15173213	0.25895256	0.16771415	0.17773513	0.24472584	-0.3688401	-0.38412014	0.21739969	-0.15207614	-0.19176617	-0.41706383	-0.08015325	-0.118898	0.18533958	-0.40005955	-0.30982292	-0.39660746	0.28145266	0.9999999	0.22854142	0.14623027	0.2234383	-0.2843309	-0.39853224
-0.22229947	-0.20355867	0.2557963	0.21102312	0.1980182	0.24190666	-0.20809309	0.2605472	0.11331191	0.16160375	0.21158291	-0.21149549	-0.14060083	0.2549865	-0.3982203	-0.479654	-0.24552849	0.058896575	-0.20365752	0.23387887	-0.31046322	-0.3449038	-0.33107764	0.14241123	0.22854142	0.99999994	0.029277513	0.2645003	-0.2014198	-0.36528307
-0.021491177	-0.079187185	0.1662991	0.085875876	0.076686844	0.12914515	0.14799671	0.036819134	0.18814752	-0.08009998	0.12124164	-0.30948278	-0.21411619	-0.02906172	-0.04891394	-0.06491997	-0.1091748	-0.48828954	0.10041533	-0.14147551	-0.30320928	-0.2554281	-0.032329235	0.12835416	0.14623027	0.029277513	0.9999998	0.10906337	-0.1094083	-0.17893833
-0.17666115	-0.23758812	0.28334206	0.2128278	0.26359862	0.23159714	-0.23038608	0.2743069	0.21918076	0.20484377	0.27081853	-0.18960324	-0.3676539	0.20964478	-0.37481055	-0.47685987	-0.2872454	-0.14652179	-0.3149353	0.19952148	-0.27278873	-0.28823218	-0.22599405	0.14860879	0.2234383	0.2645003	0.10906337	0.9999998	-0.17310227	-0.3528762
0.29827866	0.22897327	-0.20095454	-0.42909518	-0.4022384	-0.3363273	0.20701578	-0.3507881	-0.19951363	-0.34160018	-0.21272211	0.2534378	0.25218529	-0.1721172	0.15993409	0.14525889	0.28374425	0.07635692	0.23437177	-0.2722149	0.2560548	0.24594393	0.2538884	-0.45911545	-0.2843309	-0.2014198	-0.1094083	-0.17310227	0.9999998	0.24954736
0.2714853	0.25157028	-0.37807804	-0.2591605	-0.2506922	-0.29535314	0.18335009	-0.3571231	-0.30398765	-0.25439703	-0.31617892	0.25648656	0.27775547	-0.2790535	0.26964316	0.26073292	0.29681626	0.12804253	0.19595116	-0.28017908	0.29961786	0.28780437	0.2633242	-0.2222537	-0.39853224	-0.36528307	-0.17893833	-0.3528762	0.24954736	0.9999998
