1.0000001	-0.37376288	0.13802595	-0.12485725	0.15736008	-0.22585621	-0.38554248	-0.27745482	0.26254484	0.22741114	-0.10244135	0.2436963	-0.2801752	0.100247845	0.1140196	0.28994933	-0.34541512	-0.3605619	0.15250771	-0.3427761	-0.07575599	-0.2257392	0.2426727	-0.2749174	0.29794303	0.13134572	-0.28214136	0.282287	0.03159054	0.0058174958
-0.37376288	0.99999994	-0.34300676	0.2710925	-0.283829	0.29612634	0.2640592	0.29880595	-0.23813146	-0.34396607	0.041926175	-0.17623466	0.18285897	-0.2776994	-0.2815822	-0.30666187	0.31446245	0.12698811	-0.29027605	0.17296389	0.21218874	0.10832763	-0.18957283	0.2990275	-0.29527423	-0.33575594	0.30566546	-0.33996686	0.08075464	0.10049647
0.13802595	-0.34300676	0.9999997	-0.4354967	0.12260797	-0.36454192	-0.26138845	-0.41398	-0.020053726	0.18704705	0.14512463	-0.03871525	0.018209267	0.3045134	0.2837201	0.18182217	-0.25745788	-0.08346321	0.25243998	0.010217165	-0.31786555	0.08824993	0.151873	-0.19416662	0.13118221	0.30662116	-0.22812626	0.20229903	-0.26449126	-0.30118355
-0.12485725	0.2710925	-0.4354967	0.99999946	-0.23640284	0.2603759	0.17354746	0.27260196	-0.09479588	-0.42982182	-0.054166794	-0.0822797	0.073148705	-0.4077343	-0.17778626	-0.2983938	0.26303384	0.068928726	-0.37154016	0.080420725	0.25885445	0.029480208	-0.11986344	0.23294266	-0.2192759	-0.29447538	0.24457982	-0.2075763	0.14664286	0.1788349
0.15736008	-0.283829	0.12260797	-0.23640284	0.9999994	-0.19603309	-0.080481805	-0.15991835	0.09818712	0.27399042	-0.22640498	0.174373	-0.40479973	0.10420197	0.12898672	0.19506577	-0.35765713	0.08397035	0.23654212	-0.21927321	-0.24401166	-0.08706908	-0.054490324	-0.3722181	0.18668866	0.18541114	-0.2511246	0.22105226	0.014016736	-0.00872123
-0.22585621	0.29612634	-0.36454192	0.2603759	-0.19603309	0.9999994	0.22874072	0.28372318	-0.15410733	-0.29154357	-0.006660646	-0.16854967	0.14584258	-0.19908883	-0.427822	-0.41597587	0.27587909	0.09446488	-0.28479248	0.09664024	0.2153693	0.074441284	-0.103804335	0.2742523	-0.28972888	-0.3731472	0.2915003	-0.30249923	0.12030687	0.14651412
-0.38554248	0.2640592	-0.26138845	0.17354746	-0.080481805	0.22874072	0.99999946	0.27122766	-0.22845149	-0.1732298	-0.00720668	-0.15457548	0.13709463	-0.22004582	-0.24323548	-0.381706	0.22220562	0.25331682	-0.10742207	0.14681812	0.1379241	0.11084736	-0.49708498	0.2097856	-0.2958317	-0.21191409	0.25975856	-0.30538452	0.047937084	0.090262726
-0.27745482	0.29880595	-0.41398	0.27260196	-0.15991835	0.28372318	0.27122766	0.9999993	-0.09141793	-0.24330848	-0.13193765	-0.053693663	0.08324976	-0.3639026	-0.33175173	-0.27027282	0.2799267	0.12929441	-0.2940123	0.07065074	0.26755902	-0.012029919	-0.2514476	0.23231493	-0.25956452	-0.36782542	0.26881307	-0.34106603	0.18869287	0.2167516
0.26254484	-0.23813146	-0.020053726	-0.09479588	0.09818712	-0.15410733	-0.22845149	-0.09141793	0.99999934	0.19553904	-0.20683992	0.2856059	-0.22119066	-0.040513426	-0.06366699	0.25807732	-0.17174837	-0.23349078	0.05783858	-0.36603764	0.085745186	-0.47831315	0.1460804	-0.2784602	0.27487487	-0.05241365	-0.2787939	0.20159948	0.19168818	0.16066982
0.22741114	-0.34396607	0.18704705	-0.42982182	0.27399042	-0.29154357	-0.1732298	-0.24330848	0.19553904	0.9999992	-0.19026658	0.21943119	-0.27577144	0.13797331	0.14335446	0.27759838	-0.289282	-0.07514438	0.26157415	-0.26458937	-0.20781411	-0.23995608	0.10386323	-0.37865612	0.28076813	0.19552658	-0.3223423	0.26311833	-0.02083076	-0.02065296
-0.10244135	0.041926175	0.14512463	-0.054166794	-0.22640498	-0.006660646	-0.00720668	-0.13193765	-0.20683992	-0.19026658	0.9999991	-0.2704141	0.23772915	0.18290322	0.14246622	-0.095638014	0.05456618	-0.042254906	-0.012824996	0.25426212	-0.21213064	0.25245124	0.06175587	0.13510257	-0.17315504	0.12062246	0.06081975	-0.071115956	-0.45679024	-0.42945623
0.2436963	-0.17623466	-0.03871525	-0.0822797	0.174373	-0.16854967	-0.15457548	-0.053693663	0.2856059	0.21943119	-0.2704141	0.9999993	-0.49584496	-0.06335209	-0.009187899	0.24380216	-0.17606524	-0.21528819	0.062455248	-0.28259408	0.05490582	-0.39170596	0.12562932	-0.33210126	0.25756803	-0.008305666	-0.30680415	0.225226	0.18187918	0.15116377
-0.2801752	0.18285897	0.018209267	0.073148705	-0.40479973	0.14584258	0.13709463	0.08324976	-0.22119066	-0.27577144	0.23772915	-0.49584496	0.99999934	-0.0019252724	-0.027963886	-0.2743541	0.19266611	0.06054091	-0.04421832	0.22980359	-0.019185543	0.2368828	-0.04403919	0.2569885	-0.228029	-0.07562611	0.21939044	-0.32738957	-0.1821812	-0.17169212
0.100247845	-0.2776994	0.3045134	-0.4077343	0.10420197	-0.19908883	-0.22004582	-0.3639026	-0.040513426	0.13797331	0.18290322	-0.06335209	-0.0019252724	0.9999994	0.27415437	0.14466876	-0.28844884	-0.019431751	0.23648374	0.07008926	-0.3958719	0.109869406	0.09731996	-0.16330776	0.08442421	0.29488748	-0.25032607	0.19328673	-0.2633656	-0.37998593
0.1140196	-0.2815822	0.2837201	-0.17778626	0.12898672	-0.427822	-0.24323548	-0.33175173	-0.06366699	0.14335446	0.14246622	-0.009187899	-0.027963886	0.27415437	0.99999946	0.15812416	-0.22976585	-0.004021534	0.22384432	0.06433356	-0.31862953	0.08538876	0.07348941	-0.23211557	0.11746107	0.30085605	-0.30901557	0.21611863	-0.34647286	-0.32327557
0.28994933	-0.30666187	0.18182217	-0.2983938	0.19506577	-0.41597587	-0.381706	-0.27027282	0.25807732	0.27759838	-0.095638014	0.24380216	-0.2743541	0.14466876	0.15812416	0.99999946	-0.29917675	-0.21188785	0.18504913	-0.26370612	-0.1035873	-0.28883168	0.18629465	-0.31092572	0.3039842	0.16786048	-0.36774984	0.29552945	0.0154415555	-0.01437162
-0.34541512	0.31446245	-0.25745788	0.26303384	-0.35765713	0.27587909	0.22220562	0.2799267	-0.17174837	-0.289282	0.05456618	-0.17606524	0.19266611	-0.28844884	-0.22976585	-0.29917675	0.99999946	0.09691588	-0.41513354	0.16090947	0.22876155	0.07818878	-0.13565361	0.29618317	-0.23444088	-0.35217097	0.29113746	-0.38790372	0.08091902	0.104589544
-0.3605619	0.12698811	-0.08346321	0.068928726	0.08397035	0.09446488	0.25331682	0.12929441	-0.23349078	-0.07514438	-0.042254906	-0.21528819	0.06054091	-0.019431751	-0.004021534	-0.21188785	0.09691588	0.9999996	0.010200017	0.14020526	-0.04757477	0.12942807	-0.620297	0.086660564	-0.26189324	-0.03015164	0.14842768	-0.21593401	-0.028667659	0.020738719
0.15250771	-0.29027605	0.25243998	-0.37154016	0.23654212	-0.28479248	-0.10742207	-0.2940123	0.05783858	0.26157415	-0.012824996	0.062455248	-0.04421832	0.23648374	0.22384432	0.18504913	-0.41513354	0.010200017	0.9999996	-0.17817973	-0.41769317	-0.014168641	0.05250525	-0.29738426	0.20023601	0.27515385	-0.26642025	0.20778684	-0.19849092	-0.2220454
-0.3427761	0.17296389	0.010217165	0.080420725	-0.21927321	0.09664024	0.14681812	0.07065074	-0.36603764	-0.26458937	0.25426212	-0.28259408	0.22980359	0.07008926	0.06433356	-0.26370612	0.16090947	0.14020526	-0.17817973	0.9999996	-0.05348571	0.28495488	-0.12681088	0.22167902	-0.42209825	0.010643488	0.18094863	-0.13743195	-0.28419158	-0.25434735
-0.07575599	0.21218874	-0.31786555	0.25885445	-0.24401166	0.2153693	0.1379241	0.26755902	0.085745186	-0.20781411	-0.21213064	0.05490582	-0.019185543	-0.3958719	-0.31862953	-0.1035873	0.22876155	-0.04757477	-0.41769317	-0.05348571	0.99999976	-0.13471077	-0.076980196	0.15499827	-0.12437762	-0.4098316	0.1711299	-0.1660455	0.26197615	0.27616075
-0.2257392	0.10832763	0.08824993	0.029480208	-0.08706908	0.074441284	0.11084736	-0.012029919	-0.47831315	-0.23995608	0.25245124	-0.39170596	0.2368828	0.109869406	0.08538876	-0.28883168	0.07818878	0.12942807	-0.014168641	0.28495488	-0.13471077	0.9999997	-0.08765643	0.19110802	-0.30689478	0.10081926	0.16476415	-0.19786763	-0.30574653	-0.27449036
0.2426727	-0.18957283	0.151873	-0.11986344	-0.054490324	-0.103804335	-0.49708498	-0.2514476	0.1460804	0.10386323	0.06175587	0.12562932	-0.04403919	0.09731996	0.07348941	0.18629465	-0.13565361	-0.620297	0.05250525	-0.12681088	-0.076980196	-0.08765643	0.9999997	-0.11500545	0.20382003	0.11035494	-0.1881138	0.18970339	-0.032920286	-0.10160174
-0.2749174	0.2990275	-0.19416662	0.23294266	-0.3722181	0.2742523	0.2097856	0.23231493	-0.2784602	-0.37865612	0.13510257	-0.33210126	0.2569885	-0.16330776	-0.23211557	-0.31092572	0.29618317	0.086660564	-0.29738426	0.22167902	0.15499827	0.19110802	-0.11500545	0.99999964	-0.34738874	-0.22057597	0.31396472	-0.3869677	-0.03307041	0.03227821
0.29794303	-0.29527423	0.13118221	-0.2192759	0.18668866	-0.28972888	-0.2958317	-0.25956452	0.27487487	0.28076813	-0.17315504	0.25756803	-0.228029	0.08442421	0.11746107	0.3039842	-0.23444088	-0.26189324	0.20023601	-0.42209825	-0.12437762	-0.30689478	0.20382003	-0.34738874	0.9999995	0.12806155	-0.36229882	0.27018484	0.060425587	0.022648422
0.13134572	-0.33575594	0.30662116	-0.29447538	0.18541114	-0.3731472	-0.21191409	-0.36782542	-0.05241365	0.19552658	0.12062246	-0.008305666	-0.07562611	0.29488748	0.30085605	0.16786048	-0.35217097	-0.03015164	0.27515385	0.010643488	-0.4098316	0.10081926	0.11035494	-0.22057597	0.12806155	0.9999998	-0.2046603	0.21928026	-0.29983044	-0.31073436
-0.28214136	0.30566546	-0.22812626	0.24457982	-0.2511246	0.2915003	0.25975856	0.26881307	-0.2787939	-0.3223423	0.06081975	-0.30680415	0.21939044	-0.25032607	-0.30901557	-0.36774984	0.29113746	0.14842768	-0.26642025	0.18094863	0.1711299	0.16476415	-0.1881138	0.31396472	-0.36229882	-0.2046603	0.99999994	-0.43258426	0.049137574	0.08049119
0.282287	-0.33996686	0.20229903	-0.2075763	0.22105226	-0.30249923	-0.30538452	-0.34106603	0.20159948	0.26311833	-0.071115956	0.225226	-0.32738957	0.19328673	0.21611863	0.29552945	-0.38790372	-0.21593401	0.20778684	-0.13743195	-0.1660455	-0.19786763	0.18970339	-0.3869677	0.27018484	0.21928026	-0.43258426	0.9999998	-0.073611066	-0.0941083
0.03159054	0.08075464	-0.26449126	0.14664286	0.014016736	0.12030687	0.047937084	0.18869287	0.19168818	-0.02083076	-0.45679024	0.18187918	-0.1821812	-0.2633656	-0.34647286	0.0154415555	0.08091902	-0.028667659	-0.19849092	-0.28419158	0.26197615	-0.30574653	-0.032920286	-0.03307041	0.060425587	-0.29983044	0.049137574	-0.073611066	0.9999997	0.31927177
0.0058174958	0.10049647	-0.30118355	0.1788349	-0.00872123	0.14651412	0.090262726	0.2167516	0.16066982	-0.02065296	-0.42945623	0.15116377	-0.17169212	-0.37998593	-0.32327557	-0.01437162	0.104589544	0.020738719	-0.2220454	-0.25434735	0.27616075	-0.27449036	-0.10160174	0.03227821	0.022648422	-0.31073436	0.08049119	-0.0941083	0.31927177	0.9999997
