0.29282551027129333
0.9749752842203439
0.27792303206147406
0.652736117484725
1.1764149303079152
0.9221466647629442
0.5136945915838096
0.23740314648847227
1.5507917770959083
0.5271601000337487
1.0570943459576692
1.01201604243848
1.0922428976548846
0.21277995447664688
0.261774294368317
0.7079037591760091
0.5980356828859021
0.595800842314165
0.9435359552404081
0.12454221498116191
0.5290957495220998
1.962421714041052
0.1998826218792713
1.7821361700724454
0.8938494810069177
0.7890596180145761
0.6985549879596831
0.6937473466962714
0.252554003051217
0.5717970689908207
1.8679606062037801
1.039071186026047
0.3574437493946887
1.1548141877469538
1.9049425337521553
0.33931044057206194
0.3396211864972627
1.9999778649058995
0.9416105389133214
1.4295639553224935
0.7702320020205662
0.004861146178451792
1.4957879167112431
0.48883050771066205
1.360335807583449
1.770744814444074
1.2682634497527205
0.898852498843842
1.9637181059486677
0.9693712690695242
0.09421478463566668
0.5530377903752215
0.7478325970692647
0.7975937731871994
1.25505304876963
0.36925956074291677
1.9900110606259387
1.2712238831919145
0.38169065436657057
0.6127841827039813
1.6905736170921952
0.06529700788555304
0.5386527090142923
0.5564425549774283
1.5115701796459622
0.7638859650005878
0.5204094591204038
1.1660102678308002
0.5524739093288211
0.05970888018265752
1.8775628905648265
0.33695211680787485
0.5781811902254537
0.8503278129367342
0.2587355857148086
0.13485928847128337
1.446631779480211
1.4751922270575633
0.919436998046643
1.0202636179314275
1.2254817934369646
0.06664931009157149
1.7054707809672904
1.3674866704360644
0.5303235758933902
1.9695121427451008
0.6447768844241135
0.6548241265269727
1.1908022872804713
1.0200020292648215
0.4620106669753954
1.9223655945434326
1.2556950246928305
1.5121672557939543
0.9319912023150931
0.60052469450999
0.5668621406195771
0.12058333061589765
1.7492087676788204
0.9028636372229817
1.6395890059126785
1.7503900500147367
1.8164512257064793
1.8785076893964778
1.2171616267930023
0.7363082243431986
1.6805174231137647
1.565039166136147
1.282024848591289
0.5567049200262026
0.3574063157200944
0.5340720070154654
0.6828714502527096
0.8336079644561136
1.4843404619409704
1.4421590260448645
1.787965841339917
1.6125955546597315
0.7710600522952396
0.29960206947335233
1.023116890233798
0.5106504846867825
0.2580248979171458
0.8280413289212254
0.9043671963635656
1.4082275175697192
0.6915214552555962
0.386083386822645
1.1925576128468791
0.11476568629675787
1.357557804329995
0.593387305506762
0.8926365680574293
1.8859380225075577
0.7914436313760391
0.34153437761198413
0.6428211598497673
1.4046305531197547
0.08852540562077782
0.44161271641081146
1.2118712866346595
1.364418772750567
1.2499186200843528
0.5084872593851242
1.2838308576350308
0.45496475671949077
1.06505307262928
1.0445132895108507
0.6825040744653308
0.44030579698491557
0.19315180085272865
0.7443376759096272
1.3520717585796904
1.2840733469383676
1.345389046272477
1.8880020591245084
0.7358898511234298
1.3540123857344397
1.3006379724649235
0.8022708456939946
0.35391148960166485
0.11977437511610423
0.2842851128534365
1.7221679353168335
0.5575481822775976
1.5686452972463492
0.4570883340238652
0.2470434496738534
0.07924392011705894
1.169216575783164
0.9452434081310923
1.6702632417291914
0.707673284740987
0.06443366172800835
0.09169160539969967
0.1227533129909546
0.10495481594952039
1.2940030638662627
1.936761173311124
0.9100622838372647
0.7882457716310609
1.9331438591032313
0.5893151741915332
0.2675727513615449
1.0504754210389826
0.38788094844200094
1.9054522654814827
0.6115029648724013
0.9630672966828173
0.4749214560725772
1.1337913819658803
1.9260754692110225
1.6659273992114498
1.5859790816169963
1.4799912399622102
1.4591076070707598
0.8876036535040241
0.8037230105794047
1.6917197384646607
0.588305585620803
1.2248548725904982
1.4688832448958788
1.7210547682154655
0.22807279496834632
1.9399520012244442
0.83245943704195
1.0630771846992866
0.9755311530856083
1.3393713895993233
0.2669419445747012
0.3471140852235579
0.46260855290213954
0.7366623406364616
1.423489633850624
0.9423443207496764
0.9855790240116333
1.4940878931934065
0.8948268896665921
1.1026992537703164
0.022844677609381137
0.7268436162812537
0.2892466384401544
0.4660478471267606
0.6141641106840512
1.8882502431323291
0.649803994019186
1.820133999331069
1.8553908066021148
0.4819199873555746
1.0018650756263865
0.4385963333024019
0.33531607052101764
0.04615315360166328
1.4228009032538707
0.35576463321729035
0.32324983655274164
1.1989483156515506
0.20216048159848388
1.1165814198463484
0.28904963235496584
1.4376131394771292
0.21639023773417687
1.6788634028722789
1.2195050895534743
0.6428586805210583
1.9892927415211241
0.4423986414713734
0.5058845533237093
1.4574313020209475
1.2250108727054116
1.4641209620968514
0.9654012407046981
1.513959977597451
0.9753835766894536
1.8120724641566157
0.6092389678923074
1.760977979529849
1.8898699810107933
0.4649694987595756
0.2906049056975579
0.8093654094335507
0.8072002890032264
0.014949720749035667
0.5773894489457461
1.6353254081714916
1.219877002682839
0.9281756807372439
1.2991620721142723
0.056785810335916675
1.7577905591406957
0.8843192249091782
0.8366876620671271
0.9663925283441084
0.677763690641636
0.3743478352656635
1.7624660028773766
1.2922717253767306
0.8710825741520898
1.1269048876462828
1.1272392991197273
0.189944004120423
1.0795187914603088
0.3289075969321682
0.5535685437936195
0.12655523485667297
0.7511286569789088
1.682395314999251
0.7970000803210424
1.6475359287159181
1.8454053947332156
1.9574187260413316
1.2045201943754291
0.5338658187813439
0.11703131487869922
1.583848014356889
1.7301327400175535
1.5785325189046628
1.3405750783316186
0.19111546423536607
0.8370891439055133
1.2952917152653296
0.5571326798072334
0.4369100985532788
0.8081112554935013
0.5822964385411546
1.9608669403181098
1.428516252879193
0.7711601682737841
1.1494859192130558
1.9084843470629629
0.5529281348090691
1.4277189973431563
1.0511555051463386
1.9523571893158813
1.5257584481391033
1.7441816108662134
1.7792786473580828
0.25449913294440263
0.24068969522094896
1.9944178635461247
0.6926553969282334
0.7284103930560852
1.748311209459595
0.168840992350896
1.196220047442597
1.8732040226875
1.7054963468010362
1.201746254530713
0.5804339346013092
1.5555574787735098
1.0385371542118798
1.1039131535449567
0.2827589161733086
1.090285338106554
0.6736398287562
0.22342066576595254
1.9675533834274095
0.019267529046063547
0.9468544985916021
1.2285359896267165
1.6799105542914348
1.1848560237904884
0.6219572208539506
1.8223048160604702
0.07374109515272509
0.02606872675486782
0.08174098702953403
1.0580134907628267
1.831015792608024
0.0668038308641763
1.6261790140771237
1.9880452566597204
1.6799736112038275
1.4240959550015229
0.8999395852043874
0.24095664739001643
0.10070959373426747
1.1370619677552025
1.9364358367832344
0.1467174591383087
0.5815372048831731
1.6941695540983888
0.24697753275104306
1.053013363731497
1.667251632046993
1.3569966675065546
0.8636612737994549
0.4522315145538096
0.454035194795545
0.4857345633625443
1.0779984935080038
1.4486549784683327
1.7293981368464524
1.1371770210645205
0.43318782642585374
0.35301224275323273
1.8856211304078097
1.5619836579653898
1.3079118729061034
1.6461552245120736
0.7779814167026164
0.8082375825454717
0.6805345142853325
1.6734968893024837
1.6593709659426317
1.791677751251714
1.7412515806863618
1.163942443916283
1.094346478347554
0.9045276971025302
0.6276521245874522
1.1044408448469856
1.8417429987713683
1.9634525097190834
0.3216599706163208
1.7508095904500398
0.7508482050260319
0.8401875272928683
0.38931502148688435
1.5894982569628047
1.4638590256647348
1.092899374647809
1.9137022612126988
0.8656455830841385
1.2887358184780475
1.703260642218598
1.6605010048676747
1.3249964159248078
1.3710710086964009
0.18411995230246858
0.5713262782533395
0.39943427334324766
1.8268240759932926
0.9908921600186147
1.3259307380867678
0.7349155952086928
0.0654640993429827
1.2279258789285856
1.3689220124500967
0.8849706405750515
0.9643168516223797
0.882457558901869
1.4320117919636692
0.15798749875056295
1.066673742903965
0.3041368889723457
1.9243035634950836
0.8533294916291754
0.636858669662246
0.13366083753357239
1.9983344369211933
0.08689774020170571
0.5052661144966324
1.291458637609861
0.17382990070047688
