1.0	-0.5685922	0.10102824	-0.40647775	0.18243286	-0.15491462	0.09963535	0.2169756	-0.14966252	0.15595652	0.12912804	-0.353758	0.13430841	-0.17910653	-0.08661904	-0.18695901	-0.05117457	0.1193141	0.20872355	-0.06479723	-0.1306375	-0.14680982	0.17772874	0.19367342	-0.13771383	0.18546021	0.0329253	0.09090113	-0.17266835	-0.23827988
-0.5685922	0.99999994	-0.16789117	0.29161155	-0.21835338	0.11040435	-0.12009364	-0.24229166	0.16498223	-0.15994702	-0.16106373	0.2783704	-0.17334318	0.14858401	0.09293188	0.12509042	-0.05319006	-0.17455111	-0.4137459	0.10826933	0.096645735	0.12057762	-0.16573025	-0.14266832	0.18769644	-0.17174694	0.04298551	-0.11791675	0.15619725	0.12680037
0.10102824	-0.16789117	1.0	-0.07346991	0.17801343	0.21987703	-0.22605222	-0.15057032	0.09275967	-0.25272202	0.0956729	-0.107987724	-0.14511734	0.19191681	0.1924223	0.18315323	0.028590525	0.097054906	0.04224036	-0.19148159	0.20768443	-0.48615193	-0.19773811	0.048367754	-0.18544248	-0.20894402	-0.1223539	0.28402707	-0.46536356	0.018514432
-0.40647775	0.29161155	-0.07346991	1.0000001	-0.38486826	0.10912844	-0.102491945	-0.3013342	0.20456499	-0.15028304	-0.28885984	0.31793806	-0.094522856	0.14641261	0.10634333	0.14967023	-0.10808562	-0.28257298	-0.40806687	0.20764689	0.11064585	0.112551235	-0.20425357	-0.15542896	0.23829968	-0.24755438	0.10223266	-0.15400295	0.15287334	0.112380855
0.18243286	-0.21835338	0.17801343	-0.38486826	1.0000001	0.013425613	-0.040459022	0.113939285	-0.12173386	0.01824152	0.27546147	-0.4090053	-0.042940345	-0.071398646	0.004330689	-0.02087928	0.18110037	0.27207258	0.2675549	-0.37145448	0.03547796	-0.23135886	0.08009821	0.030732792	-0.44610253	0.068947695	-0.2640329	0.20603016	-0.3172184	0.011975086
-0.15491462	0.11040435	0.21987703	0.10912844	0.013425613	0.99999994	-0.42987227	-0.37026837	0.21643978	-0.44008464	-0.0716596	0.101606406	-0.25161883	0.29331565	0.28139517	0.28029045	0.0676411	-0.016759038	-0.11377367	-0.041586686	0.29060102	-0.25246963	-0.38374776	-0.07074658	-0.038484897	-0.36575344	-0.1323617	0.19136366	-0.1725854	0.13122527
0.09963535	-0.12009364	-0.22605222	-0.102491945	-0.040459022	-0.42987227	1.0	0.25023338	-0.14702836	0.29849148	0.044714283	-0.036073096	0.2605729	-0.36776644	-0.50732553	-0.32219687	0.0092314435	0.0032327957	0.07498255	0.059663754	-0.3026302	0.23829733	0.19395678	0.009698462	0.05480514	0.21805695	0.014287145	-0.35218373	0.18273363	-0.058393285
0.2169756	-0.24229166	-0.15057032	-0.3013342	0.113939285	-0.37026837	0.25023338	0.99999994	-0.23277973	0.2988019	0.17773658	-0.25541273	0.2601574	-0.4083513	-0.38403687	-0.3715686	-0.02739134	0.14337288	0.16441736	-0.11752015	-0.33422622	0.092313915	0.27887216	0.14981024	-0.052330356	0.2729409	0.02179793	-0.06300414	0.07094822	-0.20120828
-0.14966252	0.16498223	0.09275967	0.20456499	-0.12173386	0.21643978	-0.14702836	-0.23277973	0.99999994	-0.25324312	-0.34421557	0.21418314	-0.31894806	0.22234364	0.16779426	0.26448905	0.046824556	-0.29886073	-0.21819557	0.11420251	0.24129245	-0.018773315	-0.4962274	-0.18833312	0.09843301	-0.3681536	-0.0186669	0.044682194	-0.08448006	0.1663441
0.15595652	-0.15994702	-0.25272202	-0.15028304	0.01824152	-0.44008464	0.29849148	0.2988019	-0.25324312	1.0	0.08506489	-0.16299796	0.2863438	-0.45808148	-0.36582178	-0.41536945	-0.026692893	0.064128384	0.083639815	0.019174488	-0.3617892	0.18886714	0.2716555	0.08263833	0.037677348	0.26974437	0.0738104	-0.21003212	0.15724209	-0.1343906
0.12912804	-0.16106373	0.0956729	-0.28885984	0.27546147	-0.0716596	0.044714283	0.17773658	-0.34421557	0.08506489	1.0	-0.34007344	0.04517001	-0.16977945	-0.07473563	-0.18391158	0.17105232	0.31312957	0.2427493	-0.43343094	-0.06039903	-0.10371412	0.16935706	0.023658372	-0.31223106	0.11708908	-0.32248834	0.11675652	-0.14736895	0.0072151576
-0.353758	0.2783704	-0.107987724	0.31793806	-0.4090053	0.101606406	-0.036073096	-0.25541273	0.21418314	-0.16299796	-0.34007344	1.0	-0.12739474	0.14448595	0.0683283	0.14725228	-0.103977986	-0.3012938	-0.37765127	0.22545336	0.1026216	0.12633143	-0.24792956	-0.085153736	0.25173125	-0.2457147	0.12604277	-0.17574733	0.17067586	0.055177454
0.13430841	-0.17334318	-0.14511734	-0.094522856	-0.042940345	-0.25161883	0.2605729	0.2601574	-0.31894806	0.2863438	0.04517001	-0.12739474	1.0000002	-0.3346076	-0.4020793	-0.40024343	-0.1782748	0.07091751	0.07357313	0.048294127	-0.44304958	0.1442437	0.25896594	0.13419881	0.05776575	0.27697778	0.116065346	-0.26548478	0.17019504	-0.16010198
-0.17910653	0.14858401	0.19191681	0.14641261	-0.071398646	0.29331565	-0.36776644	-0.4083513	0.22234364	-0.45808148	-0.16977945	0.14448595	-0.3346076	1.0000004	0.29123145	0.30285287	-0.024000453	-0.11561798	-0.13562597	0.011300182	0.2654136	-0.27357703	-0.2842008	-0.05705961	-0.009561196	-0.22660545	-0.010530856	0.18346846	-0.18509118	0.10966602
-0.08661904	0.09293188	0.1924223	0.10634333	0.004330689	0.28139517	-0.50732553	-0.38403687	0.16779426	-0.36582178	-0.07473563	0.0683283	-0.4020793	0.29123145	1.0000004	0.2638473	0.041931342	-0.028252995	-0.0990043	-0.003675813	0.26535317	-0.32291207	-0.1968865	-0.15503824	-0.04584467	-0.24462228	-0.023647374	0.19136615	-0.15190208	0.12515825
-0.18695901	0.12509042	0.18315323	0.14967023	-0.02087928	0.28029045	-0.32219687	-0.3715686	0.26448905	-0.41536945	-0.18391158	0.14725228	-0.40024343	0.30285287	0.2638473	1.0000004	0.003119842	-0.20557955	-0.07371732	0.04604874	0.2832954	-0.15200904	-0.39242458	-0.06928654	-0.0024598725	-0.30653125	-0.022911502	0.17088656	-0.20000628	0.106090605
-0.05117457	-0.05319006	0.028590525	-0.10808562	0.18110037	0.0676411	0.0092314435	-0.02739134	0.046824556	-0.026692893	0.17105232	-0.103977986	-0.1782748	-0.024000453	0.041931342	0.003119842	1.0000005	0.19023326	0.17719471	-0.3086016	0.15252756	0.042989265	-0.10115722	-0.33322018	-0.35076496	-0.12819831	-0.4820263	0.05181264	-0.13091326	0.2434424
0.1193141	-0.17455111	0.097054906	-0.28257298	0.27207258	-0.016759038	0.0032327957	0.14337288	-0.29886073	0.064128384	0.31312957	-0.3012938	0.07091751	-0.11561798	-0.028252995	-0.20557955	0.19023326	1.0000006	0.24017657	-0.49629423	-0.05088447	-0.12783045	0.15438667	-0.033675343	-0.3458598	0.11784492	-0.279176	0.0902845	-0.16241094	0.043495007
0.20872355	-0.4137459	0.04224036	-0.40806687	0.2675549	-0.11377367	0.07498255	0.16441736	-0.21819557	0.083639815	0.2427493	-0.37765127	0.07357313	-0.13562597	-0.0990043	-0.07371732	0.17719471	0.24017657	1.0000005	-0.18401541	-0.045182854	-0.027153498	0.14728206	-0.010061639	-0.4187315	0.1560254	-0.2791155	0.075019166	-0.15868287	0.009174047
-0.06479723	0.10826933	-0.19148159	0.20764689	-0.37145448	-0.041586686	0.059663754	-0.11752015	0.11420251	0.019174488	-0.43343094	0.22545336	0.048294127	0.011300182	-0.003675813	0.04604874	-0.3086016	-0.49629423	-0.18401541	1.0000005	-0.07673034	0.1311407	-0.08248026	0.012360509	0.27976558	0.00047284891	0.24480423	-0.262115	0.21308923	-0.08747872
-0.1306375	0.096645735	0.20768443	0.11064585	0.03547796	0.29060102	-0.3026302	-0.33422622	0.24129245	-0.3617892	-0.06039903	0.1026216	-0.44304958	0.2654136	0.26535317	0.2832954	0.15252756	-0.05088447	-0.045182854	-0.07673034	1.0000005	-0.17795768	-0.29667243	-0.1493613	-0.09968715	-0.46122363	-0.21717608	0.18526725	-0.21303368	0.18383996
-0.14680982	0.12057762	-0.48615193	0.112551235	-0.23135886	-0.25246963	0.23829733	0.092313915	-0.018773315	0.18886714	-0.10371412	0.12633143	0.1442437	-0.27357703	-0.32291207	-0.15200904	0.042989265	-0.12783045	-0.027153498	0.1311407	-0.17795768	1.0000005	0.06918464	-0.11749828	0.14038359	0.0754827	0.0404363	-0.38287997	0.27734858	0.020977749
0.17772874	-0.16573025	-0.19773811	-0.20425357	0.08009821	-0.38374776	0.19395678	0.27887216	-0.4962274	0.2716555	0.16935706	-0.24792956	0.25896594	-0.2842008	-0.1968865	-0.39242458	-0.10115722	0.15438667	0.14728206	-0.08248026	-0.29667243	0.06918464	1.0000002	0.16432746	-0.0423072	0.30014375	0.062652275	-0.081002496	0.09398759	-0.24980551
0.19367342	-0.14266832	0.048367754	-0.15542896	0.030732792	-0.07074658	0.009698462	0.14981024	-0.18833312	0.08263833	0.023658372	-0.085153736	0.13419881	-0.05705961	-0.15503824	-0.06928654	-0.33322018	-0.033675343	-0.010061639	0.012360509	-0.1493613	-0.11749828	0.16432746	1.0000002	0.01567724	0.15609786	0.18595934	0.08932214	-0.05254704	-0.6764235
-0.13771383	0.18769644	-0.18544248	0.23829968	-0.44610253	-0.038484897	0.05480514	-0.052330356	0.09843301	0.037677348	-0.31223106	0.25173125	0.05776575	-0.009561196	-0.04584467	-0.0024598725	-0.35076496	-0.3458598	-0.4187315	0.27976558	-0.09968715	0.14038359	-0.0423072	0.01567724	1.0000001	-0.08131604	0.26378027	-0.19972937	0.2314352	-0.08886052
0.18546021	-0.17174694	-0.20894402	-0.24755438	0.068947695	-0.36575344	0.21805695	0.2729409	-0.3681536	0.26974437	0.11708908	-0.2457147	0.27697778	-0.22660545	-0.24462228	-0.30653125	-0.12819831	0.11784492	0.1560254	0.00047284891	-0.46122363	0.0754827	0.30014375	0.15609786	-0.08131604	1.0000002	0.08754714	-0.1533513	0.105424866	-0.19850878
0.0329253	0.04298551	-0.1223539	0.10223266	-0.2640329	-0.1323617	0.014287145	0.02179793	-0.0186669	0.0738104	-0.32248834	0.12604277	0.116065346	-0.010530856	-0.023647374	-0.022911502	-0.4820263	-0.279176	-0.2791155	0.24480423	-0.21717608	0.0404363	0.062652275	0.18595934	0.26378027	0.08754714	1.0000004	-0.060964275	0.14488655	-0.32473648
0.09090113	-0.11791675	0.28402707	-0.15400295	0.20603016	0.19136366	-0.35218373	-0.06300414	0.044682194	-0.21003212	0.11675652	-0.17574733	-0.26548478	0.18346846	0.19136615	0.17088656	0.05181264	0.0902845	0.075019166	-0.262115	0.18526725	-0.38287997	-0.081002496	0.08932214	-0.19972937	-0.1533513	-0.060964275	1.0000004	-0.4761052	-0.016644616
-0.17266835	0.15619725	-0.46536356	0.15287334	-0.3172184	-0.1725854	0.18273363	0.07094822	-0.08448006	0.15724209	-0.14736895	0.17067586	0.17019504	-0.18509118	-0.15190208	-0.20000628	-0.13091326	-0.16241094	-0.15868287	0.21308923	-0.21303368	0.27734858	0.09398759	-0.05254704	0.2314352	0.105424866	0.14488655	-0.4761052	1.0000004	-0.036629993
-0.23827988	0.12680037	0.018514432	0.112380855	0.011975086	0.13122527	-0.058393285	-0.20120828	0.1663441	-0.1343906	0.0072151576	0.055177454	-0.16010198	0.10966602	0.12515825	0.106090605	0.2434424	0.043495007	0.009174047	-0.08747872	0.18383996	0.020977749	-0.24980551	-0.6764235	-0.08886052	-0.19850878	-0.32473648	-0.016644616	-0.036629993	1.0000004
