1.0000001	0.2740491	0.27822042	-0.35537973	-0.26170194	-0.39704856	-0.25261822	-0.12058263	0.20341235	-0.30409	-0.19193108	-0.39618358	0.005687235	0.14370206	0.24723157	-0.14394459	-0.1296028	0.1136612	0.24065897	0.27798903	0.22385733	-0.30015087	-0.13245092	-0.20387375	0.22113112	-0.19057709	-0.31426588	0.08886123	0.20229207	0.17366417
0.2740491	1.0000002	0.3093592	-0.4358544	-0.37492678	-0.34374186	-0.20774412	-0.08523182	0.28860027	-0.33787164	-0.019664945	-0.28398228	0.037763834	0.07272213	0.17776409	-0.23814102	-0.0429702	0.14127192	0.2884275	0.27381894	0.29092765	-0.39941013	-0.2595621	-0.3161277	0.17020705	-0.35816205	-0.1874192	0.080515295	0.2529766	0.23243059
0.27822042	0.3093592	1.0000001	-0.3200911	-0.39297953	-0.36607224	-0.3131559	-0.062076412	0.25270444	-0.25859714	-0.007276708	-0.339129	0.050269768	0.07700473	0.21118057	-0.2690724	-0.0105648525	0.16448843	0.2890333	0.2997861	0.29852548	-0.33438623	-0.23268673	-0.37203634	0.1658521	-0.38486907	-0.29244676	0.035100542	0.2774194	0.2465238
-0.35537973	-0.4358544	-0.3200911	0.99999994	0.30253917	0.261533	0.22058819	0.036906607	-0.39670762	0.27571428	0.05866288	0.23865046	-0.053566735	-0.15278892	-0.28434333	0.20698449	0.055727795	-0.12756847	-0.34062973	-0.3156115	-0.3653971	0.25052425	0.24461327	0.2615178	-0.14360435	0.26766735	0.22791725	-0.10373017	-0.26259857	-0.25165004
-0.26170194	-0.37492678	-0.39297953	0.30253917	0.99999994	0.27084687	0.24957235	-0.029888138	-0.38317803	0.27782145	-0.026363872	0.23340276	-0.15353572	-0.048001517	-0.16955864	0.25645578	-0.03760682	-0.19728555	-0.38687775	-0.23214619	-0.40823048	0.2754968	0.27988553	0.27964076	-0.14756092	0.29712003	0.18599859	0.011623718	-0.36704883	-0.30348608
-0.39704856	-0.34374186	-0.36607224	0.261533	0.27084687	0.99999976	0.2819798	0.020853462	-0.14660925	0.18787824	-0.053550977	0.30970287	-0.07337474	0.006525232	-0.33930066	0.1740156	-0.019585455	-0.32425225	-0.2254265	-0.2980041	-0.33011752	0.25731856	0.19118802	0.24763693	-0.15474682	0.21696816	0.23853792	-0.0036625084	-0.339642	-0.24981782
-0.25261822	-0.20774412	-0.3131559	0.22058819	0.24957235	0.2819798	0.99999976	-0.02330318	-0.18218447	0.11986243	-0.15260747	0.2862598	-0.09532505	0.040615577	-0.15239297	0.14251824	0.03675097	-0.48004603	-0.20900695	-0.25991222	-0.3496012	0.28281513	0.16661167	0.18650489	-0.018409172	0.19511902	0.1520801	-0.0014493415	-0.47628745	-0.18720014
-0.12058263	-0.08523182	-0.062076412	0.036906607	-0.029888138	0.020853462	-0.02330318	0.99999976	0.0025249848	-0.02473521	0.2784753	0.024220517	0.29223487	-0.418053	-0.14252448	-0.25545913	0.2957484	0.09733782	0.004326993	-0.074882925	0.042791672	0.03176588	-0.21101694	-0.04922135	-0.37907615	0.010639404	0.09328014	-0.53376555	0.06378666	0.11495667
0.20341235	0.28860027	0.25270444	-0.39670762	-0.38317803	-0.14660925	-0.18218447	0.0025249848	0.9999999	-0.42770028	-0.06345538	-0.109961696	0.10283723	0.047950942	0.06579864	-0.29681128	0.0077563985	0.070145324	0.29648933	0.20384637	0.27276632	-0.3505777	-0.34066102	-0.26420933	0.13019118	-0.39665946	-0.08641145	0.043084547	0.21454878	0.24249712
-0.30409	-0.33787164	-0.25859714	0.27571428	0.27782145	0.18787824	0.11986243	-0.02473521	-0.42770028	0.99999976	-0.002496883	0.16350462	-0.20552798	-0.0733451	-0.1436312	0.26997483	-0.11872861	0.009588686	-0.40440333	-0.26196375	-0.29382518	0.16579443	0.28663006	0.2807928	-0.14616422	0.28015974	0.15591499	0.025647929	-0.1678039	-0.32837895
-0.19193108	-0.019664945	-0.007276708	0.05866288	-0.026363872	-0.053550977	-0.15260747	0.2784753	-0.06345538	-0.002496883	0.99999964	-0.04925748	0.25798386	-0.45688877	-0.15766063	-0.13673064	0.2620399	0.18754202	-0.04588037	-0.04694911	0.080492415	-0.003022449	-0.12748903	-0.07875729	-0.4110961	-0.04304695	0.10006889	-0.3521746	0.121914804	0.07914468
-0.39618358	-0.28398228	-0.339129	0.23865046	0.23340276	0.30970287	0.2862598	0.024220517	-0.109961696	0.16350462	-0.04925748	0.99999976	-0.054938354	-0.009131019	-0.29037896	0.11578431	0.044491667	-0.3716925	-0.24548697	-0.4240025	-0.22022973	0.24328434	0.1406323	0.22259054	-0.107280046	0.18500654	0.22758155	-0.017588198	-0.30376366	-0.21207373
0.005687235	0.037763834	0.050269768	-0.053566735	-0.15353572	-0.07337474	-0.09532505	0.29223487	0.10283723	-0.20552798	0.25798386	-0.054938354	0.99999976	-0.37125376	-0.18830328	-0.31655404	0.2725216	0.13414237	0.10656467	0.0034983568	0.14164698	-0.06751376	-0.2948271	-0.15365477	-0.2927513	-0.08883014	0.08829074	-0.41183153	0.11110448	0.21727169
0.14370206	0.07272213	0.07700473	-0.15278892	-0.048001517	0.006525232	0.040615577	-0.418053	0.047950942	-0.0733451	-0.45688877	-0.009131019	-0.37125376	0.99999994	0.17041035	0.08881578	-0.40501645	-0.18452056	0.08683394	0.108092315	-0.027649304	-0.01112683	0.048024643	0.0046971748	0.2888834	-0.022260832	-0.20052628	0.29178053	-0.05331953	-0.042151604
0.24723157	0.17776409	0.21118057	-0.28434333	-0.16955864	-0.33930066	-0.15239297	-0.14252448	0.06579864	-0.1436312	-0.15766063	-0.29037896	-0.18830328	0.17041035	0.9999999	-0.022298083	-0.06660881	0.05025688	0.14317265	0.24912605	0.1600638	-0.06283095	-0.113032125	-0.18843861	0.21601053	-0.08152584	-0.58424866	0.11064508	0.12799597	0.057449624
-0.14394459	-0.23814102	-0.2690724	0.20698449	0.25645578	0.1740156	0.14251824	-0.25545913	-0.29681128	0.26997483	-0.13673064	0.11578431	-0.31655404	0.08881578	-0.022298083	0.9999998	-0.27317724	-0.076560795	-0.3138035	-0.17352863	-0.23686332	0.16039793	0.30779096	0.27576262	0.03531055	0.2394183	0.059195444	0.16340816	-0.26598808	-0.47686386
-0.1296028	-0.0429702	-0.0105648525	0.055727795	-0.03760682	-0.019585455	0.03675097	0.2957484	0.0077563985	-0.11872861	0.2620399	0.044491667	0.2725216	-0.40501645	-0.06660881	-0.27317724	0.99999994	0.03460661	0.012393608	-0.11079089	0.05419775	0.03842741	-0.19924758	-0.15034482	-0.2966528	-0.06447224	0.05025909	-0.46005115	0.0630367	0.15749
0.1136612	0.14127192	0.16448843	-0.12756847	-0.19728555	-0.32425225	-0.48004603	0.09733782	0.070145324	0.009588686	0.18754202	-0.3716925	0.13414237	-0.18452056	0.05025688	-0.076560795	0.03460661	0.99999994	0.06404787	0.12330269	0.17325372	-0.38487986	-0.077117726	-0.12150977	-0.13962068	-0.08178605	-0.035073448	-0.12738825	0.2522709	0.11341749
0.24065897	0.2884275	0.2890333	-0.34062973	-0.38687775	-0.2254265	-0.20900695	0.004326993	0.29648933	-0.40440333	-0.04588037	-0.24548697	0.10656467	0.08683394	0.14317265	-0.3138035	0.012393608	0.06404787	0.99999994	0.2632692	0.28806573	-0.20281826	-0.38518617	-0.3521194	0.15156776	-0.44679415	-0.15852563	-0.014410906	0.2200361	0.27651024
0.27798903	0.27381894	0.2997861	-0.3156115	-0.23214619	-0.2980041	-0.25991222	-0.074882925	0.20384637	-0.26196375	-0.04694911	-0.4240025	0.0034983568	0.108092315	0.24912605	-0.17352863	-0.11079089	0.12330269	0.2632692	0.99999994	0.2564895	-0.2062458	-0.21545695	-0.37050954	0.18459202	-0.3552507	-0.40934214	0.10178304	0.22184183	0.18718895
0.22385733	0.29092765	0.29852548	-0.3653971	-0.40823048	-0.33011752	-0.3496012	0.042791672	0.27276632	-0.29382518	0.080492415	-0.22022973	0.14164698	-0.027649304	0.1600638	-0.23686332	0.05419775	0.17325372	0.28806573	0.2564895	0.99999994	-0.30484408	-0.41053832	-0.3447387	0.07844058	-0.36201745	-0.23393385	-0.02654215	0.2909037	0.26213476
-0.30015087	-0.39941013	-0.33438623	0.25052425	0.2754968	0.25731856	0.28281513	0.03176588	-0.3505777	0.16579443	-0.003022449	0.24328434	-0.06751376	-0.01112683	-0.06283095	0.16039793	0.03842741	-0.38487986	-0.20281826	-0.2062458	-0.30484408	0.9999999	0.16533613	0.18881701	-0.111458674	0.2361936	0.10695493	-0.039065048	-0.43259123	-0.19217871
-0.13245092	-0.2595621	-0.23268673	0.24461327	0.27988553	0.19118802	0.16661167	-0.21101694	-0.34066102	0.28663006	-0.12748903	0.1406323	-0.2948271	0.048024643	-0.113032125	0.30779096	-0.19924758	-0.077117726	-0.38518617	-0.21545695	-0.41053832	0.16533613	0.9999999	0.28631234	-0.005785113	0.2634068	0.12558608	0.13137421	-0.25381902	-0.37848547
-0.20387375	-0.3161277	-0.37203634	0.2615178	0.27964076	0.24763693	0.18650489	-0.04922135	-0.26420933	0.2807928	-0.07875729	0.22259054	-0.15365477	0.0046971748	-0.18843861	0.27576262	-0.15034482	-0.12150977	-0.3521194	-0.37050954	-0.3447387	0.18881701	0.28631234	0.9999999	-0.09183458	0.27750695	0.17886975	0.04879229	-0.18251003	-0.4995284
0.22113112	0.17020705	0.1658521	-0.14360435	-0.14756092	-0.15474682	-0.018409172	-0.37907615	0.13019118	-0.14616422	-0.4110961	-0.107280046	-0.2927513	0.2888834	0.21601053	0.03531055	-0.2966528	-0.13962068	0.15156776	0.18459202	0.07844058	-0.111458674	-0.005785113	-0.09183458	0.9999997	-0.20868002	-0.26835346	0.26341087	0.016622402	0.0008818659
-0.19057709	-0.35816205	-0.38486907	0.26766735	0.29712003	0.21696816	0.19511902	0.010639404	-0.39665946	0.28015974	-0.04304695	0.18500654	-0.08883014	-0.022260832	-0.08152584	0.2394183	-0.06447224	-0.08178605	-0.44679415	-0.3552507	-0.36201745	0.2361936	0.2634068	0.27750695	-0.20868002	0.9999996	0.15527481	-0.026573388	-0.27898654	-0.23396245
-0.31426588	-0.1874192	-0.29244676	0.22791725	0.18599859	0.23853792	0.1520801	0.09328014	-0.08641145	0.15591499	0.10006889	0.22758155	0.08829074	-0.20052628	-0.58424866	0.059195444	0.05025909	-0.035073448	-0.15852563	-0.40934214	-0.23393385	0.10695493	0.12558608	0.17886975	-0.26835346	0.15527481	0.9999996	-0.09187843	-0.22160807	-0.061747104
0.08886123	0.080515295	0.035100542	-0.10373017	0.011623718	-0.0036625084	-0.0014493415	-0.53376555	0.043084547	0.025647929	-0.3521746	-0.017588198	-0.41183153	0.29178053	0.11064508	0.16340816	-0.46005115	-0.12738825	-0.014410906	0.10178304	-0.02654215	-0.039065048	0.13137421	0.04879229	0.26341087	-0.026573388	-0.09187843	0.9999994	-0.0363125	-0.14957014
0.20229207	0.2529766	0.2774194	-0.26259857	-0.36704883	-0.339642	-0.47628745	0.06378666	0.21454878	-0.1678039	0.121914804	-0.30376366	0.11110448	-0.05331953	0.12799597	-0.26598808	0.0630367	0.2522709	0.2200361	0.22184183	0.2909037	-0.43259123	-0.25381902	-0.18251003	0.016622402	-0.27898654	-0.22160807	-0.0363125	0.99999946	0.20556259
0.17366417	0.23243059	0.2465238	-0.25165004	-0.30348608	-0.24981782	-0.18720014	0.11495667	0.24249712	-0.32837895	0.07914468	-0.21207373	0.21727169	-0.042151604	0.057449624	-0.47686386	0.15749	0.11341749	0.27651024	0.18718895	0.26213476	-0.19217871	-0.37848547	-0.4995284	0.0008818659	-0.23396245	-0.061747104	-0.14957014	0.20556259	0.99999946
