1.6995647181011573
0.21802826517784601
1.441700840535896
0.6314464810118816
1.3898156789269482
0.12927665288394796
1.3006866786568583
0.09759365808043241
0.281891145252154
1.1099980070784439
1.028826945218346
1.0642396116628012
0.9039219303488064
1.0600203616786084
0.6373772233438411
0.14093829744839104
0.7751834485544085
1.8773714820142409
0.5113492705080105
0.2180121875719918
0.886069747400176
1.8589383668686916
1.262375878740345
1.682751721027603
1.2732894367799674
1.9665716119356358
1.9574734367649351
1.9715701583338319
1.7252109129722306
1.1126805913956215
1.9196447735495517
1.3846647319913339
0.40645862189509585
1.8145576471815663
1.4957600852479525
1.3405850219174473
1.0888808551789309
0.5009415211492547
0.5718698846343748
0.5469563284637304
0.35458495958720615
1.296790798082958
0.5839864491245483
0.6952154061517213
1.4302611386154802
0.6465778189395257
0.8471042307380254
0.17209477699830544
1.1311234252062716
1.5175749082471621
0.9359441287829664
0.11342710576166048
0.47750375429366665
1.1880746067727541
0.18443786282949004
0.9307322421236353
1.9680747927975708
0.35266092907133917
1.8602348319237418
1.0190998933391435
1.7512604474122135
1.2558648288183936
1.6629068928524489
1.9233758426408702
0.44617790039479366
1.0598702461240541
1.4074413858985861
0.10093073160926447
0.7759418332228294
0.8425327928960842
0.42165364057462273
1.4102000797710927
0.7569301852313939
0.9172020754206975
1.9251461658269486
0.24463661168169448
1.7320155306178333
1.7282266034738976
1.6311822822321458
1.4760960177523306
1.1504635986549243
1.1474653509489154
1.9696267988003393
0.19074328723585032
0.2360089493005444
1.1697093004282935
1.530382571095854
0.14289698564386466
0.01544128493102992
0.3648746075758953
1.5867496084141404
0.8176147616889982
0.2625168443217978
1.4335916816468717
1.3950555650860932
0.8821033449312072
1.192501459782511
0.29071965666011845
1.059622437504124
1.5715236500538121
0.5772931106419643
1.1792378721812309
1.1792400296304624
0.15459499453753112
1.7659295521384946
0.8551843870627593
1.7297776283482929
1.957753921469212
1.781816941613177
0.4858813703213556
1.4493704448504574
1.2958680066208805
0.13634796260330417
0.2895237692655699
0.716846864407291
1.2106338687544231
1.462557384673689
1.4645387319248437
1.9930547634448887
1.9408522701062192
1.0382018472894587
0.09993504890090055
1.7916906759920541
0.5348637790312047
1.004851383793926
1.4794078489391962
0.8314303535977587
1.7878506655323854
1.8501784455454873
1.7489733447082083
1.5851680985944459
1.868066218756402
1.3315145931129824
0.3716556040011818
1.6969523752865427
1.2541073088671164
1.4763406047163659
0.7935596892285104
1.7029927074075097
0.6729741031611025
0.7819919914106404
1.479905431558337
0.5072583642916981
1.0858170781217669
0.8858900352110448
1.8576774640490743
0.1843510361319316
0.6493467219242091
1.1027287574678255
0.5867718835560092
1.9394521328115453
0.720697954288485
1.0398832471435777
0.9821026608148475
0.22260802696944815
1.6817118915854334
0.8427952667352332
1.7190584690985131
0.5404883496941928
1.8643877192633505
0.11850997472653702
0.026963941872932162
0.2844095205005652
1.2944245470228655
0.8910419277407411
0.02371308848895559
1.5385336974368622
1.8346689146064876
1.23175344366408
1.1690474816361967
1.4578008215746239
0.9072909719190596
1.4574249588255104
1.9176054790597608
1.7782830878996658
1.5327851419126854
0.7406666531224089
1.1567479303542985
0.8044496585864578
0.3415194503666452
1.5354614934561175
0.9198442034729708
1.9102769374197648
0.1626107544649591
0.7386901995528943
1.9858397552285398
1.6282624517734914
1.0833837710854775
1.1773307998756297
1.824111353403099
1.2328086720643805
0.29013467452170993
0.9932315881016107
0.6809113429697715
1.7975388062292372
1.9055960941013794
1.029313443298862
0.4814363215375381
0.49889358811106055
0.6175645935070018
0.2944536530635091
1.539892736674904
1.911509249583782
1.9884556033371783
1.1956550141973687
1.7001941557612879
0.2163027039354044
1.9884869160781813
0.8658738999832876
0.587667692957244
0.6412362396891893
1.7863723998934122
1.4387358951589753
1.6482560763364684
1.2194811919347286
1.6759162787613384
1.578265121968249
0.5665803843037891
1.8705601031248555
0.17328782596556036
0.23171821154247718
1.8911950734072989
1.8093979673686622
1.1692328247744777
0.13301091543758847
0.2855004875623244
0.8224426500357742
0.22122361387934886
0.02485935892022262
1.8850078846047944
0.2948157693272111
0.6968057168840835
1.3520048480390836
0.9448860069843978
0.6514995762904014
0.024845124988422507
0.41207701140952824
0.8816030383840099
1.3729450159293481
0.2248449568038957
1.4177332340854156
0.9739017827866903
0.5463580314062282
1.8903596041907214
0.8555051543442458
1.8852965844438485
1.0518895419913823
0.5553270655077862
0.8896771150286134
1.540314906831418
0.49421530900262867
0.9027374243436486
0.17669209447521772
1.4786916315573424
1.341401040636755
1.0809687345260548
0.6546092905875025
1.043542993555542
0.24304571892150495
1.0950262999403662
1.609915235554607
0.5525362594307464
1.1765283301946847
1.2107010668318772
1.6441179162600514
1.0658350405673853
0.7865331301036822
1.4600248586493045
0.20055450647298168
1.4626942884019198
1.3280939360812645
1.474757412654161
1.0827560609165712
0.8888832629051706
0.600226397393385
0.058157518145193876
0.6971337753154108
1.4540179769215689
1.2588570857926769
0.23248377521658203
1.8122844755816994
0.10241963688004363
1.2665864749368743
1.7361536542130327
0.9237229364788888
1.5573056024348955
0.6834989215471681
1.7027663183428066
0.9950915364017907
1.2872745537915866
1.8185381342286904
0.5278476381939428
0.12448490232031117
0.2017565520093738
0.5795926116006178
1.2472713179305739
0.620886695676212
0.9013273605425269
1.6981979467882657
0.7827260709609638
1.5979744507381306
0.6886909184655172
1.2331310487803968
0.1291214571371917
0.4919556819828428
1.1594003413384162
0.27864661713432337
1.3972183320947802
0.15384438143598977
0.9969570387698283
0.6508734090838351
1.6664100429102182
0.08465460870501174
0.7314028684608329
0.4852723407996131
1.8308357447129204
0.2519457590767209
1.504730550640319
0.7246040780512002
0.20307371373846794
1.3976720954515263
0.46241386804516416
1.4519574980087104
1.4708924752022687
1.371396551776924
0.6997756152993866
0.3820856422837826
0.14834493211010558
1.1491102962031594
1.662880399962077
0.5219807463736315
1.019570363545673
1.4642225849229356
0.05868876000918255
1.5077968523910523
1.0169002801134854
0.24133513028696063
1.3829324272853067
1.4082693302761022
0.587362971978721
0.28451445973469003
0.42560150854289636
1.0885314711854048
1.1961609654413927
0.5032643661577048
0.236961042976795
1.8394886746182937
1.1633554244614315
1.699838066760995
1.4041443356726628
1.7360917699334288
0.31458442339410375
1.25376145824959
1.3470123140446209
0.9851750525789129
0.9408038721040242
1.8057475524295055
0.5195253510220268
1.222997038155369
0.7822756983841053
0.3975282097420183
0.8833456330512941
0.6928100513761575
1.9814632228789157
1.8627703255291168
1.6252588759206428
0.21123587151351342
0.9780453706799868
0.8878266254782525
0.8629375113205116
0.8459761904260623
1.62069189430796
1.376793023318426
0.9572756611946194
0.581402738210878
1.4468554861587186
1.9703842591976701
0.6684081039043732
1.8522942928193533
0.7488185327091494
0.31956922468869386
0.8016771606636046
1.446873093866099
0.13472069610727022
0.30067979844419135
0.02973169450084212
1.8749562179870072
1.2002614743338011
1.3606216863096119
0.33523112639067065
1.7805109319172532
1.2492451053139695
1.1535072239368913
1.781531106800403
1.068941341298711
1.2031739955156702
0.9717272388533507
0.9756516841922784
0.5463414007034559
1.6733634014984526
0.10990154353279014
0.3717572469400898
1.7718174892336687
1.2828336735673511
0.020132476454343573
0.9683613198093612
1.7339992757871554
0.30460153087912567
0.6275570003514876
0.30536933446452275
0.7302809479744705
1.1758854104974283
1.550663956235899
0.05409668927231337
1.8624645194847678
0.427875237038714
1.649951184295866
1.9931793535232967
1.4704945837428727
0.1591557960663268
1.863641339677909
0.376536573183166
0.6745932518617042
0.44539591634031406
1.812688379326768
0.7564013115987915
1.4829657365517874
1.7063101522939117
1.3579012900446727
1.275021724049083
0.21513866926043534
0.08069072132708688
0.6497103949733816
1.5716247046096365
0.12946642875546455
