1.0000001	-0.40006867	0.0477763	0.2685205	-0.089851916	0.08277518	-0.24445002	0.24214529	0.2448428	-0.1024675	-0.42119792	-0.23677039	0.29662505	0.026807945	-0.0890452	0.12813708	-0.3713261	0.20106085	-0.41757852	0.29524824	-0.03660554	-0.13677196	-0.03272344	-0.08229219	-0.17930353	-0.0063212845	0.17863472	-0.2553437	0.25752917	-0.16795829
-0.40006867	0.99999994	0.028441863	-0.5851216	-0.02948	-0.08650995	0.21721503	-0.37827232	-0.26048192	0.105702475	0.2615885	0.16231267	-0.21910633	0.049720388	0.025272392	-0.13292305	0.16411111	-0.12220092	0.22879086	-0.30799577	0.04987945	0.06895467	0.039965663	0.041810848	0.10772421	-0.0037029092	-0.13302663	0.2252863	-0.16895072	0.051081013
0.0477763	0.028441863	0.99999976	0.06857729	0.23147638	0.2793665	-0.09980679	0.16162749	-0.05850367	-0.47610378	-0.08224637	0.047617473	0.09625793	-0.36641526	-0.40207824	0.23052123	0.054667465	-0.10013118	-0.03230757	0.12901944	-0.26683676	0.04191722	-0.39193058	-0.26639324	0.15442565	-0.33892	-0.08395109	0.053560514	0.14055209	0.19984588
0.2685205	-0.5851216	0.06857729	0.99999994	0.058948416	0.12926404	-0.298373	0.28494778	0.16579923	-0.21887296	-0.3504403	-0.17091124	0.22460076	-0.13075861	-0.098488994	0.1650231	-0.14191213	0.08734908	-0.2579782	0.27191287	-0.12759185	-0.036016855	-0.14445786	-0.09138407	-0.07049955	-0.05964158	0.101018354	-0.27794257	0.22713609	0.007311941
-0.089851916	-0.02948	0.23147638	0.058948416	1.0	0.25086707	0.043979242	0.08328255	-0.25449055	-0.3650834	0.06672351	0.20189247	-0.082259364	-0.46113536	-0.22577417	0.20942038	0.21611358	-0.18129377	0.11716467	-0.030136272	-0.31087616	0.23743902	-0.36540854	-0.3873374	0.2534753	-0.26113552	-0.31585166	0.17020684	-0.024000945	0.24314988
0.08277518	-0.08650995	0.2793665	0.12926404	0.25086707	1.0	-0.019194182	0.1765969	-0.071937695	-0.48217678	-0.03727814	0.11139546	0.025572823	-0.27033424	-0.49293473	0.23585638	0.05178142	-0.09237196	-0.008121692	0.10647781	-0.22090708	0.106941685	-0.39873335	-0.40982273	0.14749043	-0.28490886	-0.14518857	0.009792848	0.112888105	0.19338407
-0.24445002	0.21721503	-0.09980679	-0.298373	0.043979242	-0.019194182	0.9999999	-0.43268484	-0.23130599	0.10113296	0.24675353	0.11044582	-0.34689683	0.017532192	0.0684785	-0.2970615	0.2201471	-0.12576452	0.23427704	-0.30410323	0.024046956	0.15220854	0.060127325	0.07793419	0.100478545	-0.08414999	-0.115972884	0.24877301	-0.44557315	0.1218316
0.24214529	-0.37827232	0.16162749	0.28494778	0.08328255	0.1765969	-0.43268484	0.9999997	0.11468242	-0.27043408	-0.23642658	-0.025360323	0.2353928	-0.17204644	-0.27705556	0.25564387	-0.15701158	0.030760342	-0.2408154	0.26757094	-0.20683871	-0.059532695	-0.21859981	-0.21848994	0.015390946	-0.07960159	0.022632059	-0.21054567	0.27374405	0.01932463
0.2448428	-0.26048192	-0.05850367	0.16579923	-0.25449055	-0.071937695	-0.23130599	0.11468242	0.9999996	0.057363916	-0.3381629	-0.30934048	0.2551844	0.18062422	0.086757585	-0.07448648	-0.33513904	0.3053928	-0.3295683	0.23999791	0.17473155	-0.3913343	0.14365081	0.10306239	-0.3699314	0.16558264	0.2902916	-0.42934796	0.19753575	-0.2714422
-0.1024675	0.105702475	-0.47610378	-0.21887296	-0.3650834	-0.48217678	0.10113296	-0.27043408	0.057363916	0.99999964	0.0689464	-0.041282803	-0.11841739	0.26972228	0.28977382	-0.24240986	-0.045176767	0.07840906	0.022615865	-0.16806188	0.2254944	-0.06494949	0.29079893	0.26069093	-0.1515223	0.22301117	0.089526296	0.009510272	-0.15300713	-0.19272074
-0.42119792	0.2615885	-0.08224637	-0.3504403	0.06672351	-0.03727814	0.24675353	-0.23642658	-0.3381629	0.0689464	0.9999996	0.21370307	-0.43982095	-0.029497731	0.018450996	-0.08846243	0.24388571	-0.289348	0.3059773	-0.47175106	-0.0007349442	0.19791657	0.023958996	0.03617408	0.16173187	-0.0044117686	-0.18088154	0.26496547	-0.26626992	0.12617648
-0.23677039	0.16231267	0.047617473	-0.17091124	0.20189247	0.11139546	0.11044582	-0.025360323	-0.30934048	-0.041282803	0.21370307	0.9999997	-0.19320762	-0.18152878	-0.18671149	0.14019671	0.23556359	-0.37910327	0.23194756	-0.23237891	-0.259711	0.2762554	-0.15395965	-0.29471692	0.25064376	-0.0762315	-0.47159344	0.2552578	-0.19390334	0.16950847
0.29662505	-0.21910633	0.09625793	0.22460076	-0.082259364	0.025572823	-0.34689683	0.2353928	0.2551844	-0.11841739	-0.43982095	-0.19320762	0.9999997	0.004201951	-0.042931985	0.11819642	-0.36970338	0.20760816	-0.44031754	0.30250794	-0.0055282917	-0.25492358	-0.03272899	-0.10510783	-0.13469808	0.0015682351	0.18311982	-0.29268146	0.29588467	-0.16836338
0.026807945	0.049720388	-0.36641526	-0.13075861	-0.46113536	-0.27033424	0.017532192	-0.17204644	0.18062422	0.26972228	-0.029497731	-0.18152878	0.004201951	0.99999976	0.24980451	-0.28577513	-0.23654097	0.21645227	-0.032684397	-0.05642014	0.2989331	-0.26871648	0.31626847	0.26207983	-0.36481488	0.27668372	0.21256171	-0.13978265	-0.06516183	-0.31975207
-0.0890452	0.025272392	-0.40207824	-0.098488994	-0.22577417	-0.49293473	0.0684785	-0.27705556	0.086757585	0.28977382	0.018450996	-0.18671149	-0.042931985	0.24980451	0.99999976	-0.35973746	-0.03522183	0.11052334	0.008881496	-0.15418969	0.25552136	-0.07531509	0.2800697	0.2828946	-0.17468819	0.24270572	0.13022397	-0.027137937	-0.14944665	-0.25857368
0.12813708	-0.13292305	0.23052123	0.1650231	0.20942038	0.23585638	-0.2970615	0.25564387	-0.07448648	-0.24240986	-0.08846243	0.14019671	0.11819642	-0.28577513	-0.35973746	0.9999999	-0.0124307675	-0.13721153	-0.049030427	0.13032888	-0.4162956	0.121130295	-0.25436985	-0.3706299	0.1487057	-0.28308478	-0.18707074	-0.010103277	0.17890307	0.13904624
-0.3713261	0.16411111	0.054667465	-0.14191213	0.21611358	0.05178142	0.2201471	-0.15701158	-0.33513904	-0.045176767	0.24388571	0.23556359	-0.36970338	-0.23654097	-0.03522183	-0.0124307675	0.9999999	-0.3344653	0.25701815	-0.21267876	-0.11028255	0.26444075	-0.1961059	-0.074438766	0.26008648	-0.23424539	-0.35983214	0.29392034	-0.28033942	0.24514326
0.20106085	-0.12220092	-0.10013118	0.08734908	-0.18129377	-0.09237196	-0.12576452	0.030760342	0.3053928	0.07840906	-0.289348	-0.37910327	0.20760816	0.21645227	0.11052334	-0.13721153	-0.3344653	1.0	-0.27353334	0.18371361	0.22690392	-0.3983323	0.18266788	0.15209244	-0.42707455	0.1895105	0.2957659	-0.37243438	0.13030317	-0.36522806
-0.41757852	0.22879086	-0.03230757	-0.2579782	0.11716467	-0.008121692	0.23427704	-0.2408154	-0.3295683	0.022615865	0.3059773	0.23194756	-0.44031754	-0.032684397	0.008881496	-0.049030427	0.25701815	-0.27353334	1.0	-0.380085	-0.022411264	0.20541674	0.008743669	0.013231914	0.14655921	0.019746698	-0.3014094	0.26569584	-0.38868186	0.10847927
0.29524824	-0.30799577	0.12901944	0.27191287	-0.030136272	0.10647781	-0.30410323	0.26757094	0.23999791	-0.16806188	-0.47175106	-0.23237891	0.30250794	-0.05642014	-0.15418969	0.13032888	-0.21267876	0.18371361	-0.380085	1.0000001	-0.056310188	-0.25452033	-0.083371505	-0.103149526	-0.13636152	-0.0332512	0.16772935	-0.30988967	0.2908989	-0.09072781
-0.03660554	0.04987945	-0.26683676	-0.12759185	-0.31087616	-0.22090708	0.024046956	-0.20683871	0.17473155	0.2254944	-0.0007349442	-0.259711	-0.0055282917	0.2989331	0.25552136	-0.4162956	-0.11028255	0.22690392	-0.022411264	-0.056310188	1.0	-0.32403162	0.2893094	0.27575582	-0.36805034	0.25866073	0.22782522	-0.16230291	-0.09754259	-0.31418103
-0.13677196	0.06895467	0.04191722	-0.036016855	0.23743902	0.106941685	0.15220854	-0.059532695	-0.3913343	-0.06494949	0.19791657	0.2762554	-0.25492358	-0.26871648	-0.07531509	0.121130295	0.26444075	-0.3983323	0.20541674	-0.25452033	-0.32403162	1.0000001	-0.238139	-0.18966047	0.28464898	-0.15501317	-0.39748013	0.26903352	-0.20612362	0.22457404
-0.03272344	0.039965663	-0.39193058	-0.14445786	-0.36540854	-0.39873335	0.060127325	-0.21859981	0.14365081	0.29079893	0.023958996	-0.15395965	-0.03272899	0.31626847	0.2800697	-0.25436985	-0.1961059	0.18266788	0.008743669	-0.083371505	0.2893094	-0.238139	1.0	0.27872404	-0.30650797	0.27537897	0.19046474	-0.111075744	-0.14886752	-0.30312344
-0.08229219	0.041810848	-0.26639324	-0.09138407	-0.3873374	-0.40982273	0.07793419	-0.21848994	0.10306239	0.26069093	0.03617408	-0.29471692	-0.10510783	0.26207983	0.2828946	-0.3706299	-0.074438766	0.15209244	0.013231914	-0.103149526	0.27575582	-0.18966047	0.27872404	1.0000001	-0.15558179	0.21024321	0.19970635	-0.08937397	-0.1924697	-0.16352153
-0.17930353	0.10772421	0.15442565	-0.07049955	0.2534753	0.14749043	0.100478545	0.015390946	-0.3699314	-0.1515223	0.16173187	0.25064376	-0.13469808	-0.36481488	-0.17468819	0.1487057	0.26008648	-0.42707455	0.14655921	-0.13636152	-0.36805034	0.28464898	-0.30650797	-0.15558179	1.0000001	-0.31682453	-0.36647454	0.25624683	-0.056157164	0.2909032
-0.0063212845	-0.0037029092	-0.33892	-0.05964158	-0.26113552	-0.28490886	-0.08414999	-0.07960159	0.16558264	0.22301117	-0.0044117686	-0.0762315	0.0015682351	0.27668372	0.24270572	-0.28308478	-0.23424539	0.1895105	0.019746698	-0.0332512	0.25866073	-0.15501317	0.27537897	0.21024321	-0.31682453	1.0000001	0.14315838	-0.21024723	-0.043155793	-0.5313823
0.17863472	-0.13302663	-0.08395109	0.101018354	-0.31585166	-0.14518857	-0.115972884	0.022632059	0.2902916	0.089526296	-0.18088154	-0.47159344	0.18311982	0.21256171	0.13022397	-0.18707074	-0.35983214	0.2957659	-0.3014094	0.16772935	0.22782522	-0.39748013	0.19046474	0.19970635	-0.36647454	0.14315838	0.99999994	-0.32518712	0.12530263	-0.17401813
-0.2553437	0.2252863	0.053560514	-0.27794257	0.17020684	0.009792848	0.24877301	-0.21054567	-0.42934796	0.009510272	0.26496547	0.2552578	-0.29268146	-0.13978265	-0.027137937	-0.010103277	0.29392034	-0.37243438	0.26569584	-0.30988967	-0.16230291	0.26903352	-0.111075744	-0.08937397	0.25624683	-0.21024723	-0.32518712	0.99999994	-0.31554854	0.21671432
0.25752917	-0.16895072	0.14055209	0.22713609	-0.024000945	0.112888105	-0.44557315	0.27374405	0.19753575	-0.15300713	-0.26626992	-0.19390334	0.29588467	-0.06516183	-0.14944665	0.17890307	-0.28033942	0.13030317	-0.38868186	0.2908989	-0.09754259	-0.20612362	-0.14886752	-0.1924697	-0.056157164	-0.043155793	0.12530263	-0.31554854	0.99999994	-0.035459135
-0.16795829	0.051081013	0.19984588	0.007311941	0.24314988	0.19338407	0.1218316	0.01932463	-0.2714422	-0.19272074	0.12617648	0.16950847	-0.16836338	-0.31975207	-0.25857368	0.13904624	0.24514326	-0.36522806	0.10847927	-0.09072781	-0.31418103	0.22457404	-0.30312344	-0.16352153	0.2909032	-0.5313823	-0.17401813	0.21671432	-0.035459135	0.99999994
