0.9616077189312762
1.5331033562570662
1.6831900118044758
1.9683707152049077
1.984012538368691
1.382206375873536
1.2594995768421948
0.30146638292572514
1.3716136753727715
0.13171651825238428
0.7222330950906439
0.9137005061193673
1.8486254351413984
0.9317286441288919
1.0933006202149247
1.6680978433668912
0.9545788611193966
0.6923315888636319
0.2696364053168092
1.0128324944935705
0.9292024693995902
0.9378913977603889
1.7449414829817342
0.5063842453274918
1.6575223866108684
0.45744711476342004
0.7510346301762205
0.8719646572036301
1.878490023439198
0.5765195608911777
0.5074163897033062
1.833968979842876
1.7338769200624475
1.1218363748958162
0.8174010715634197
1.132590300419381
1.9976454399080597
0.5246536990710142
0.9464169965816651
0.15347024629070005
0.2768483738767189
1.57203743321068
1.848789718785778
1.59432740680648
1.6126971311250184
1.9924947763881622
1.7058274739775463
1.3905251673495511
1.1595802057800864
1.9242407421632226
0.879933168173147
0.06271288203533665
1.26308195900746
1.5404883876272704
1.2301469784885986
1.850360890401116
1.2595450874178695
0.06216316420725798
1.4932226226521295
1.5790898560141997
1.2612837687638174
0.04428467052699925
1.1084722899927446
1.938601920403472
1.046344761701027
0.33860449353981115
1.425580421521475
1.0376169450757713
1.1750281527216617
0.9022903548917849
0.3855233146310344
0.9661583769116762
1.4428100139066777
1.1871734694196596
0.1107295454747439
1.3106500222293334
1.1231292754383284
0.7925083823261312
1.7987135560764091
0.731263138008283
0.5160938652609071
1.952745390290467
1.5425691668674464
1.8807414550889965
1.6012149652055703
1.4458297686117512
0.6616630902428735
1.225671234159714
1.9568709956247823
1.7126610305077765
0.03159162924444714
1.10994992886596
0.7597174624188636
0.7688601799672805
1.1269310033068618
1.0458370429488724
1.5103999313203567
1.2981924957095967
0.7066487531516366
1.0563753868530066
1.3531640364775437
0.7473066868398663
1.5191226734093612
1.1023225695225018
0.032356648960140344
1.4196916214822697
1.7893647898784741
0.8649123102937517
0.8029332702263468
0.10909914417271116
0.285984494117445
1.5215592804346405
1.8680322118645887
0.970077228791999
0.5791870158158341
1.8734778700506936
0.24799053985071962
0.725578839581835
0.04546486893151491
1.8290845067842567
0.40412186888313006
0.9675055562992843
0.7952818498620218
0.45238318326925
0.8641668542613952
1.2475972481116968
1.7570162065405288
0.9196844790430447
1.9820265596050628
0.8306752011596208
0.3351439334800803
1.0525777659555102
0.8746071211264748
0.07994795147694678
1.4177334560026642
0.8638281477524714
1.469192261726509
0.2881856526977875
0.6111255728856302
1.5944568024665908
0.23945012132069143
1.4420572644905034
0.8082985166725272
0.3437717012384367
0.8064667264490459
1.6055725739096136
1.77815103020064
0.15144065627710468
0.758420332254075
0.25402727932233304
0.4292379742958048
0.09528882125154081
0.48324912196895475
1.0730378553380713
1.8735175942493631
0.2701379694025037
0.9150111521858195
0.13644768525361295
1.9608814528452465
0.1272432378861137
0.7482728759006745
1.8417033050481786
0.06499043319048492
0.9487016704849416
0.34578110827849184
1.4918217769913427
1.2608679082640832
0.7790019732764899
1.1403388129957293
0.9946528015777345
0.7597615358393686
0.1533005196665589
1.4948714110781611
1.9195334411493181
1.9638481133151529
0.08267399315597768
0.1742570631556961
1.7988365583522432
0.34217784387147265
0.11032005125012834
1.556069204830782
1.283631109846879
0.8718563230936038
1.3048460921470322
0.934846197976424
1.1734881229384848
0.6665138484403152
1.4515331482618563
0.2704427521772488
1.1252632198709436
0.9274194774843336
0.16771005536118055
0.7160753111432969
1.7820785559768004
0.12755893142929065
1.0579956196305955
1.0528257479160172
0.373108511709471
1.6879860598579475
0.789023020985292
0.04170582425147962
0.5407380501667434
0.7054036249347762
0.3336877491537922
0.17383245730315466
0.8255902765381997
1.1064305107550467
1.195178129673093
0.6613182061736562
1.534952239032544
0.6482522456586555
0.6929755753099982
1.1963545181974693
0.6367436749832003
0.9601028716132156
0.1373116261196532
0.2644523326336863
0.7178877526489094
0.896269382483788
1.3341773324961994
0.31237455624003996
0.6415672353378903
1.9683204163184846
1.0035576110578188
1.6911571004941504
1.7477505551704233
0.34059685311206134
0.09271831036335243
0.09864539309886933
1.4193130370272236
1.965231097430912
1.1200831830246887
0.3084858484651434
1.6035615437287072
0.730155275186672
0.29704889411712854
1.4476403267570706
0.8988478560811293
1.3238252631051126
1.336102212025625
1.4108083491036956
1.644521774823627
0.7446728753365979
1.6886120833504785
0.2887595970410275
0.7287550316082676
1.921087542256215
1.2071209294372072
1.292190460288566
0.20526759295097863
1.1012599245176433
0.321308465453509
1.3222550446619676
0.23311423390909836
1.4328833696878431
0.3074816472648483
0.4602534432975651
1.9010274324495173
1.3505720101600953
1.7262322325059576
0.9362021129086933
1.1099443511910825
1.6638373382836005
0.3831911880788692
0.6925448721428857
0.03624036209162562
1.201259624472754
0.5483312841387609
1.5228245369193676
0.8575815331435503
1.3433458812828472
0.26475377726105864
1.7440256126444091
0.12784846426376273
1.2775985454071033
0.24686050872591125
1.709087962054352
0.5865037551952423
0.22538252660328895
0.05286071447899099
0.363868299300232
1.0720516824344672
0.4501999648422679
0.19184608902704436
0.6674940483651397
1.6902675492840675
1.1756132461165205
0.005517341495863137
0.41644310730964396
0.48537062742528936
1.3083700845702455
1.5101190974254577
0.9667323032013462
1.1344693174305798
1.0739151934741549
0.5618000312964206
1.088015906456735
0.7885590798141462
1.6197016598473688
0.14373212982326167
0.04183105889424765
0.2251522751024586
0.08390391057594582
0.9941983562647516
0.8823620156445822
1.153205067365221
0.15510010122013185
1.0114846932573267
1.699265529527879
1.6270181627314622
0.6865886237996262
1.8391047568574335
0.3652619342325427
0.8969936930112643
1.4078316051175412
1.8740364456359457
1.88258775868269
0.554049980892203
0.9475084904873574
0.7938883849176868
1.7129762709355927
0.21173591895876842
1.7733603966645364
0.6649134507799952
1.588516790306814
0.6673071389249836
1.781106420720219
1.8386470212755701
0.30823101391593877
0.2272727043856113
1.1719707671865682
1.3868978166631551
0.14707200976314772
0.3537269462980632
1.8576269043329132
1.4950182193344888
1.8829338079273688
0.8160887174434797
0.7649077999659695
0.45227294723385114
1.3934618516976656
0.5412612908354868
1.6369628402020517
0.014063054350341497
0.9367989243390176
1.5046972173603856
1.5120269757657105
1.0186411292186306
1.4379392850668076
1.267364200325317
0.9158879924478585
1.3279519731840599
0.6317830442533563
0.5239749768629902
0.3222491113690189
1.8513423655647525
0.9760887279649648
0.0008553789267107259
0.22142332936947118
1.8311586169518583
0.6186110416318293
1.7740014056455553
1.5863838477350596
0.0600597779176979
1.2241801149691962
1.8707208651687859
1.0028095699438266
0.1216109940030552
1.5121356080375108
1.7093191729715103
1.6844059672576468
0.561332836196816
1.6524761477971421
0.13455224513593245
0.9445339816950753
1.5158328732123079
1.887341619123016
0.7741478502294332
1.8902842979252974
0.4070980535062827
1.435974590384406
0.6061275505822306
0.21194378555581395
0.8739629398028679
0.39951146637942614
0.17285887685634926
0.3877280764523441
0.9361584866910788
0.7797331652487307
1.5977228664702925
1.492337320500891
1.4079717727673988
1.528272967195585
1.589910554473345
1.5853117060432367
1.4084744521637136
1.0442199515241517
1.1210652449275824
1.8598279865909915
0.3313852284850132
1.9550259568023958
1.1131595260080855
1.206540586617185
1.8325046965062437
0.317327260876894
1.1901871289643207
0.5782524446751829
1.233716820554009
0.981723803666003
1.8119230127274522
1.5984649770039845
1.5799655740966505
1.5789770608675888
0.6781079871185218
1.7264416821716992
0.6431849838071109
0.882103098523257
0.9142878755259736
0.3423207350708448
0.8497701508980036
0.22127796904805597
0.5342691843208438
1.933490262867031
0.16667766415870866
0.5353247208331651
1.2594836207881208
0.49824972866541084
0.25882771775187985
1.7729336978061248
1.821637247576609
1.7570425592675907
1.6100054015841905
0.8204276979092087
0.9240973267089072
1.7503377675962184
