1.0000001	-0.7076619	0.2839304	-0.28093708	0.1314573	-0.32031736	0.27457878	-0.35718566	0.19345242	-0.12742408	0.17021412	-0.24171507	0.18227978	-0.14932686	0.15396132	-0.15204865	0.15696779	-0.20672277	0.11850804	-0.122009106
-0.7076619	1.0000001	-0.47737548	0.20355736	-0.112048194	0.21555316	-0.35154563	0.28164876	-0.17035058	0.10056348	-0.13320564	0.18169338	-0.15083934	0.117846236	-0.1287406	0.11073285	-0.12674323	0.14807746	-0.09413637	0.09297469
0.2839304	-0.47737548	0.99999976	-0.33104604	0.14014786	-0.14568011	0.18382269	-0.7219389	0.21426429	-0.12689583	0.09734401	-0.1393018	0.16908114	-0.13775346	0.1399087	-0.08839029	0.10112707	-0.16250262	0.10364609	-0.102386594
-0.28093708	0.20355736	-0.33104604	0.9999998	-0.4926882	0.14061683	-0.1713053	0.2653168	-0.5588077	0.2971878	-0.10835833	0.14687176	-0.21957958	0.23187155	-0.29448938	0.10428373	-0.12992187	0.20559463	-0.18350205	0.1753369
0.1314573	-0.112048194	0.14014786	-0.4926882	0.9999998	-0.08425312	0.0940183	-0.16897605	0.287344	-0.77582675	0.0644291	-0.091321096	0.13320124	-0.16261546	0.19249386	-0.06527049	0.07648384	-0.1489605	0.1182695	-0.13588311
-0.32031736	0.21555316	-0.14568011	0.14061683	-0.08425312	0.99999994	-0.6369571	0.16253625	-0.13017136	0.07881237	-0.5228699	0.3191101	-0.16317299	0.11307702	-0.12430117	0.23416904	-0.29397833	0.16135538	-0.09426274	0.09073585
0.27457878	-0.35154563	0.18382269	-0.1713053	0.0940183	-0.6369571	1.0	-0.22952707	0.14545707	-0.090083465	0.28646648	-0.50207865	0.18328068	-0.13079722	0.1315177	-0.20603086	0.20794116	-0.19023961	0.10410785	-0.1026241
-0.35718566	0.28164876	-0.7219389	0.2653168	-0.16897605	0.16253625	-0.22952707	1.0	-0.32471412	0.15074407	-0.11726821	0.1621698	-0.26577586	0.17960009	-0.18456306	0.10490661	-0.12618312	0.19710927	-0.13599907	0.12810124
0.19345242	-0.17035058	0.21426429	-0.5588077	0.287344	-0.13017136	0.14545707	-0.32471412	0.9999998	-0.45529196	0.10127783	-0.14713427	0.23306896	-0.4120466	0.2675206	-0.10174989	0.11855062	-0.25063834	0.20512763	-0.21515681
-0.12742408	0.10056348	-0.12689583	0.2971878	-0.77582675	0.07881237	-0.090083465	0.15074407	-0.45529196	0.9999997	-0.062429592	0.0876381	-0.14221954	0.18249404	-0.26371366	0.062600225	-0.075248934	0.14736727	-0.13405813	0.14578664
0.17021412	-0.13320564	0.09734401	-0.10835833	0.0644291	-0.5228699	0.28646648	-0.11726821	0.10127783	-0.062429592	0.9999997	-0.6082148	0.16058221	-0.10430169	0.1040222	-0.45410898	0.2849471	-0.1621658	0.08444309	-0.08080087
-0.24171507	0.18169338	-0.1393018	0.14687176	-0.091321096	0.3191101	-0.50207865	0.1621698	-0.14713427	0.0876381	-0.6082148	0.9999996	-0.29567	0.1503276	-0.1519716	0.25451872	-0.32719433	0.21156202	-0.12105811	0.11177103
0.18227978	-0.15083934	0.16908114	-0.21957958	0.13320124	-0.16317299	0.18328068	-0.26577586	0.23306896	-0.14221954	0.16058221	-0.29567	0.9999992	-0.47964194	0.2617036	-0.15311182	0.17817727	-0.65692824	0.25710228	-0.23153564
-0.14932686	0.117846236	-0.13775346	0.23187155	-0.16261546	0.11307702	-0.13079722	0.17960009	-0.4120466	0.18249404	-0.10430169	0.1503276	-0.47964194	0.9999994	-0.48759514	0.10038513	-0.12443386	0.30520806	-0.48480627	0.29251036
0.15396132	-0.1287406	0.1399087	-0.29448938	0.19249386	-0.12430117	0.1315177	-0.18456306	0.2675206	-0.26371366	0.1040222	-0.1519716	0.2617036	-0.48759514	0.9999993	-0.11302836	0.13024668	-0.35341522	0.31887957	-0.59843373
-0.15204865	0.11073285	-0.08839029	0.10428373	-0.06527049	0.23416904	-0.20603086	0.10490661	-0.10174989	0.062600225	-0.45410898	0.25451872	-0.15311182	0.10038513	-0.11302836	0.99999934	-0.7988258	0.16733645	-0.08953788	0.08317326
0.15696779	-0.12674323	0.10112707	-0.12992187	0.07648384	-0.29397833	0.20794116	-0.12618312	0.11855062	-0.075248934	0.2849471	-0.32719433	0.17817727	-0.12443386	0.13024668	-0.7988258	0.99999917	-0.2560507	0.11081978	-0.10667869
-0.20672277	0.14807746	-0.16250262	0.20559463	-0.1489605	0.16135538	-0.19023961	0.19710927	-0.25063834	0.14736727	-0.1621658	0.21156202	-0.65692824	0.30520806	-0.35341522	0.16733645	-0.2560507	0.9999992	-0.4073234	0.25133887
0.11850804	-0.09413637	0.10364609	-0.18350205	0.1182695	-0.09426274	0.10410785	-0.13599907	0.20512763	-0.13405813	0.08444309	-0.12105811	0.25710228	-0.48480627	0.31887957	-0.08953788	0.11081978	-0.4073234	0.99999934	-0.67621785
-0.122009106	0.09297469	-0.102386594	0.1753369	-0.13588311	0.09073585	-0.1026241	0.12810124	-0.21515681	0.14578664	-0.08080087	0.11177103	-0.23153564	0.29251036	-0.59843373	0.08317326	-0.10667869	0.25133887	-0.67621785	0.99999934
