1.0000001	-0.3900413	0.23996377	-0.09456357	0.06064055	-0.8215336	0.16836885	-0.2170848	0.083581686	-0.06359627	0.2359419	-0.16902556	0.092245765	-0.0703853	0.072703704	-0.09174475	0.07529331	-0.08592506	0.052747395	-0.07758667
-0.3900413	1.0000001	-0.7928814	0.12952417	-0.07993378	0.24562092	-0.25315353	0.24175632	-0.11663893	0.07693515	-0.24524947	0.17327645	-0.107172206	0.0829923	-0.087337516	0.087553225	-0.07839231	0.08901824	-0.05693878	0.08106242
0.23996377	-0.7928814	1.0000002	-0.19337523	0.09869076	-0.26668224	0.22196	-0.36257222	0.14749712	-0.09915525	0.22637558	-0.19323356	0.1264897	-0.10333288	0.105394356	-0.10234375	0.08810765	-0.109529555	0.06933008	-0.10070296
-0.09456357	0.12952417	-0.19337523	1.0000001	-0.37386793	0.09183945	-0.1525445	0.20730473	-0.7727595	0.25217792	-0.18984623	0.13662127	-0.21657929	0.23194848	-0.24309109	0.0794651	-0.07581778	0.14538981	-0.10670485	0.1448791
0.06064055	-0.07993378	0.09869076	-0.37386793	1.0000002	-0.061102968	0.10118345	-0.1478203	0.23920768	-0.84057605	0.12859945	-0.10373884	0.15544108	-0.18313923	0.21387807	-0.067266986	0.061961845	-0.14631546	0.09895072	-0.15479203
-0.8215336	0.24562092	-0.26668224	0.09183945	-0.061102968	1.0000002	-0.19228004	0.2015244	-0.083796434	0.062489733	-0.3720413	0.17158258	-0.0935893	0.06995239	-0.073188365	0.09111623	-0.07742466	0.08399894	-0.052141998	0.07565639
0.16836885	-0.25315353	0.22196	-0.1525445	0.10118345	-0.19228004	1.0000004	-0.5828675	0.14798786	-0.10657753	0.30650568	-0.63462317	0.19271798	-0.13522387	0.13255699	-0.18318509	0.16515058	-0.15636638	0.09527115	-0.13488123
-0.2170848	0.24175632	-0.36257222	0.20730473	-0.1478203	0.2015244	-0.5828675	1.0000007	-0.263901	0.14288467	-0.4778914	0.30492508	-0.24701056	0.1698947	-0.18016054	0.15278545	-0.15152746	0.16945037	-0.11190167	0.15221143
0.083581686	-0.11663893	0.14749712	-0.7727595	0.23920768	-0.083796434	0.14798786	-0.263901	1.0000002	-0.2839797	0.16933961	-0.13855787	0.21190083	-0.3600434	0.23108676	-0.07978835	0.07483006	-0.1576941	0.107899874	-0.1561721
-0.06359627	0.07693515	-0.09915525	0.25217792	-0.84057605	0.062489733	-0.10657753	0.14288467	-0.2839797	1.0000002	-0.14237924	0.10567107	-0.17421165	0.19164862	-0.3118953	0.06644209	-0.06299236	0.13985798	-0.10392187	0.15117805
0.2359419	-0.24524947	0.22637558	-0.18984623	0.12859945	-0.3720413	0.30650568	-0.4778914	0.16933961	-0.14237924	1.0000004	-0.507892	0.22141044	-0.16513814	0.16810739	-0.26847714	0.20414871	-0.22433084	0.13329875	-0.20048167
-0.16902556	0.17327645	-0.19323356	0.13662127	-0.10373884	0.17158258	-0.63462317	0.30492508	-0.13855787	0.10567107	-0.507892	1.0000004	-0.2923999	0.15287825	-0.15478837	0.22255418	-0.289633	0.1792201	-0.11174445	0.14890759
0.092245765	-0.107172206	0.1264897	-0.21657929	0.15544108	-0.0935893	0.19271798	-0.24701056	0.21190083	-0.17421165	0.22141044	-0.2923999	1.0	-0.54889315	0.29993922	-0.14437759	0.13861834	-0.5111439	0.24071106	-0.3440964
-0.0703853	0.0829923	-0.10333288	0.23194848	-0.18313923	0.06995239	-0.13522387	0.1698947	-0.3600434	0.19164862	-0.16513814	0.15287825	-0.54889315	1.0	-0.62718797	0.088458315	-0.086678356	0.23417687	-0.17647032	0.23454283
0.072703704	-0.087337516	0.105394356	-0.24309109	0.21387807	-0.073188365	0.13255699	-0.18016054	0.23108676	-0.3118953	0.16810739	-0.15478837	0.29993922	-0.62718797	0.99999976	-0.10411049	0.097773395	-0.3147097	0.22480686	-0.44977674
-0.09174475	0.087553225	-0.10234375	0.0794651	-0.067266986	0.09111623	-0.18318509	0.15278545	-0.07978835	0.06644209	-0.26847714	0.22255418	-0.14437759	0.088458315	-0.10411049	0.9999996	-0.9000678	0.14403902	-0.0931866	0.10213564
0.07529331	-0.07839231	0.08810765	-0.07581778	0.061961845	-0.07742466	0.16515058	-0.15152746	0.07483006	-0.06299236	0.20414871	-0.289633	0.13861834	-0.086678356	0.097773395	-0.9000678	0.99999964	-0.17052428	0.09404766	-0.10687294
-0.08592506	0.08901824	-0.109529555	0.14538981	-0.14631546	0.08399894	-0.15636638	0.16945037	-0.1576941	0.13985798	-0.22433084	0.1792201	-0.5111439	0.23417687	-0.3147097	0.14403902	-0.17052428	0.9999996	-0.6237269	0.31511542
0.052747395	-0.05693878	0.06933008	-0.10670485	0.09895072	-0.052141998	0.09527115	-0.11190167	0.107899874	-0.10392187	0.13329875	-0.11174445	0.24071106	-0.17647032	0.22480686	-0.0931866	0.09404766	-0.6237269	0.99999964	-0.6803256
-0.07758667	0.08106242	-0.10070296	0.1448791	-0.15479203	0.07565639	-0.13488123	0.15221143	-0.1561721	0.15117805	-0.20048167	0.14890759	-0.3440964	0.23454283	-0.44977674	0.10213564	-0.10687294	0.31511542	-0.6803256	0.99999964
