0.3188764117658138
1.0529272835701704
1.3316769860684872
0.7338257152587175
0.4440953563898802
0.9023855347186327
0.47662559524178505
1.213716547936201
1.6107233688235283
0.9406956098973751
0.0670816469937563
0.9286655411124229
1.8499223552644253
1.9132767226547003
1.7530711069703102
0.4609687030315399
0.39557228051126003
0.2826989348977804
0.41789041459560394
1.9909062795341015
0.6034528780728579
1.244666125625372
0.33441862650215626
1.3887673579156399
0.6031819824129343
0.3509775921702385
0.7500583119690418
1.7308711372315884
1.0614712163805962
1.7891288418322802
0.17826788686215878
