1.627909755334258
1.7794106174260378
1.8716518580913544
0.11666496098041534
1.4906404186040163
1.3357687201350927
0.8621864132583141
0.12389946170151234
0.3169565759599209
1.07928298227489
1.7579043172299862
1.1857701297849417
1.4141804110258818
1.2822405565530062
0.8508878536522388
0.5290756430476904
1.1383140161633492
0.8529082871973515
1.589292837306857
1.023768937215209
0.2062294390052557
0.2403159700334072
0.5435327831655741
1.6656407713890076
0.10677077993750572
1.0211561676114798
0.45636276714503765
0.16784469224512577
1.8003459926694632
0.09768977761268616
0.5650834999978542
