1.0000001	-0.44785425	0.27301356	-0.20910355	0.1761872	-0.5158461	0.30030307	-0.2787517	0.25560436	-0.12957676	0.25616384	-0.3014401	0.2607213	-0.30907494	0.14497621	-0.2627841	0.19994795	-0.38641518	0.1903085	-0.21637517
-0.44785425	1.0000002	-0.69749254	0.22266993	-0.18630017	0.23370709	-0.3791005	0.25161302	-0.25182262	0.11134029	-0.16749953	0.18765813	-0.21312293	0.2036176	-0.12601137	0.14589104	-0.12222777	0.22136612	-0.13080472	0.14437519
0.27301356	-0.69749254	1.0000004	-0.39077264	0.21275672	-0.21485142	0.25579554	-0.3291384	0.2652331	-0.13872439	0.1511158	-0.18447399	0.22201225	-0.2463703	0.14257443	-0.15894112	0.12791818	-0.2637585	0.15109529	-0.17698877
-0.20910355	0.22266993	-0.39077264	0.99999994	-0.62434906	0.14500736	-0.17589565	0.21275704	-0.4896075	0.22523418	-0.11148751	0.13036244	-0.19208428	0.23352328	-0.23971312	0.11945214	-0.09883748	0.2123836	-0.15976182	0.19022475
0.1761872	-0.18630017	0.21275672	-0.62434906	1.0	-0.1315856	0.14546134	-0.17613894	0.26499143	-0.502734	0.10250059	-0.12276857	0.17718212	-0.2753953	0.27833346	-0.12262398	0.09947035	-0.23429897	0.18242462	-0.26311013
-0.5158461	0.23370709	-0.21485142	0.14500736	-0.1315856	0.9999999	-0.4915392	0.23765136	-0.22087051	0.08744634	-0.5435066	0.3030124	-0.23206817	0.19173907	-0.10208421	0.19921687	-0.17672789	0.2267489	-0.12566553	0.13021863
0.30030307	-0.3791005	0.25579554	-0.17589565	0.14546134	-0.4915392	0.99999976	-0.51514834	0.24811313	-0.100097254	0.26678503	-0.3948448	0.26444426	-0.23156245	0.113060154	-0.20477818	0.17489143	-0.26628393	0.14058876	-0.15018907
-0.2787517	0.25161302	-0.3291384	0.21275704	-0.17613894	0.23765136	-0.51514834	0.99999934	-0.4527092	0.11580646	-0.18670213	0.21744587	-0.526851	0.26800105	-0.1318369	0.1627794	-0.14340256	0.26907635	-0.15780328	0.16335513
0.25560436	-0.25182262	0.2652331	-0.4896075	0.26499143	-0.22087051	0.24811313	-0.4527092	0.9999997	-0.19962703	0.16584109	-0.20574564	0.2925419	-0.42419556	0.19648924	-0.1943356	0.15637913	-0.35734385	0.22245553	-0.27138695
-0.12957676	0.11134029	-0.13872439	0.22523418	-0.502734	0.08744634	-0.100097254	0.11580646	-0.19962703	0.9999997	-0.06991676	0.081108	-0.12971412	0.18933077	-0.75220406	0.07928615	-0.066191055	0.15211503	-0.1711657	0.2182874
0.25616384	-0.16749953	0.1511158	-0.11148751	0.10250059	-0.5435066	0.26678503	-0.18670213	0.16584109	-0.06991676	0.9999998	-0.67294306	0.18934491	-0.16197364	0.08222088	-0.3154309	0.23405951	-0.21811351	0.10856678	-0.10902175
-0.3014401	0.18765813	-0.18447399	0.13036244	-0.12276857	0.3030124	-0.3948448	0.21744587	-0.20574564	0.081108	-0.67294306	0.9999998	-0.25919256	0.18146963	-0.09674074	0.2701055	-0.36381155	0.23449974	-0.12526007	0.12156237
0.2607213	-0.21312293	0.22201225	-0.19208428	0.17718212	-0.23206817	0.26444426	-0.526851	0.2925419	-0.12971412	0.18934491	-0.25919256	0.99999964	-0.5043401	0.15460205	-0.21405353	0.18322699	-0.48236182	0.22444187	-0.21472545
-0.30907494	0.2036176	-0.2463703	0.23352328	-0.2753953	0.19173907	-0.23156245	0.26800105	-0.42419556	0.18933077	-0.16197364	0.18146963	-0.5043401	0.9999996	-0.27387708	0.16357106	-0.14460617	0.30928376	-0.45321843	0.28408155
0.14497621	-0.12601137	0.14257443	-0.23971312	0.27833346	-0.10208421	0.113060154	-0.1318369	0.19648924	-0.75220406	0.08222088	-0.09674074	0.15460205	-0.27387708	0.9999993	-0.09875677	0.08164747	-0.19753778	0.21614791	-0.39128634
-0.2627841	0.14589104	-0.15894112	0.11945214	-0.12262398	0.19921687	-0.20477818	0.1627794	-0.1943356	0.07928615	-0.3154309	0.2701055	-0.21405353	0.16357106	-0.09875677	0.9999991	-0.8067059	0.25781006	-0.13947296	0.11977482
0.19994795	-0.12222777	0.12791818	-0.09883748	0.09947035	-0.17672789	0.17489143	-0.14340256	0.15637913	-0.066191055	0.23405951	-0.36381155	0.18322699	-0.14460617	0.08164747	-0.8067059	0.9999991	-0.3509408	0.122192316	-0.10627922
-0.38641518	0.22136612	-0.2637585	0.2123836	-0.23429897	0.2267489	-0.26628393	0.26907635	-0.35734385	0.15211503	-0.21811351	0.23449974	-0.48236182	0.30928376	-0.19753778	0.25781006	-0.3509408	0.99999905	-0.37438896	0.24816377
0.1903085	-0.13080472	0.15109529	-0.15976182	0.18242462	-0.12566553	0.14058876	-0.15780328	0.22245553	-0.1711657	0.10856678	-0.12526007	0.22444187	-0.45321843	0.21614791	-0.13947296	0.122192316	-0.37438896	0.9999989	-0.720677
-0.21637517	0.14437519	-0.17698877	0.19022475	-0.26311013	0.13021863	-0.15018907	0.16335513	-0.27138695	0.2182874	-0.10902175	0.12156237	-0.21472545	0.28408155	-0.39128634	0.11977482	-0.10627922	0.24816377	-0.720677	0.9999989
