1.0000001	-0.2936716	0.19073087	-0.19112411	0.10527785	-0.82507145	0.26325834	-0.18171726	0.14819175	-0.13234518	0.1686452	-0.18698242	0.1664128	-0.116279274	0.06535572	-0.11676551	0.11946378	-0.23124455	0.12363116	-0.07576427
-0.2936716	1.0000004	-0.8014692	0.2349533	-0.14852543	0.1921672	-0.25949252	0.23006137	-0.21196426	0.1485176	-0.20704348	0.16822769	-0.2353393	0.14279744	-0.078670084	0.11545505	-0.13365644	0.21348307	-0.16202536	0.08619597
0.19073087	-0.8014692	1.0000002	-0.33327475	0.15452917	-0.16686785	0.2124772	-0.302765	0.21102144	-0.16768694	0.1667364	-0.15326972	0.22020991	-0.1499125	0.0824407	-0.1040705	0.11459406	-0.23757876	0.15710127	-0.092944644
-0.19112411	0.2349533	-0.33327475	0.9999998	-0.5023394	0.14867839	-0.25713262	0.23964295	-0.51248574	0.3011746	-0.2327351	0.17780085	-0.26893046	0.23885983	-0.14120652	0.12703037	-0.15053497	0.2585022	-0.28348815	0.1466121
0.10527785	-0.14852543	0.15452917	-0.5023394	0.9999998	-0.085565254	0.14050658	-0.13840583	0.24377885	-0.7651102	0.12928744	-0.103213914	0.15310137	-0.16366068	0.16464521	-0.075284466	0.08645048	-0.18254969	0.17296198	-0.18588097
-0.82507145	0.1921672	-0.16686785	0.14867839	-0.085565254	0.9999996	-0.41088057	0.17090428	-0.13287376	0.10386899	-0.18193018	0.18078108	-0.162919	0.09904854	-0.05374867	0.108257726	-0.1191317	0.18011643	-0.10606002	0.06122728
0.26325834	-0.25949252	0.2124772	-0.25713262	0.14050658	-0.41088057	0.9999996	-0.45709762	0.22175771	-0.18040952	0.26535982	-0.48620862	0.2821236	-0.17589208	0.092074335	-0.19118728	0.20212106	-0.33084172	0.1759041	-0.10643661
-0.18171726	0.23006137	-0.302765	0.23964295	-0.13840583	0.17090428	-0.45709762	0.99999934	-0.3763441	0.16646805	-0.19990455	0.21911967	-0.65031105	0.21156974	-0.09621276	0.12384019	-0.14317733	0.2776408	-0.19843958	0.1051313
0.14819175	-0.21196426	0.21102144	-0.51248574	0.24377885	-0.13287376	0.22175771	-0.3763441	0.99999934	-0.34104124	0.1790473	-0.16692974	0.2777063	-0.49796802	0.16838053	-0.11329917	0.1265753	-0.326795	0.29018977	-0.18694466
-0.13234518	0.1485176	-0.16768694	0.3011746	-0.7651102	0.10386899	-0.18040952	0.16646805	-0.34104124	0.9999992	-0.16819742	0.1280292	-0.1932498	0.19680108	-0.24981014	0.09270989	-0.109222695	0.19984852	-0.22951865	0.19917715
0.1686452	-0.20704348	0.1667364	-0.2327351	0.12928744	-0.18193018	0.26535982	-0.19990455	0.1790473	-0.16819742	0.99999887	-0.59054834	0.21469651	-0.1498408	0.084106624	-0.5193836	0.31540462	-0.33698073	0.16159438	-0.09830976
-0.18698242	0.16822769	-0.15326972	0.17780085	-0.103213914	0.18078108	-0.48620862	0.21911967	-0.16692974	0.1280292	-0.59054834	0.9999989	-0.2742148	0.13185324	-0.06906212	0.2860833	-0.44720602	0.24835475	-0.14092027	0.078310415
0.1664128	-0.2353393	0.22020991	-0.26893046	0.15310137	-0.162919	0.2821236	-0.65031105	0.2777063	-0.1932498	0.21469651	-0.2742148	0.99999857	-0.30291304	0.11801677	-0.14641133	0.161406	-0.4666807	0.24066144	-0.13336128
-0.116279274	0.14279744	-0.1499125	0.23885983	-0.16366068	0.09904854	-0.17589208	0.21156974	-0.49796802	0.19680108	-0.1498408	0.13185324	-0.30291304	0.9999987	-0.26195884	0.09056337	-0.10534447	0.27623987	-0.67731714	0.21335839
0.06535572	-0.078670084	0.0824407	-0.14120652	0.16464521	-0.05374867	0.092074335	-0.09621276	0.16838053	-0.24981014	0.084106624	-0.06906212	0.11801677	-0.26195884	0.9999985	-0.04953657	0.05738049	-0.13880543	0.20145701	-0.8948424
-0.11676551	0.11545505	-0.1040705	0.12703037	-0.075284466	0.108257726	-0.19118728	0.12384019	-0.11329917	0.09270989	-0.5193836	0.2860833	-0.14641133	0.09056337	-0.04953657	0.9999984	-0.7718067	0.19168405	-0.10423906	0.056364536
0.11946378	-0.13365644	0.11459406	-0.15053497	0.08645048	-0.1191317	0.20212106	-0.14317733	0.1265753	-0.109222695	0.31540462	-0.44720602	0.161406	-0.10534447	0.05738049	-0.7718067	0.9999984	-0.2558157	0.11862841	-0.06612403
-0.23124455	0.21348307	-0.23757876	0.2585022	-0.18254969	0.18011643	-0.33084172	0.2776408	-0.326795	0.19984852	-0.33698073	0.24835475	-0.4666807	0.27623987	-0.13880543	0.19168405	-0.2558157	0.99999875	-0.48646256	0.14788978
0.12363116	-0.16202536	0.15710127	-0.28348815	0.17296198	-0.10606002	0.1759041	-0.19843958	0.29018977	-0.22951865	0.16159438	-0.14092027	0.24066144	-0.67731714	0.20145701	-0.10423906	0.11862841	-0.48646256	0.99999875	-0.25365412
-0.07576427	0.08619597	-0.092944644	0.1466121	-0.18588097	0.06122728	-0.10643661	0.1051313	-0.18694466	0.19917715	-0.09830976	0.078310415	-0.13336128	0.21335839	-0.8948424	0.056364536	-0.06612403	0.14788978	-0.25365412	0.99999875
