1.0	-0.3790604	0.064814866	-0.029977893	0.03682526	-0.87660456	0.26455104	-0.063786104	0.04820685	-0.03209716	0.1014005	-0.11567292	0.0688094	-0.05197368	0.032349914	-0.07572775	0.085846186	-0.058496285	0.056229733	-0.07563656
-0.3790604	0.9999998	-0.1139706	0.049159277	-0.059919067	0.26700106	-0.84321815	0.10553532	-0.07896068	0.04861666	-0.1396761	0.17182863	-0.11265859	0.07743102	-0.049589794	0.0941765	-0.14039671	0.0863973	-0.08548412	0.1027895
0.064814866	-0.1139706	1.0	-0.39780614	0.2746289	-0.0642198	0.09956148	-0.6155481	0.29361615	-0.20637497	0.10461866	-0.14000809	0.17245033	-0.28314248	0.17743985	-0.091414824	0.132907	-0.1567058	0.21767928	-0.4685248
-0.029977893	0.049159277	-0.39780614	1.0000001	-0.84146714	0.029439453	-0.044806432	0.22655813	-0.24947335	0.12271783	-0.052384287	0.06813231	-0.088138275	0.16032146	-0.10743234	0.045306433	-0.06738811	0.079200834	-0.11795533	0.21599364
0.03682526	-0.059919067	0.2746289	-0.84146714	1.0000001	-0.036557585	0.053794604	-0.26302776	0.2160052	-0.15219522	0.06573885	-0.08649254	0.10755184	-0.2020368	0.12658612	-0.057633635	0.08457609	-0.099835254	0.14563699	-0.31217828
-0.87660456	0.26700106	-0.0642198	0.029439453	-0.036557585	1.0000002	-0.3712896	0.06287491	-0.0483569	0.03128014	-0.1177588	0.11798273	-0.07180295	0.05091188	-0.03189171	0.07788664	-0.09258901	0.059010684	-0.056445617	0.071129456
0.26455104	-0.84321815	0.09956148	-0.044806432	0.053794604	-0.3712896	1.0000001	-0.11172825	0.07498119	-0.04625829	0.13138893	-0.21794012	0.10818421	-0.07451717	0.04651777	-0.09225092	0.12666774	-0.08475992	0.079625726	-0.098503485
-0.063786104	0.10553532	-0.6155481	0.22655813	-0.26302776	0.06287491	-0.11172825	0.9999999	-0.57404363	0.19977286	-0.10756626	0.13770118	-0.22036678	0.2637088	-0.19925623	0.08907603	-0.13671745	0.1618557	-0.23289558	0.27785408
0.04820685	-0.07896068	0.29361615	-0.24947335	0.2160052	-0.0483569	0.07498119	-0.57404363	0.9999998	-0.3841462	0.09303588	-0.12319538	0.17259242	-0.5016562	0.2608583	-0.080447435	0.120521255	-0.15632255	0.23624973	-0.31946406
-0.03209716	0.04861666	-0.20637497	0.12271783	-0.15219522	0.03128014	-0.04625829	0.19977286	-0.3841462	1.0000001	-0.06768437	0.08353098	-0.12070474	0.25855887	-0.8326946	0.05700611	-0.08926175	0.10579453	-0.18264776	0.20678769
0.1014005	-0.1396761	0.10461866	-0.052384287	0.06573885	-0.1177588	0.13138893	-0.10756626	0.09303588	-0.06768437	0.9999998	-0.5722426	0.21027027	-0.12773985	0.06930504	-0.6705725	0.319484	-0.20283452	0.14415118	-0.18093291
-0.11567292	0.17182863	-0.14000809	0.06813231	-0.08649254	0.11798273	-0.21794012	0.13770118	-0.12319538	0.08353098	-0.5722426	0.99999976	-0.45318216	0.15818773	-0.08868391	0.2938605	-0.48712292	0.25631097	-0.19736487	0.19437124
0.0688094	-0.11265859	0.17245033	-0.088138275	0.10755184	-0.07180295	0.10818421	-0.22036678	0.17259242	-0.12070474	0.21027027	-0.45318216	0.9999998	-0.28180468	0.12380081	-0.19285557	0.26048642	-0.681689	0.2784089	-0.2793507
-0.05197368	0.07743102	-0.28314248	0.16032146	-0.2020368	0.05091188	-0.07451717	0.2637088	-0.5016562	0.25855887	-0.12773985	0.15818773	-0.28180468	0.9999997	-0.37229508	0.10675124	-0.17182781	0.23018779	-0.5387176	0.29965356
0.032349914	-0.049589794	0.17743985	-0.10743234	0.12658612	-0.03189171	0.04651777	-0.19925623	0.2608583	-0.8326946	0.06930504	-0.08868391	0.12380081	-0.37229508	0.99999964	-0.05971491	0.09116983	-0.114679866	0.18793012	-0.2597182
-0.07572775	0.0941765	-0.091414824	0.045306433	-0.057633635	0.07788664	-0.09225092	0.08907603	-0.080447435	0.05700611	-0.6705725	0.2938605	-0.19285557	0.10675124	-0.05971491	0.9999996	-0.63246983	0.17950909	-0.13469777	0.1442139
0.085846186	-0.14039671	0.132907	-0.06738811	0.08457609	-0.09258901	0.12666774	-0.13671745	0.120521255	-0.08926175	0.319484	-0.48712292	0.26048642	-0.17182781	0.09116983	-0.63246983	0.9999994	-0.3562997	0.20035678	-0.24794072
-0.058496285	0.0863973	-0.1567058	0.079200834	-0.099835254	0.059010684	-0.08475992	0.1618557	-0.15632255	0.10579453	-0.20283452	0.25631097	-0.681689	0.23018779	-0.114679866	0.17950909	-0.3562997	0.9999992	-0.4880796	0.24143694
0.056229733	-0.08548412	0.21767928	-0.11795533	0.14563699	-0.056445617	0.079625726	-0.23289558	0.23624973	-0.18264776	0.14415118	-0.19736487	0.2784089	-0.5387176	0.18793012	-0.13469777	0.20035678	-0.4880796	0.99999917	-0.5119786
-0.07563656	0.1027895	-0.4685248	0.21599364	-0.31217828	0.071129456	-0.098503485	0.27785408	-0.31946406	0.20678769	-0.18093291	0.19437124	-0.2793507	0.29965356	-0.2597182	0.1442139	-0.24794072	0.24143694	-0.5119786	0.99999917
