0.99999994	-0.81277037	0.2376302	-0.2114876	0.13029365	-0.3480911	0.21941361	-0.22259387	0.15889837	-0.11057427	0.1558639	-0.14702801	0.12699234	-0.12743026	0.1147361	-0.18646044	0.15126021	-0.12851794	0.11949652	-0.11963086
-0.81277037	1.0	-0.37261936	0.20416254	-0.14049989	0.22330485	-0.24387383	0.2076834	-0.16803297	0.109394394	-0.13129017	0.13904174	-0.12593418	0.12374635	-0.117362194	0.14435235	-0.15159436	0.12025676	-0.12075997	0.11279502
0.2376302	-0.37261936	1.0000001	-0.65002346	0.22137883	-0.18556388	0.19194362	-0.4806731	0.28053653	-0.18715823	0.109852046	-0.1417827	0.15801585	-0.18566702	0.16521285	-0.14348455	0.1438019	-0.15463084	0.15973434	-0.16650297
-0.2114876	0.20416254	-0.65002346	1.0000002	-0.40721092	0.15164322	-0.17114654	0.29868338	-0.4509963	0.23734465	-0.09582231	0.12631868	-0.15165052	0.20709829	-0.20997232	0.121614404	-0.1359401	0.14286327	-0.18627375	0.18079525
0.13029365	-0.14049989	0.22137883	-0.40721092	1.0000004	-0.14384523	0.14421387	-0.26031125	0.27219686	-0.7181856	0.09024334	-0.12229917	0.14718285	-0.24524334	0.280363	-0.124344565	0.12697631	-0.15494019	0.1977156	-0.29368424
-0.3480911	0.22330485	-0.18556388	0.15164322	-0.14384523	1.0000004	-0.5535219	0.21164955	-0.1790729	0.112914175	-0.52286917	0.26167238	-0.1944431	0.1514109	-0.14047465	0.3034931	-0.30063194	0.18048297	-0.15998055	0.13192278
0.21941361	-0.24387383	0.19194362	-0.17114654	0.14421387	-0.5535219	1.0000002	-0.33951363	0.19688421	-0.12286635	0.2561837	-0.5193225	0.22729072	-0.17782637	0.14467421	-0.3266412	0.28940195	-0.23030318	0.16417241	-0.14916284
-0.22259387	0.2076834	-0.4806731	0.29868338	-0.26031125	0.21164955	-0.33951363	1.0000001	-0.55922043	0.20833656	-0.13706602	0.20446536	-0.29277566	0.25287336	-0.22607203	0.16945226	-0.21248135	0.21642724	-0.23660232	0.1977383
0.15889837	-0.16803297	0.28053653	-0.4509963	0.27219686	-0.1790729	0.19688421	-0.55922043	1.0000004	-0.33961287	0.1122852	-0.16318426	0.20954047	-0.43036625	0.25283408	-0.15106213	0.1632529	-0.20198978	0.24048239	-0.24337338
-0.11057427	0.109394394	-0.18715823	0.23734465	-0.7181856	0.112914175	-0.12286635	0.20833656	-0.33961287	1.0000004	-0.07292625	0.102056585	-0.13137105	0.22810657	-0.48227948	0.09737183	-0.109170556	0.12932056	-0.19400148	0.2433005
0.1558639	-0.13129017	0.109852046	-0.09582231	0.09024334	-0.52286917	0.2561837	-0.13706602	0.1122852	-0.07292625	1.0000005	-0.25775716	0.14319497	-0.10465929	0.09178425	-0.7453761	0.23513108	-0.14378412	0.10705993	-0.090047926
-0.14702801	0.13904174	-0.1417827	0.12631868	-0.12229917	0.26167238	-0.5193225	0.20446536	-0.16318426	0.102056585	-0.25775716	1.0000006	-0.38937253	0.17082813	-0.13465276	0.25109896	-0.62368643	0.27795473	-0.16605748	0.13170585
0.12699234	-0.12593418	0.15801585	-0.15165052	0.14718285	-0.1944431	0.22729072	-0.29277566	0.20954047	-0.13137105	0.14319497	-0.38937253	1.0000005	-0.35129923	0.18119493	-0.18873304	0.2888843	-0.7075462	0.23481676	-0.18398793
-0.12743026	0.12374635	-0.18566702	0.20709829	-0.24524334	0.1514109	-0.17782637	0.25287336	-0.43036625	0.22810657	-0.10465929	0.17082813	-0.35129923	1.0000005	-0.45356816	0.13686654	-0.18393062	0.24551557	-0.5618679	0.30541235
0.1147361	-0.117362194	0.16521285	-0.20997232	0.280363	-0.14047465	0.14467421	-0.22607203	0.25283408	-0.48227948	0.09178425	-0.13465276	0.18119493	-0.45356816	1.0000002	-0.12651174	0.14078481	-0.19004817	0.2976092	-0.5882521
-0.18646044	0.14435235	-0.14348455	0.121614404	-0.124344565	0.3034931	-0.3266412	0.16945226	-0.15106213	0.09737183	-0.7453761	0.25109896	-0.18873304	0.13686654	-0.12651174	0.99999994	-0.38264635	0.18141003	-0.14897303	0.118573606
0.15126021	-0.15159436	0.1438019	-0.1359401	0.12697631	-0.30063194	0.28940195	-0.21248135	0.1632529	-0.109170556	0.23513108	-0.62368643	0.2888843	-0.18393062	0.14078481	-0.38264635	1.0000001	-0.46420127	0.17705159	-0.15226217
-0.12851794	0.12025676	-0.15463084	0.14286327	-0.15494019	0.18048297	-0.23030318	0.21642724	-0.20198978	0.12932056	-0.14378412	0.27795473	-0.7075462	0.24551557	-0.19004817	0.18141003	-0.46420127	1.0	-0.30327624	0.18500677
0.11949652	-0.12075997	0.15973434	-0.18627375	0.1977156	-0.15998055	0.16417241	-0.23660232	0.24048239	-0.19400148	0.10705993	-0.16605748	0.23481676	-0.5618679	0.2976092	-0.14897303	0.17705159	-0.30327624	1.0	-0.620346
-0.11963086	0.11279502	-0.16650297	0.18079525	-0.29368424	0.13192278	-0.14916284	0.1977383	-0.24337338	0.2433005	-0.090047926	0.13170585	-0.18398793	0.30541235	-0.5882521	0.118573606	-0.15226217	0.18500677	-0.620346	1.0
