1.0	-0.28599012	0.16501214	-0.14118703	0.105271965	-0.8862195	0.22004344	-0.15435751	0.11488388	-0.09173217	0.14847301	-0.12968704	0.09835184	-0.0804173	0.08475947	-0.1690112	0.040258825	-0.040074978	0.063881464	-0.062258516
-0.28599012	0.9999999	-0.6151591	0.24905957	-0.19471917	0.21450855	-0.59185404	0.28518108	-0.22311258	0.15400475	-0.073678955	0.17690092	-0.15312403	0.118281975	-0.13359004	0.07711379	-0.046986535	0.045895364	-0.094972186	0.09224103
0.16501214	-0.6151591	0.9999997	-0.49275562	0.22044884	-0.16774632	0.30729088	-0.44517168	0.26108292	-0.19471174	0.06531592	-0.18744488	0.15174635	-0.13349536	0.14203084	-0.07128417	0.0478638	-0.048028346	0.09961008	-0.10460401
-0.14118703	0.24905957	-0.49275562	0.9999998	-0.5254193	0.12878388	-0.28102124	0.29003555	-0.49736944	0.2889974	-0.0627043	0.1871493	-0.17138511	0.16262709	-0.20776257	0.06657468	-0.055102915	0.054685656	-0.13068493	0.13748002
0.105271965	-0.19471917	0.22044884	-0.5254193	0.99999976	-0.10862862	0.19147602	-0.24745835	0.3007385	-0.66085947	0.06281338	-0.2231917	0.16802931	-0.20845543	0.24403532	-0.07005358	0.062352806	-0.06453403	0.14954837	-0.2013939
-0.8862195	0.21450855	-0.16774632	0.12878388	-0.10862862	0.9999995	-0.27964818	0.14864542	-0.1183977	0.08965986	-0.18640396	0.12435994	-0.10167708	0.07879578	-0.087024584	0.15542401	-0.039552294	0.038682576	-0.064848706	0.061287653
0.22004344	-0.59185404	0.30729088	-0.28102124	0.19147602	-0.27964818	0.99999934	-0.5267523	0.24580386	-0.18634255	0.0874456	-0.28947347	0.1923088	-0.1494288	0.1513497	-0.092970304	0.06031329	-0.059576675	0.11276576	-0.11172873
-0.15435751	0.28518108	-0.44517168	0.29003555	-0.24745835	0.14864542	-0.5267523	0.99999917	-0.5488302	0.22666435	-0.065744445	0.21269637	-0.22776906	0.16097413	-0.17469825	0.06912039	-0.055366594	0.05476062	-0.12099559	0.11906727
0.11488388	-0.22311258	0.26108292	-0.49736944	0.3007385	-0.1183977	0.24580386	-0.5488302	0.99999887	-0.49076977	0.058839764	-0.20146884	0.17372356	-0.19876806	0.20601529	-0.06406291	0.055397034	-0.05611318	0.13356861	-0.15115923
-0.09173217	0.15400475	-0.19471174	0.2889974	-0.66085947	0.08965986	-0.18634255	0.22666435	-0.49076977	0.9999989	-0.05166148	0.17982507	-0.15663712	0.18545337	-0.38778993	0.056111425	-0.0556963	0.056405853	-0.15047066	0.18955041
0.14847301	-0.073678955	0.06531592	-0.0627043	0.06281338	-0.18640396	0.0874456	-0.065744445	0.058839764	-0.05166148	0.9999988	-0.1417274	0.096351884	-0.068162024	0.0697006	-0.9504193	0.076691374	-0.07545621	0.061823655	-0.051495377
-0.12968704	0.17690092	-0.18744488	0.1871493	-0.2231917	0.12435994	-0.28947347	0.21269637	-0.20146884	0.17982507	-0.1417274	0.99999875	-0.7162154	0.2868973	-0.30086023	0.12805213	-0.18333985	0.15047535	-0.26773417	0.19478817
0.09835184	-0.15312403	0.15174635	-0.17138511	0.16802931	-0.10167708	0.1923088	-0.22776906	0.17372356	-0.15663712	0.096351884	-0.7162154	0.99999857	-0.50796825	0.22521476	-0.10484982	0.123879634	-0.1296964	0.23109464	-0.19137667
-0.0804173	0.118281975	-0.13349536	0.16262709	-0.20845543	0.07879578	-0.1494288	0.16097413	-0.19876806	0.18545337	-0.068162024	0.2868973	-0.50796825	0.99999833	-0.4141814	0.07189338	-0.12845358	0.1236768	-0.58678067	0.287513
0.08475947	-0.13359004	0.14203084	-0.20776257	0.24403532	-0.087024584	0.1513497	-0.17469825	0.20601529	-0.38778993	0.0697006	-0.30086023	0.22521476	-0.4141814	0.9999981	-0.07813859	0.09750631	-0.103488766	0.29808298	-0.6311586
-0.1690112	0.07711379	-0.07128417	0.06657468	-0.07005358	0.15542401	-0.092970304	0.06912039	-0.06406291	0.056111425	-0.9504193	0.12805213	-0.10484982	0.07189338	-0.07813859	0.9999983	-0.087205835	0.076390445	-0.06820141	0.055519022
0.040258825	-0.046986535	0.0478638	-0.055102915	0.062352806	-0.039552294	0.06031329	-0.055366594	0.055397034	-0.0556963	0.076691374	-0.18333985	0.123879634	-0.12845358	0.09750631	-0.087205835	0.99999785	-0.94959426	0.14899226	-0.11195475
-0.040074978	0.045895364	-0.048028346	0.054685656	-0.06453403	0.038682576	-0.059576675	0.05476062	-0.05611318	0.056405853	-0.07545621	0.15047535	-0.1296964	0.1236768	-0.103488766	0.076390445	-0.94959426	0.99999785	-0.1843851	0.10997764
0.063881464	-0.094972186	0.09961008	-0.13068493	0.14954837	-0.064848706	0.11276576	-0.12099559	0.13356861	-0.15047066	0.061823655	-0.26773417	0.23109464	-0.58678067	0.29808298	-0.06820141	0.14899226	-0.1843851	0.9999979	-0.63029206
-0.062258516	0.09224103	-0.10460401	0.13748002	-0.2013939	0.061287653	-0.11172873	0.11906727	-0.15115923	0.18955041	-0.051495377	0.19478817	-0.19137667	0.287513	-0.6311586	0.055519022	-0.11195475	0.10997764	-0.63029206	0.9999979
