1.0	-0.91158605	0.21988322	-0.20912378	0.06400616	-0.19234104	0.14785723	-0.15244243	0.10867168	-0.054392476	0.11929872	-0.11560212	0.09019988	-0.086384654	0.11709445	-0.09737828	0.070205316	-0.11294606	0.04346287	-0.04848213
-0.91158605	0.9999997	-0.2891731	0.17812766	-0.059157845	0.15412907	-0.15956295	0.13715748	-0.10003095	0.049610876	-0.107257634	0.09809675	-0.07919513	0.07718753	-0.10898446	0.081377104	-0.059856288	0.095117345	-0.038514495	0.042515323
0.21988322	-0.2891731	0.9999997	-0.7404778	0.1389915	-0.27187464	0.18727581	-0.2579926	0.23449805	-0.1201488	0.19377534	-0.22203495	0.1725803	-0.18402316	0.23628323	-0.19418088	0.13695017	-0.22810239	0.09163789	-0.10386642
-0.20912378	0.17812766	-0.7404778	0.99999994	-0.21328834	0.19806327	-0.1604655	0.196554	-0.37117594	0.16451195	-0.16761898	0.17793499	-0.15572818	0.21554627	-0.33735305	0.14741759	-0.11084974	0.18096602	-0.10200972	0.10896957
0.06400616	-0.059157845	0.1389915	-0.21328834	1.0000005	-0.14547884	0.099220745	-0.13839172	0.21695551	-0.88937014	0.11338783	-0.14341928	0.117553875	-0.18475348	0.2226268	-0.12032807	0.08707647	-0.1508172	0.07963036	-0.09444375
-0.19234104	0.15412907	-0.27187464	0.19806327	-0.14547884	1.0000004	-0.5090962	0.29226673	-0.24099495	0.11661228	-0.5895954	0.24963218	-0.20323466	0.17795683	-0.2914751	0.19741787	-0.15636818	0.2097118	-0.08793259	0.09260164
0.14785723	-0.15956295	0.18727581	-0.1604655	0.099220745	-0.5090962	1.0000001	-0.7387728	0.1926929	-0.08559988	0.23645955	-0.21063189	0.1824094	-0.15030435	0.1906171	-0.14804259	0.11676265	-0.18477526	0.070075	-0.076118514
-0.15244243	0.13715748	-0.2579926	0.196554	-0.13839172	0.29226673	-0.7387728	1.0000002	-0.31049037	0.11661035	-0.26438406	0.21932893	-0.26595077	0.19582812	-0.2640664	0.15733874	-0.13255987	0.20543225	-0.090082765	0.09461707
0.10867168	-0.10003095	0.23449805	-0.37117594	0.21695551	-0.24099495	0.1926929	-0.31049037	1.0000002	-0.27472392	0.19494298	-0.24987976	0.23007247	-0.6248288	0.3246094	-0.18982421	0.145521	-0.25781527	0.17230421	-0.20050333
-0.054392476	0.049610876	-0.1201488	0.16451195	-0.88937014	0.11661228	-0.08559988	0.11661035	-0.27472392	1.0000001	-0.09474142	0.117827505	-0.102623396	0.17802775	-0.27997908	0.09633131	-0.07149212	0.12324906	-0.07382289	0.08411302
0.11929872	-0.107257634	0.19377534	-0.16761898	0.11338783	-0.5895954	0.23645955	-0.26438406	0.19494298	-0.09474142	1.0000001	-0.49020594	0.25392073	-0.17097414	0.23126525	-0.37557915	0.23754692	-0.31351575	0.08716475	-0.09388887
-0.11560212	0.09809675	-0.22203495	0.17793499	-0.14341928	0.24963218	-0.21063189	0.21932893	-0.24987976	0.117827505	-0.49020594	0.99999976	-0.5912734	0.21918659	-0.30957764	0.25937644	-0.32641986	0.31706396	-0.10649933	0.10709737
0.09019988	-0.07919513	0.1725803	-0.15572818	0.117553875	-0.20323466	0.1824094	-0.26595077	0.23007247	-0.102623396	0.25392073	-0.5912734	0.9999994	-0.30890498	0.25598034	-0.23470259	0.23477976	-0.59305435	0.11341619	-0.11624418
-0.086384654	0.07718753	-0.18402316	0.21554627	-0.18475348	0.17795683	-0.15030435	0.19582812	-0.6248288	0.17802775	-0.17097414	0.21918659	-0.30890498	0.99999946	-0.5441276	0.15557419	-0.13076748	0.22775681	-0.27852258	0.21652772
0.11709445	-0.10898446	0.23628323	-0.33735305	0.2226268	-0.2914751	0.1906171	-0.2640664	0.3246094	-0.27997908	0.23126525	-0.30957764	0.25598034	-0.5441276	0.9999994	-0.25619382	0.18580306	-0.3304556	0.18535833	-0.22742404
-0.09737828	0.081377104	-0.19418088	0.14741759	-0.12032807	0.19741787	-0.14804259	0.15733874	-0.18982421	0.09633131	-0.37557915	0.25937644	-0.23470259	0.15557419	-0.25619382	0.9999988	-0.76244056	0.28245023	-0.08206471	0.083452776
0.070205316	-0.059856288	0.13695017	-0.11084974	0.08707647	-0.15636818	0.11676265	-0.13255987	0.145521	-0.07149212	0.23754692	-0.32641986	0.23477976	-0.13076748	0.18580306	-0.76244056	0.99999845	-0.46202037	0.070629805	-0.07249873
-0.11294606	0.095117345	-0.22810239	0.18096602	-0.1508172	0.2097118	-0.18477526	0.20543225	-0.25781527	0.12324906	-0.31351575	0.31706396	-0.59305435	0.22775681	-0.3304556	0.28245023	-0.46202037	0.9999982	-0.13302448	0.124781325
0.04346287	-0.038514495	0.09163789	-0.10200972	0.07963036	-0.08793259	0.070075	-0.090082765	0.17230421	-0.07382289	0.08716475	-0.10649933	0.11341619	-0.27852258	0.18535833	-0.08206471	0.070629805	-0.13302448	0.9999983	-0.92120373
-0.04848213	0.042515323	-0.10386642	0.10896957	-0.09444375	0.09260164	-0.076118514	0.09461707	-0.20050333	0.08411302	-0.09388887	0.10709737	-0.11624418	0.21652772	-0.22742404	0.083452776	-0.07249873	0.124781325	-0.92120373	0.9999983
