1.0000001	-0.8705353	0.10961866	-0.10690972	0.08220022	-0.32155427	0.2640209	-0.12190377	0.09072898	-0.08121306	0.1518798	-0.13912046	0.11223389	-0.08314331	0.063428946	-0.20203356	0.111552194	-0.090524316	0.083000794	-0.051724955
-0.8705353	0.9999999	-0.117925525	0.09874821	-0.079141706	0.23859419	-0.374065	0.11838216	-0.08908981	0.07495075	-0.1303461	0.12952559	-0.110900335	0.077999115	-0.06081639	0.15137306	-0.110273294	0.08507564	-0.080138914	0.048585385
0.10961866	-0.117925525	0.99999994	-0.7107447	0.24174938	-0.1348206	0.1421594	-0.52372384	0.23360108	-0.24303785	0.09755251	-0.14401159	0.2093751	-0.18101948	0.11660997	-0.12890106	0.1285485	-0.15260288	0.15341794	-0.09584366
-0.10690972	0.09874821	-0.7107447	0.9999998	-0.45637408	0.11900768	-0.13138683	0.28331426	-0.27163434	0.25786936	-0.09519747	0.13690299	-0.22304803	0.18409485	-0.14642422	0.12001086	-0.13673238	0.15082484	-0.1822788	0.10995945
0.08220022	-0.079141706	0.24174938	-0.45637408	0.9999997	-0.11784815	0.11499016	-0.2528219	0.2577245	-0.7488744	0.09324498	-0.13291994	0.17650193	-0.20483106	0.13291724	-0.13038474	0.12199436	-0.14680164	0.15993683	-0.111259475
-0.32155427	0.23859419	-0.1348206	0.11900768	-0.11784815	0.9999996	-0.7126933	0.17154545	-0.1395177	0.106414676	-0.42670414	0.22877206	-0.18813743	0.12173499	-0.10064687	0.27581355	-0.20539765	0.14089759	-0.13380525	0.07834793
0.2640209	-0.374065	0.1421594	-0.13138683	0.11499016	-0.7126933	0.99999976	-0.22899242	0.14180776	-0.11150764	0.24914598	-0.31183597	0.18865517	-0.12780301	0.09478123	-0.29820028	0.19751476	-0.14855808	0.1292258	-0.07725676
-0.12190377	0.11838216	-0.52372384	0.28331426	-0.2528219	0.17154545	-0.22899242	0.99999976	-0.48461014	0.23097506	-0.12775697	0.19768035	-0.43905756	0.25631884	-0.16171062	0.15611784	-0.18640523	0.21690391	-0.2319491	0.12769604
0.09072898	-0.08908981	0.23360108	-0.27163434	0.2577245	-0.1395177	0.14180776	-0.48461014	0.9999996	-0.44091836	0.10738225	-0.17067721	0.25428393	-0.5607868	0.16741039	-0.14484185	0.1574773	-0.21013597	0.24947838	-0.14768052
-0.08121306	0.07495075	-0.24303785	0.25786936	-0.7488744	0.106414676	-0.11150764	0.23097506	-0.44091836	1.0	-0.08768963	0.12901665	-0.1959087	0.22189942	-0.17600933	0.11449148	-0.13013919	0.15020539	-0.19952002	0.12899758
0.1518798	-0.1303461	0.09755251	-0.09519747	0.09324498	-0.42670414	0.24914598	-0.12775697	0.10738225	-0.08768963	0.99999994	-0.29230398	0.16277088	-0.10498435	0.0857718	-0.79345185	0.198057	-0.13367906	0.114979565	-0.0686696
-0.13912046	0.12952559	-0.14401159	0.13690299	-0.13291994	0.22877206	-0.31183597	0.19768035	-0.17067721	0.12901665	-0.29230398	0.99999994	-0.41612008	0.1816345	-0.13901067	0.2464782	-0.6871826	0.2838501	-0.2144412	0.11376474
0.11223389	-0.110900335	0.2093751	-0.22304803	0.17650193	-0.18813743	0.18865517	-0.43905756	0.25428393	-0.1959087	0.16277088	-0.41612008	0.9999999	-0.35654363	0.16618933	-0.21272704	0.28988805	-0.53825915	0.2739301	-0.15312468
-0.08314331	0.077999115	-0.18101948	0.18409485	-0.20483106	0.12173499	-0.12780301	0.25631884	-0.5607868	0.22189942	-0.10498435	0.1816345	-0.35654363	1.0000004	-0.26642075	0.1345913	-0.19638637	0.25745925	-0.56273085	0.2089193
0.063428946	-0.06081639	0.11660997	-0.14642422	0.13291724	-0.10064687	0.09478123	-0.16171062	0.16741039	-0.17600933	0.0857718	-0.13901067	0.16618933	-0.26642075	1.0000002	-0.12268509	0.13155945	-0.19687401	0.26806298	-0.85613155
-0.20203356	0.15137306	-0.12890106	0.12001086	-0.13038474	0.27581355	-0.29820028	0.15611784	-0.14484185	0.11449148	-0.79345185	0.2464782	-0.21272704	0.1345913	-0.12268509	1.0000002	-0.26441696	0.16422291	-0.15850306	0.09304803
0.111552194	-0.110273294	0.1285485	-0.13673238	0.12199436	-0.20539765	0.19751476	-0.18640523	0.1574773	-0.13013919	0.198057	-0.6871826	0.28988805	-0.19638637	0.13155945	-0.26441696	1.0000006	-0.5149289	0.21793565	-0.122663714
-0.090524316	0.08507564	-0.15260288	0.15082484	-0.14680164	0.14089759	-0.14855808	0.21690391	-0.21013597	0.15020539	-0.13367906	0.2838501	-0.53825915	0.25745925	-0.19687401	0.16422291	-0.5149289	1.0000004	-0.48935592	0.17228144
0.083000794	-0.080138914	0.15341794	-0.1822788	0.15993683	-0.13380525	0.1292258	-0.2319491	0.24947838	-0.19952002	0.114979565	-0.2144412	0.2739301	-0.56273085	0.26806298	-0.15850306	0.21793565	-0.48935592	1.0000002	-0.3972443
-0.051724955	0.048585385	-0.09584366	0.10995945	-0.111259475	0.07834793	-0.07725676	0.12769604	-0.14768052	0.12899758	-0.0686696	0.11376474	-0.15312468	0.2089193	-0.85613155	0.09304803	-0.122663714	0.17228144	-0.3972443	1.0000002
