0.19323625788092613
1.9275303073227406
0.026419296860694885
0.5030929781496525
1.5466427449136972
1.7269605919718742
1.6074266694486141
1.4582947194576263
1.6193490531295538
1.9117356911301613
1.1483196467161179
1.6152504906058311
1.0786430891603231
0.011733068153262138
0.6735878214240074
1.8598601706326008
1.464064434170723
0.5091621987521648
1.2227144464850426
1.7112088929861784
1.2732274048030376
1.8416753634810448
1.5940599162131548
0.9766451213508844
1.0097596365958452
1.9296817164868116
0.1828704383224249
0.24187316186726093
0.9909106679260731
0.6954600978642702
1.9900414049625397
