1.0000001	-0.50442094	0.18292126	-0.15355721	0.20436174	-0.50094086	0.3071757	-0.22308174	0.15021248	-0.17318992	0.23950286	-0.4734081	0.14890239	-0.16401044	0.15934305	-0.15829904	0.1708321	-0.093274854	0.08008074	-0.19914849
-0.50442094	1.0000002	-0.2465201	0.15556926	-0.17825074	0.2097698	-0.74841297	0.20220378	-0.13509212	0.13324103	-0.11683154	0.21522602	-0.10627012	0.1086653	-0.10775363	0.07470165	-0.0860793	0.05910693	-0.051275384	0.12242278
0.18292126	-0.2465201	1.0000001	-0.742647	0.30381325	-0.1457128	0.20144247	-0.3891228	0.22094762	-0.24713421	0.0840141	-0.16705671	0.14762972	-0.16260797	0.15506311	-0.056829624	0.065303795	-0.08727474	0.07483063	-0.19105943
-0.15355721	0.15556926	-0.742647	1.0	-0.53135747	0.112040706	-0.16194025	0.24418968	-0.22705287	0.21310784	-0.06551058	0.1284061	-0.11737331	0.124438524	-0.1334894	0.04432132	-0.05136798	0.068297215	-0.059196647	0.153122
0.20436174	-0.17825074	0.30381325	-0.53135747	0.9999999	-0.19283262	0.19116344	-0.36769354	0.2739794	-0.45820755	0.1116781	-0.22770011	0.18733492	-0.2224674	0.24069428	-0.07689236	0.08776902	-0.13182263	0.11238176	-0.32595053
-0.50094086	0.2097698	-0.1457128	0.112040706	-0.19283262	0.9999999	-0.29529288	0.15276344	-0.11733565	0.1221007	-0.5981464	0.3286856	-0.11312763	0.11125992	-0.12676466	0.23831566	-0.3209253	0.06571124	-0.0579156	0.12834778
0.3071757	-0.74841297	0.20144247	-0.16194025	0.19116344	-0.29529288	0.99999994	-0.30832246	0.16260913	-0.1672722	0.15495671	-0.3114774	0.13525563	-0.14142583	0.13143553	-0.09934781	0.11192888	-0.07530284	0.06495975	-0.15213187
-0.22308174	0.20220378	-0.3891228	0.24418968	-0.36769354	0.15276344	-0.30832246	0.99999964	-0.5712396	0.29491994	-0.0944902	0.17929009	-0.33662957	0.23890786	-0.22155122	0.06312121	-0.075437784	0.11420366	-0.10205257	0.20002255
0.15021248	-0.13509212	0.22094762	-0.22705287	0.2739794	-0.11733565	0.16260913	-0.5712396	0.9999995	-0.664104	0.071097754	-0.13973227	0.18789317	-0.21289244	0.20943952	-0.048337683	0.05690407	-0.0987475	0.086820796	-0.20536883
-0.17318992	0.13324103	-0.24713421	0.21310784	-0.45820755	0.1221007	-0.1672722	0.29491994	-0.664104	0.99999917	-0.074579775	0.14311059	-0.1714951	0.17500903	-0.3715117	0.051020063	-0.060638633	0.09907657	-0.08886092	0.24540956
0.23950286	-0.11683154	0.0840141	-0.06551058	0.1116781	-0.5981464	0.15495671	-0.0944902	0.071097754	-0.074579775	0.9999993	-0.54281574	0.08535231	-0.08336024	0.07898595	-0.45841736	0.29670987	-0.04752008	0.041424982	-0.08204957
-0.4734081	0.21522602	-0.16705671	0.1284061	-0.22770011	0.3286856	-0.3114774	0.17929009	-0.13973227	0.14311059	-0.54281574	0.99999887	-0.18212561	0.15453184	-0.15556444	0.24550557	-0.3566506	0.08528708	-0.0758051	0.15229481
0.14890239	-0.10627012	0.14762972	-0.11737331	0.18733492	-0.11312763	0.13525563	-0.33662957	0.18789317	-0.1714951	0.08535231	-0.18212561	0.9999986	-0.816283	0.18855561	-0.057032324	0.07106866	-0.25752687	0.20158356	-0.19571115
-0.16401044	0.1086653	-0.16260797	0.124438524	-0.2224674	0.11125992	-0.14142583	0.23890786	-0.21289244	0.17500903	-0.08336024	0.15453184	-0.816283	0.9999989	-0.24581064	0.056129523	-0.07173596	0.2170324	-0.2662031	0.20082399
0.15934305	-0.10775363	0.15506311	-0.1334894	0.24069428	-0.12676466	0.13143553	-0.22155122	0.20943952	-0.3715117	0.07898595	-0.15556444	0.18855561	-0.24581064	0.9999988	-0.056141373	0.06676207	-0.19765495	0.17436449	-0.7884004
-0.15829904	0.07470165	-0.056829624	0.04432132	-0.07689236	0.23831566	-0.09934781	0.06312121	-0.048337683	0.051020063	-0.45841736	0.24550557	-0.057032324	0.056129523	-0.056141373	0.99999917	-0.8250045	0.039290685	-0.034474958	0.058372524
0.1708321	-0.0860793	0.065303795	-0.05136798	0.08776902	-0.3209253	0.11192888	-0.075437784	0.05690407	-0.060638633	0.29670987	-0.3566506	0.07106866	-0.07173596	0.06676207	-0.8250045	0.9999993	-0.050833065	0.043178156	-0.07178252
-0.093274854	0.05910693	-0.08727474	0.068297215	-0.13182263	0.06571124	-0.07530284	0.11420366	-0.0987475	0.09907657	-0.04752008	0.08528708	-0.25752687	0.2170324	-0.19765495	0.039290685	-0.050833065	0.99999934	-0.9013375	0.1932901
0.08008074	-0.051275384	0.07483063	-0.059196647	0.11238176	-0.0579156	0.06495975	-0.10205257	0.086820796	-0.08886092	0.041424982	-0.0758051	0.20158356	-0.2662031	0.17436449	-0.034474958	0.043178156	-0.9013375	0.9999993	-0.2425023
-0.19914849	0.12242278	-0.19105943	0.153122	-0.32595053	0.12834778	-0.15213187	0.20002255	-0.20536883	0.24540956	-0.08204957	0.15229481	-0.19571115	0.20082399	-0.7884004	0.058372524	-0.07178252	0.1932901	-0.2425023	0.9999993
