1.0	-0.64596933	0.28557155	-0.21721998	0.20365699	-0.39519656	0.2531763	-0.31357786	0.17826125	-0.18929905	0.21406046	-0.20487255	0.17610307	-0.16813263	0.12274069	-0.17623183	0.13635105	-0.23122248	0.1396554	-0.16785185
-0.64596933	0.99999994	-0.58204657	0.21888517	-0.23243463	0.21169393	-0.2455388	0.21510497	-0.14311503	0.13533837	-0.17360993	0.15062319	-0.12681694	0.11979585	-0.08888835	0.11651454	-0.09516119	0.1509803	-0.09860104	0.11324607
0.28557155	-0.58204657	0.9999998	-0.50311714	0.28753206	-0.1570505	0.1585883	-0.35686255	0.20978574	-0.20384169	0.14297512	-0.13646452	0.17499653	-0.17941537	0.12997039	-0.14195992	0.111411884	-0.21437775	0.14016308	-0.16585694
-0.21721998	0.21888517	-0.50311714	0.999999	-0.7207435	0.1051571	-0.11220864	0.23022355	-0.28884506	0.20162186	-0.10693425	0.09481923	-0.13125235	0.17284653	-0.12937975	0.09902988	-0.08019601	0.15188774	-0.124437146	0.13986549
0.20365699	-0.23243463	0.28753206	-0.7207435	0.999999	-0.12022972	0.124087505	-0.3217834	0.2617029	-0.3092905	0.12586246	-0.11883612	0.17620668	-0.2376935	0.17641282	-0.14227395	0.11090984	-0.22449961	0.17068912	-0.2092723
-0.39519656	0.21169393	-0.1570505	0.1051571	-0.12022972	0.999999	-0.7075588	0.16429007	-0.09703757	0.0941845	-0.4619222	0.29348502	-0.116358824	0.08644553	-0.06396612	0.14805174	-0.12914357	0.13689612	-0.07774621	0.086008966
0.2531763	-0.2455388	0.1585883	-0.11220864	0.124087505	-0.7075588	0.99999934	-0.19828083	0.10767813	-0.1051276	0.31223834	-0.4974708	0.13521186	-0.09709163	0.071392395	-0.18109038	0.15313472	-0.16159295	0.087344974	-0.09688912
-0.31357786	0.21510497	-0.35686255	0.23022355	-0.3217834	0.16429007	-0.19828083	0.99999946	-0.41380012	0.22690867	-0.19753318	0.16629885	-0.5396053	0.22400051	-0.16888326	0.162237	-0.15296789	0.29102784	-0.20344241	0.1866477
0.17826125	-0.14311503	0.20978574	-0.28884506	0.2617029	-0.09703757	0.10767813	-0.41380012	0.99999934	-0.53966886	0.11287912	-0.099732354	0.1991724	-0.5314466	0.29094723	-0.113088004	0.096444726	-0.20569971	0.23165971	-0.2560951
-0.18929905	0.13533837	-0.20384169	0.20162186	-0.3092905	0.0941845	-0.1051276	0.22690867	-0.53966886	0.99999905	-0.11139642	0.09223744	-0.16313134	0.32283834	-0.6146355	0.096294686	-0.08486697	0.16374567	-0.26182067	0.24991208
0.21406046	-0.17360993	0.14297512	-0.10693425	0.12586246	-0.4619222	0.31223834	-0.19753318	0.11287912	-0.11139642	0.9999991	-0.71040905	0.15895128	-0.10474865	0.07721757	-0.2909014	0.21908882	-0.19715607	0.09886786	-0.10752653
-0.20487255	0.15062319	-0.13646452	0.09481923	-0.11883612	0.29348502	-0.4974708	0.16629885	-0.099732354	0.09223744	-0.71040905	0.999999	-0.17082778	0.08852367	-0.065855406	0.2344931	-0.29355145	0.17576714	-0.08763368	0.08940894
0.17610307	-0.12681694	0.17499653	-0.13125235	0.17620668	-0.116358824	0.13521186	-0.5396053	0.1991724	-0.16313134	0.15895128	-0.17082778	0.99999905	-0.19130486	0.12900002	-0.21090141	0.18857573	-0.69752806	0.18661873	-0.17710671
-0.16813263	0.11979585	-0.17941537	0.17284653	-0.2376935	0.08644553	-0.09709163	0.22400051	-0.5314466	0.32283834	-0.10474865	0.08852367	-0.19130486	0.999999	-0.576127	0.09657188	-0.08676153	0.18120058	-0.40884817	0.28934994
0.12274069	-0.08888835	0.12997039	-0.12937975	0.17641282	-0.06396612	0.071392395	-0.16888326	0.29094723	-0.6146355	0.07721757	-0.065855406	0.12900002	-0.576127	0.999999	-0.07386451	0.06513849	-0.13820207	0.27042142	-0.41343608
-0.17623183	0.11651454	-0.14195992	0.09902988	-0.14227395	0.14805174	-0.18109038	0.162237	-0.113088004	0.096294686	-0.2909014	0.2344931	-0.21090141	0.09657188	-0.07386451	0.9999988	-0.84292305	0.23350884	-0.11306304	0.0995991
0.13635105	-0.09516119	0.111411884	-0.08019601	0.11090984	-0.12914357	0.15313472	-0.15296789	0.096444726	-0.08486697	0.21908882	-0.29355145	0.18857573	-0.08676153	0.06513849	-0.84292305	0.9999988	-0.3245932	0.102118336	-0.09300665
-0.23122248	0.1509803	-0.21437775	0.15188774	-0.22449961	0.13689612	-0.16159295	0.29102784	-0.20569971	0.16374567	-0.19715607	0.17576714	-0.69752806	0.18120058	-0.13820207	0.23350884	-0.3245932	0.99999905	-0.2875446	0.19740494
0.1396554	-0.09860104	0.14016308	-0.124437146	0.17068912	-0.07774621	0.087344974	-0.20344241	0.23165971	-0.26182067	0.09886786	-0.08763368	0.18661873	-0.40884817	0.27042142	-0.11306304	0.102118336	-0.2875446	0.99999917	-0.76439905
-0.16785185	0.11324607	-0.16585694	0.13986549	-0.2092723	0.086008966	-0.09688912	0.1866477	-0.2560951	0.24991208	-0.10752653	0.08940894	-0.17710671	0.28934994	-0.41343608	0.0995991	-0.09300665	0.19740494	-0.76439905	0.99999917
