1.0	-0.19871944	0.1251825	-0.076112516	0.08451935	-0.85894215	0.14092937	-0.12537	0.0646647	-0.056753013	0.25203034	-0.19378124	0.11663237	-0.06230706	0.06443189	-0.2674219	0.14776735	-0.12047236	0.09021439	-0.12649237
-0.19871944	1.0000001	-0.71350306	0.24143432	-0.297836	0.14841962	-0.44843528	0.2958008	-0.14520732	0.12634626	-0.0931695	0.08075877	-0.08951032	0.099415995	-0.12034319	0.08756962	-0.06819206	0.0784117	-0.0669012	0.08366044
0.1251825	-0.71350306	1.0000004	-0.38826835	0.24639595	-0.11736283	0.28059933	-0.4320036	0.12936448	-0.11835043	0.07525964	-0.07106946	0.08196027	-0.09261205	0.10191218	-0.07529055	0.058814477	-0.073229745	0.059061173	-0.076860145
-0.076112516	0.24143432	-0.38826835	1.0000002	-0.7848497	0.06812916	-0.13619713	0.15459548	-0.29417786	0.23284076	-0.059291467	0.060942918	-0.08228105	0.15849306	-0.18906888	0.058610164	-0.052147873	0.071625926	-0.064742915	0.08046603
0.08451935	-0.297836	0.24639595	-0.7848497	1.0000001	-0.07958221	0.13558201	-0.16845292	0.23958932	-0.36194927	0.066608384	-0.069593765	0.08927151	-0.17484447	0.18919253	-0.068498045	0.05875972	-0.08169151	0.07168358	-0.09430417
-0.85894215	0.14841962	-0.11736283	0.06812916	-0.07958221	1.0000004	-0.15489812	0.115139216	-0.05879783	0.050743107	-0.36501175	0.16479996	-0.10449732	0.054912027	-0.05802421	0.2059189	-0.13263065	0.099077016	-0.075540334	0.098148346
0.14092937	-0.44843528	0.28059933	-0.13619713	0.13558201	-0.15489812	1.0000004	-0.81436545	0.08494905	-0.07477441	0.085146055	-0.07916275	0.0920416	-0.06795241	0.07187511	-0.08022514	0.06358496	-0.080800414	0.05810877	-0.07600521
-0.12537	0.2958008	-0.4320036	0.15459548	-0.16845292	0.115139216	-0.81436545	1.0000005	-0.10080469	0.084841065	-0.078497335	0.07497863	-0.10568046	0.07511976	-0.08196094	0.07174981	-0.061677765	0.08173598	-0.05941395	0.07426604
0.0646647	-0.14520732	0.12936448	-0.29417786	0.23958932	-0.05879783	0.08494905	-0.10080469	1.0000008	-0.63545936	0.07221343	-0.091048405	0.14071469	-0.5763936	0.32643458	-0.073958986	0.07422988	-0.12676363	0.10470836	-0.13425694
-0.056753013	0.12634626	-0.11835043	0.23284076	-0.36194927	0.050743107	-0.07477441	0.084841065	-0.63545936	1.0000005	-0.06136037	0.07200904	-0.113313	0.31091392	-0.57127464	0.06087598	-0.061462	0.09653245	-0.090980716	0.11057448
0.25203034	-0.0931695	0.07525964	-0.059291467	0.066608384	-0.36501175	0.085146055	-0.078497335	0.07221343	-0.06136037	1.0000004	-0.5257547	0.20668124	-0.0828504	0.07931822	-0.61667114	0.30549157	-0.21174213	0.13678765	-0.1851877
-0.19378124	0.08075877	-0.07106946	0.060942918	-0.069593765	0.16479996	-0.07916275	0.07497863	-0.091048405	0.07200904	-0.5257547	1.0000002	-0.42722315	0.10870958	-0.10270366	0.31336403	-0.59369004	0.26050678	-0.1601672	0.1781247
0.11663237	-0.08951032	0.08196027	-0.08228105	0.08927151	-0.10449732	0.0920416	-0.10568046	0.14071469	-0.113313	0.20668124	-0.42722315	1.0000002	-0.23283197	0.161173	-0.20976317	0.2546007	-0.71134114	0.2452427	-0.31187618
-0.06230706	0.099415995	-0.09261205	0.15849306	-0.17484447	0.054912027	-0.06795241	0.07511976	-0.5763936	0.31091392	-0.0828504	0.10870958	-0.23283197	1.0000001	-0.67821836	0.08091042	-0.08991424	0.15716742	-0.14258398	0.15486659
0.06443189	-0.12034319	0.10191218	-0.18906888	0.18919253	-0.05802421	0.07187511	-0.08196094	0.32643458	-0.57127464	0.07931822	-0.10270366	0.161173	-0.67821836	1.0	-0.08132273	0.0840797	-0.14817119	0.12918924	-0.1765184
-0.2674219	0.08756962	-0.07529055	0.058610164	-0.068498045	0.2059189	-0.08022514	0.07174981	-0.073958986	0.06087598	-0.61667114	0.31336403	-0.20976317	0.08091042	-0.08132273	1.0	-0.6152346	0.19456556	-0.1373831	0.15220524
0.14776735	-0.06819206	0.058814477	-0.052147873	0.05875972	-0.13263065	0.06358496	-0.061677765	0.07422988	-0.061462	0.30549157	-0.59369004	0.2546007	-0.08991424	0.0840797	-0.6152346	1.0	-0.33503595	0.16018777	-0.19753064
-0.12047236	0.0784117	-0.073229745	0.071625926	-0.08169151	0.099077016	-0.080800414	0.08173598	-0.12676363	0.09653245	-0.21174213	0.26050678	-0.71134114	0.15716742	-0.14817119	0.19456556	-0.33503595	1.0	-0.4272823	0.27690786
0.09021439	-0.0669012	0.059061173	-0.064742915	0.07168358	-0.075540334	0.05810877	-0.05941395	0.10470836	-0.090980716	0.13678765	-0.1601672	0.2452427	-0.14258398	0.12918924	-0.1373831	0.16018777	-0.4272823	0.9999998	-0.83018744
-0.12649237	0.08366044	-0.076860145	0.08046603	-0.09430417	0.098148346	-0.07600521	0.07426604	-0.13425694	0.11057448	-0.1851877	0.1781247	-0.31187618	0.15486659	-0.1765184	0.15220524	-0.19753064	0.27690786	-0.83018744	0.9999998
