1.0	-0.42174023	0.2781796	-0.14083883	0.10367079	-0.5747714	0.30741826	-0.228018	0.20721784	-0.16800652	0.26024106	-0.26086986	0.21847439	-0.30247146	0.15797588	-0.3389868	0.21052992	-0.20383869	0.18143499	-0.28559968
-0.42174023	0.99999994	-0.7805325	0.104346186	-0.081370935	0.23570485	-0.32603994	0.19916782	-0.18542588	0.1029137	-0.1633772	0.17189093	-0.14698473	0.17439663	-0.1029844	0.1778364	-0.12956846	0.1219157	-0.10603555	0.15588848
0.2781796	-0.7805325	0.9999998	-0.14995818	0.10594814	-0.24009229	0.24873489	-0.28550723	0.21007262	-0.14122224	0.17478535	-0.19472913	0.17143784	-0.2338101	0.13341542	-0.22537486	0.15523653	-0.15237248	0.13780583	-0.21201578
-0.14083883	0.104346186	-0.14995818	1.0000001	-0.85494524	0.09452512	-0.11205118	0.12927386	-0.1858449	0.2647474	-0.090572566	0.090072036	-0.102183424	0.14186181	-0.3101826	0.100769795	-0.09706616	0.085573226	-0.088850886	0.1213253
0.10367079	-0.081370935	0.10594814	-0.85494524	1.0	-0.07373721	0.08492061	-0.10421202	0.12927644	-0.40103382	0.070754275	-0.07200753	0.08097016	-0.122268185	0.24125643	-0.08238212	0.0764447	-0.069875546	0.073806204	-0.10521425
-0.5747714	0.23570485	-0.24009229	0.09452512	-0.07373721	0.99999994	-0.58841187	0.20420954	-0.20428485	0.10686868	-0.3955918	0.26748243	-0.20194837	0.20108174	-0.11013905	0.2490087	-0.17906441	0.15903701	-0.12749949	0.17762329
0.30741826	-0.32603994	0.24873489	-0.11205118	0.08492061	-0.58841187	1.0000001	-0.3456641	0.23846996	-0.12728435	0.27903646	-0.44226098	0.23709297	-0.25082678	0.12694637	-0.26737276	0.18977387	-0.1889439	0.1506946	-0.21423118
-0.228018	0.19916782	-0.28550723	0.12927386	-0.10421202	0.20420954	-0.3456641	1.0000001	-0.78855336	0.124045745	-0.1742047	0.19736364	-0.24143001	0.2252238	-0.13072824	0.18194677	-0.15941541	0.15684152	-0.13457331	0.17423454
0.20721784	-0.18542588	0.21007262	-0.1858449	0.12927644	-0.20428485	0.23846996	-0.78855336	1.0000002	-0.1678583	0.17147078	-0.20095451	0.21151574	-0.32079756	0.15985368	-0.20564777	0.16762635	-0.17393012	0.16316125	-0.2253666
-0.16800652	0.1029137	-0.14122224	0.2647474	-0.40103382	0.10686868	-0.12728435	0.124045745	-0.1678583	1.0	-0.10968011	0.10635912	-0.12963192	0.1924829	-0.7944976	0.11918192	-0.12595025	0.10870787	-0.12448532	0.16434418
0.26024106	-0.1633772	0.17478535	-0.090572566	0.070754275	-0.3955918	0.27903646	-0.1742047	0.17147078	-0.10968011	0.9999999	-0.5668626	0.26045328	-0.23582609	0.116284676	-0.56296724	0.24617313	-0.22730319	0.1545327	-0.20734501
-0.26086986	0.17189093	-0.19472913	0.090072036	-0.07200753	0.26748243	-0.44226098	0.19736364	-0.20095451	0.10635912	-0.5668626	0.9999998	-0.50565976	0.23586774	-0.118466556	0.28243423	-0.25475195	0.23312528	-0.16001461	0.19198301
0.21847439	-0.14698473	0.17143784	-0.102183424	0.08097016	-0.20194837	0.23709297	-0.24143001	0.21151574	-0.12963192	0.26045328	-0.50565976	1.0	-0.4261922	0.14587426	-0.2979983	0.28677925	-0.52954006	0.24082766	-0.271856
-0.30247146	0.17439663	-0.2338101	0.14186181	-0.122268185	0.20108174	-0.25082678	0.2252238	-0.32079756	0.1924829	-0.23582609	0.23586774	-0.4261922	1.0000001	-0.2984973	0.23715398	-0.30054754	0.2775834	-0.5118561	0.317442
0.15797588	-0.1029844	0.13341542	-0.3101826	0.24125643	-0.11013905	0.12694637	-0.13072824	0.15985368	-0.7944976	0.116284676	-0.118466556	0.14587426	-0.2984973	1.0000002	-0.13675141	0.13738565	-0.1313548	0.1618155	-0.24720527
-0.3389868	0.1778364	-0.22537486	0.100769795	-0.08238212	0.2490087	-0.26737276	0.18194677	-0.20564777	0.11918192	-0.56296724	0.28243423	-0.2979983	0.23715398	-0.13675141	1.0	-0.5307089	0.26107046	-0.17707571	0.21586455
0.21052992	-0.12956846	0.15523653	-0.09706616	0.0764447	-0.17906441	0.18977387	-0.15941541	0.16762635	-0.12595025	0.24617313	-0.25475195	0.28677925	-0.30054754	0.13738565	-0.5307089	0.99999994	-0.61652637	0.24067375	-0.31702304
-0.20383869	0.1219157	-0.15237248	0.085573226	-0.069875546	0.15903701	-0.1889439	0.15684152	-0.17393012	0.10870787	-0.22730319	0.23312528	-0.52954006	0.2775834	-0.1313548	0.26107046	-0.61652637	0.99999994	-0.37584114	0.2656724
0.18143499	-0.10603555	0.13780583	-0.088850886	0.073806204	-0.12749949	0.1506946	-0.13457331	0.16316125	-0.12448532	0.1545327	-0.16001461	0.24082766	-0.5118561	0.1618155	-0.17707571	0.24067375	-0.37584114	0.9999999	-0.69852006
-0.28559968	0.15588848	-0.21201578	0.1213253	-0.10521425	0.17762329	-0.21423118	0.17423454	-0.2253666	0.16434418	-0.20734501	0.19198301	-0.271856	0.317442	-0.24720527	0.21586455	-0.31702304	0.2656724	-0.69852006	0.9999999
