1.0000001	-0.8603305	0.09968082	-0.057836767	0.07873217	-0.36093646	0.23130752	-0.14766325	0.063957006	-0.051897015	0.16280437	-0.15763658	0.11835617	-0.05804817	0.061271515	-0.17795074	0.1849868	-0.09484111	0.07926719	-0.113222964
-0.8603305	1.0000001	-0.13004875	0.07271727	-0.101319805	0.25002193	-0.28871176	0.15764935	-0.07921709	0.06403338	-0.16660468	0.16888922	-0.139361	0.070042014	-0.07573852	0.16003536	-0.24363713	0.109515406	-0.095541745	0.12760688
0.09968082	-0.13004875	1.0	-0.6495018	0.30823615	-0.111547515	0.13092123	-0.36854017	0.21868913	-0.21581863	0.08559718	-0.17186366	0.19578262	-0.19633284	0.19456644	-0.10423246	0.19090204	-0.23778078	0.19799101	-0.43669975
-0.057836767	0.07271727	-0.6495018	1.0	-0.61126065	0.0645924	-0.07748537	0.19282867	-0.27568772	0.22659686	-0.05069791	0.102037214	-0.12243543	0.17656375	-0.19461353	0.06091628	-0.11755401	0.14704397	-0.135333	0.24910973
0.07873217	-0.101319805	0.30823615	-0.61126065	1.0	-0.0902796	0.10536172	-0.26241618	0.2666486	-0.45371285	0.07006048	-0.1421424	0.16091213	-0.23217581	0.25013554	-0.085698135	0.15972303	-0.21315895	0.18520845	-0.39285374
-0.36093646	0.25002193	-0.111547515	0.0645924	-0.0902796	0.99999994	-0.66097033	0.18093477	-0.07589685	0.06015205	-0.45135742	0.22871386	-0.16845955	0.069197156	-0.07208734	0.27163363	-0.27528656	0.1151553	-0.096537285	0.12295785
0.23130752	-0.28871176	0.13092123	-0.07748537	0.10536172	-0.66097033	0.99999976	-0.2894775	0.09215149	-0.0729631	0.24408726	-0.43871588	0.22349879	-0.0860799	0.08674315	-0.28868407	0.27189332	-0.14566176	0.116543524	-0.15375812
-0.14766325	0.15764935	-0.36854017	0.19282867	-0.26241618	0.18093477	-0.2894775	0.9999999	-0.23462938	0.17020725	-0.1516186	0.29746044	-0.6049658	0.19021267	-0.19860052	0.16147017	-0.37011164	0.2502392	-0.23836052	0.2653809
0.063957006	-0.07921709	0.21868913	-0.27568772	0.2666486	-0.07589685	0.09215149	-0.23462938	0.9999998	-0.5433159	0.05995997	-0.13007404	0.16301845	-0.6201928	0.3277019	-0.07210961	0.14338118	-0.21689098	0.21027382	-0.29776692
-0.051897015	0.06403338	-0.21581863	0.22659686	-0.45371285	0.06015205	-0.0729631	0.17020725	-0.5433159	0.99999976	-0.048030686	0.10011895	-0.12520476	0.30436	-0.5953818	0.0574796	-0.11633083	0.15878992	-0.16508463	0.24600235
0.16280437	-0.16660468	0.08559718	-0.05069791	0.07006048	-0.45135742	0.24408726	-0.1516186	0.05995997	-0.048030686	0.99999994	-0.19005166	0.1256909	-0.05596684	0.057449434	-0.7931311	0.23171166	-0.10033014	0.07921593	-0.10878792
-0.15763658	0.16888922	-0.17186366	0.102037214	-0.1421424	0.22871386	-0.43871588	0.29746044	-0.13007404	0.10011895	-0.19005166	1.0000002	-0.5657733	0.12510881	-0.12367232	0.1979938	-0.5347383	0.2121292	-0.17381418	0.19603042
0.11835617	-0.139361	0.19578262	-0.12243543	0.16091213	-0.16845955	0.22349879	-0.6049658	0.16301845	-0.12520476	0.1256909	-0.5657733	1.0000001	-0.18406165	0.15188594	-0.14688398	0.289668	-0.34329686	0.21571933	-0.24409
-0.05804817	0.070042014	-0.19633284	0.17656375	-0.23217581	0.069197156	-0.0860799	0.19021267	-0.6201928	0.30436	-0.05596684	0.12510881	-0.18406165	1.0000001	-0.58661246	0.06635341	-0.14108667	0.21695074	-0.3160575	0.25782597
0.061271515	-0.07573852	0.19456644	-0.19461353	0.25013554	-0.07208734	0.08674315	-0.19860052	0.3277019	-0.5953818	0.057449434	-0.12367232	0.15188594	-0.58661246	1.0000001	-0.06916623	0.13985184	-0.21099858	0.21234518	-0.35507968
-0.17795074	0.16003536	-0.10423246	0.06091628	-0.085698135	0.27163363	-0.28868407	0.16147017	-0.07210961	0.0574796	-0.7931311	0.1979938	-0.14688398	0.06635341	-0.06916623	0.9999998	-0.38364753	0.118182965	-0.096428476	0.123867296
0.1849868	-0.24363713	0.19090204	-0.11755401	0.15972303	-0.27528656	0.27189332	-0.37011164	0.14338118	-0.11633083	0.23171166	-0.5347383	0.289668	-0.14108667	0.13985184	-0.38364753	0.99999976	-0.32766783	0.21241318	-0.31447023
-0.09484111	0.109515406	-0.23778078	0.14704397	-0.21315895	0.1151553	-0.14566176	0.2502392	-0.21689098	0.15878992	-0.10033014	0.2121292	-0.34329686	0.21695074	-0.21099858	0.118182965	-0.32766783	0.9999996	-0.72857374	0.29119444
0.07926719	-0.095541745	0.19799101	-0.135333	0.18520845	-0.096537285	0.116543524	-0.23836052	0.21027382	-0.16508463	0.07921593	-0.17381418	0.21571933	-0.3160575	0.21234518	-0.096428476	0.21241318	-0.72857374	0.9999996	-0.46324608
-0.113222964	0.12760688	-0.43669975	0.24910973	-0.39285374	0.12295785	-0.15375812	0.2653809	-0.29776692	0.24600235	-0.10878792	0.19603042	-0.24409	0.25782597	-0.35507968	0.123867296	-0.31447023	0.29119444	-0.46324608	0.9999996
