0.99999994	-0.8678842	0.11924243	-0.09865208	0.10094055	-0.35515964	0.19906574	-0.15142901	0.14268363	-0.073513165	0.16174956	-0.1870213	0.07717949	-0.07392758	0.07372767	-0.16606566	0.13701127	-0.074494466	0.11515065	-0.07860251
-0.8678842	0.99999976	-0.15599993	0.1151609	-0.12324142	0.2468096	-0.2649451	0.16783898	-0.17645088	0.08777924	-0.15774757	0.17923462	-0.08842236	0.08385142	-0.08732519	0.15876594	-0.15859847	0.08532601	-0.13430464	0.090154275
0.11924243	-0.15599993	0.99999946	-0.8405058	0.18455735	-0.1817586	0.17543225	-0.3176094	0.26787278	-0.15401687	0.1155744	-0.17451376	0.08519382	-0.088975936	0.11793346	-0.15287602	0.113522395	-0.07212378	0.103591815	-0.14453901
-0.09865208	0.1151609	-0.8405058	0.9999991	-0.239743	0.14156611	-0.14896981	0.22727334	-0.38167644	0.16790468	-0.09269835	0.13642055	-0.07535258	0.07858604	-0.12166348	0.122836694	-0.09805786	0.0625795	-0.09120828	0.1362016
0.10094055	-0.12324142	0.18455735	-0.239743	0.9999993	-0.20084457	0.16018556	-0.23898238	0.2826713	-0.720647	0.12754871	-0.18707116	0.101023875	-0.11182091	0.289641	-0.18887573	0.13606764	-0.089070626	0.13040137	-0.41273862
-0.35515964	0.2468096	-0.1817586	0.14156611	-0.20084457	0.9999993	-0.37759	0.23459263	-0.27957645	0.1391791	-0.5485498	0.31429696	-0.1635608	0.15159415	-0.14584659	0.30094692	-0.32186586	0.16477734	-0.26491645	0.14590812
0.19906574	-0.2649451	0.17543225	-0.14896981	0.16018556	-0.37759	0.9999992	-0.59014535	0.26230192	-0.1264962	0.24904346	-0.5279469	0.13202007	-0.12622713	0.116738066	-0.24669637	0.19035031	-0.11374023	0.1640991	-0.12647757
-0.15142901	0.16783898	-0.3176094	0.22727334	-0.23898238	0.23459263	-0.59014535	0.99999934	-0.5476907	0.18769124	-0.17395343	0.2575426	-0.16617535	0.14556316	-0.1576842	0.19782183	-0.18345343	0.11921595	-0.16913971	0.15872537
0.14268363	-0.17645088	0.26787278	-0.38167644	0.2826713	-0.27957645	0.26230192	-0.5476907	0.9999993	-0.39527425	0.17803916	-0.27775568	0.14467336	-0.16564691	0.20878044	-0.240092	0.17484805	-0.11736255	0.16523391	-0.24557674
-0.073513165	0.08777924	-0.15401687	0.16790468	-0.720647	0.1391791	-0.1264962	0.18769124	-0.39527425	0.9999996	-0.090539485	0.13278544	-0.082668	0.09176353	-0.4504864	0.13063431	-0.10299389	0.06876722	-0.10166309	0.29179507
0.16174956	-0.15774757	0.1155744	-0.09269835	0.12754871	-0.5485498	0.24904346	-0.17395343	0.17803916	-0.090539485	0.9999997	-0.5616089	0.12276023	-0.11339314	0.09584578	-0.51460195	0.23641053	-0.122429684	0.1871753	-0.098623574
-0.1870213	0.17923462	-0.17451376	0.13642055	-0.18707116	0.31429696	-0.5279469	0.2575426	-0.27775568	0.13278544	-0.5616089	0.99999976	-0.17702124	0.1532726	-0.1354275	0.29071185	-0.29109132	0.15599804	-0.23749729	0.13669361
0.07717949	-0.08842236	0.08519382	-0.07535258	0.101023875	-0.1635608	0.13202007	-0.16617535	0.14467336	-0.082668	0.12276023	-0.17702124	0.9999998	-0.77563345	0.10387577	-0.21536642	0.24375534	-0.45271462	0.30269587	-0.11626147
-0.07392758	0.08385142	-0.088975936	0.07858604	-0.11182091	0.15159415	-0.12622713	0.14556316	-0.16564691	0.09176353	-0.11339314	0.1532726	-0.77563345	0.9999995	-0.12766758	0.19512449	-0.2693962	0.2920257	-0.4655197	0.12642922
0.07372767	-0.08732519	0.11793346	-0.12166348	0.289641	-0.14584659	0.116738066	-0.1576842	0.20878044	-0.4504864	0.09584578	-0.1354275	0.10387577	-0.12766758	0.99999946	-0.15089257	0.12446785	-0.08794541	0.13219242	-0.79826164
-0.16606566	0.15876594	-0.15287602	0.122836694	-0.18887573	0.30094692	-0.24669637	0.19782183	-0.240092	0.13063431	-0.51460195	0.29071185	-0.21536642	0.19512449	-0.15089257	0.99999934	-0.5322181	0.24075279	-0.38405806	0.15415013
0.13701127	-0.15859847	0.113522395	-0.09805786	0.13606764	-0.32186586	0.19035031	-0.18345343	0.17484805	-0.10299389	0.23641053	-0.29109132	0.24375534	-0.2693962	0.12446785	-0.5322181	0.99999887	-0.5622304	0.31635484	-0.15288053
-0.074494466	0.08532601	-0.07212378	0.0625795	-0.089070626	0.16477734	-0.11374023	0.11921595	-0.11736255	0.06876722	-0.122429684	0.15599804	-0.45271462	0.2920257	-0.08794541	0.24075279	-0.5622304	0.99999905	-0.59991115	0.102581404
0.11515065	-0.13430464	0.103591815	-0.09120828	0.13040137	-0.26491645	0.1640991	-0.16913971	0.16523391	-0.10166309	0.1871753	-0.23749729	0.30269587	-0.4655197	0.13219242	-0.38405806	0.31635484	-0.59991115	0.99999905	-0.1686749
-0.07860251	0.090154275	-0.14453901	0.1362016	-0.41273862	0.14590812	-0.12647757	0.15872537	-0.24557674	0.29179507	-0.098623574	0.13669361	-0.11626147	0.12642922	-0.79826164	0.15415013	-0.15288053	0.102581404	-0.1686749	0.99999905
