1.0000001	-0.49088013	0.12790981	-0.120358594	0.050132982	-0.7629852	0.29615918	-0.12641189	0.104470775	-0.046256594	0.2095417	-0.22497618	0.113296494	-0.09694336	0.09257851	-0.09754848	0.09756204	-0.07910065	0.071694165	-0.07103158	0.085269354	-0.079601415	0.08364363	-0.06285181	0.07792884
-0.49088013	1.0000001	-0.21711625	0.1537896	-0.059266698	0.2937225	-0.7400989	0.16307274	-0.1318945	0.05409886	-0.20520657	0.21359931	-0.13886307	0.110987686	-0.10466064	0.090294175	-0.1007795	0.08855056	-0.080664046	0.078272015	-0.086731724	0.077162445	-0.0939056	0.06864005	-0.084980704
0.12790981	-0.21711625	1.0000001	-0.7482803	0.12042718	-0.12308624	0.17348468	-0.44737145	0.27723417	-0.11552601	0.13536803	-0.16227642	0.22959606	-0.22097436	0.16683209	-0.07090454	0.081779	-0.14522576	0.13034761	-0.13091606	0.07415235	-0.07128796	0.13764313	-0.10640324	0.12198958
-0.120358594	0.1537896	-0.7482803	0.9999999	-0.17059241	0.10944924	-0.15788159	0.28047246	-0.4513826	0.14158463	-0.13726428	0.14890179	-0.23509325	0.22800042	-0.19452947	0.0705811	-0.08261058	0.14208297	-0.14120807	0.13650654	-0.07574652	0.07124832	-0.1466397	0.109823264	-0.1310913
0.050132982	-0.059266698	0.12042718	-0.17059241	1.0000001	-0.052120574	0.06177865	-0.12372897	0.17117679	-0.92321205	0.072507784	-0.08398241	0.109319314	-0.15556188	0.18904588	-0.04083474	0.04746029	-0.09177029	0.10083194	-0.13179973	0.044637088	-0.04369032	0.09091637	-0.08041768	0.092408136
-0.7629852	0.2937225	-0.12308624	0.10944924	-0.052120574	0.9999998	-0.41241425	0.12735985	-0.10937419	0.04735178	-0.3328236	0.23176613	-0.121499985	0.098894246	-0.09889975	0.119192764	-0.12080268	0.08344911	-0.07607155	0.07409679	-0.106867306	0.09239647	-0.09087217	0.066567466	-0.08397888
0.29615918	-0.7400989	0.17348468	-0.15788159	0.06177865	-0.41241425	0.99999994	-0.20563953	0.13758397	-0.05731707	0.22097217	-0.33484203	0.15620972	-0.12344834	0.11161189	-0.10291609	0.11272805	-0.09970666	0.08793624	-0.086093575	0.09460533	-0.08797786	0.102311336	-0.0754259	0.091667205
-0.12641189	0.16307274	-0.44737145	0.28047246	-0.12372897	0.12735985	-0.20563953	1.0000002	-0.43465632	0.114401504	-0.1719842	0.19952339	-0.6062591	0.2738453	-0.21523136	0.088318296	-0.105250806	0.21448347	-0.18077858	0.16320397	-0.09463086	0.09034471	-0.21151052	0.13997088	-0.16118117
0.104470775	-0.1318945	0.27723417	-0.4513826	0.17117679	-0.10937419	0.13758397	-0.43465632	1.0000001	-0.19711739	0.14549166	-0.1760967	0.27987272	-0.57916915	0.25481316	-0.08007542	0.093419686	-0.19506489	0.19987193	-0.20407319	0.08608259	-0.08450377	0.18047349	-0.15161856	0.16578694
-0.046256594	0.05409886	-0.11552601	0.14158463	-0.92321205	0.04735178	-0.05731707	0.114401504	-0.19711739	0.99999976	-0.0667537	0.07584067	-0.105384864	0.14914	-0.23556569	0.037247837	-0.04355823	0.08533717	-0.0982805	0.12358725	-0.04094231	0.03985093	-0.08631946	0.07461391	-0.08739867
0.2095417	-0.20520657	0.13536803	-0.13726428	0.072507784	-0.3328236	0.22097217	-0.1719842	0.14549166	-0.0667537	0.9999996	-0.6623128	0.18547578	-0.1516389	0.1468161	-0.4048274	0.25759894	-0.13614114	0.11744846	-0.11662502	0.22134724	-0.21502995	0.1434174	-0.10658203	0.13006063
-0.22497618	0.21359931	-0.16227642	0.14890179	-0.08398241	0.23176613	-0.33484203	0.19952339	-0.1760967	0.07584067	-0.6623128	0.99999964	-0.29024237	0.17156774	-0.17345923	0.24537343	-0.3264784	0.1589907	-0.1381438	0.12984265	-0.22920711	0.19665879	-0.1741507	0.11974865	-0.15080394
0.113296494	-0.13886307	0.22959606	-0.23509325	0.109319314	-0.121499985	0.15620972	-0.6062591	0.27987272	-0.105384864	0.18547578	-0.29024237	0.99999946	-0.40294096	0.22759217	-0.100059114	0.119203106	-0.40383616	0.2173258	-0.20214315	0.10479805	-0.10533502	0.24521093	-0.17267735	0.17822653
-0.09694336	0.110987686	-0.22097436	0.22800042	-0.15556188	0.098894246	-0.12344834	0.2738453	-0.57916915	0.14914	-0.1516389	0.17156774	-0.40294096	0.9999992	-0.45590755	0.0828217	-0.0990992	0.22790784	-0.33806652	0.2590349	-0.09167236	0.089269616	-0.22554454	0.18147907	-0.20505778
0.09257851	-0.10466064	0.16683209	-0.19452947	0.18904588	-0.09889975	0.11161189	-0.21523136	0.25481316	-0.23556569	0.1468161	-0.17345923	0.22759217	-0.45590755	0.99999875	-0.08600512	0.10051712	-0.23007798	0.2899254	-0.56550056	0.09522614	-0.09549414	0.21485129	-0.21092391	0.22444932
-0.09754848	0.090294175	-0.07090454	0.0705811	-0.04083474	0.119192764	-0.10291609	0.088318296	-0.08007542	0.037247837	-0.4048274	0.24537343	-0.100059114	0.0828217	-0.08600512	0.999999	-0.6243499	0.089209355	-0.07239462	0.06986056	-0.56136054	0.31534314	-0.10302263	0.06877378	-0.08195356
0.09756204	-0.1007795	0.081779	-0.08261058	0.04746029	-0.12080268	0.11272805	-0.105250806	0.093419686	-0.04355823	0.25759894	-0.3264784	0.119203106	-0.0990992	0.10051712	-0.6243499	0.99999905	-0.116253786	0.08753257	-0.08476086	0.32771605	-0.58318716	0.12887397	-0.08488433	0.09671297
-0.07910065	0.08855056	-0.14522576	0.14208297	-0.09177029	0.08344911	-0.09970666	0.21448347	-0.19506489	0.08533717	-0.13614114	0.1589907	-0.40383616	0.22790784	-0.23007798	0.089209355	-0.116253786	0.9999992	-0.41171283	0.23733415	-0.106689334	0.11563378	-0.6790814	0.250778	-0.247498
0.071694165	-0.080664046	0.13034761	-0.14120807	0.10083194	-0.07607155	0.08793624	-0.18077858	0.19987193	-0.0982805	0.11744846	-0.1381438	0.2173258	-0.33806652	0.2899254	-0.07239462	0.08753257	-0.41171283	0.99999905	-0.6345872	0.08278129	-0.0869104	0.2748438	-0.376795	0.26158628
-0.07103158	0.078272015	-0.13091606	0.13650654	-0.13179973	0.07409679	-0.086093575	0.16320397	-0.20407319	0.12358725	-0.11662502	0.12984265	-0.20214315	0.2590349	-0.56550056	0.06986056	-0.08476086	0.23733415	-0.6345872	0.9999989	-0.08107472	0.081689574	-0.25320706	0.2357277	-0.29045734
0.085269354	-0.086731724	0.07415235	-0.07574652	0.044637088	-0.106867306	0.09460533	-0.09463086	0.08608259	-0.04094231	0.22134724	-0.22920711	0.10479805	-0.09167236	0.09522614	-0.56136054	0.32771605	-0.106689334	0.08278129	-0.08107472	0.99999905	-0.6975846	0.12692739	-0.08342698	0.09393548
-0.079601415	0.077162445	-0.07128796	0.07124832	-0.04369032	0.09239647	-0.08797786	0.09034471	-0.08450377	0.03985093	-0.21502995	0.19665879	-0.10533502	0.089269616	-0.09549414	0.31534314	-0.58318716	0.11563378	-0.0869104	0.081689574	-0.6975846	0.9999989	-0.16492856	0.08888722	-0.099868156
0.08364363	-0.0939056	0.13764313	-0.1466397	0.09091637	-0.09087217	0.102311336	-0.21151052	0.18047349	-0.08631946	0.1434174	-0.1741507	0.24521093	-0.22554454	0.21485129	-0.10302263	0.12887397	-0.6790814	0.2748438	-0.25320706	0.12692739	-0.16492856	0.999999	-0.4268276	0.26722193
-0.06285181	0.06864005	-0.10640324	0.109823264	-0.08041768	0.066567466	-0.0754259	0.13997088	-0.15161856	0.07461391	-0.10658203	0.11974865	-0.17267735	0.18147907	-0.21092391	0.06877378	-0.08488433	0.250778	-0.376795	0.2357277	-0.08342698	0.08888722	-0.4268276	0.999999	-0.7300319
0.07792884	-0.084980704	0.12198958	-0.1310913	0.092408136	-0.08397888	0.091667205	-0.16118117	0.16578694	-0.08739867	0.13006063	-0.15080394	0.17822653	-0.20505778	0.22444932	-0.08195356	0.09671297	-0.247498	0.26158628	-0.29045734	0.09393548	-0.099868156	0.26722193	-0.7300319	0.999999
