1.0	-0.498521	0.076478094	-0.06606159	0.090655416	-0.7331406	0.28332403	-0.10221367	0.052616123	-0.051655922	0.24433221	-0.22008368	0.105222724	-0.08742301	0.096554905	-0.19194645	0.1667263	-0.122959144	0.09122493	-0.074134044	0.17335534	-0.13511589	0.09663062	-0.07144582	0.082311265
-0.498521	1.0	-0.11451683	0.08680486	-0.12395551	0.28660142	-0.714862	0.14075461	-0.06635198	0.063285775	-0.24061638	0.24238116	-0.13013609	0.10214052	-0.11432624	0.17055377	-0.2063838	0.1322779	-0.10550114	0.083662644	-0.19790564	0.14035182	-0.10772793	0.0777417	-0.092968754
0.076478094	-0.11451683	0.99999994	-0.559557	0.29880714	-0.0765968	0.11932424	-0.70151126	0.13026153	-0.13151884	0.08193621	-0.09707662	0.17853862	-0.15128528	0.11736272	-0.07252929	0.08833791	-0.10634741	0.09157359	-0.082919255	0.09785439	-0.08453945	0.07267373	-0.05698307	0.06779579
-0.06606159	0.08680486	-0.559557	1.0	-0.71946394	0.06399301	-0.0943409	0.2899739	-0.15389977	0.1436477	-0.07361702	0.08158502	-0.15054816	0.12095677	-0.11291108	0.06505319	-0.07935928	0.09321229	-0.08617061	0.07534941	-0.09315808	0.07591655	-0.06703835	0.052431565	-0.06433686
0.090655416	-0.12395551	0.29880714	-0.71946394	1.0000002	-0.09074217	0.12484089	-0.40372244	0.1867654	-0.23401521	0.10173599	-0.11464114	0.18460822	-0.17192063	0.15059136	-0.09215696	0.10982991	-0.13453215	0.1182124	-0.10689641	0.1299461	-0.1097241	0.09419833	-0.075342566	0.09055743
-0.7331406	0.28660142	-0.0765968	0.06399301	-0.09074217	1.0000001	-0.35674942	0.10042339	-0.052108645	0.050524376	-0.4217109	0.22466198	-0.107093714	0.086269476	-0.09713377	0.20693147	-0.18666767	0.12146457	-0.09208747	0.07347886	-0.204311	0.1353219	-0.09922423	0.07149782	-0.083878055
0.28332403	-0.714862	0.11932424	-0.0943409	0.12484089	-0.35674942	1.0000001	-0.18441373	0.0702044	-0.0681197	0.23578042	-0.40571013	0.14061816	-0.11365488	0.11716804	-0.18713202	0.21798563	-0.14778252	0.10915455	-0.089063324	0.18822703	-0.15783991	0.1140606	-0.08321041	0.095744416
-0.10221367	0.14075461	-0.70151126	0.2899739	-0.40372244	0.10042339	-0.18441373	1.0000002	-0.19432645	0.16253665	-0.11186555	0.13082737	-0.32828048	0.19732063	-0.16703574	0.09647709	-0.12128135	0.1401899	-0.1269147	0.11018334	-0.13265215	0.11051117	-0.09829228	0.07544383	-0.09186591
0.052616123	-0.06635198	0.13026153	-0.15389977	0.1867654	-0.052108645	0.0702044	-0.19432645	0.99999994	-0.913824	0.06332396	-0.07291328	0.1528893	-0.19495963	0.15328386	-0.058021974	0.072196655	-0.09931146	0.09790656	-0.09725697	0.08238139	-0.074112765	0.06630947	-0.05367921	0.063926995
-0.051655922	0.063285775	-0.13151884	0.1436477	-0.23401521	0.050524376	-0.0681197	0.16253665	-0.913824	1.0	-0.06264992	0.07069218	-0.15312226	0.16179512	-0.17563312	0.057008605	-0.07152935	0.096565954	-0.10247421	0.09773026	-0.08240469	0.07234602	-0.06614852	0.05327591	-0.06472119
0.24433221	-0.24061638	0.08193621	-0.07361702	0.10173599	-0.4217109	0.23578042	-0.11186555	0.06332396	-0.06264992	1.0	-0.46530518	0.13955292	-0.11630133	0.12599806	-0.58295393	0.28344986	-0.17996235	0.12377912	-0.10035205	0.28139713	-0.21239284	0.14152338	-0.101943955	0.11375952
-0.22008368	0.24238116	-0.09707662	0.08158502	-0.11464114	0.22466198	-0.40571013	0.13082737	-0.07291328	0.07069218	-0.46530518	1.0	-0.20414442	0.14317027	-0.15104403	0.2775685	-0.6013337	0.20370318	-0.14860846	0.11486205	-0.27698123	0.22593758	-0.1687376	0.11144391	-0.13076623
0.105222724	-0.13013609	0.17853862	-0.15054816	0.18460822	-0.107093714	0.14061816	-0.32828048	0.1528893	-0.15312226	0.13955292	-0.20414442	0.9999999	-0.7151472	0.27024773	-0.12871452	0.17172776	-0.29735088	0.20683044	-0.20363626	0.16821688	-0.17240645	0.15630148	-0.1192055	0.13413897
-0.08742301	0.10214052	-0.15128528	0.12095677	-0.17192063	0.086269476	-0.11365488	0.19732063	-0.19495963	0.16179512	-0.11630133	0.14317027	-0.7151472	0.9999997	-0.4789393	0.10521797	-0.14272757	0.2127805	-0.24783517	0.21935952	-0.1461484	0.13942274	-0.13430558	0.10531353	-0.12581004
0.096554905	-0.11432624	0.11736272	-0.11291108	0.15059136	-0.09713377	0.11716804	-0.16703574	0.15328386	-0.17563312	0.12599806	-0.15104403	0.27024773	-0.4789393	0.99999934	-0.12284716	0.15643708	-0.28193858	0.29797	-0.58881736	0.17106298	-0.18367179	0.1642114	-0.14772527	0.16488813
-0.19194645	0.17055377	-0.07252929	0.06505319	-0.09215696	0.20693147	-0.18713202	0.09647709	-0.058021974	0.057008605	-0.58295393	0.2775685	-0.12871452	0.10521797	-0.12284716	0.9999994	-0.40984732	0.17903708	-0.124929346	0.09760557	-0.57663774	0.22758058	-0.154847	0.10409995	-0.11889739
0.1667263	-0.2063838	0.08833791	-0.07935928	0.10982991	-0.18666767	0.21798563	-0.12128135	0.072196655	-0.07152935	0.28344986	-0.6013337	0.17172776	-0.14272757	0.15643708	-0.40984732	0.9999992	-0.3226869	0.17007257	-0.133491	0.28677365	-0.41237766	0.22453073	-0.14374648	0.15507217
-0.122959144	0.1322779	-0.10634741	0.09321229	-0.13453215	0.12146457	-0.14778252	0.1401899	-0.09931146	0.096565954	-0.17996235	0.20370318	-0.29735088	0.2127805	-0.28193858	0.17903708	-0.3226869	0.99999946	-0.48344022	0.24709362	-0.26514354	0.28878835	-0.502802	0.21826912	-0.259539
0.09122493	-0.10550114	0.09157359	-0.08617061	0.1182124	-0.09208747	0.10915455	-0.1269147	0.09790656	-0.10247421	0.12377912	-0.14860846	0.20683044	-0.24783517	0.29797	-0.124929346	0.17007257	-0.48344022	0.9999992	-0.66402286	0.17272002	-0.20493786	0.20559847	-0.1815234	0.18743354
-0.074134044	0.083662644	-0.082919255	0.07534941	-0.10689641	0.07347886	-0.089063324	0.11018334	-0.09725697	0.09773026	-0.10035205	0.11486205	-0.20363626	0.21935952	-0.58881736	0.09760557	-0.133491	0.24709362	-0.66402286	0.99999917	-0.1423661	0.15020879	-0.1595017	0.15012513	-0.20093612
0.17335534	-0.19790564	0.09785439	-0.09315808	0.1299461	-0.204311	0.18822703	-0.13265215	0.08238139	-0.08240469	0.28139713	-0.27698123	0.16821688	-0.1461484	0.17106298	-0.57663774	0.28677365	-0.26514354	0.17272002	-0.1423661	0.9999995	-0.42127335	0.2224053	-0.16195904	0.17050846
-0.13511589	0.14035182	-0.08453945	0.07591655	-0.1097241	0.1353219	-0.15783991	0.11051117	-0.074112765	0.07234602	-0.21239284	0.22593758	-0.17240645	0.13942274	-0.18367179	0.22758058	-0.41237766	0.28878835	-0.20493786	0.15020879	-0.42127335	0.9999995	-0.6076061	0.22562839	-0.27006695
0.09663062	-0.10772793	0.07267373	-0.06703835	0.09419833	-0.09922423	0.1140606	-0.09829228	0.06630947	-0.06614852	0.14152338	-0.1687376	0.15630148	-0.13430558	0.1642114	-0.154847	0.22453073	-0.502802	0.20559847	-0.1595017	0.2224053	-0.6076061	0.99999946	-0.41697705	0.2707605
-0.07144582	0.0777417	-0.05698307	0.052431565	-0.075342566	0.07149782	-0.08321041	0.07544383	-0.05367921	0.05327591	-0.101943955	0.11144391	-0.1192055	0.10531353	-0.14772527	0.10409995	-0.14374648	0.21826912	-0.1815234	0.15012513	-0.16195904	0.22562839	-0.41697705	0.9999994	-0.82291716
0.082311265	-0.092968754	0.06779579	-0.06433686	0.09055743	-0.083878055	0.095744416	-0.09186591	0.063926995	-0.06472119	0.11375952	-0.13076623	0.13413897	-0.12581004	0.16488813	-0.11889739	0.15507217	-0.259539	0.18743354	-0.20093612	0.17050846	-0.27006695	0.2707605	-0.82291716	0.9999994
