1.0	-0.3664496	0.14301373	-0.12795913	0.09043731	-0.8310995	0.27024475	-0.20045814	0.12651587	-0.07408621	0.15782551	-0.17513275	0.14020655	-0.10583347	0.11646027	-0.17927317	0.11201003	-0.09696168	0.043449055	-0.04075804	0.1133902	-0.090767875	0.11503058	-0.042500563	0.04608418
-0.3664496	1.0	-0.41093037	0.24317952	-0.1857065	0.25607625	-0.58672047	0.29446024	-0.2553967	0.14209652	-0.117445484	0.23977526	-0.23608217	0.18889727	-0.23584844	0.11712825	-0.18280385	0.1546498	-0.077748775	0.0779266	-0.19251862	0.13970852	-0.19753282	0.07404185	-0.0902599
0.14301373	-0.41093037	1.0	-0.7508822	0.15915196	-0.13102771	0.21725298	-0.3227842	0.26523247	-0.14053068	0.06980284	-0.1675032	0.16905998	-0.20246574	0.18495807	-0.074716404	0.11642049	-0.114381835	0.065337054	-0.06296455	0.12465007	-0.09689203	0.13227461	-0.064377986	0.06916013
-0.12795913	0.24317952	-0.7508822	0.9999997	-0.21527024	0.10994372	-0.18997516	0.24586774	-0.4431345	0.16665101	-0.062611476	0.14605281	-0.16177125	0.21881665	-0.22892576	0.06570326	-0.10999895	0.10681982	-0.07097665	0.07153079	-0.121719375	0.09025142	-0.12998536	0.06776526	-0.08028906
0.09043731	-0.1857065	0.15915196	-0.21527024	0.99999946	-0.088085026	0.13172345	-0.2022846	0.22264482	-0.8429153	0.05635027	-0.13688716	0.13434315	-0.2386131	0.25561196	-0.062640876	0.099854425	-0.09896452	0.0743538	-0.089055404	0.117662676	-0.08783022	0.11552567	-0.07765319	0.08684084
-0.8310995	0.25607625	-0.13102771	0.10994372	-0.088085026	0.999999	-0.38557637	0.18256898	-0.12269567	0.070206456	-0.19324113	0.16495667	-0.14042754	0.09844095	-0.11435668	0.1620636	-0.111839496	0.09301959	-0.041427292	0.039262198	-0.111303195	0.08621695	-0.11401179	0.040031735	-0.044880576
0.27024475	-0.58672047	0.21725298	-0.18997516	0.13172345	-0.38557637	0.99999887	-0.47017774	0.20359299	-0.109061025	0.121276736	-0.36517754	0.23900433	-0.16108036	0.17082536	-0.12494398	0.17718853	-0.15314224	0.063791715	-0.05866032	0.16032057	-0.13671066	0.17301789	-0.06202616	0.06625649
-0.20045814	0.29446024	-0.3227842	0.24586774	-0.2022846	0.18256898	-0.47017774	0.99999857	-0.4411448	0.1645801	-0.10269549	0.26737124	-0.44087917	0.24413942	-0.26668003	0.104529	-0.19236763	0.20460932	-0.092205055	0.08599503	-0.18997775	0.15029538	-0.23954856	0.0873355	-0.09788174
0.12651587	-0.2553967	0.26523247	-0.4431345	0.22264482	-0.12269567	0.20359299	-0.4411448	0.9999985	-0.26393682	0.07193809	-0.1837594	0.20471984	-0.56566054	0.2897536	-0.07778193	0.12847485	-0.13625894	0.10302494	-0.09384474	0.13847889	-0.10848729	0.15166152	-0.10187793	0.098906
-0.07408621	0.14209652	-0.14053068	0.16665101	-0.8429153	0.070206456	-0.109061025	0.1645801	-0.26393682	0.9999986	-0.044874314	0.10892969	-0.11518827	0.2204956	-0.36683774	0.04902778	-0.081554934	0.08168203	-0.06788613	0.0895232	-0.09511991	0.07031716	-0.097195044	0.068388216	-0.091577135
0.15782551	-0.117445484	0.06980284	-0.062611476	0.05635027	-0.19324113	0.121276736	-0.10269549	0.07193809	-0.044874314	0.9999983	-0.175817	0.109695934	-0.06407998	0.07469403	-0.9389596	0.103935964	-0.07680794	0.02949627	-0.026624087	0.0973466	-0.07907992	0.093184136	-0.028697025	0.03039947
-0.17513275	0.23977526	-0.1675032	0.14605281	-0.13688716	0.16495667	-0.36517754	0.26737124	-0.1837594	0.10892969	-0.175817	0.9999981	-0.5185128	0.16331984	-0.18727155	0.15367848	-0.5016271	0.26029325	-0.079589695	0.06592838	-0.28560075	0.2525079	-0.30372182	0.0763129	-0.075238116
0.14020655	-0.23608217	0.16905998	-0.16177125	0.13434315	-0.14042754	0.23900433	-0.44087917	0.20471984	-0.11518827	0.109695934	-0.5185128	0.99999803	-0.21575382	0.18875752	-0.11828045	0.2517765	-0.5057231	0.09317316	-0.0690244	0.20544365	-0.20800453	0.29578647	-0.09218323	0.07610186
-0.10583347	0.18889727	-0.20246574	0.21881665	-0.2386131	0.09844095	-0.16108036	0.24413942	-0.56566054	0.2204956	-0.06407998	0.16331984	-0.21575382	0.9999984	-0.62405556	0.068541326	-0.123931035	0.13370197	-0.1743298	0.14147693	-0.1377219	0.10358381	-0.155676	0.14481616	-0.15588975
0.11646027	-0.23584844	0.18495807	-0.22892576	0.25561196	-0.11435668	0.17082536	-0.26668003	0.2897536	-0.36683774	0.07469403	-0.18727155	0.18875752	-0.62405556	0.9999982	-0.083193704	0.13521515	-0.14000423	0.1388414	-0.25902295	0.15692212	-0.11924615	0.15823297	-0.14874642	0.1962058
-0.17927317	0.11712825	-0.074716404	0.06570326	-0.062640876	0.1620636	-0.12494398	0.104529	-0.07778193	0.04902778	-0.9389596	0.15367848	-0.11828045	0.068541326	-0.083193704	0.99999815	-0.11410191	0.08174007	-0.032091983	0.02937102	-0.11091515	0.0835612	-0.10419151	0.030975137	-0.03380528
0.11201003	-0.18280385	0.11642049	-0.10999895	0.099854425	-0.111839496	0.17718853	-0.19236763	0.12847485	-0.081554934	0.103935964	-0.5016271	0.2517765	-0.123931035	0.13521515	-0.11410191	0.99999774	-0.30891377	0.06747134	-0.051292036	0.29036778	-0.6366425	0.26006535	-0.06692696	0.057490904
-0.09696168	0.1546498	-0.114381835	0.10681982	-0.09896452	0.09301959	-0.15314224	0.20460932	-0.13625894	0.08168203	-0.07680794	0.26029325	-0.5057231	0.13370197	-0.14000423	0.08174007	-0.30891377	0.999998	-0.11215849	0.055870734	-0.19660845	0.2097683	-0.71397144	0.09980704	-0.06208163
0.043449055	-0.077748775	0.065337054	-0.07097665	0.0743538	-0.041427292	0.063791715	-0.092205055	0.10302494	-0.06788613	0.02949627	-0.079589695	0.09317316	-0.1743298	0.1388414	-0.032091983	0.06747134	-0.11215849	0.99999857	-0.13559088	0.06957279	-0.057262983	0.10355189	-0.9435518	0.13609594
-0.04075804	0.0779266	-0.06296455	0.07153079	-0.089055404	0.039262198	-0.05866032	0.08599503	-0.09384474	0.0895232	-0.026624087	0.06592838	-0.0690244	0.14147693	-0.25902295	0.02937102	-0.051292036	0.055870734	-0.13559088	0.9999982	-0.060335126	0.044736825	-0.064976536	0.1314293	-0.925438
0.1133902	-0.19251862	0.12465007	-0.121719375	0.117662676	-0.111303195	0.16032057	-0.18997775	0.13847889	-0.09511991	0.0973466	-0.28560075	0.20544365	-0.1377219	0.15692212	-0.11091515	0.29036778	-0.19660845	0.06957279	-0.060335126	0.99999815	-0.5946195	0.23462841	-0.06973632	0.0679722
-0.090767875	0.13970852	-0.09689203	0.09025142	-0.08783022	0.08621695	-0.13671066	0.15029538	-0.10848729	0.07031716	-0.07907992	0.2525079	-0.20800453	0.10358381	-0.11924615	0.0835612	-0.6366425	0.2097683	-0.057262983	0.044736825	-0.5946195	0.9999981	-0.2983841	0.055967715	-0.0506768
0.11503058	-0.19753282	0.13227461	-0.12998536	0.11552567	-0.11401179	0.17301789	-0.23954856	0.15166152	-0.097195044	0.093184136	-0.30372182	0.29578647	-0.155676	0.15823297	-0.10419151	0.26006535	-0.71397144	0.10355189	-0.064976536	0.23462841	-0.2983841	0.99999833	-0.10702954	0.07116813
-0.042500563	0.07404185	-0.064377986	0.06776526	-0.07765319	0.040031735	-0.06202616	0.0873355	-0.10187793	0.068388216	-0.028697025	0.0763129	-0.09218323	0.14481616	-0.14874642	0.030975137	-0.06692696	0.09980704	-0.9435518	0.1314293	-0.06973632	0.055967715	-0.10702954	0.99999845	-0.1693389
0.04608418	-0.0902599	0.06916013	-0.08028906	0.08684084	-0.044880576	0.06625649	-0.09788174	0.098906	-0.091577135	0.03039947	-0.075238116	0.07610186	-0.15588975	0.1962058	-0.03380528	0.057490904	-0.06208163	0.13609594	-0.925438	0.0679722	-0.0506768	0.07116813	-0.1693389	0.99999845
