0.99999994	-0.1466716	0.09890124	-0.047849957	0.048635192	-0.9704791	0.061654765	-0.0670469	0.04721553	-0.037320618	0.10344004	-0.06548843	0.058290593	-0.026035894	0.031352293	-0.07150343	0.05654011	-0.044636555	0.046645638	-0.03657693	0.05557668	-0.048497774	0.037740476	-0.035079725	0.031339675
-0.1466716	0.99999994	-0.8070835	0.24073274	-0.25486237	0.1242749	-0.20198916	0.23835115	-0.22738846	0.16338249	-0.14965403	0.14106761	-0.20370266	0.0881726	-0.10628993	0.10547014	-0.12624316	0.12582439	-0.13915743	0.09731047	-0.12414642	0.10666975	-0.10353556	0.09158139	-0.08602066
0.09890124	-0.8070835	0.9999999	-0.3477393	0.21162245	-0.10441289	0.1649551	-0.3120453	0.1941195	-0.15700188	0.11604067	-0.12426831	0.16939434	-0.07422459	0.08593984	-0.08635857	0.10058523	-0.109465845	0.11043284	-0.08164873	0.09830714	-0.08844705	0.08470004	-0.077079065	0.069668345
-0.047849957	0.24073274	-0.3477393	0.99999976	-0.6868918	0.049484268	-0.10443493	0.15074809	-0.5141362	0.30806926	-0.07991106	0.08062446	-0.11415204	0.09396885	-0.10694843	0.060182754	-0.07121424	0.07959764	-0.09703803	0.06940522	-0.072480634	0.06435875	-0.06316389	0.06019857	-0.055203017
0.048635192	-0.25486237	0.21162245	-0.6868918	0.99999994	-0.052007955	0.09458852	-0.13883531	0.32285824	-0.56798995	0.07697536	-0.07807237	0.10408934	-0.100992255	0.11220271	-0.059353277	0.069020346	-0.07868567	0.09640774	-0.07263094	0.07164047	-0.06414192	0.06211056	-0.061343845	0.05554251
-0.9704791	0.1242749	-0.10441289	0.049484268	-0.052007955	0.99999964	-0.06511305	0.06785419	-0.05011917	0.03894306	-0.120739855	0.06681851	-0.06097618	0.02709915	-0.032793596	0.07195582	-0.058974307	0.045701526	-0.048484433	0.037305154	-0.057741087	0.049397442	-0.038911488	0.035793345	-0.032280635
0.061654765	-0.20198916	0.1649551	-0.10443493	0.09458852	-0.06511305	1.0	-0.5332818	0.1152643	-0.09875362	0.24451455	-0.6534817	0.25720224	-0.084324375	0.0982202	-0.19947474	0.21952954	-0.1897827	0.15994872	-0.13135868	0.18011251	-0.18590909	0.14340794	-0.13178605	0.111737244
-0.0670469	0.23835115	-0.3120453	0.15074809	-0.13883531	0.06785419	-0.5332818	0.99999976	-0.19042215	0.13761047	-0.22481747	0.26596692	-0.5561438	0.11059192	-0.13000563	0.16188124	-0.2043017	0.23205657	-0.20501333	0.14467704	-0.18181968	0.16906919	-0.17629121	0.14542237	-0.13190456
0.04721553	-0.22738846	0.1941195	-0.5141362	0.32285824	-0.05011917	0.1152643	-0.19042215	0.9999998	-0.7086869	0.089979276	-0.09392049	0.1293056	-0.16380955	0.15781443	-0.069968596	0.08218814	-0.09813357	0.12423864	-0.09178369	0.08482158	-0.07702713	0.07603878	-0.075918905	0.0684361
-0.037320618	0.16338249	-0.15700188	0.30806926	-0.56798995	0.03894306	-0.09875362	0.13761047	-0.7086869	0.9999998	-0.07935053	0.07896959	-0.11388303	0.14374511	-0.18780616	0.06093625	-0.07266788	0.08594034	-0.11901449	0.08291217	-0.07563297	0.06759578	-0.06803462	0.06755022	-0.06219845
0.10344004	-0.14965403	0.11604067	-0.07991106	0.07697536	-0.120739855	0.24451455	-0.22481747	0.089979276	-0.07935053	0.99999994	-0.45627427	0.19995496	-0.08358034	0.09993522	-0.6287558	0.30006936	-0.18318744	0.17114484	-0.14982598	0.2657076	-0.24970388	0.15721929	-0.14939407	0.12548439
-0.06548843	0.14106761	-0.12426831	0.08062446	-0.07807237	0.06681851	-0.6534817	0.26596692	-0.09392049	0.07896959	-0.45627427	0.99999976	-0.27444273	0.08137781	-0.09756294	0.25285393	-0.36695716	0.18008956	-0.16533802	0.12806678	-0.21596122	0.20639631	-0.15216392	0.13060112	-0.11522785
0.058290593	-0.20370266	0.16939434	-0.11415204	0.10408934	-0.06097618	0.25720224	-0.5561438	0.1293056	-0.11388303	0.19995496	-0.27444273	0.9999997	-0.13516079	0.14017917	-0.17360735	0.20632881	-0.5432725	0.23853815	-0.19548208	0.19741195	-0.21402805	0.23733722	-0.21356119	0.16329505
-0.026035894	0.0881726	-0.07422459	0.09396885	-0.100992255	0.02709915	-0.084324375	0.11059192	-0.16380955	0.14374511	-0.08358034	0.08137781	-0.13516079	0.9999997	-0.85745317	0.07076342	-0.08540983	0.14066607	-0.37933975	0.17035526	-0.09452896	0.090349324	-0.10285853	0.11514582	-0.10647525
0.031352293	-0.10628993	0.08593984	-0.10694843	0.11220271	-0.032793596	0.0982202	-0.13000563	0.15781443	-0.18780616	0.09993522	-0.09756294	0.14017917	-0.85745317	0.9999998	-0.08568101	0.10114928	-0.15858753	0.26100206	-0.21413518	0.11416178	-0.10970158	0.11740791	-0.14123371	0.12428333
-0.07150343	0.10547014	-0.08635857	0.060182754	-0.059353277	0.07195582	-0.19947474	0.16188124	-0.069968596	0.06093625	-0.6287558	0.25285393	-0.17360735	0.07076342	-0.08568101	0.9999997	-0.5434606	0.16102831	-0.15158379	0.1265263	-0.40895382	0.26980406	-0.15293133	0.13221556	-0.11291542
0.05654011	-0.12624316	0.10058523	-0.07121424	0.069020346	-0.058974307	0.21952954	-0.2043017	0.08218814	-0.07266788	0.30006936	-0.36695716	0.20632881	-0.08540983	0.10114928	-0.5434606	0.9999994	-0.24040326	0.18275215	-0.16286261	0.3085792	-0.5357141	0.20886418	-0.18106462	0.14158975
-0.044636555	0.12582439	-0.109465845	0.07959764	-0.07868567	0.045701526	-0.1897827	0.23205657	-0.09813357	0.08594034	-0.18318744	0.18008956	-0.5432725	0.14066607	-0.15858753	0.16102831	-0.24040326	0.99999934	-0.39986163	0.2232293	-0.21334082	0.22829168	-0.5276171	0.2593908	-0.22087283
0.046645638	-0.13915743	0.11043284	-0.09703803	0.09640774	-0.048484433	0.15994872	-0.20501333	0.12423864	-0.11901449	0.17114484	-0.16533802	0.23853815	-0.37933975	0.26100206	-0.15158379	0.18275215	-0.39986163	0.9999991	-0.5165808	0.20461059	-0.20624875	0.24234936	-0.30121818	0.2604815
-0.03657693	0.09731047	-0.08164873	0.06940522	-0.07263094	0.037305154	-0.13135868	0.14467704	-0.09178369	0.08291217	-0.14982598	0.12806678	-0.19548208	0.17035526	-0.21413518	0.1265263	-0.16286261	0.2232293	-0.5165808	0.99999917	-0.1965564	0.17421548	-0.25349042	0.2831233	-0.6607206
0.05557668	-0.12414642	0.09830714	-0.072480634	0.07164047	-0.057741087	0.18011251	-0.18181968	0.08482158	-0.07563297	0.2657076	-0.21596122	0.19741195	-0.09452896	0.11416178	-0.40895382	0.3085792	-0.21334082	0.20461059	-0.1965564	0.999999	-0.59341025	0.22247967	-0.21241415	0.16381392
-0.048497774	0.10666975	-0.08844705	0.06435875	-0.06414192	0.049397442	-0.18590909	0.16906919	-0.07702713	0.06759578	-0.24970388	0.20639631	-0.21402805	0.090349324	-0.10970158	0.26980406	-0.5357141	0.22829168	-0.20624875	0.17421548	-0.59341025	0.99999917	-0.37331495	0.21265449	-0.17702422
0.037740476	-0.10353556	0.08470004	-0.06316389	0.06211056	-0.038911488	0.14340794	-0.17629121	0.07603878	-0.06803462	0.15721929	-0.15216392	0.23733722	-0.10285853	0.11740791	-0.15293133	0.20886418	-0.5276171	0.24234936	-0.25349042	0.22247967	-0.37331495	0.99999887	-0.58584386	0.2488
-0.035079725	0.09158139	-0.077079065	0.06019857	-0.061343845	0.035793345	-0.13178605	0.14542237	-0.075918905	0.06755022	-0.14939407	0.13060112	-0.21356119	0.11514582	-0.14123371	0.13221556	-0.18106462	0.2593908	-0.30121818	0.2831233	-0.21241415	0.21265449	-0.58584386	0.99999887	-0.5789126
0.031339675	-0.08602066	0.069668345	-0.055203017	0.05554251	-0.032280635	0.111737244	-0.13190456	0.0684361	-0.06219845	0.12548439	-0.11522785	0.16329505	-0.10647525	0.12428333	-0.11291542	0.14158975	-0.22087283	0.2604815	-0.6607206	0.16381392	-0.17702422	0.2488	-0.5789126	0.99999887
