1.0156060177832842
0.6682433299720287
1.877841154113412
0.8238701522350311
0.04974362812936306
1.2563681937754154
0.20198659040033817
0.9033491667360067
1.1703226137906313
0.06787889637053013
1.685388347133994
1.869532896205783
1.5243700072169304
1.2423834707587957
1.24691778793931
1.4566513244062662
1.7877244781702757
1.4848656877875328
0.6603859830647707
1.3360634073615074
0.3325729090720415
1.5642254874110222
1.34455325640738
0.05265084281563759
1.9758614096790552
1.9723184611648321
1.6140464302152395
0.19037841446697712
0.837407473474741
1.968202130869031
1.3552983328700066
0.8295583166182041
0.47055288031697273
0.6001962646842003
0.8064867034554482
1.4122496359050274
1.7738717757165432
1.4176510237157345
1.7423001192510128
0.6734737325459719
