1.0000001	-0.19196026	0.1493243	-0.12684974	0.07261929	-0.15123029	0.117924124	-0.0959011	0.098618306	-0.0765327	0.11291321	-0.10738373	0.105693966	-0.08017234	0.09929497	-0.0625356	0.067940384	-0.06445184	0.067235984	-0.075121604	0.07607426	-0.068264805	0.08425473	-0.067152396	0.054550108
-0.19196026	1.0000002	-0.7699234	0.23698545	-0.13990135	0.20583828	-0.38427803	0.1782901	-0.18882324	0.12820566	-0.17955847	0.21556787	-0.20361032	0.13501133	-0.16920352	0.09193487	-0.10731523	0.09647109	-0.10301778	0.10153432	-0.109401174	0.10196083	-0.119171835	0.0906753	-0.07647741
0.1493243	-0.7699234	1.0000001	-0.39877808	0.15520711	-0.21142879	0.23451647	-0.2047454	0.19461028	-0.15344432	0.15693586	-0.20937675	0.18782805	-0.13897075	0.16182415	-0.08548669	0.0985538	-0.095893316	0.09996839	-0.10304438	0.09830544	-0.099009655	0.11221574	-0.09076422	0.074463256
-0.12684974	0.23698545	-0.39877808	0.99999976	-0.4767364	0.15431653	-0.17891742	0.2452299	-0.48423633	0.2916591	-0.1454196	0.163193	-0.27583528	0.24416544	-0.32573938	0.086540796	-0.10657696	0.14359885	-0.16338289	0.15315422	-0.107817136	0.10496814	-0.16823831	0.12874217	-0.11750213
0.07261929	-0.13990135	0.15520711	-0.4767364	0.99999976	-0.0944042	0.0990795	-0.15598361	0.23085661	-0.79182357	0.082974255	-0.097142234	0.15179132	-0.17138584	0.2144885	-0.050804935	0.06255787	-0.09445357	0.10147663	-0.108377926	0.06191713	-0.06354277	0.10071188	-0.08622043	0.075190134
-0.15123029	0.20583828	-0.21142879	0.15431653	-0.0944042	0.99999994	-0.4893	0.16605511	-0.14510311	0.098638356	-0.69109595	0.31300446	-0.2011851	0.11944083	-0.13964376	0.20187089	-0.17964488	0.10033639	-0.10140643	0.10336291	-0.24232262	0.15959913	-0.13108937	0.098564096	-0.076447494
0.117924124	-0.38427803	0.23451647	-0.17891742	0.0990795	-0.4893	0.99999994	-0.22889866	0.15619497	-0.10761923	0.29467875	-0.6345551	0.22238426	-0.12786505	0.13692097	-0.13887729	0.1569435	-0.099692166	0.098279744	-0.10056345	0.14684092	-0.15090908	0.11810329	-0.09423694	0.07210337
-0.0959011	0.1782901	-0.2047454	0.2452299	-0.15598361	0.16605511	-0.22889866	0.99999994	-0.50358284	0.17360516	-0.16579127	0.21130766	-0.699379	0.25529584	-0.24751645	0.08968751	-0.10935764	0.15172832	-0.16316472	0.13422213	-0.106867746	0.10575051	-0.1479032	0.1171724	-0.09833856
0.098618306	-0.18882324	0.19461028	-0.48423633	0.23085661	-0.14510311	0.15619497	-0.50358284	0.99999964	-0.31909588	0.12777942	-0.16024427	0.2944193	-0.47319022	0.2892345	-0.07755299	0.09581082	-0.16788436	0.17692032	-0.15966664	0.09260569	-0.09792415	0.1512876	-0.13216317	0.10980458
-0.0765327	0.12820566	-0.15344432	0.2916591	-0.79182357	0.098638356	-0.10761923	0.17360516	-0.31909588	0.9999997	-0.09232219	0.10484844	-0.18739423	0.20526157	-0.33742735	0.057017803	-0.071323216	0.109883465	-0.12348151	0.12556136	-0.07078598	0.071498044	-0.12089563	0.098785184	-0.09147082
0.11291321	-0.17955847	0.15693586	-0.1454196	0.082974255	-0.69109595	0.29467875	-0.16579127	0.12777942	-0.09232219	0.9999996	-0.48705944	0.18278794	-0.11198426	0.121180154	-0.31203088	0.194341	-0.098482035	0.094212994	-0.10240715	0.2293311	-0.18854786	0.12349856	-0.09931778	0.07244211
-0.10738373	0.21556787	-0.20937675	0.163193	-0.097142234	0.31300446	-0.6345551	0.21130766	-0.16024427	0.10484844	-0.48705944	0.9999993	-0.32848573	0.13742992	-0.14722575	0.17678475	-0.24612461	0.110828385	-0.10936404	0.10705086	-0.18954891	0.18125848	-0.13457467	0.102309	-0.07797826
0.105693966	-0.20361032	0.18782805	-0.27583528	0.15179132	-0.2011851	0.22238426	-0.699379	0.2944193	-0.18739423	0.18278794	-0.32848573	0.99999934	-0.33611256	0.23773257	-0.103811294	0.12626053	-0.2026139	0.18068695	-0.1558349	0.11701972	-0.12705147	0.16152483	-0.1372708	0.10777001
-0.08017234	0.13501133	-0.13897075	0.24416544	-0.17138584	0.11944083	-0.12786505	0.25529584	-0.47319022	0.20526157	-0.11198426	0.13742992	-0.33611256	0.99999905	-0.6455526	0.072564684	-0.095266	0.21590859	-0.32864374	0.19458708	-0.088524826	0.09708375	-0.18213303	0.15533847	-0.13923605
0.09929497	-0.16920352	0.16182415	-0.32573938	0.2144885	-0.13964376	0.13692097	-0.24751645	0.2892345	-0.33742735	0.121180154	-0.14722575	0.23773257	-0.6455526	0.99999905	-0.080937035	0.10422018	-0.21818265	0.22542723	-0.33090413	0.09798978	-0.10968332	0.19727725	-0.1989462	0.17886433
-0.0625356	0.09193487	-0.08548669	0.086540796	-0.050804935	0.20187089	-0.13887729	0.08968751	-0.07755299	0.057017803	-0.31203088	0.17678475	-0.103811294	0.072564684	-0.080937035	0.999999	-0.42284283	0.08474005	-0.07656498	0.08687519	-0.7841195	0.27510974	-0.12443082	0.09250644	-0.061766524
0.067940384	-0.10731523	0.0985538	-0.10657696	0.06255787	-0.17964488	0.1569435	-0.10935764	0.09581082	-0.071323216	0.194341	-0.24612461	0.12626053	-0.095266	0.10422018	-0.42284283	0.9999988	-0.13723144	0.111198254	-0.12932009	0.2909816	-0.76660883	0.19246273	-0.14703053	0.09041729
-0.06445184	0.09647109	-0.095893316	0.14359885	-0.09445357	0.10033639	-0.099692166	0.15172832	-0.16788436	0.109883465	-0.098482035	0.110828385	-0.2026139	0.21590859	-0.21818265	0.08474005	-0.13723144	0.9999991	-0.7777304	0.20452848	-0.10575071	0.13894038	-0.43135986	0.23220742	-0.1651789
0.067235984	-0.10301778	0.09996839	-0.16338289	0.10147663	-0.10140643	0.098279744	-0.16316472	0.17692032	-0.12348151	0.094212994	-0.10936404	0.18068695	-0.32864374	0.22542723	-0.07656498	0.111198254	-0.7777304	0.9999987	-0.26729992	0.09279824	-0.12149909	0.27222747	-0.28789183	0.1778273
-0.075121604	0.10153432	-0.10304438	0.15315422	-0.108377926	0.10336291	-0.10056345	0.13422213	-0.15966664	0.12556136	-0.10240715	0.10705086	-0.1558349	0.19458708	-0.33090413	0.08687519	-0.12932009	0.20452848	-0.26729992	0.99999887	-0.11669236	0.1319906	-0.36974904	0.3090793	-0.711823
0.07607426	-0.109401174	0.09830544	-0.107817136	0.06191713	-0.24232262	0.14684092	-0.106867746	0.09260569	-0.07078598	0.2293311	-0.18954891	0.11701972	-0.088524826	0.09798978	-0.7841195	0.2909816	-0.10575071	0.09279824	-0.11669236	0.99999887	-0.4049953	0.15216418	-0.12482244	0.07999395
-0.068264805	0.10196083	-0.099009655	0.10496814	-0.06354277	0.15959913	-0.15090908	0.10575051	-0.09792415	0.071498044	-0.18854786	0.18125848	-0.12705147	0.09708375	-0.10968332	0.27510974	-0.76660883	0.13894038	-0.12149909	0.1319906	-0.4049953	0.99999887	-0.29844114	0.15642683	-0.09960985
0.08425473	-0.119171835	0.11221574	-0.16823831	0.10071188	-0.13108937	0.11810329	-0.1479032	0.1512876	-0.12089563	0.12349856	-0.13457467	0.16152483	-0.18213303	0.19727725	-0.12443082	0.19246273	-0.43135986	0.27222747	-0.36974904	0.15216418	-0.29844114	0.99999905	-0.6059157	0.26370332
-0.067152396	0.0906753	-0.09076422	0.12874217	-0.08622043	0.098564096	-0.09423694	0.1171724	-0.13216317	0.098785184	-0.09931778	0.102309	-0.1372708	0.15533847	-0.1989462	0.09250644	-0.14703053	0.23220742	-0.28789183	0.3090793	-0.12482244	0.15642683	-0.6059157	0.9999989	-0.58123654
0.054550108	-0.07647741	0.074463256	-0.11750213	0.075190134	-0.076447494	0.07210337	-0.09833856	0.10980458	-0.09147082	0.07244211	-0.07797826	0.10777001	-0.13923605	0.17886433	-0.061766524	0.09041729	-0.1651789	0.1778273	-0.711823	0.07999395	-0.09960985	0.26370332	-0.58123654	0.9999989
