1.0000001	-0.33765063	0.14103189	-0.055921204	0.042948358	-0.8470276	0.21768594	-0.128231	0.118035674	-0.074689746	0.24098581	-0.1526275	0.116185434	-0.096520506	0.07325177	-0.04102752	0.09277016	-0.091531575	0.04589524	-0.039933443	0.0396128	-0.083643325	0.07261792	-0.041705307	0.04392785
-0.33765063	1.0	-0.3263578	0.07854256	-0.061814517	0.2324388	-0.75417775	0.2433726	-0.19252162	0.10375848	-0.23957494	0.24331859	-0.20845027	0.14672314	-0.10997855	0.05165188	-0.14902653	0.12887236	-0.066971414	0.05768579	-0.051422574	0.117944025	-0.10793066	0.059935823	-0.06398642
0.14103189	-0.3263578	1.0000002	-0.1251403	0.09072981	-0.14291716	0.2525499	-0.78338885	0.23841481	-0.15498893	0.20084326	-0.25067735	0.23313859	-0.20719874	0.14166397	-0.05578369	0.14726633	-0.16878194	0.0813706	-0.073063634	0.05462478	-0.14132054	0.12349191	-0.07358533	0.077790834
-0.055921204	0.07854256	-0.1251403	1.0	-0.8454314	0.05254402	-0.07652672	0.10696642	-0.28487524	0.275108	-0.11647653	0.108284265	-0.12196522	0.16632468	-0.27058166	0.031381033	-0.0843586	0.100859724	-0.09245362	0.09301402	-0.031773496	0.07806103	-0.08620668	0.07284099	-0.09916173
0.042948358	-0.061814517	0.09072981	-0.8454314	1.0000002	-0.040725354	0.05921793	-0.08168405	0.18781574	-0.42324114	0.08847226	-0.087163374	0.09518413	-0.13851996	0.21419814	-0.024627011	0.06576482	-0.08110107	0.0709315	-0.074296996	0.024780259	-0.062405866	0.06687099	-0.05695388	0.07550096
-0.8470276	0.2324388	-0.14291716	0.05254402	-0.040725354	1.0000001	-0.24756683	0.1227589	-0.11600665	0.07009196	-0.3523119	0.147543	-0.11639566	0.09222133	-0.07044941	0.04188827	-0.09226436	0.086540155	-0.044027045	0.038137037	-0.040716402	0.080012925	-0.070210665	0.03987306	-0.04214812
0.21768594	-0.75417775	0.2525499	-0.07652672	0.05921793	-0.24756683	0.99999994	-0.3219549	0.1784769	-0.1028048	0.20475526	-0.37476173	0.21200973	-0.1527669	0.10568706	-0.051009063	0.14796852	-0.13219176	0.06457141	-0.055936556	0.049731098	-0.12410114	0.10490161	-0.058527526	0.06128581
-0.128231	0.2433726	-0.78338885	0.10696642	-0.08168405	0.1227589	-0.3219549	0.9999996	-0.3074208	0.1362062	-0.18666081	0.23220608	-0.31008288	0.20409043	-0.13776661	0.04975971	-0.14046106	0.14964215	-0.07633072	0.06784184	-0.04934547	0.123674944	-0.116307616	0.067760855	-0.07303084
0.118035674	-0.19252162	0.23841481	-0.28487524	0.18781574	-0.11600665	0.1784769	-0.3074208	0.9999995	-0.34568235	0.22453077	-0.2840066	0.28337836	-0.59385693	0.27652323	-0.06709759	0.17642671	-0.222994	0.12555252	-0.12306561	0.06592177	-0.17688787	0.16105899	-0.11064925	0.12266382
-0.074689746	0.10375848	-0.15498893	0.275108	-0.42324114	0.07009196	-0.1028048	0.1362062	-0.34568235	0.9999993	-0.1566879	0.15041254	-0.18039507	0.25427333	-0.6821205	0.043604728	-0.119249485	0.14658429	-0.1595442	0.17053498	-0.044234306	0.11032615	-0.12799874	0.120608345	-0.17516173
0.24098581	-0.23957494	0.20084326	-0.11647653	0.08847226	-0.3523119	0.20475526	-0.18666081	0.22453077	-0.1566879	0.99999917	-0.3141019	0.20988895	-0.1905305	0.1475518	-0.11355615	0.1853245	-0.19154552	0.09452334	-0.08254383	0.101998255	-0.18019928	0.14865813	-0.08684555	0.09054487
-0.1526275	0.24331859	-0.25067735	0.108284265	-0.087163374	0.147543	-0.37476173	0.23220608	-0.2840066	0.15041254	-0.3141019	0.9999989	-0.59459615	0.24799538	-0.17582726	0.088601254	-0.37587368	0.22220112	-0.10885564	0.09165871	-0.08736492	0.22322361	-0.19040662	0.097975925	-0.102372296
0.116185434	-0.20845027	0.23313859	-0.12196522	0.09518413	-0.11639566	0.21200973	-0.31008288	0.28337836	-0.18039507	0.20988895	-0.59459615	0.99999905	-0.4929022	0.19907302	-0.0711051	0.2157918	-0.30537784	0.11457061	-0.10047463	0.06928747	-0.19783533	0.18714897	-0.10269494	0.10564512
-0.096520506	0.14672314	-0.20719874	0.16632468	-0.13851996	0.09222133	-0.1527669	0.20409043	-0.59385693	0.25427333	-0.1905305	0.24799538	-0.4929022	0.9999988	-0.4424036	0.05559732	-0.1624607	0.18895316	-0.1326174	0.13036956	-0.055620577	0.14334618	-0.15027586	0.10704837	-0.12884659
0.07325177	-0.10997855	0.14166397	-0.27058166	0.21419814	-0.07044941	0.10568706	-0.13776661	0.27652323	-0.6821205	0.1475518	-0.17582726	0.19907302	-0.4424036	0.9999989	-0.045458872	0.123924844	-0.16915293	0.17037493	-0.2678797	0.045382112	-0.121937044	0.13316646	-0.13874474	0.18256316
-0.04102752	0.05165188	-0.05578369	0.031381033	-0.024627011	0.04188827	-0.051009063	0.04975971	-0.06709759	0.043604728	-0.11355615	0.088601254	-0.0711051	0.05559732	-0.045458872	0.9999991	-0.20692442	0.09269051	-0.041459408	0.032629747	-0.9511457	0.17009315	-0.09105222	0.040976748	-0.038187597
0.09277016	-0.14902653	0.14726633	-0.0843586	0.06576482	-0.09226436	0.14796852	-0.14046106	0.17642671	-0.119249485	0.1853245	-0.37587368	0.2157918	-0.1624607	0.123924844	-0.20692442	0.9999993	-0.33112368	0.117290586	-0.09290501	0.17237104	-0.7297421	0.2603997	-0.12081316	0.10543705
-0.091531575	0.12887236	-0.16878194	0.100859724	-0.08110107	0.086540155	-0.13219176	0.14964215	-0.222994	0.14658429	-0.19154552	0.22220112	-0.30537784	0.18895316	-0.16915293	0.09269051	-0.33112368	0.9999993	-0.27307385	0.1672525	-0.099045925	0.2756991	-0.7025094	0.22968039	-0.2110052
0.04589524	-0.066971414	0.0813706	-0.09245362	0.0709315	-0.044027045	0.06457141	-0.07633072	0.12555252	-0.1595442	0.09452334	-0.10885564	0.11457061	-0.1326174	0.17037493	-0.041459408	0.117290586	-0.27307385	0.9999996	-0.5731103	0.042046685	-0.13705143	0.21804763	-0.654124	0.3293121
-0.039933443	0.05768579	-0.073063634	0.09301402	-0.074296996	0.038137037	-0.055936556	0.06784184	-0.12306561	0.17053498	-0.08254383	0.09165871	-0.10047463	0.13036956	-0.2678797	0.032629747	-0.09290501	0.1672525	-0.5731103	0.9999996	-0.033250682	0.10023258	-0.15909263	0.31059742	-0.6822509
0.0396128	-0.051422574	0.05462478	-0.031773496	0.024780259	-0.040716402	0.049731098	-0.04934547	0.06592177	-0.044234306	0.101998255	-0.08736492	0.06928747	-0.055620577	0.045382112	-0.9511457	0.17237104	-0.099045925	0.042046685	-0.033250682	0.99999964	-0.20653827	0.09259503	-0.042341013	0.03854552
-0.083643325	0.117944025	-0.14132054	0.07806103	-0.062405866	0.080012925	-0.12410114	0.123674944	-0.17688787	0.11032615	-0.18019928	0.22322361	-0.19783533	0.14334618	-0.121937044	0.17009315	-0.7297421	0.2756991	-0.13705143	0.10023258	-0.20653827	0.9999994	-0.44700763	0.13986632	-0.12481548
0.07261792	-0.10793066	0.12349191	-0.08620668	0.06687099	-0.070210665	0.10490161	-0.116307616	0.16105899	-0.12799874	0.14865813	-0.19040662	0.18714897	-0.15027586	0.13316646	-0.09105222	0.2603997	-0.7025094	0.21804763	-0.15909263	0.09259503	-0.44700763	0.99999946	-0.33340734	0.18788445
-0.041705307	0.059935823	-0.07358533	0.07284099	-0.05695388	0.03987306	-0.058527526	0.067760855	-0.11064925	0.120608345	-0.08684555	0.097975925	-0.10269494	0.10704837	-0.13874474	0.040976748	-0.12081316	0.22968039	-0.654124	0.31059742	-0.042341013	0.13986632	-0.33340734	0.9999994	-0.56756556
0.04392785	-0.06398642	0.077790834	-0.09916173	0.07550096	-0.04214812	0.06128581	-0.07303084	0.12266382	-0.17516173	0.09054487	-0.102372296	0.10564512	-0.12884659	0.18256316	-0.038187597	0.10543705	-0.2110052	0.3293121	-0.6822509	0.03854552	-0.12481548	0.18788445	-0.56756556	0.9999994
