1.0000001	-0.41530207	0.19574161	-0.15810683	0.140539	-0.70926434	0.2658072	-0.2309504	0.16830464	-0.12553057	0.24255987	-0.2461506	0.18945046	-0.12873301	0.1121138	-0.25073618	0.17071693	-0.14200574	0.09192151	-0.09030639	0.184051	-0.15238304	0.18149136	-0.08413509	0.10556406
-0.41530207	1.0000007	-0.3752985	0.20557946	-0.16117243	0.24585421	-0.70484275	0.25480372	-0.20168783	0.1358748	-0.16205104	0.18572913	-0.17923516	0.12698647	-0.111775756	0.1542978	-0.13471799	0.12220126	-0.08932823	0.08695159	-0.13648026	0.11076544	-0.15570243	0.078271754	-0.09855967
0.19574161	-0.3752985	1.0000008	-0.70526755	0.24052346	-0.18933713	0.23901784	-0.30890116	0.27201453	-0.22929846	0.12714718	-0.1507314	0.17894782	-0.17498077	0.14558408	-0.145772	0.11893359	-0.12790738	0.11426993	-0.118222795	0.12533043	-0.10429066	0.15622202	-0.10328828	0.122035734
-0.15810683	0.20557946	-0.70526755	1.0000008	-0.39344785	0.13996708	-0.19752906	0.23802434	-0.42993024	0.25137204	-0.10123986	0.11831509	-0.15711033	0.17501809	-0.1550931	0.11276404	-0.09717543	0.10716335	-0.11644179	0.11631137	-0.101573214	0.083682925	-0.13414344	0.09765094	-0.11967375
0.140539	-0.16117243	0.24052346	-0.39344785	1.0000012	-0.14237133	0.1534563	-0.24544178	0.29024637	-0.74593765	0.1029421	-0.12141905	0.1627914	-0.2110069	0.20787247	-0.12303847	0.102010064	-0.11675286	0.13794899	-0.1663601	0.108577915	-0.09012719	0.14336357	-0.1235446	0.14161754
-0.70926434	0.24585421	-0.18933713	0.13996708	-0.14237133	1.000001	-0.28466162	0.20741504	-0.16961153	0.119596966	-0.41887626	0.25434467	-0.2110181	0.1268776	-0.114424355	0.24462166	-0.19828907	0.15151548	-0.093407884	0.08942398	-0.22041903	0.16098866	-0.20734192	0.0831494	-0.10820149
0.2658072	-0.70484275	0.23901784	-0.19752906	0.1534563	-0.28466162	1.000001	-0.42478415	0.20494184	-0.14224777	0.18589556	-0.27279758	0.207381	-0.13893843	0.116937116	-0.18228588	0.15590268	-0.14409809	0.095021226	-0.09306414	0.15172839	-0.13062383	0.17086157	-0.08436918	0.10383678
-0.2309504	0.25480372	-0.30890116	0.23802434	-0.24544178	0.20741504	-0.42478415	1.000001	-0.48648375	0.2159491	-0.17399353	0.21038741	-0.45306706	0.22733626	-0.19321515	0.18105917	-0.17698476	0.22013095	-0.15629855	0.14475496	-0.17222416	0.1456944	-0.27471727	0.12878816	-0.163055
0.16830464	-0.20168783	0.27201453	-0.42993024	0.29024637	-0.16961153	0.20494184	-0.48648375	1.0000007	-0.42924282	0.12598734	-0.1525044	0.22787799	-0.39009473	0.23147151	-0.1462042	0.12576628	-0.15447581	0.1849685	-0.18315803	0.12941584	-0.10980153	0.179203	-0.15441051	0.17257826
-0.12553057	0.1358748	-0.22929846	0.25137204	-0.74593765	0.119596966	-0.14224777	0.2159491	-0.42924282	1.0000007	-0.09073528	0.10673147	-0.15852979	0.22048011	-0.30852762	0.1046071	-0.09156015	0.1075852	-0.15379953	0.17590266	-0.09585035	0.079369836	-0.13501284	0.124915674	-0.15480886
0.24255987	-0.16205104	0.12714718	-0.10123986	0.1029421	-0.41887626	0.18589556	-0.17399353	0.12598734	-0.09073528	1.0000006	-0.6221546	0.19878842	-0.10533521	0.08953358	-0.51363206	0.24628526	-0.15464441	0.07507898	-0.07169945	0.24645849	-0.2065188	0.17962544	-0.06731977	0.08451533
-0.2461506	0.18572913	-0.1507314	0.11831509	-0.12141905	0.25434467	-0.27279758	0.21038741	-0.1525044	0.10673147	-0.6221546	1.0000006	-0.3223531	0.12862198	-0.108605795	0.2969398	-0.4382398	0.20380759	-0.091662124	0.085698076	-0.28265804	0.23896687	-0.23309484	0.079936564	-0.100636646
0.18945046	-0.17923516	0.17894782	-0.15711033	0.1627914	-0.2110181	0.207381	-0.45306706	0.22787799	-0.15852979	0.19878842	-0.3223531	1.0000006	-0.27630657	0.17205097	-0.22498901	0.22235624	-0.5619266	0.15398191	-0.14152128	0.19082889	-0.19057749	0.30995035	-0.13148405	0.15029806
-0.12873301	0.12698647	-0.17498077	0.17501809	-0.2110069	0.1268776	-0.13893843	0.22733626	-0.39009473	0.22048011	-0.10533521	0.12862198	-0.27630657	1.0000006	-0.5245167	0.12041928	-0.112453654	0.15601784	-0.50897855	0.30273655	-0.11146972	0.096050024	-0.17733283	0.24524182	-0.30207998
0.1121138	-0.111775756	0.14558408	-0.1550931	0.20787247	-0.114424355	0.116937116	-0.19321515	0.23147151	-0.30852762	0.08953358	-0.108605795	0.17205097	-0.5245167	1.0000006	-0.10742739	0.09352882	-0.122886166	0.29273742	-0.6349624	0.09633047	-0.08233185	0.13903165	-0.23625906	0.24693815
-0.25073618	0.1542978	-0.145772	0.11276404	-0.12303847	0.24462166	-0.18228588	0.18105917	-0.1462042	0.1046071	-0.51363206	0.2969398	-0.22498901	0.12041928	-0.10742739	1.0000006	-0.3687492	0.18319556	-0.08963435	0.08471134	-0.5833208	0.27852696	-0.244063	0.079938404	-0.10365818
0.17071693	-0.13471799	0.11893359	-0.09717543	0.102010064	-0.19828907	0.15590268	-0.17698476	0.12576628	-0.09156015	0.24628526	-0.4382398	0.22235624	-0.112453654	0.09352882	-0.3687492	1.0000005	-0.2861837	0.080997854	-0.07645028	0.3047021	-0.6547997	0.24336286	-0.072720505	0.08908095
-0.14200574	0.12220126	-0.12790738	0.10716335	-0.11675286	0.15151548	-0.14409809	0.22013095	-0.15447581	0.1075852	-0.15464441	0.20380759	-0.5619266	0.15601784	-0.122886166	0.18319556	-0.2861837	1.0000004	-0.11959475	0.10103165	-0.17654699	0.1957774	-0.6779612	0.096439965	-0.113221526
0.09192151	-0.08932823	0.11426993	-0.11644179	0.13794899	-0.093407884	0.095021226	-0.15629855	0.1849685	-0.15379953	0.07507898	-0.091662124	0.15398191	-0.50897855	0.29273742	-0.08963435	0.080997854	-0.11959475	1.0000001	-0.5219703	0.08134057	-0.07066871	0.12646066	-0.5395088	0.31192574
-0.09030639	0.08695159	-0.118222795	0.11631137	-0.1663601	0.08942398	-0.09306414	0.14475496	-0.18315803	0.17590266	-0.07169945	0.085698076	-0.14152128	0.30273655	-0.6349624	0.08471134	-0.07645028	0.10103165	-0.5219703	0.9999998	-0.07834712	0.06640169	-0.12009426	0.27476087	-0.41575402
0.184051	-0.13648026	0.12533043	-0.101573214	0.108577915	-0.22041903	0.15172839	-0.17222416	0.12941584	-0.09585035	0.24645849	-0.28265804	0.19082889	-0.11146972	0.09633047	-0.5833208	0.3047021	-0.17654699	0.08134057	-0.07834712	0.9999996	-0.5881889	0.2139358	-0.07481219	0.093819425
-0.15238304	0.11076544	-0.10429066	0.083682925	-0.09012719	0.16098866	-0.13062383	0.1456944	-0.10980153	0.079369836	-0.2065188	0.23896687	-0.19057749	0.096050024	-0.08233185	0.27852696	-0.6547997	0.1957774	-0.07066871	0.06640169	-0.5881889	0.99999946	-0.26868626	0.063296065	-0.079106376
0.18149136	-0.15570243	0.15622202	-0.13414344	0.14336357	-0.20734192	0.17086157	-0.27471727	0.179203	-0.13501284	0.17962544	-0.23309484	0.30995035	-0.17733283	0.13903165	-0.244063	0.24336286	-0.6779612	0.12646066	-0.12009426	0.2139358	-0.26868626	0.9999994	-0.120021075	0.13558519
-0.08413509	0.078271754	-0.10328828	0.09765094	-0.1235446	0.0831494	-0.08436918	0.12878816	-0.15441051	0.124915674	-0.06731977	0.079936564	-0.13148405	0.24524182	-0.23625906	0.079938404	-0.072720505	0.096439965	-0.5395088	0.27476087	-0.07481219	0.063296065	-0.120021075	0.99999946	-0.73600197
0.10556406	-0.09855967	0.122035734	-0.11967375	0.14161754	-0.10820149	0.10383678	-0.163055	0.17257826	-0.15480886	0.08451533	-0.100636646	0.15029806	-0.30207998	0.24693815	-0.10365818	0.08908095	-0.113221526	0.31192574	-0.41575402	0.093819425	-0.079106376	0.13558519	-0.73600197	0.99999946
