1.0000001	-0.33782494	0.20083359	-0.056218788	0.046670347	-0.75058544	0.27270186	-0.23952305	0.060414743	-0.049322966	0.25601888	-0.2063856	0.20391046	-0.0688515	0.06666969	-0.14976554	0.1529587	-0.1553093	0.106857255	-0.084914275	0.12656143	-0.16423222	0.13202652	-0.15618682	0.11910208
-0.33782494	1.0000002	-0.7714296	0.06870059	-0.054799236	0.20725293	-0.36626527	0.2936734	-0.07377813	0.054041598	-0.16241936	0.13684788	-0.21090955	0.060621712	-0.059913423	0.089635536	-0.111408584	0.11417142	-0.08105812	0.06324651	-0.085756265	0.10737984	-0.095847964	0.10669958	-0.08871625
0.20083359	-0.7714296	1.0000004	-0.07948731	0.05678881	-0.17126398	0.26648676	-0.49588817	0.08000432	-0.05793547	0.13167709	-0.12445739	0.1863806	-0.05749703	0.055568967	-0.07852367	0.098156005	-0.10619555	0.07334853	-0.057995625	0.07356661	-0.09753693	0.085723534	-0.09905125	0.079604045
-0.056218788	0.06870059	-0.07948731	1.0000002	-0.622921	0.047199227	-0.09403059	0.10424284	-0.6913382	0.32479307	-0.05223485	0.049811542	-0.08143196	0.1107309	-0.11548455	0.03264252	-0.04554079	0.053704124	-0.054826267	0.046539724	-0.032378417	0.0449357	-0.04472259	0.05817382	-0.052824218
0.046670347	-0.054799236	0.05678881	-0.622921	1.0000002	-0.0398918	0.072326094	-0.07970498	0.3299872	-0.67881334	0.04708577	-0.046309598	0.072671816	-0.16122635	0.15007107	-0.030895306	0.043974187	-0.055052754	0.062285826	-0.05488717	0.03068458	-0.044488695	0.045156386	-0.06360967	0.056607097
-0.75058544	0.20725293	-0.17126398	0.047199227	-0.0398918	0.99999964	-0.3608209	0.20273943	-0.051729903	0.04195972	-0.40847117	0.20050113	-0.1985217	0.05994241	-0.058462545	0.14446765	-0.14799152	0.13674973	-0.0924907	0.07219155	-0.12873766	0.14407675	-0.11770934	0.12928405	-0.10152325
0.27270186	-0.36626527	0.26648676	-0.09403059	0.072326094	-0.3608209	0.99999994	-0.6005511	0.1014873	-0.08033859	0.2306568	-0.22869703	0.27909568	-0.09450169	0.090441175	-0.14444295	0.17532812	-0.19251963	0.13313837	-0.10689019	0.13269693	-0.18169032	0.1565854	-0.18986155	0.14833371
-0.23952305	0.2936734	-0.49588817	0.10424284	-0.07970498	0.20273943	-0.6005511	0.99999964	-0.13564001	0.08835104	-0.19498335	0.19078179	-0.41289833	0.09027672	-0.088277586	0.110951506	-0.15098286	0.16119078	-0.11012776	0.08562354	-0.10734159	0.14003961	-0.12799725	0.14135027	-0.11728688
0.060414743	-0.07377813	0.08000432	-0.6913382	0.3299872	-0.051729903	0.1014873	-0.13564001	0.9999997	-0.5946392	0.057840776	-0.056756932	0.09187302	-0.15647027	0.14533891	-0.036952674	0.05183164	-0.063005134	0.06618618	-0.057483643	0.03647589	-0.051696036	0.05143312	-0.069643386	0.061603002
-0.049322966	0.054041598	-0.05793547	0.32479307	-0.67881334	0.04195972	-0.08033859	0.08835104	-0.5946392	0.9999994	-0.049802173	0.048957318	-0.07966536	0.17402235	-0.23068015	0.032276835	-0.04638733	0.057812594	-0.0679621	0.059778977	-0.032140613	0.046193473	-0.047293782	0.065849595	-0.061394848
0.25601888	-0.16241936	0.13167709	-0.05223485	0.04708577	-0.40847117	0.2306568	-0.19498335	0.057840776	-0.049802173	0.9999992	-0.5566428	0.27374887	-0.08553977	0.08201659	-0.37503374	0.2634883	-0.23223898	0.14316985	-0.11155074	0.23858951	-0.27266237	0.19255933	-0.20950519	0.15290459
-0.2063856	0.13684788	-0.12445739	0.049811542	-0.046309598	0.20050113	-0.22869703	0.19078179	-0.056756932	0.048957318	-0.5566428	0.99999905	-0.4921442	0.09122974	-0.08807818	0.20483008	-0.49456584	0.25403106	-0.14670373	0.10847285	-0.19742	0.24729809	-0.19895609	0.18615486	-0.14694776
0.20391046	-0.21090955	0.1863806	-0.08143196	0.072671816	-0.1985217	0.27909568	-0.41289833	0.09187302	-0.07966536	0.27374887	-0.4921442	0.9999988	-0.16283283	0.13681616	-0.18249142	0.27601212	-0.38364673	0.19282062	-0.15174909	0.16892657	-0.2589009	0.22670506	-0.25605166	0.19170041
-0.0688515	0.060621712	-0.05749703	0.1107309	-0.16122635	0.05994241	-0.09450169	0.09027672	-0.15647027	0.17402235	-0.08553977	0.09122974	-0.16283283	0.99999875	-0.891382	0.058906317	-0.093044735	0.12820967	-0.23548989	0.16596463	-0.05942514	0.09062797	-0.100501314	0.1477665	-0.15447931
0.06666969	-0.059913423	0.055568967	-0.11548455	0.15007107	-0.058462545	0.090441175	-0.088277586	0.14533891	-0.23068015	0.08201659	-0.08807818	0.13681616	-0.891382	0.999999	-0.05823724	0.089016	-0.12677746	0.18502884	-0.18663026	0.05818249	-0.09091902	0.09789695	-0.15502124	0.14461972
-0.14976554	0.089635536	-0.07852367	0.03264252	-0.030895306	0.14446765	-0.14444295	0.110951506	-0.036952674	0.032276835	-0.37503374	0.20483008	-0.18249142	0.058906317	-0.05823724	0.99999875	-0.24857132	0.16924974	-0.11053218	0.08204884	-0.80873007	0.2527428	-0.18295415	0.1499766	-0.118312955
0.1529587	-0.111408584	0.098156005	-0.04554079	0.043974187	-0.14799152	0.17532812	-0.15098286	0.05183164	-0.04638733	0.2634883	-0.49456584	0.27601212	-0.093044735	0.089016	-0.24857132	0.9999985	-0.50121963	0.18933304	-0.139204	0.2174354	-0.5151821	0.27961805	-0.24711877	0.17537509
-0.1553093	0.11417142	-0.10619555	0.053704124	-0.055052754	0.13674973	-0.19251963	0.16119078	-0.063005134	0.057812594	-0.23223898	0.25403106	-0.38364673	0.12820967	-0.12677746	0.16924974	-0.50121963	0.9999983	-0.38902345	0.20529236	-0.17877772	0.2952129	-0.48686463	0.29706275	-0.26632062
0.106857255	-0.08105812	0.07334853	-0.054826267	0.062285826	-0.0924907	0.13313837	-0.11012776	0.06618618	-0.0679621	0.14316985	-0.14670373	0.19282062	-0.23548989	0.18502884	-0.11053218	0.18933304	-0.38902345	0.99999803	-0.6202678	0.11281544	-0.19238849	0.23504312	-0.4632109	0.3192861
-0.084914275	0.06324651	-0.057995625	0.046539724	-0.05488717	0.07219155	-0.10689019	0.08562354	-0.057483643	0.059778977	-0.11155074	0.10847285	-0.15174909	0.16596463	-0.18663026	0.08204884	-0.139204	0.20529236	-0.6202678	0.9999984	-0.085362054	0.13573459	-0.16900906	0.2658676	-0.6629576
0.12656143	-0.085756265	0.07356661	-0.032378417	0.03068458	-0.12873766	0.13269693	-0.10734159	0.03647589	-0.032140613	0.23858951	-0.19742	0.16892657	-0.05942514	0.05818249	-0.80873007	0.2174354	-0.17877772	0.11281544	-0.085362054	0.999998	-0.3955946	0.18962203	-0.1696765	0.11986526
-0.16423222	0.10737984	-0.09753693	0.0449357	-0.044488695	0.14407675	-0.18169032	0.14003961	-0.051696036	0.046193473	-0.27266237	0.24729809	-0.2589009	0.09062797	-0.09091902	0.2527428	-0.5151821	0.2952129	-0.19238849	0.13573459	-0.3955946	0.9999977	-0.53771216	0.2572812	-0.20057392
0.13202652	-0.095847964	0.085723534	-0.04472259	0.045156386	-0.11770934	0.1565854	-0.12799725	0.05143312	-0.047293782	0.19255933	-0.19895609	0.22670506	-0.100501314	0.09789695	-0.18295415	0.27961805	-0.48686463	0.23504312	-0.16900906	0.18962203	-0.53771216	0.99999744	-0.5368168	0.22145768
-0.15618682	0.10669958	-0.09905125	0.05817382	-0.06360967	0.12928405	-0.18986155	0.14135027	-0.069643386	0.065849595	-0.20950519	0.18615486	-0.25605166	0.1477665	-0.15502124	0.1499766	-0.24711877	0.29706275	-0.4632109	0.2658676	-0.1696765	0.2572812	-0.5368168	0.99999744	-0.45633996
0.11910208	-0.08871625	0.079604045	-0.052824218	0.056607097	-0.10152325	0.14833371	-0.11728688	0.061603002	-0.061394848	0.15290459	-0.14694776	0.19170041	-0.15447931	0.14461972	-0.118312955	0.17537509	-0.26632062	0.3192861	-0.6629576	0.11986526	-0.20057392	0.22145768	-0.45633996	0.99999744
