0.264106635004282
0.5601060651242733
0.8086026012897491
0.8720174357295036
1.3460505083203316
0.34066290967166424
1.2767545990645885
1.8783398028463125
1.9459527265280485
0.3440569285303354
1.0379240605980158
0.873287420719862
0.32309928350150585
0.015178404748439789
0.19296426698565483
0.41834148578345776
0.1589256227016449
1.1613471023738384
1.8081013858318329
0.5437434781342745
1.8099114559590816
0.4434813782572746
1.41991451010108
0.12174874171614647
1.874952943995595
0.9245358183979988
1.5211652647703886
0.12351764552295208
1.7967202793806791
1.709199795499444
1.1517854575067759
0.32585376128554344
1.8610123433172703
0.3021902032196522
1.2064740154892206
0.9345866739749908
1.3159132916480303
1.0165853537619114
0.7570770662277937
1.6171163730323315
