1.0954862907528877
1.176602803170681
1.628863513469696
0.0831873957067728
1.73198027536273
1.0766508746892214
0.3532547503709793
1.6980522517114878
0.2472915593534708
0.01805814914405346
0.12229089997708797
0.37009056471288204
0.2833446431905031
0.6768222115933895
0.7319667562842369
1.2906621638685465
0.2855110466480255
0.1346922442317009
0.32892876863479614
1.4722589440643787
0.5603613574057817
0.9143677968531847
1.6690591592341661
1.5899851713329554
1.9080026019364595
1.4811849296092987
1.8099997621029615
1.8069430813193321
0.158347325399518
1.813855430111289
0.06933008320629597
0.7208413574844599
1.6042036954313517
1.75228382460773
1.4306218177080154
0.14031634852290154
1.1665194313973188
1.8843371644616127
1.2718715909868479
1.917866388335824
