1.0000001	-0.6151914	0.26494795	-0.18493256	0.2235797	-0.5259921	0.28696987	-0.24454406	0.17852062	-0.085176915	0.08584739	-0.083732344	0.1973287	-0.14510998	0.07978566	-0.02695846	0.073611364	-0.10983751	0.12840427	-0.056085806	0.026841665	-0.08869451	0.06946688	-0.067717284	0.053884372
-0.6151914	1.0000004	-0.50431734	0.22271885	-0.2788804	0.2989646	-0.39884624	0.22347355	-0.17902458	0.078327045	-0.08003533	0.07734165	-0.181058	0.13302226	-0.07376082	0.023659011	-0.064525664	0.09606937	-0.1144101	0.049224697	-0.0236734	0.07631587	-0.06084305	0.059007317	-0.047441732
0.26494795	-0.50431734	1.0000001	-0.58976525	0.3134018	-0.26580358	0.21666013	-0.23086888	0.19999781	-0.0939386	0.07160361	-0.070265256	0.17715783	-0.15989362	0.08382597	-0.023997782	0.067661256	-0.10458186	0.12190493	-0.05482483	0.023783473	-0.08307539	0.06552044	-0.065129764	0.0518995
-0.18493256	0.22271885	-0.58976525	1.0000002	-0.6765492	0.17521001	-0.15064889	0.17128958	-0.25158232	0.08839062	-0.053348683	0.051997297	-0.14120847	0.14865741	-0.078198135	0.018350823	-0.053177744	0.084426664	-0.10193823	0.045751676	-0.018177968	0.065288424	-0.053043984	0.053113975	-0.043126814
0.2235797	-0.2788804	0.3134018	-0.6765492	1.0	-0.25670052	0.19016173	-0.22439323	0.21693547	-0.10702293	0.07382726	-0.072140716	0.18715297	-0.18156408	0.09388037	-0.025847787	0.07373008	-0.115166046	0.1338186	-0.061139498	0.025550602	-0.091576725	0.072154306	-0.07231135	0.05753573
-0.5259921	0.2989646	-0.26580358	0.17521001	-0.25670052	1.0000002	-0.59878635	0.28835154	-0.2430546	0.104134105	-0.13144815	0.120086	-0.29508922	0.17807871	-0.102884196	0.03602304	-0.096620895	0.1401986	-0.17390865	0.07113981	-0.036425795	0.10990654	-0.0910722	0.08574518	-0.07011697
0.28696987	-0.39884624	0.21666013	-0.15064889	0.19016173	-0.59878635	1.0000004	-0.54463124	0.21549706	-0.09617257	0.12417238	-0.13817175	0.24030001	-0.16730054	0.08982335	-0.03341099	0.0873672	-0.12588245	0.14212383	-0.06121749	0.03340026	-0.10211767	0.07707176	-0.074763425	0.0588052
-0.24454406	0.22347355	-0.23086888	0.17128958	-0.22439323	0.28835154	-0.54463124	1.0000001	-0.44982672	0.14638703	-0.12551408	0.12119298	-0.4799573	0.2552549	-0.14302364	0.038349643	-0.11378002	0.18165222	-0.21725896	0.08875677	-0.038372636	0.13045909	-0.11176791	0.10646297	-0.08645185
0.17852062	-0.17902458	0.19999781	-0.25158232	0.21693547	-0.2430546	0.21549706	-0.44982672	0.99999976	-0.32797948	0.09265697	-0.092466034	0.28739908	-0.5952188	0.2372754	-0.03551482	0.110200725	-0.1923863	0.23464331	-0.11177215	0.034811944	-0.13846241	0.11614542	-0.12251938	0.10111113
-0.085176915	0.078327045	-0.0939386	0.08839062	-0.10702293	0.104134105	-0.09617257	0.14638703	-0.32797948	0.9999999	-0.051676575	0.05013311	-0.17401959	0.24919559	-0.8736567	0.01998404	-0.06566615	0.11213283	-0.16369347	0.12403268	-0.019721162	0.0786915	-0.08524993	0.08555543	-0.120960295
0.08584739	-0.08003533	0.07160361	-0.053348683	0.07382726	-0.13144815	0.12417238	-0.12551408	0.09265697	-0.051676575	0.9999998	-0.9128739	0.15548535	-0.09709163	0.049401496	-0.14119253	0.18231398	-0.14095204	0.11506835	-0.05013305	0.119485974	-0.21374518	0.079746224	-0.073732674	0.048039835
-0.083732344	0.07734165	-0.070265256	0.051997297	-0.072140716	0.120086	-0.13817175	0.12119298	-0.092466034	0.05013311	-0.9128739	1.0	-0.17728633	0.09488283	-0.048636496	0.11140451	-0.22599956	0.13698158	-0.11761603	0.048605803	-0.11671829	0.18531913	-0.078797385	0.07040172	-0.047326744
0.1973287	-0.181058	0.17715783	-0.14120847	0.18715297	-0.29508922	0.24030001	-0.4799573	0.28739908	-0.17401959	0.15548535	-0.17728633	1.0	-0.41708425	0.15975814	-0.059897993	0.19199651	-0.4138126	0.28669584	-0.12871419	0.058165252	-0.24034376	0.17483126	-0.17780074	0.11844313
-0.14510998	0.13302226	-0.15989362	0.14865741	-0.18156408	0.17807871	-0.16730054	0.2552549	-0.5952188	0.24919559	-0.09709163	0.09488283	-0.41708425	0.9999998	-0.33842933	0.037394885	-0.12638876	0.22667406	-0.43220866	0.13533163	-0.036873102	0.14865254	-0.14509293	0.14706372	-0.12803043
0.07978566	-0.07376082	0.08382597	-0.078198135	0.09388037	-0.102884196	0.08982335	-0.14302364	0.2372754	-0.8736567	0.049401496	-0.048636496	0.15975814	-0.33842933	0.9999998	-0.019927165	0.0653823	-0.11492961	0.1586713	-0.15091018	0.019553548	-0.080570936	0.083886944	-0.08850606	0.12025101
-0.02695846	0.023659011	-0.023997782	0.018350823	-0.025847787	0.03602304	-0.03341099	0.038349643	-0.03551482	0.01998404	-0.14119253	0.11140451	-0.059897993	0.037394885	-0.019927165	1.0	-0.10973613	0.06294469	-0.059737768	0.023382591	-0.969294	0.12489609	-0.042630173	0.035294738	-0.023549046
0.073611364	-0.064525664	0.067661256	-0.053177744	0.07373008	-0.096620895	0.0873672	-0.11378002	0.110200725	-0.06566615	0.18231398	-0.22599956	0.19199651	-0.12638876	0.0653823	-0.10973613	1.0	-0.43670315	0.21940327	-0.088535786	0.10471127	-0.7939137	0.1766655	-0.14939833	0.08640247
-0.10983751	0.09606937	-0.10458186	0.084426664	-0.115166046	0.1401986	-0.12588245	0.18165222	-0.1923863	0.11213283	-0.14095204	0.13698158	-0.4138126	0.22667406	-0.11492961	0.06294469	-0.43670315	1.0	-0.55069166	0.15568969	-0.06299503	0.287194	-0.37745062	0.24875711	-0.15910748
0.12840427	-0.1144101	0.12190493	-0.10193823	0.1338186	-0.17390865	0.14212383	-0.21725896	0.23464331	-0.16369347	0.11506835	-0.11761603	0.28669584	-0.43220866	0.1586713	-0.059737768	0.21940327	-0.55069166	0.99999994	-0.26904553	0.05740557	-0.28568104	0.2615876	-0.3504612	0.20369506
-0.056085806	0.049224697	-0.05482483	0.045751676	-0.061139498	0.07113981	-0.06121749	0.08875677	-0.11177215	0.12403268	-0.05013305	0.048605803	-0.12871419	0.13533163	-0.15091018	0.023382591	-0.088535786	0.15568969	-0.26904553	1.0	-0.023041002	0.10477619	-0.21207714	0.21723993	-0.8881257
0.026841665	-0.0236734	0.023783473	-0.018177968	0.025550602	-0.036425795	0.03340026	-0.038372636	0.034811944	-0.019721162	0.119485974	-0.11671829	0.058165252	-0.036873102	0.019553548	-0.969294	0.10471127	-0.06299503	0.05740557	-0.023041002	0.99999994	-0.14767927	0.04201859	-0.035360463	0.022999274
-0.08869451	0.07631587	-0.08307539	0.065288424	-0.091576725	0.10990654	-0.10211767	0.13045909	-0.13846241	0.0786915	-0.21374518	0.18531913	-0.24034376	0.14865254	-0.080570936	0.12489609	-0.7939137	0.287194	-0.28568104	0.10477619	-0.14767927	0.99999976	-0.23479636	0.16672607	-0.10885973
0.06946688	-0.06084305	0.06552044	-0.053043984	0.072154306	-0.0910722	0.07707176	-0.11176791	0.11614542	-0.08524993	0.079746224	-0.078797385	0.17483126	-0.14509293	0.083886944	-0.042630173	0.1766655	-0.37745062	0.2615876	-0.21207714	0.04201859	-0.23479636	0.99999976	-0.8038	0.19451086
-0.067717284	0.059007317	-0.065129764	0.053113975	-0.07231135	0.08574518	-0.074763425	0.10646297	-0.12251938	0.08555543	-0.073732674	0.07040172	-0.17780074	0.14706372	-0.08850606	0.035294738	-0.14939833	0.24875711	-0.3504612	0.21723993	-0.035360463	0.16672607	-0.8038	0.9999998	-0.3027568
0.053884372	-0.047441732	0.0518995	-0.043126814	0.05753573	-0.07011697	0.0588052	-0.08645185	0.10111113	-0.120960295	0.048039835	-0.047326744	0.11844313	-0.12803043	0.12025101	-0.023549046	0.08640247	-0.15910748	0.20369506	-0.8881257	0.022999274	-0.10885973	0.19451086	-0.3027568	0.9999998
