1.0000001	-0.48742118	0.13236344	-0.102822125	0.051733617	-0.7838854	0.2971386	-0.167705	0.107090294	-0.061396904	0.1841405	-0.18799235	0.13678336	-0.091575876	0.08759609	-0.0583952	0.065996855	-0.070927575	0.06337201	-0.026617266	0.043744717	-0.05905945	0.045280132	-0.04238403	0.026702834
-0.48742118	1.0000002	-0.23866776	0.14609753	-0.07498704	0.3057118	-0.68359613	0.23201302	-0.16480361	0.08549258	-0.25776058	0.21635959	-0.21593378	0.12588745	-0.12409193	0.07294116	-0.08659976	0.094681546	-0.08809064	0.03624049	-0.056863017	0.07444183	-0.061442547	0.056757517	-0.03666914
0.13236344	-0.23866776	1.0000001	-0.68800217	0.2182449	-0.12640892	0.17084424	-0.4341978	0.2799254	-0.2686505	0.10318396	-0.1011559	0.25708362	-0.23191811	0.20829208	-0.07352391	0.087564476	-0.13370232	0.12567607	-0.05400049	0.054553762	-0.084374055	0.08103137	-0.08025409	0.053348806
-0.102822125	0.14609753	-0.68800217	0.99999994	-0.39587516	0.09117517	-0.1242084	0.2606971	-0.38986027	0.2671065	-0.08179358	0.07648543	-0.2537139	0.21486035	-0.22453147	0.062148027	-0.07743119	0.11827486	-0.12147228	0.05098017	-0.047033235	0.072753526	-0.07567485	0.073255934	-0.05117119
0.051733617	-0.07498704	0.2182449	-0.39587516	0.9999999	-0.047788084	0.06258575	-0.13970847	0.18432626	-0.8576098	0.042815465	-0.04080573	0.1328372	-0.1365874	0.15584902	-0.036878724	0.04514654	-0.07117621	0.07103818	-0.031744123	0.027580816	-0.04344391	0.04455743	-0.04421489	0.031294767
-0.7838854	0.3057118	-0.12640892	0.09117517	-0.047788084	0.99999964	-0.44861794	0.1599257	-0.10754768	0.055427603	-0.25588867	0.19957583	-0.14270465	0.086350836	-0.08384831	0.059013896	-0.067429475	0.06865973	-0.062140103	0.025651125	-0.045300476	0.058175202	-0.044606976	0.041069034	-0.025909875
0.2971386	-0.68359613	0.17084424	-0.1242084	0.06258575	-0.44861794	0.9999994	-0.30672315	0.14517708	-0.07320091	0.2429474	-0.32970214	0.1813458	-0.11291535	0.10291405	-0.068382524	0.08123908	-0.085598394	0.07696054	-0.031497948	0.05202318	-0.07029547	0.05419698	-0.050504196	0.031671993
-0.167705	0.23201302	-0.4341978	0.2606971	-0.13970847	0.1599257	-0.30672315	0.9999997	-0.47842848	0.1570431	-0.14086474	0.13365307	-0.554816	0.25929457	-0.2218082	0.085292295	-0.10814422	0.16290163	-0.15819003	0.062334288	-0.064839676	0.09888009	-0.09992198	0.09503671	-0.062722854
0.107090294	-0.16480361	0.2799254	-0.38986027	0.18432626	-0.10754768	0.14517708	-0.47842848	0.99999964	-0.24383815	0.093871005	-0.09292633	0.29118234	-0.5868775	0.24535257	-0.08961969	0.110415936	-0.19125089	0.19524884	-0.07447604	0.06637552	-0.10838194	0.11170379	-0.117411025	0.07226312
-0.061396904	0.08549258	-0.2686505	0.2671065	-0.8576098	0.055427603	-0.07320091	0.1570431	-0.24383815	0.9999997	-0.050620154	0.04762365	-0.16399212	0.15558802	-0.21718745	0.042869274	-0.0531772	0.08284742	-0.084897056	0.03819217	-0.032295253	0.050574206	-0.052977197	0.051912367	-0.037937187
0.1841405	-0.25776058	0.10318396	-0.08179358	0.042815465	-0.25588867	0.2429474	-0.14086474	0.093871005	-0.050620154	0.9999996	-0.8710025	0.12656565	-0.08759283	0.081044815	-0.13717659	0.13057068	-0.096356444	0.077588774	-0.03140148	0.09428826	-0.113458194	0.06299829	-0.056579508	0.031631608
-0.18799235	0.21635959	-0.1011559	0.07648543	-0.04080573	0.19957583	-0.32970214	0.13365307	-0.09292633	0.04762365	-0.8710025	0.9999995	-0.13046147	0.083329774	-0.07837633	0.11226673	-0.14740695	0.09288334	-0.076213494	0.030157635	-0.088728055	0.10568196	-0.061225586	0.05397006	-0.030603582
0.13678336	-0.21593378	0.25708362	-0.2537139	0.1328372	-0.14270465	0.1813458	-0.554816	0.29118234	-0.16399212	0.12656565	-0.13046147	0.9999992	-0.3746191	0.2768745	-0.13184653	0.15937684	-0.30900893	0.22097531	-0.09118925	0.0956023	-0.1575797	0.14672618	-0.14635754	0.08898114
-0.091575876	0.12588745	-0.23191811	0.21486035	-0.1365874	0.086350836	-0.11291535	0.25929457	-0.5868775	0.15558802	-0.08759283	0.083329774	-0.3746191	0.99999917	-0.4099889	0.102925494	-0.14098905	0.23845468	-0.40678415	0.10674904	-0.07947508	0.12984368	-0.16519028	0.16334069	-0.10804934
0.08759609	-0.12409193	0.20829208	-0.22453147	0.15584902	-0.08384831	0.10291405	-0.2218082	0.24535257	-0.21718745	0.081044815	-0.07837633	0.2768745	-0.4099889	0.9999987	-0.09844101	0.116963126	-0.19340648	0.18718332	-0.1200061	0.07223555	-0.11747095	0.12044308	-0.12507221	0.10763842
-0.0583952	0.07294116	-0.07352391	0.062148027	-0.036878724	0.059013896	-0.068382524	0.085292295	-0.08961969	0.042869274	-0.13717659	0.11226673	-0.13184653	0.102925494	-0.09844101	0.9999983	-0.37913975	0.17117622	-0.15785217	0.05690115	-0.82129747	0.2951536	-0.15155894	0.11379855	-0.060348604
0.065996855	-0.08659976	0.087564476	-0.07743119	0.04514654	-0.067429475	0.08123908	-0.10814422	0.110415936	-0.0531772	0.13057068	-0.14740695	0.15937684	-0.14098905	0.116963126	-0.37913975	0.9999985	-0.4342634	0.21969171	-0.08096538	0.2629488	-0.69330126	0.20893982	-0.18429713	0.08075762
-0.070927575	0.094681546	-0.13370232	0.11827486	-0.07117621	0.06865973	-0.085598394	0.16290163	-0.19125089	0.08284742	-0.096356444	0.09288334	-0.30900893	0.23845468	-0.19340648	0.17117622	-0.4342634	0.99999905	-0.61914074	0.13314462	-0.14247146	0.24746339	-0.35569033	0.2598728	-0.14134967
0.06337201	-0.08809064	0.12567607	-0.12147228	0.07103818	-0.062140103	0.07696054	-0.15819003	0.19524884	-0.084897056	0.077588774	-0.076213494	0.22097531	-0.40678415	0.18718332	-0.15785217	0.21969171	-0.61914074	0.9999991	-0.19890991	0.11731334	-0.22081037	0.27831066	-0.42644975	0.1672109
-0.026617266	0.03624049	-0.05400049	0.05098017	-0.031744123	0.025651125	-0.031497948	0.062334288	-0.07447604	0.03819217	-0.03140148	0.030157635	-0.09118925	0.10674904	-0.1200061	0.05690115	-0.08096538	0.13314462	-0.19890991	0.99999905	-0.045338113	0.078702696	-0.14950237	0.16078554	-0.94405395
0.043744717	-0.056863017	0.054553762	-0.047033235	0.027580816	-0.045300476	0.05202318	-0.064839676	0.06637552	-0.032295253	0.09428826	-0.088728055	0.0956023	-0.07947508	0.07223555	-0.82129747	0.2629488	-0.14247146	0.11731334	-0.045338113	0.99999905	-0.46483457	0.12612005	-0.10158391	0.04668458
-0.05905945	0.07444183	-0.084374055	0.072753526	-0.04344391	0.058175202	-0.07029547	0.09888009	-0.10838194	0.050574206	-0.113458194	0.10568196	-0.1575797	0.12984368	-0.11747095	0.2951536	-0.69330126	0.24746339	-0.22081037	0.078702696	-0.46483457	0.9999988	-0.28615743	0.18327694	-0.08299334
0.045280132	-0.061442547	0.08103137	-0.07567485	0.04455743	-0.044606976	0.05419698	-0.09992198	0.11170379	-0.052977197	0.06299829	-0.061225586	0.14672618	-0.16519028	0.12044308	-0.15155894	0.20893982	-0.35569033	0.27831066	-0.14950237	0.12612005	-0.28615743	0.99999875	-0.7968115	0.14185928
-0.04238403	0.056757517	-0.08025409	0.073255934	-0.04421489	0.041069034	-0.050504196	0.09503671	-0.117411025	0.051912367	-0.056579508	0.05397006	-0.14635754	0.16334069	-0.12507221	0.11379855	-0.18429713	0.2598728	-0.42644975	0.16078554	-0.10158391	0.18327694	-0.7968115	0.9999988	-0.19405001
0.026702834	-0.03666914	0.053348806	-0.05117119	0.031294767	-0.025909875	0.031671993	-0.062722854	0.07226312	-0.037937187	0.031631608	-0.030603582	0.08898114	-0.10804934	0.10763842	-0.060348604	0.08075762	-0.14134967	0.1672109	-0.94405395	0.04668458	-0.08299334	0.14185928	-0.19405001	0.9999988
