1.0000001	-0.58661187	0.222513	-0.15521422	0.1369454	-0.6734743	0.29650992	-0.20431803	0.13093965	-0.12614515	0.15927485	-0.13319767	0.13879809	-0.12530209	0.12281711	-0.13261239	0.11346848	-0.10547573	0.104216	-0.12641543	0.14775808	-0.09576096	0.07568457	-0.07601906	0.09032882
-0.58661187	1.0000002	-0.45408285	0.20993431	-0.21277632	0.3083502	-0.45749477	0.27012178	-0.18786775	0.17009027	-0.1691409	0.16826473	-0.19406044	0.16571978	-0.17356555	0.12871991	-0.15335767	0.13556676	-0.14228204	0.16081858	-0.19051102	0.12076598	-0.09927563	0.10047122	-0.12342372
0.222513	-0.45408285	1.0000001	-0.38568598	0.23950768	-0.24012381	0.29144835	-0.6086472	0.25625947	-0.24347876	0.13829604	-0.19571891	0.22190177	-0.20912081	0.18517676	-0.11402394	0.15804163	-0.15740527	0.15776248	-0.1917747	0.15905719	-0.13710894	0.10803718	-0.111538924	0.12942196
-0.15521422	0.20993431	-0.38568598	0.99999976	-0.655786	0.14444306	-0.20780565	0.24795088	-0.46941435	0.31568596	-0.11719016	0.15221034	-0.19338205	0.20802444	-0.2260566	0.09282802	-0.14838652	0.13943012	-0.167491	0.19218251	-0.14811912	0.12392889	-0.103185296	0.11117588	-0.13666928
0.1369454	-0.21277632	0.23950768	-0.655786	0.9999998	-0.13472094	0.17355978	-0.21477076	0.30983186	-0.55941993	0.11019266	-0.14423692	0.16821691	-0.20372447	0.21814065	-0.089357324	0.13515724	-0.13664062	0.15467064	-0.22540508	0.14316699	-0.12830317	0.10116651	-0.110105075	0.12901627
-0.6734743	0.3083502	-0.24012381	0.14444306	-0.13472094	0.9999996	-0.55395114	0.2161015	-0.13508013	0.120721556	-0.21767044	0.14046963	-0.14910898	0.122984745	-0.118873015	0.14375184	-0.11944699	0.1039946	-0.1033184	0.11715457	-0.15063538	0.09216989	-0.074282795	0.07385662	-0.08877614
0.29650992	-0.45749477	0.29144835	-0.20780565	0.17355978	-0.55395114	0.99999946	-0.4866792	0.19309236	-0.1788076	0.15936223	-0.22133015	0.2073401	-0.17457916	0.15419199	-0.13049455	0.1553682	-0.1422891	0.13716426	-0.15757602	0.15393229	-0.12129648	0.09643493	-0.09715443	0.113321416
-0.20431803	0.27012178	-0.6086472	0.24795088	-0.21477076	0.2161015	-0.4866792	0.9999994	-0.36156768	0.22066863	-0.12510842	0.20088845	-0.32004252	0.20475721	-0.1729123	0.0994938	-0.16005792	0.14841418	-0.1539701	0.16291413	-0.13488124	0.12067456	-0.09886537	0.102067664	-0.119985536
0.13093965	-0.18786775	0.25625947	-0.46941435	0.30983186	-0.13508013	0.19309236	-0.36156768	0.9999995	-0.6406187	0.10062699	-0.15630949	0.19893302	-0.31673506	0.21814962	-0.08172663	0.14152431	-0.14247929	0.17720693	-0.19728705	0.12109929	-0.12061687	0.09948491	-0.1118932	0.1291346
-0.12614515	0.17009027	-0.24347876	0.31568596	-0.55941993	0.120721556	-0.1788076	0.22066863	-0.6406187	0.99999964	-0.098915584	0.13954926	-0.18009211	0.21860404	-0.29909998	0.079133086	-0.13593225	0.13145575	-0.1673686	0.20763326	-0.12303835	0.115586795	-0.09641168	0.10745544	-0.13031463
0.15927485	-0.1691409	0.13829604	-0.11719016	0.11019266	-0.21767044	0.15936223	-0.12510842	0.10062699	-0.098915584	0.9999995	-0.19615942	0.14897542	-0.12642588	0.12101637	-0.7974428	0.15461552	-0.12881273	0.11292707	-0.13025334	0.29079637	-0.12288056	0.09295508	-0.08584307	0.100427605
-0.13319767	0.16826473	-0.19571891	0.15221034	-0.14423692	0.14046963	-0.22133015	0.20088845	-0.15630949	0.13954926	-0.19615942	0.9999992	-0.6240327	0.24483475	-0.18433969	0.14361711	-0.5691344	0.26844162	-0.2264133	0.17791918	-0.1561924	0.17188309	-0.15489374	0.14062858	-0.16292457
0.13879809	-0.19406044	0.22190177	-0.19338205	0.16821691	-0.14910898	0.2073401	-0.32004252	0.19893302	-0.18009211	0.14897542	-0.6240327	0.99999934	-0.4444925	0.21022569	-0.12608097	0.28837746	-0.3135324	0.24769622	-0.21900104	0.15288289	-0.20132604	0.16367573	-0.16018881	0.17194252
-0.12530209	0.16571978	-0.20912081	0.20802444	-0.20372447	0.122984745	-0.17457916	0.20475721	-0.31673506	0.21860404	-0.12642588	0.24483475	-0.4444925	0.9999994	-0.38392547	0.10304113	-0.26010352	0.25618437	-0.56047237	0.27678332	-0.14941584	0.18912499	-0.1751439	0.21490574	-0.2509064
0.12281711	-0.17356555	0.18517676	-0.2260566	0.21814065	-0.118873015	0.15419199	-0.1729123	0.21814962	-0.29909998	0.12101637	-0.18433969	0.21022569	-0.38392547	0.9999993	-0.099509574	0.18026811	-0.19862618	0.25361174	-0.735713	0.160844	-0.18836977	0.14881784	-0.18464284	0.21078931
-0.13261239	0.12871991	-0.11402394	0.09282802	-0.089357324	0.14375184	-0.13049455	0.0994938	-0.08172663	0.079133086	-0.7974428	0.14361711	-0.12608097	0.10304113	-0.099509574	0.9999994	-0.14975162	0.110024124	-0.09595484	0.104210295	-0.47124124	0.106314965	-0.08249491	0.07229202	-0.08571167
0.11346848	-0.15335767	0.15804163	-0.14838652	0.13515724	-0.11944699	0.1553682	-0.16005792	0.14152431	-0.13593225	0.15461552	-0.5691344	0.28837746	-0.26010352	0.18026811	-0.14975162	0.99999917	-0.59854764	0.24654973	-0.2059201	0.1560192	-0.2604578	0.21376704	-0.17423776	0.17812777
-0.10547573	0.13556676	-0.15740527	0.13943012	-0.13664062	0.1039946	-0.1422891	0.14841418	-0.14247929	0.13145575	-0.12881273	0.26844162	-0.3135324	0.25618437	-0.19862618	0.110024124	-0.59854764	0.9999991	-0.4452548	0.20483059	-0.15049784	0.26912418	-0.39495942	0.22154664	-0.23657435
0.104216	-0.14228204	0.15776248	-0.167491	0.15467064	-0.1033184	0.13716426	-0.1539701	0.17720693	-0.1673686	0.11292707	-0.2264133	0.24769622	-0.56047237	0.25361174	-0.09595484	0.24654973	-0.4452548	0.999999	-0.34229156	0.13941647	-0.24512282	0.22364064	-0.4134211	0.27759922
-0.12641543	0.16081858	-0.1917747	0.19218251	-0.22540508	0.11715457	-0.15757602	0.16291413	-0.19728705	0.20763326	-0.13025334	0.17791918	-0.21900104	0.27678332	-0.735713	0.104210295	-0.2059201	0.20483059	-0.34229156	0.9999991	-0.17730357	0.18588632	-0.16659471	0.21364406	-0.3214144
0.14775808	-0.19051102	0.15905719	-0.14811912	0.14316699	-0.15063538	0.15393229	-0.13488124	0.12109929	-0.12303835	0.29079637	-0.1561924	0.15288289	-0.14941584	0.160844	-0.47124124	0.1560192	-0.15049784	0.13941647	-0.17730357	0.9999988	-0.20150545	0.13503341	-0.11619465	0.13769041
-0.09576096	0.12076598	-0.13710894	0.12392889	-0.12830317	0.09216989	-0.12129648	0.12067456	-0.12061687	0.115586795	-0.12288056	0.17188309	-0.20132604	0.18912499	-0.18836977	0.106314965	-0.2604578	0.26912418	-0.24512282	0.18588632	-0.20150545	0.9999989	-0.77301276	0.25553992	-0.3310745
0.07568457	-0.09927563	0.10803718	-0.103185296	0.10116651	-0.074282795	0.09643493	-0.09886537	0.09948491	-0.09641168	0.09295508	-0.15489374	0.16367573	-0.1751439	0.14881784	-0.08249491	0.21376704	-0.39495942	0.22364064	-0.16659471	0.13503341	-0.77301276	0.9999988	-0.34692162	0.25195935
-0.07601906	0.10047122	-0.111538924	0.11117588	-0.110105075	0.07385662	-0.09715443	0.102067664	-0.1118932	0.10745544	-0.08584307	0.14062858	-0.16018881	0.21490574	-0.18464284	0.07229202	-0.17423776	0.22154664	-0.4134211	0.21364406	-0.11619465	0.25553992	-0.34692162	0.9999987	-0.75777787
0.09032882	-0.12342372	0.12942196	-0.13666928	0.12901627	-0.08877614	0.113321416	-0.119985536	0.1291346	-0.13031463	0.100427605	-0.16292457	0.17194252	-0.2509064	0.21078931	-0.08571167	0.17812777	-0.23657435	0.27759922	-0.3214144	0.13769041	-0.3310745	0.25195935	-0.75777787	0.9999987
