1.0000001	-0.26178423	0.16045271	-0.1065984	0.109899454	-0.92457354	0.16532424	-0.13489568	0.109788544	-0.109754235	0.091458485	-0.07785742	0.060976442	-0.08306164	0.03906267	-0.052023824	0.050749965	-0.04907177	0.04968545	-0.039378572	0.04346144	-0.041354626	0.04593142	-0.044427954	0.030098757
-0.26178423	1.0	-0.7600865	0.24219972	-0.24234734	0.19970156	-0.36755022	0.26967445	-0.25563863	0.18193293	-0.1514125	0.12671821	-0.105026275	0.13669348	-0.06552025	0.08188884	-0.08463336	0.08122874	-0.083546095	0.06482803	-0.07173432	0.06642218	-0.07663787	0.07237378	-0.048345286
0.16045271	-0.7600865	1.0000001	-0.36620572	0.21024592	-0.17383803	0.2662667	-0.38006106	0.24860772	-0.18653192	0.12094029	-0.10782545	0.09367334	-0.13176596	0.06260447	-0.071583696	0.07211639	-0.07335262	0.07614613	-0.062634446	0.06275234	-0.059136055	0.068401426	-0.06624939	0.044976402
-0.1065984	0.24219972	-0.36620572	1.0000001	-0.5215183	0.109197825	-0.24246982	0.24651091	-0.650512	0.27132967	-0.13485765	0.11282367	-0.1180027	0.17553766	-0.08754508	0.08209749	-0.08274849	0.09038677	-0.10086151	0.08606874	-0.07755877	0.07209946	-0.08758647	0.08464829	-0.060402595
0.109899454	-0.24234734	0.21024592	-0.5215183	1.0000002	-0.12276647	0.20432842	-0.20918576	0.29928172	-0.63578814	0.16484319	-0.13991416	0.1599421	-0.27201244	0.16410774	-0.11580933	0.11111985	-0.13351831	0.1555069	-0.16966349	0.11196657	-0.10829265	0.1299052	-0.13657519	0.11318841
-0.92457354	0.19970156	-0.17383803	0.109197825	-0.12276647	1.0000002	-0.20938286	0.13873307	-0.1211303	0.11023683	-0.108387165	0.086438455	-0.06671567	0.086674795	-0.040789712	0.056550674	-0.056400172	0.05293663	-0.053356566	0.040751953	-0.047605645	0.0446326	-0.049858168	0.04733356	-0.031666268
0.16532424	-0.36755022	0.2662667	-0.24246982	0.20432842	-0.20938286	1.0000001	-0.7131656	0.26086888	-0.24932832	0.20774439	-0.2708587	0.14531998	-0.19322751	0.0866123	-0.12747562	0.13073881	-0.11799753	0.1113354	-0.088085935	0.098007895	-0.09472999	0.1029504	-0.10033532	0.061895028
-0.13489568	0.26967445	-0.38006106	0.24651091	-0.20918576	0.13873307	-0.7131656	1.0	-0.42633885	0.20390595	-0.17948242	0.16544408	-0.132033	0.16239098	-0.07341172	0.09742591	-0.10399008	0.09803449	-0.09563088	0.07291818	-0.08172173	0.07653861	-0.08757094	0.08306814	-0.051786188
0.109788544	-0.25563863	0.24860772	-0.650512	0.29928172	-0.1211303	0.26086888	-0.42633885	0.9999998	-0.3805362	0.15295382	-0.13594317	0.14637229	-0.26312092	0.11166693	-0.099661574	0.09890931	-0.11308204	0.12648886	-0.110807195	0.093424305	-0.08817121	0.10741864	-0.10591789	0.072865084
-0.109754235	0.18193293	-0.18653192	0.27132967	-0.63578814	0.11023683	-0.24932832	0.20390595	-0.3805362	1.0000002	-0.22979614	0.16813391	-0.20568891	0.25386935	-0.3106855	0.13860542	-0.14032438	0.16205117	-0.21177685	0.21232964	-0.14945373	0.13184543	-0.17292315	0.16308862	-0.1475767
0.091458485	-0.1514125	0.12094029	-0.13485765	0.16484319	-0.108387165	0.20774439	-0.17948242	0.15295382	-0.22979614	1.0	-0.723195	0.23364763	-0.29339683	0.107703954	-0.36957484	0.2862249	-0.21722257	0.17421405	-0.11202926	0.19562559	-0.20896581	0.17880613	-0.17759567	0.08287785
-0.07785742	0.12671821	-0.10782545	0.11282367	-0.13991416	0.086438455	-0.2708587	0.16544408	-0.13594317	0.16813391	-0.723195	1.0	-0.28342405	0.2225894	-0.087807335	0.27148843	-0.43848208	0.20666856	-0.1556014	0.08900692	-0.17648809	0.16356754	-0.16273786	0.14408548	-0.06328631
0.060976442	-0.105026275	0.09367334	-0.1180027	0.1599421	-0.06671567	0.14531998	-0.132033	0.14637229	-0.20568891	0.23364763	-0.28342405	0.9999999	-0.55414206	0.13394703	-0.22325851	0.22635934	-0.6239689	0.26834923	-0.14227316	0.18294105	-0.19492435	0.2524424	-0.2507202	0.083726324
-0.08306164	0.13669348	-0.13176596	0.17553766	-0.27201244	0.086674795	-0.19322751	0.16239098	-0.26312092	0.25386935	-0.29339683	0.2225894	-0.55414206	1.0000001	-0.2085634	0.1997821	-0.21404831	0.3003338	-0.41866162	0.18464841	-0.233899	0.20012748	-0.30856267	0.25765452	-0.11718294
0.03906267	-0.06552025	0.06260447	-0.08754508	0.16410774	-0.040789712	0.0866123	-0.07341172	0.11166693	-0.3106855	0.107703954	-0.087807335	0.13394703	-0.2085634	1.0000001	-0.08779795	0.08562878	-0.13699658	0.21978745	-0.8645243	0.09180405	-0.09221933	0.12826392	-0.1761322	0.08403759
-0.052023824	0.08188884	-0.071583696	0.08209749	-0.11580933	0.056550674	-0.12747562	0.09742591	-0.099661574	0.13860542	-0.36957484	0.27148843	-0.22325851	0.1997821	-0.08779795	1.0000002	-0.7101063	0.22244047	-0.17362218	0.0876099	-0.41171697	0.2466197	-0.20635317	0.16289467	-0.061247796
0.050749965	-0.08463336	0.07211639	-0.08274849	0.11111985	-0.056400172	0.13073881	-0.10399008	0.09890931	-0.14032438	0.2862249	-0.43848208	0.22635934	-0.21404831	0.08562878	-0.7101063	0.9999998	-0.32367435	0.17075382	-0.08839405	0.23735617	-0.24795577	0.19219524	-0.16859113	0.05889494
-0.04907177	0.08122874	-0.07335262	0.09038677	-0.13351831	0.05293663	-0.11799753	0.09803449	-0.11308204	0.16205117	-0.21722257	0.20666856	-0.6239689	0.3003338	-0.13699658	0.22244047	-0.32367435	0.9999999	-0.4132869	0.13920577	-0.20813298	0.20548403	-0.4218163	0.27291796	-0.07424774
0.04968545	-0.083546095	0.07614613	-0.10086151	0.1555069	-0.053356566	0.1113354	-0.09563088	0.12648886	-0.21177685	0.17421405	-0.1556014	0.26834923	-0.41866162	0.21978745	-0.17362218	0.17075382	-0.4132869	0.9999998	-0.32086587	0.17614387	-0.19101086	0.29505336	-0.604301	0.094653025
-0.039378572	0.06482803	-0.062634446	0.08606874	-0.16966349	0.040751953	-0.088085935	0.07291818	-0.110807195	0.21232964	-0.11202926	0.08900692	-0.14227316	0.18464841	-0.8645243	0.0876099	-0.08839405	0.13920577	-0.32086587	0.99999946	-0.09548542	0.092052534	-0.1376498	0.17094094	-0.09223269
0.04346144	-0.07173432	0.06275234	-0.07755877	0.11196657	-0.047605645	0.098007895	-0.08172173	0.093424305	-0.14945373	0.19562559	-0.17648809	0.18294105	-0.233899	0.09180405	-0.41171697	0.23735617	-0.20813298	0.17614387	-0.09548542	0.9999992	-0.760969	0.25638488	-0.23050275	0.06997544
-0.041354626	0.06642218	-0.059136055	0.07209946	-0.10829265	0.0446326	-0.09472999	0.07653861	-0.08817121	0.13184543	-0.20896581	0.16356754	-0.19492435	0.20012748	-0.09221933	0.2466197	-0.24795577	0.20548403	-0.19101086	0.092052534	-0.760969	0.9999993	-0.43289897	0.22079372	-0.06686028
0.04593142	-0.07663787	0.068401426	-0.08758647	0.1299052	-0.049858168	0.1029504	-0.08757094	0.10741864	-0.17292315	0.17880613	-0.16273786	0.2524424	-0.30856267	0.12826392	-0.20635317	0.19219524	-0.4218163	0.29505336	-0.1376498	0.25638488	-0.43289897	0.9999991	-0.6099334	0.08631501
-0.044427954	0.07237378	-0.06624939	0.08464829	-0.13657519	0.04733356	-0.10033532	0.08306814	-0.10591789	0.16308862	-0.17759567	0.14408548	-0.2507202	0.25765452	-0.1761322	0.16289467	-0.16859113	0.27291796	-0.604301	0.17094094	-0.23050275	0.22079372	-0.6099334	0.9999991	-0.10519688
0.030098757	-0.048345286	0.044976402	-0.060402595	0.11318841	-0.031666268	0.061895028	-0.051786188	0.072865084	-0.1475767	0.08287785	-0.06328631	0.083726324	-0.11718294	0.08403759	-0.061247796	0.05889494	-0.07424774	0.094653025	-0.09223269	0.06997544	-0.06686028	0.08631501	-0.10519688	0.9999991
