1.0	-0.9197477	0.13773791	-0.08766704	0.062585205	-0.27056208	0.16410533	-0.11290626	0.068512686	-0.04631197	0.16626167	-0.12027556	0.087264195	-0.060772203	0.061232753	-0.0720886	0.08075092	-0.09971461	0.08147299	-0.028811522	0.05685208	-0.0668991	0.04540359	-0.05035964	0.03228628
-0.9197477	0.9999999	-0.17672199	0.09218022	-0.0680827	0.20416091	-0.1959068	0.12111431	-0.07448136	0.049943447	-0.18399785	0.124304585	-0.09457139	0.06521468	-0.06647553	0.07460491	-0.08697744	0.10343122	-0.0880375	0.03078427	-0.061059617	0.06974594	-0.048108503	0.052706476	-0.034642085
0.13773791	-0.17672199	0.9999994	-0.38566732	0.19070566	-0.1759258	0.259563	-0.71002895	0.23786521	-0.14905767	0.15756212	-0.2447312	0.27112317	-0.1935654	0.18205602	-0.12003894	0.1611989	-0.31440166	0.21371588	-0.07412685	0.09350044	-0.13562116	0.1024717	-0.11677952	0.08126787
-0.08766704	0.09218022	-0.38566732	0.99999934	-0.448818	0.12787583	-0.2268741	0.25122523	-0.5997775	0.27821165	-0.12973106	0.18496126	-0.22165981	0.27969941	-0.32627147	0.10017652	-0.14406419	0.22924055	-0.28473055	0.090008184	-0.0814096	0.116675764	-0.10015985	0.11245768	-0.0998973
0.062585205	-0.0680827	0.19070566	-0.448818	0.99999934	-0.10846861	0.17216536	-0.18187827	0.2944393	-0.68556803	0.10712042	-0.1640621	0.17484684	-0.27193955	0.2913395	-0.09248646	0.12511921	-0.21741289	0.2196955	-0.07819419	0.072919816	-0.10794105	0.08893092	-0.10426771	0.083022155
-0.27056208	0.20416091	-0.1759258	0.12787583	-0.10846861	0.99999917	-0.44137996	0.15782887	-0.113813944	0.0786925	-0.7417302	0.26320577	-0.16186674	0.10527238	-0.10851331	0.17252748	-0.18166469	0.16964708	-0.1519501	0.053819347	-0.14414847	0.14127426	-0.09206617	0.098192595	-0.061028417
0.16410533	-0.1959068	0.259563	-0.2268741	0.17216536	-0.44137996	0.99999905	-0.34310013	0.18680781	-0.12949276	0.29035988	-0.5083254	0.26522848	-0.17619593	0.17229633	-0.20412128	0.24385273	-0.31608596	0.23627208	-0.086395904	0.15112269	-0.21751946	0.14017984	-0.16244672	0.095904015
-0.11290626	0.12111431	-0.71002895	0.25122523	-0.18187827	0.15782887	-0.34310013	0.9999991	-0.27386388	0.14302845	-0.1515617	0.23291983	-0.4281761	0.19385645	-0.18443163	0.10632919	-0.15454744	0.27046797	-0.20738545	0.06865083	-0.08509017	0.121060476	-0.093410976	0.10372329	-0.07577788
0.068512686	-0.07448136	0.23786521	-0.5997775	0.2944393	-0.113813944	0.18680781	-0.27386388	0.9999992	-0.4022083	0.1125469	-0.17707728	0.21348925	-0.48646775	0.30489698	-0.09260826	0.12918295	-0.2354295	0.24118622	-0.081982635	0.07364581	-0.108712666	0.090418406	-0.105607055	0.08549709
-0.04631197	0.049943447	-0.14905767	0.27821165	-0.68556803	0.0786925	-0.12949276	0.14302845	-0.4022083	0.99999917	-0.07892394	0.12142973	-0.14481892	0.26506364	-0.5063482	0.066136114	-0.09222842	0.16139294	-0.18472464	0.06200388	-0.05273193	0.07786621	-0.06596478	0.07689968	-0.065344766
0.16626167	-0.18399785	0.15756212	-0.12973106	0.10712042	-0.7417302	0.29035988	-0.1515617	0.1125469	-0.07892394	0.9999987	-0.40699714	0.17318387	-0.10876297	0.1086579	-0.26951998	0.20295948	-0.19245851	0.15420519	-0.05669622	0.17035717	-0.17653908	0.10365054	-0.114076585	0.063523516
-0.12027556	0.124304585	-0.2447312	0.18496126	-0.1640621	0.26320577	-0.5083254	0.23291983	-0.17707728	0.12142973	-0.40699714	0.99999857	-0.41934213	0.17486739	-0.17497857	0.19104241	-0.4291624	0.28488916	-0.23729205	0.08216554	-0.16353182	0.22355503	-0.1426036	0.14968242	-0.09277283
0.087264195	-0.09457139	0.27112317	-0.22165981	0.17484684	-0.16186674	0.26522848	-0.4281761	0.21348925	-0.14481892	0.17318387	-0.41934213	0.9999984	-0.30026588	0.20667562	-0.12661691	0.20440821	-0.63227177	0.24627051	-0.08240618	0.10239328	-0.15272716	0.11867352	-0.13005324	0.08904586
-0.060772203	0.06521468	-0.1935654	0.27969941	-0.27193955	0.10527238	-0.17619593	0.19385645	-0.48646775	0.26506364	-0.10876297	0.17486739	-0.30026588	0.9999983	-0.6208078	0.089300275	-0.13026053	0.24213907	-0.38267183	0.098566726	-0.072116144	0.10725862	-0.09520153	0.11159626	-0.10043766
0.061232753	-0.06647553	0.18205602	-0.32627147	0.2913395	-0.10851331	0.17229633	-0.18443163	0.30489698	-0.5063482	0.1086579	-0.17497857	0.20667562	-0.6208078	0.99999803	-0.09360751	0.12929933	-0.24194974	0.2512702	-0.09223129	0.07416128	-0.11101559	0.093456514	-0.11151012	0.09199566
-0.0720886	0.07460491	-0.12003894	0.10017652	-0.09248646	0.17252748	-0.20412128	0.10632919	-0.09260826	0.066136114	-0.26951998	0.19104241	-0.12661691	0.089300275	-0.09360751	0.9999984	-0.32488206	0.14631386	-0.15004867	0.057574265	-0.80462337	0.27782136	-0.14956886	0.13478534	-0.06634512
0.08075092	-0.08697744	0.1611989	-0.14406419	0.12511921	-0.18166469	0.24385273	-0.15454744	0.12918295	-0.09222842	0.20295948	-0.4291624	0.20440821	-0.13026053	0.12929933	-0.32488206	0.9999978	-0.28208098	0.20280303	-0.08608905	0.24875575	-0.6427358	0.21989259	-0.25180635	0.09445062
-0.09971461	0.10343122	-0.31440166	0.22924055	-0.21741289	0.16964708	-0.31608596	0.27046797	-0.2354295	0.16139294	-0.19245851	0.28488916	-0.63227177	0.24213907	-0.24194974	0.14631386	-0.28208098	0.9999978	-0.39347827	0.11479397	-0.12575763	0.18371196	-0.17445129	0.16927479	-0.12931523
0.08147299	-0.0880375	0.21371588	-0.28473055	0.2196955	-0.1519501	0.23627208	-0.20738545	0.24118622	-0.18472464	0.15420519	-0.23729205	0.24627051	-0.38267183	0.2512702	-0.15004867	0.20280303	-0.39347827	0.99999756	-0.2986473	0.11985177	-0.18907139	0.18591805	-0.26022038	0.22233137
-0.028811522	0.03078427	-0.07412685	0.090008184	-0.07819419	0.053819347	-0.086395904	0.06865083	-0.081982635	0.06200388	-0.05669622	0.08216554	-0.08240618	0.098566726	-0.09223129	0.057574265	-0.08608905	0.11479397	-0.2986473	0.99999803	-0.049883023	0.0791788	-0.11742011	0.14055607	-0.9140619
0.05685208	-0.061059617	0.09350044	-0.0814096	0.072919816	-0.14414847	0.15112269	-0.08509017	0.07364581	-0.05273193	0.17035717	-0.16353182	0.10239328	-0.072116144	0.07416128	-0.80462337	0.24875575	-0.12575763	0.11985177	-0.049883023	0.99999803	-0.45119923	0.14616542	-0.1444611	0.0561292
-0.0668991	0.06974594	-0.13562116	0.116675764	-0.10794105	0.14127426	-0.21751946	0.121060476	-0.108712666	0.07786621	-0.17653908	0.22355503	-0.15272716	0.10725862	-0.11101559	0.27782136	-0.6427358	0.18371196	-0.18907139	0.0791788	-0.45119923	0.9999982	-0.36488503	0.23947406	-0.09107003
0.04540359	-0.048108503	0.1024717	-0.10015985	0.08893092	-0.09206617	0.14017984	-0.093410976	0.090418406	-0.06596478	0.10365054	-0.1426036	0.11867352	-0.09520153	0.093456514	-0.14956886	0.21989259	-0.17445129	0.18591805	-0.11742011	0.14616542	-0.36488503	0.99999833	-0.8389783	0.12505546
-0.05035964	0.052706476	-0.11677952	0.11245768	-0.10426771	0.098192595	-0.16244672	0.10372329	-0.105607055	0.07689968	-0.114076585	0.14968242	-0.13005324	0.11159626	-0.11151012	0.13478534	-0.25180635	0.16927479	-0.26022038	0.14055607	-0.1444611	0.23947406	-0.8389783	0.99999833	-0.1820947
0.03228628	-0.034642085	0.08126787	-0.0998973	0.083022155	-0.061028417	0.095904015	-0.07577788	0.08549709	-0.065344766	0.063523516	-0.09277283	0.08904586	-0.10043766	0.09199566	-0.06634512	0.09445062	-0.12931523	0.22233137	-0.9140619	0.0561292	-0.09107003	0.12505546	-0.1820947	0.99999833
