1.0	-0.25411764	0.16028182	-0.19323988	0.11051163	-0.6618234	0.217409	-0.16968237	0.14588405	-0.096878506	0.29042086	-0.35463032	0.17576978	-0.18922395	0.21843557	-0.19244182	0.1918085	-0.1657541	0.14452256	-0.1413738	0.16076164	-0.16903028	0.19046989	-0.17148212	0.11625105
-0.25411764	1.0	-0.48464325	0.2024599	-0.09468443	0.16608594	-0.7539462	0.281932	-0.17228177	0.083325885	-0.1365151	0.16444105	-0.1086814	0.112035185	-0.119624026	0.08363224	-0.09760775	0.0886891	-0.08325919	0.07226776	-0.07869031	0.0770023	-0.10000676	0.08289949	-0.060978357
0.16028182	-0.48464325	0.9999997	-0.41088927	0.123565465	-0.12460155	0.2991805	-0.670168	0.26500544	-0.11623843	0.103277884	-0.13159831	0.117989175	-0.13482144	0.12597291	-0.07262047	0.084245734	-0.093958326	0.0917368	-0.07690071	0.070620626	-0.07081936	0.098609135	-0.08554815	0.063953206
-0.19323988	0.2024599	-0.41088927	0.99999976	-0.27407232	0.13281485	-0.24622725	0.30070236	-0.69668895	0.21787469	-0.12558328	0.14883922	-0.18277231	0.20383416	-0.2140654	0.09377117	-0.112930305	0.13569254	-0.14859402	0.11598526	-0.09877021	0.09672463	-0.1503328	0.12446272	-0.09908241
0.11051163	-0.09468443	0.123565465	-0.27407232	0.9999999	-0.08550225	0.101659425	-0.15503052	0.23005666	-0.8732169	0.07555582	-0.09606289	0.10105077	-0.1308392	0.21223107	-0.06281693	0.0725649	-0.09099153	0.09260594	-0.09815378	0.065287076	-0.06733437	0.10131231	-0.10172087	0.07544614
-0.6618234	0.16608594	-0.12460155	0.13281485	-0.08550225	0.99999964	-0.20971575	0.12595053	-0.110510744	0.07321482	-0.57377476	0.2844222	-0.14921984	0.13961864	-0.17151773	0.17537642	-0.18539777	0.13063037	-0.11422688	0.10530838	-0.1575704	0.14110065	-0.1663631	0.1267553	-0.09024568
0.217409	-0.7539462	0.2991805	-0.24622725	0.101659425	-0.20971575	0.99999964	-0.4127378	0.18982886	-0.09389355	0.15771884	-0.23249328	0.12535799	-0.13260302	0.12968314	-0.09861943	0.11313015	-0.10375152	0.094915204	-0.08250828	0.08911222	-0.08922977	0.11186889	-0.095286466	0.06883533
-0.16968237	0.281932	-0.670168	0.30070236	-0.15503052	0.12595053	-0.4127378	0.99999964	-0.44754946	0.13859628	-0.112718865	0.1390611	-0.14541136	0.15336458	-0.14186248	0.07780712	-0.09268571	0.105662785	-0.10632626	0.08441556	-0.07725274	0.0764713	-0.110058986	0.092838705	-0.07118958
0.14588405	-0.17228177	0.26500544	-0.69668895	0.23005666	-0.110510744	0.18982886	-0.44754946	0.99999964	-0.3044607	0.10256542	-0.13013957	0.1686887	-0.27113727	0.17287359	-0.07951851	0.09488216	-0.12855461	0.13997501	-0.106567554	0.08152151	-0.08237777	0.12589513	-0.11302638	0.08728153
-0.096878506	0.083325885	-0.11623843	0.21787469	-0.8732169	0.07321482	-0.09389355	0.13859628	-0.3044607	0.9999997	-0.06622834	0.08297452	-0.09356069	0.11780168	-0.2579075	0.054579526	-0.06385633	0.080879286	-0.08554186	0.08895997	-0.057289515	0.058596995	-0.09038408	0.08860264	-0.06905635
0.29042086	-0.1365151	0.103277884	-0.12558328	0.07555582	-0.57377476	0.15771884	-0.112718865	0.10256542	-0.06622834	0.9999999	-0.6181918	0.17456035	-0.16317728	0.14933318	-0.29812562	0.23924972	-0.15567458	0.12502438	-0.11107725	0.18280883	-0.17685322	0.16739784	-0.13656624	0.09267641
-0.35463032	0.16444105	-0.13159831	0.14883922	-0.09606289	0.2844222	-0.23249328	0.1390611	-0.13013957	0.08297452	-0.6181918	0.9999998	-0.3076568	0.2042197	-0.1912861	0.24949907	-0.39411116	0.20350231	-0.16636507	0.13508104	-0.21535559	0.20280246	-0.222767	0.16211906	-0.116456375
0.17576978	-0.1086814	0.117989175	-0.18277231	0.10105077	-0.14921984	0.12535799	-0.14541136	0.1686887	-0.09356069	0.17456035	-0.3076568	1.0000001	-0.61623317	0.18324089	-0.14965315	0.18738554	-0.56477576	0.30164576	-0.19148044	0.14083783	-0.15446341	0.23010859	-0.20799276	0.15233508
-0.18922395	0.112035185	-0.13482144	0.20383416	-0.1308392	0.13961864	-0.13260302	0.15336458	-0.27113727	0.11780168	-0.16317728	0.2042197	-0.61623317	0.9999997	-0.23074406	0.13536581	-0.17517261	0.31584707	-0.51391983	0.21288686	-0.14538145	0.14682616	-0.25698397	0.21376677	-0.18770252
0.21843557	-0.119624026	0.12597291	-0.2140654	0.21223107	-0.17151773	0.12968314	-0.14186248	0.17287359	-0.2579075	0.14933318	-0.1912861	0.18324089	-0.23074406	0.9999994	-0.13550824	0.15414134	-0.19837262	0.20132661	-0.3346649	0.14389451	-0.15195422	0.2336941	-0.27771565	0.2083275
-0.19244182	0.08363224	-0.07262047	0.09377117	-0.06281693	0.17537642	-0.09861943	0.07780712	-0.07951851	0.054579526	-0.29812562	0.24949907	-0.14965315	0.13536581	-0.13550824	0.9999994	-0.63577557	0.16141276	-0.1273102	0.11100528	-0.57873297	0.30097693	-0.21539728	0.14479753	-0.09569635
0.1918085	-0.09760775	0.084245734	-0.112930305	0.0725649	-0.18539777	0.11313015	-0.09268571	0.09488216	-0.06385633	0.23924972	-0.39411116	0.18738554	-0.17517261	0.15414134	-0.63577557	0.99999946	-0.24579677	0.16060275	-0.14051402	0.31156406	-0.45294914	0.2384699	-0.18323371	0.11621465
-0.1657541	0.0886891	-0.093958326	0.13569254	-0.09099153	0.13063037	-0.10375152	0.105662785	-0.12855461	0.080879286	-0.15567458	0.20350231	-0.56477576	0.31584707	-0.19837262	0.16141276	-0.24579677	0.9999994	-0.5686748	0.22116704	-0.16597615	0.18077143	-0.36504924	0.23600285	-0.19453771
0.14452256	-0.08325919	0.0917368	-0.14859402	0.09260594	-0.11422688	0.094915204	-0.10632626	0.13997501	-0.08554186	0.12502438	-0.16636507	0.30164576	-0.51391983	0.20132661	-0.1273102	0.16060275	-0.5686748	0.9999995	-0.40899435	0.13120222	-0.14454708	0.25308937	-0.3261144	0.24012673
-0.1413738	0.07226776	-0.07690071	0.11598526	-0.09815378	0.10530838	-0.08250828	0.08441556	-0.106567554	0.08895997	-0.11107725	0.13508104	-0.19148044	0.21288686	-0.3346649	0.11100528	-0.14051402	0.22116704	-0.40899435	0.9999998	-0.1327277	0.13521488	-0.27986586	0.30746266	-0.6959903
0.16076164	-0.07869031	0.070620626	-0.09877021	0.065287076	-0.1575704	0.08911222	-0.07725274	0.08152151	-0.057289515	0.18280883	-0.21535559	0.14083783	-0.14538145	0.14389451	-0.57873297	0.31156406	-0.16597615	0.13120222	-0.1327277	1.0	-0.6509624	0.24519956	-0.1878527	0.110110015
-0.16903028	0.0770023	-0.07081936	0.09672463	-0.06733437	0.14110065	-0.08922977	0.0764713	-0.08237777	0.058596995	-0.17685322	0.20280246	-0.15446341	0.14682616	-0.15195422	0.30097693	-0.45294914	0.18077143	-0.14454708	0.13521488	-0.6509624	1.0000001	-0.4506606	0.19503224	-0.12103238
0.19046989	-0.10000676	0.098609135	-0.1503328	0.10131231	-0.1663631	0.11186889	-0.110058986	0.12589513	-0.09038408	0.16739784	-0.222767	0.23010859	-0.25698397	0.2336941	-0.21539728	0.2384699	-0.36504924	0.25308937	-0.27986586	0.24519956	-0.4506606	1.0	-0.52695805	0.23658107
-0.17148212	0.08289949	-0.08554815	0.12446272	-0.10172087	0.1267553	-0.095286466	0.092838705	-0.11302638	0.08860264	-0.13656624	0.16211906	-0.20799276	0.21376677	-0.27771565	0.14479753	-0.18323371	0.23600285	-0.3261144	0.30746266	-0.1878527	0.19503224	-0.52695805	1.0000001	-0.57829005
0.11625105	-0.060978357	0.063953206	-0.09908241	0.07544614	-0.09024568	0.06883533	-0.07118958	0.08728153	-0.06905635	0.09267641	-0.116456375	0.15233508	-0.18770252	0.2083275	-0.09569635	0.11621465	-0.19453771	0.24012673	-0.6959903	0.110110015	-0.12103238	0.23658107	-0.57829005	1.0000001
