1.0000001	-0.7958501	0.08111798	-0.046084624	0.049702648	-0.49694	0.27443233	-0.081142604	0.053636074	-0.047488898	0.1894139	-0.18117297	0.08090609	-0.07572474	0.049578667	-0.102511175	0.07786885	-0.06572619	0.05805059	-0.043629676	0.105765045	-0.06640458	0.05960836	-0.039635897	0.04103519
-0.7958501	1.0000004	-0.10954989	0.057278212	-0.061666284	0.306102	-0.43093327	0.10295453	-0.06779975	0.057515796	-0.22980073	0.19820437	-0.097387865	0.087544635	-0.06021581	0.11737548	-0.09449528	0.07756095	-0.07074992	0.05224455	-0.13460249	0.079017185	-0.07241022	0.047648408	-0.049865153
0.08111798	-0.10954989	1.0000007	-0.29855937	0.15466109	-0.13653891	0.15854292	-0.8713445	0.24143675	-0.1523532	0.10285541	-0.125029	0.12196486	-0.1306122	0.09974593	-0.08105866	0.070368595	-0.07705487	0.094641075	-0.08573913	0.09158319	-0.06626276	0.06870895	-0.062421918	0.06780479
-0.046084624	0.057278212	-0.29855937	1.0000007	-0.4226304	0.07180948	-0.08368666	0.22483163	-0.777024	0.24260488	-0.07365414	0.080350935	-0.13611786	0.1528478	-0.13848722	0.06881559	-0.06490326	0.07657939	-0.11504147	0.108642384	-0.08649167	0.06266826	-0.07204414	0.07321716	-0.082433425
0.049702648	-0.061666284	0.15466109	-0.4226304	1.0000006	-0.07701896	0.08189546	-0.14855029	0.2719077	-0.69545263	0.08440944	-0.09008827	0.14088665	-0.16796376	0.24918748	-0.092171706	0.08412859	-0.10142634	0.18381056	-0.212866	0.11641017	-0.085975915	0.09581339	-0.12301187	0.14179762
-0.49694	0.306102	-0.13653891	0.07180948	-0.07701896	1.0000005	-0.5907984	0.12888762	-0.08525459	0.072476804	-0.44893223	0.28677443	-0.1295798	0.11552985	-0.076541774	0.1705911	-0.1322203	0.10427197	-0.09041706	0.06685205	-0.18438189	0.10744509	-0.096872285	0.0616628	-0.063952684
0.27443233	-0.43093327	0.15854292	-0.08368666	0.08189546	-0.5907984	1.0000004	-0.19958138	0.097391754	-0.07973221	0.2944439	-0.51081985	0.1459263	-0.13703355	0.08039562	-0.15989317	0.12750939	-0.109660916	0.092230506	-0.07109623	0.15686949	-0.107231066	0.095798016	-0.0637873	0.0650722
-0.081142604	0.10295453	-0.8713445	0.22483163	-0.14855029	0.12888762	-0.19958138	1.0000002	-0.311977	0.13271065	-0.105305284	0.12295645	-0.133522	0.12745023	-0.09410772	0.07809369	-0.06973093	0.07527095	-0.0903624	0.07808046	-0.09081136	0.06405845	-0.068012804	0.05868971	-0.06376161
0.053636074	-0.06779975	0.24143675	-0.777024	0.2719077	-0.08525459	0.097391754	-0.311977	1.0000008	-0.31223226	0.084932975	-0.09545872	0.15665193	-0.21936318	0.15741341	-0.080525406	0.0750899	-0.09069439	0.1316968	-0.12981634	0.09852606	-0.07319334	0.082931116	-0.08589804	0.09483915
-0.047488898	0.057515796	-0.1523532	0.24260488	-0.69545263	0.072476804	-0.07973221	0.13271065	-0.31223226	1.0000005	-0.08429422	0.088092856	-0.15699658	0.17482023	-0.45777637	0.08921293	-0.08529397	0.10272948	-0.2132737	0.22626138	-0.11736479	0.08553329	-0.10059178	0.13175304	-0.16736625
0.1894139	-0.22980073	0.10285541	-0.07365414	0.08440944	-0.44893223	0.2944439	-0.105305284	0.084932975	-0.08429422	1.0000002	-0.6601868	0.175973	-0.16733076	0.093346156	-0.37757918	0.19610573	-0.15289895	0.11178821	-0.08450964	0.23286565	-0.15939638	0.13106427	-0.07975193	0.079448804
-0.18117297	0.19820437	-0.125029	0.080350935	-0.09008827	0.28677443	-0.51081985	0.12295645	-0.09545872	0.088092856	-0.6601868	1.0000005	-0.25699264	0.18014966	-0.09971173	0.22864667	-0.21588105	0.1551262	-0.11870963	0.08743883	-0.23520169	0.15239225	-0.13801564	0.082088545	-0.082918145
0.08090609	-0.097387865	0.12196486	-0.13611786	0.14088665	-0.1295798	0.1459263	-0.133522	0.15665193	-0.15699658	0.175973	-0.25699264	1.0000006	-0.7717894	0.18566853	-0.1688332	0.17720333	-0.33134493	0.20247646	-0.1670582	0.18535855	-0.16487181	0.20247298	-0.14290507	0.13415259
-0.07572474	0.087544635	-0.1306122	0.1528478	-0.16796376	0.11552985	-0.13703355	0.12745023	-0.21936318	0.17482023	-0.16733076	0.18014966	-0.7717894	1.0000005	-0.27035463	0.15097503	-0.1667086	0.21755667	-0.2798796	0.188329	-0.1952684	0.14979611	-0.20279886	0.15523371	-0.15534548
0.049578667	-0.06021581	0.09974593	-0.13848722	0.24918748	-0.076541774	0.08039562	-0.09410772	0.15741341	-0.45777637	0.093346156	-0.09971173	0.18566853	-0.27035463	1.0000005	-0.10749031	0.10200737	-0.13153517	0.26209795	-0.6406281	0.13422997	-0.10636761	0.123657495	-0.20115528	0.23294933
-0.102511175	0.11737548	-0.08105866	0.06881559	-0.092171706	0.1705911	-0.15989317	0.07809369	-0.080525406	0.08921293	-0.37757918	0.22864667	-0.1688332	0.15097503	-0.10749031	1.0000001	-0.50867635	0.2267057	-0.14197594	0.09804616	-0.6443391	0.2817151	-0.2207017	0.10435701	-0.104070276
0.07786885	-0.09449528	0.070368595	-0.06490326	0.08412859	-0.1322203	0.12750939	-0.06973093	0.0750899	-0.08529397	0.19610573	-0.21588105	0.17720333	-0.1667086	0.10200737	-0.50867635	1.0000007	-0.4530089	0.13858683	-0.09794589	0.31224328	-0.586037	0.29206786	-0.11430447	0.10469819
-0.06572619	0.07756095	-0.07705487	0.07657939	-0.10142634	0.10427197	-0.109660916	0.07527095	-0.09069439	0.10272948	-0.15289895	0.1551262	-0.33134493	0.21755667	-0.13153517	0.2267057	-0.4530089	1.0000006	-0.19963229	0.12607114	-0.28138816	0.30615845	-0.6755468	0.16195871	-0.14828537
0.05805059	-0.07074992	0.094641075	-0.11504147	0.18381056	-0.09041706	0.092230506	-0.0903624	0.1316968	-0.2132737	0.11178821	-0.11870963	0.20247646	-0.2798796	0.26209795	-0.14197594	0.13858683	-0.19963229	1.0000005	-0.42204824	0.1715936	-0.15418749	0.1846729	-0.54204595	0.31398556
-0.043629676	0.05224455	-0.08573913	0.108642384	-0.212866	0.06685205	-0.07109623	0.07808046	-0.12981634	0.22626138	-0.08450964	0.08743883	-0.1670582	0.188329	-0.6406281	0.09804616	-0.09794589	0.12607114	-0.42204824	1.0000006	-0.12786719	0.102948904	-0.12935324	0.2615107	-0.46605086
0.105765045	-0.13460249	0.09158319	-0.08649167	0.11641017	-0.18438189	0.15686949	-0.09081136	0.09852606	-0.11736479	0.23286565	-0.23520169	0.18535855	-0.1952684	0.13422997	-0.6443391	0.31224328	-0.28138816	0.1715936	-0.12786719	1.0000008	-0.4646355	0.24218303	-0.13298054	0.12730941
-0.06640458	0.079017185	-0.06626276	0.06266826	-0.085975915	0.10744509	-0.107231066	0.06405845	-0.07319334	0.08553329	-0.15939638	0.15239225	-0.16487181	0.14979611	-0.10636761	0.2817151	-0.586037	0.30615845	-0.15418749	0.102948904	-0.4646355	1.0000008	-0.5355011	0.13330157	-0.124205254
0.05960836	-0.07241022	0.06870895	-0.07204414	0.09581339	-0.096872285	0.095798016	-0.068012804	0.082931116	-0.10059178	0.13106427	-0.13801564	0.20247298	-0.20279886	0.123657495	-0.2207017	0.29206786	-0.6755468	0.1846729	-0.12935324	0.24218303	-0.5355011	1.000001	-0.22320667	0.15664922
-0.039635897	0.047648408	-0.062421918	0.07321716	-0.12301187	0.0616628	-0.0637873	0.05868971	-0.08589804	0.13175304	-0.07975193	0.082088545	-0.14290507	0.15523371	-0.20115528	0.10435701	-0.11430447	0.16195871	-0.54204595	0.2615107	-0.13298054	0.13330157	-0.22320667	1.000001	-0.7120231
0.04103519	-0.049865153	0.06780479	-0.082433425	0.14179762	-0.063952684	0.0650722	-0.06376161	0.09483915	-0.16736625	0.079448804	-0.082918145	0.13415259	-0.15534548	0.23294933	-0.104070276	0.10469819	-0.14828537	0.31398556	-0.46605086	0.12730941	-0.124205254	0.15664922	-0.7120231	1.000001
