1.0	-0.8842902	0.19503903	-0.14161055	0.11413423	-0.23218875	0.2083634	-0.19740087	0.08192159	-0.083137825	0.17641099	-0.14820218	0.10857846	-0.07973056	0.068537675	-0.031389344	0.06945073	-0.07759761	0.08144644	-0.070285544	0.032362718	-0.055035517	0.05631198	-0.083027236	0.08302162
-0.8842902	0.99999994	-0.26033008	0.12715116	-0.109562114	0.17719747	-0.2469977	0.1867231	-0.0778898	0.07626708	-0.17876728	0.13612421	-0.104011156	0.07327681	-0.06336791	0.02954255	-0.06470991	0.07067077	-0.07582714	0.063665435	-0.030802961	0.04986115	-0.0515395	0.07353567	-0.075021856
0.19503903	-0.26033008	0.9999995	-0.34876513	0.22292423	-0.12074391	0.22314925	-0.78570735	0.17636913	-0.17696248	0.12400477	-0.16162884	0.14586069	-0.11702643	0.1088608	-0.03167653	0.083465375	-0.09600138	0.11499047	-0.10999431	0.03311694	-0.06632076	0.06980827	-0.10526458	0.10849474
-0.14161055	0.12715116	-0.34876513	0.9999996	-0.8061251	0.104817726	-0.21395136	0.23146297	-0.17956407	0.16252333	-0.12998454	0.14589159	-0.16178645	0.12155508	-0.13015427	0.034437347	-0.09097748	0.10078716	-0.13379255	0.12002351	-0.03693753	0.07078786	-0.07836331	0.116481006	-0.13794036
0.11413423	-0.109562114	0.22292423	-0.8061251	0.9999993	-0.09546524	0.1857873	-0.23354383	0.16774452	-0.195507	0.114623696	-0.1444417	0.15172026	-0.12396264	0.13138658	-0.033545624	0.08987766	-0.10307172	0.13181278	-0.13227735	0.035673253	-0.07311221	0.07948748	-0.1287549	0.1443795
-0.23218875	0.17719747	-0.12074391	0.104817726	-0.09546524	0.99999917	-0.3795043	0.12993914	-0.06938542	0.06842992	-0.8402998	0.20095891	-0.13195366	0.08599952	-0.06703888	0.06225334	-0.0890363	0.09285205	-0.089358896	0.068233766	-0.06440931	0.0663593	-0.066977695	0.08957384	-0.08864294
0.2083634	-0.2469977	0.22314925	-0.21395136	0.1857873	-0.3795043	0.9999992	-0.32125694	0.14116915	-0.14173348	0.2711876	-0.5464399	0.25639322	-0.17835417	0.13273494	-0.064992376	0.17477223	-0.1907668	0.17548537	-0.138437	0.06611564	-0.13568234	0.13260706	-0.18509799	0.17538212
-0.19740087	0.1867231	-0.78570735	0.23146297	-0.23354383	0.12993914	-0.32125694	0.99999905	-0.25512442	0.18557675	-0.14070557	0.17574999	-0.17735049	0.12986374	-0.121591255	0.03432716	-0.09225051	0.103602774	-0.12981871	0.11553807	-0.036163423	0.07063794	-0.07547458	0.10858425	-0.11504849
0.08192159	-0.0778898	0.17636913	-0.17956407	0.16774452	-0.06938542	0.14116915	-0.25512442	0.99999887	-0.8442367	0.080927305	-0.12710333	0.15693204	-0.24116646	0.20954506	-0.026866779	0.08048219	-0.09942299	0.17735085	-0.21200225	0.028364286	-0.06481017	0.071069844	-0.115665756	0.11773887
-0.083137825	0.07626708	-0.17696248	0.16252333	-0.195507	0.06842992	-0.14173348	0.18557675	-0.8442367	0.99999905	-0.08168955	0.12029029	-0.15660128	0.18444878	-0.30566865	0.026613949	-0.07956606	0.09581017	-0.1825001	0.20494018	-0.028265841	0.06304338	-0.07028614	0.1117639	-0.12077023
0.17641099	-0.17876728	0.12400477	-0.12998454	0.114623696	-0.8402998	0.2711876	-0.14070557	0.080927305	-0.08168955	0.9999986	-0.26642054	0.15380406	-0.10620035	0.08175614	-0.08210998	0.10825324	-0.11698752	0.10809268	-0.08485729	0.076765254	-0.08419613	0.083054565	-0.1162328	0.11175767
-0.14820218	0.13612421	-0.16162884	0.14589159	-0.1444417	0.20095891	-0.5464399	0.17574999	-0.12710333	0.12029029	-0.26642054	0.9999987	-0.5396875	0.21790448	-0.1386079	0.07786026	-0.32623553	0.24851722	-0.23223431	0.13621512	-0.082398064	0.17347209	-0.18040057	0.18041103	-0.18458061
0.10857846	-0.104011156	0.14586069	-0.16178645	0.15172026	-0.13195366	0.25639322	-0.17735049	0.15693204	-0.15660128	0.15380406	-0.5396875	0.9999988	-0.49265286	0.16469178	-0.06555103	0.23064972	-0.35613242	0.28816298	-0.1783306	0.0676091	-0.17495707	0.1816573	-0.2314338	0.20057943
-0.07973056	0.07327681	-0.11702643	0.12155508	-0.12396264	0.08599952	-0.17835417	0.12986374	-0.24116646	0.18444878	-0.10620035	0.21790448	-0.49265286	0.9999989	-0.22313964	0.044424187	-0.15522274	0.20169811	-0.70566165	0.20744997	-0.047107153	0.116109885	-0.13418907	0.19608395	-0.18852694
0.068537675	-0.06336791	0.1088608	-0.13015427	0.13138658	-0.06703888	0.13273494	-0.121591255	0.20954506	-0.30566865	0.08175614	-0.1386079	0.16469178	-0.22313964	0.9999987	-0.03163386	0.09726997	-0.124261595	0.22238503	-0.83275086	0.033357505	-0.08341704	0.091576114	-0.17523175	0.18151861
-0.031389344	0.02954255	-0.03167653	0.034437347	-0.033545624	0.06225334	-0.064992376	0.03432716	-0.026866779	0.026613949	-0.08210998	0.07786026	-0.06555103	0.044424187	-0.03163386	0.99999905	-0.14365576	0.10202367	-0.050454102	0.032905363	-0.9740307	0.083640955	-0.06992366	0.055815183	-0.05174869
0.06945073	-0.06470991	0.083465375	-0.09097748	0.08987766	-0.0890363	0.17477223	-0.09225051	0.08048219	-0.07956606	0.10825324	-0.32623553	0.23064972	-0.15522274	0.09726997	-0.14365576	0.9999988	-0.638067	0.17576426	-0.10352017	0.12606324	-0.5369212	0.30534405	-0.19298081	0.16438226
-0.07759761	0.07067077	-0.09600138	0.10078716	-0.10307172	0.09285205	-0.1907668	0.103602774	-0.09942299	0.09581017	-0.11698752	0.24851722	-0.35613242	0.20169811	-0.124261595	0.10202367	-0.638067	0.9999988	-0.28026575	0.12791729	-0.111278385	0.30158326	-0.45957926	0.21536483	-0.2094319
0.08144644	-0.07582714	0.11499047	-0.13379255	0.13181278	-0.089358896	0.17548537	-0.12981871	0.17735085	-0.1825001	0.10809268	-0.23223431	0.28816298	-0.70566165	0.22238503	-0.050454102	0.17576426	-0.28026575	0.9999989	-0.30981234	0.05271579	-0.14444606	0.16171755	-0.3096826	0.22378796
-0.070285544	0.063665435	-0.10999431	0.12002351	-0.13227735	0.068233766	-0.138437	0.11553807	-0.21200225	0.20494018	-0.08485729	0.13621512	-0.1783306	0.20744997	-0.83275086	0.032905363	-0.10352017	0.12791729	-0.30981234	0.9999989	-0.035039894	0.085903026	-0.0978857	0.18084846	-0.23748448
0.032362718	-0.030802961	0.03311694	-0.03693753	0.035673253	-0.06440931	0.06611564	-0.036163423	0.028364286	-0.028265841	0.076765254	-0.082398064	0.0676091	-0.047107153	0.033357505	-0.9740307	0.12606324	-0.111278385	0.05271579	-0.035039894	0.999999	-0.08985615	0.0712545	-0.06017911	0.054227944
-0.055035517	0.04986115	-0.06632076	0.07078786	-0.07311221	0.0663593	-0.13568234	0.07063794	-0.06481017	0.06304338	-0.08419613	0.17347209	-0.17495707	0.116109885	-0.08341704	0.083640955	-0.5369212	0.30158326	-0.14444606	0.085903026	-0.08985615	0.9999991	-0.7299864	0.19801132	-0.18784142
0.05631198	-0.0515395	0.06980827	-0.07836331	0.07948748	-0.066977695	0.13260706	-0.07547458	0.071069844	-0.07028614	0.083054565	-0.18040057	0.1816573	-0.13418907	0.091576114	-0.06992366	0.30534405	-0.45957926	0.16171755	-0.0978857	0.0712545	-0.7299864	0.99999905	-0.3199279	0.20350128
-0.083027236	0.07353567	-0.10526458	0.116481006	-0.1287549	0.08957384	-0.18509799	0.10858425	-0.115665756	0.1117639	-0.1162328	0.18041103	-0.2314338	0.19608395	-0.17523175	0.055815183	-0.19298081	0.21536483	-0.3096826	0.18084846	-0.06017911	0.19801132	-0.3199279	0.99999905	-0.7604342
0.08302162	-0.075021856	0.10849474	-0.13794036	0.1443795	-0.08864294	0.17538212	-0.11504849	0.11773887	-0.12077023	0.11175767	-0.18458061	0.20057943	-0.18852694	0.18151861	-0.05174869	0.16438226	-0.2094319	0.22378796	-0.23748448	0.054227944	-0.18784142	0.20350128	-0.7604342	0.99999905
