1.759402072057128
0.17076295614242554
0.9259392712265253
1.4204643703997135
1.341358633711934
0.41024226509034634
0.8290653806179762
0.08924921043217182
0.6727206036448479
0.368042279034853
0.40689085610210896
1.5595123432576656
1.1853858679533005
1.7281374298036098
0.13810680992901325
0.6411836333572865
0.7628558054566383
0.1985410936176777
1.3814275693148375
0.3680292647331953
0.4535997025668621
1.589509841054678
0.288462121039629
0.9258924573659897
1.9999744035303593
1.3516939766705036
1.196408238261938
1.1339907608926296
1.5033380128443241
0.1187153086066246
0.8714689090847969
0.26830998808145523
0.37605536729097366
1.6895432900637388
1.8669360764324665
0.9027101658284664
0.20256604626774788
1.6830441486090422
0.6931920368224382
0.21149597875773907
