1.0000001	-0.489518	0.14548993	-0.09290673	0.040672243	-0.47952816	0.27150297	-0.14845793	0.092380784	-0.03927329	0.25640258	-0.17292707	0.15877575	-0.14281468	0.11757511	-0.22293943	0.13857049	-0.1301807	0.13670835	-0.09774775	0.20415375	-0.1379808	0.15628673	-0.1783348	0.16255634
-0.489518	1.0000001	-0.19956453	0.09294759	-0.033617713	0.31256992	-0.7114112	0.17944737	-0.09913829	0.032220967	-0.24389517	0.12616721	-0.13661943	0.10927741	-0.082398176	0.15240376	-0.10636334	0.100969486	-0.10534454	0.06771758	-0.16115116	0.102287844	-0.12081971	0.10685285	-0.10393597
0.14548993	-0.19956453	1.0	-0.36906457	0.06373866	-0.16946064	0.17890719	-0.8049905	0.25801882	-0.064005084	0.12012224	-0.15471491	0.19728884	-0.18187714	0.090813026	-0.110208236	0.10967513	-0.13274884	0.13652611	-0.078957856	0.11605696	-0.10060244	0.11649985	-0.11061942	0.097877406
-0.09290673	0.09294759	-0.36906457	0.9999998	-0.124773614	0.089217596	-0.08799575	0.25134823	-0.8450915	0.1097787	-0.080613025	0.10608441	-0.15757643	0.18780391	-0.09844869	0.07627561	-0.08479996	0.10259621	-0.15479662	0.08059169	-0.089186534	0.076145075	-0.09595231	0.09311911	-0.0900025
0.040672243	-0.033617713	0.06373866	-0.124773614	0.9999997	-0.0355306	0.028793141	-0.059639327	0.10699915	-0.970973	0.03575921	-0.048179768	0.05588586	-0.07582767	0.11295926	-0.03567726	0.037299152	-0.04404359	0.064504385	-0.09645212	0.04179839	-0.035533205	0.043407254	-0.06874859	0.06141847
-0.47952816	0.31256992	-0.16946064	0.089217596	-0.0355306	0.9999999	-0.5495495	0.1600989	-0.09431053	0.03401956	-0.4757045	0.14966163	-0.15247385	0.12187954	-0.09510146	0.22375187	-0.13213971	0.11900834	-0.120564505	0.07827219	-0.2133662	0.12840408	-0.14799584	0.12633201	-0.122098096
0.27150297	-0.7114112	0.17890719	-0.08799575	0.028793141	-0.5495495	0.99999976	-0.23197252	0.092606194	-0.027877986	0.19928804	-0.11435308	0.11804245	-0.09553283	0.0663073	-0.13521351	0.090243295	-0.08630598	0.08789268	-0.055382006	0.12508897	-0.08452854	0.09707567	-0.087721005	0.082264714
-0.14845793	0.17944737	-0.8049905	0.25134823	-0.059639327	0.1600989	-0.23197252	0.99999964	-0.3276437	0.05785353	-0.12182889	0.14781077	-0.26340786	0.17423569	-0.09105296	0.106614746	-0.11134527	0.13532871	-0.14208572	0.07753033	-0.11690958	0.0992737	-0.120393485	0.10517683	-0.09651923
0.092380784	-0.09913829	0.25801882	-0.8450915	0.10699915	-0.09431053	0.092606194	-0.3276437	0.9999995	-0.115183525	0.08071132	-0.11088503	0.15739894	-0.25519362	0.094760016	-0.077562496	0.08542018	-0.10592971	0.1526017	-0.0806932	0.08812255	-0.07710375	0.09478248	-0.09465748	0.08774057
-0.03927329	0.032220967	-0.064005084	0.1097787	-0.970973	0.03401956	-0.027877986	0.05785353	-0.115183525	0.9999993	-0.03455106	0.046076857	-0.05498857	0.07244851	-0.13003142	0.03423541	-0.036139388	0.04269085	-0.063815944	0.09182596	-0.040528793	0.03424944	-0.04226399	0.06459628	-0.06041757
0.25640258	-0.24389517	0.12012224	-0.080613025	0.03575921	-0.4757045	0.19928804	-0.12182889	0.08071132	-0.03455106	0.9999994	-0.21562424	0.1672912	-0.14276586	0.107328445	-0.6381044	0.1872468	-0.15187293	0.13894913	-0.09162831	0.26625094	-0.18025073	0.17749453	-0.16457762	0.14211065
-0.17292707	0.12616721	-0.15471491	0.10608441	-0.048179768	0.14966163	-0.11435308	0.14781077	-0.11088503	0.046076857	-0.21562424	0.9999989	-0.4754627	0.23264237	-0.15718058	0.23128822	-0.63366395	0.30588016	-0.2597934	0.13238333	-0.30362475	0.27356488	-0.32986388	0.18707569	-0.17946833
0.15877575	-0.13661943	0.19728884	-0.15757643	0.05588586	-0.15247385	0.11804245	-0.26340786	0.15739894	-0.05498857	0.1672912	-0.4754627	0.99999875	-0.4546049	0.15994173	-0.19831812	0.2810821	-0.5162209	0.2913365	-0.14785738	0.21596858	-0.23998734	0.26786467	-0.20922114	0.17381479
-0.14281468	0.10927741	-0.18187714	0.18780391	-0.07582767	0.12187954	-0.09553283	0.17423569	-0.25519362	0.07244851	-0.14276586	0.23264237	-0.4546049	0.99999887	-0.25933188	0.15078817	-0.20339401	0.27100295	-0.66684467	0.21017055	-0.18842576	0.17311056	-0.23322812	0.21691488	-0.21737033
0.11757511	-0.082398176	0.090813026	-0.09844869	0.11295926	-0.09510146	0.0663073	-0.09105296	0.094760016	-0.13003142	0.107328445	-0.15718058	0.15994173	-0.25933188	0.9999986	-0.11370557	0.12067409	-0.14907582	0.23939568	-0.8168351	0.1334732	-0.118171684	0.14272872	-0.30281302	0.26012027
-0.22293943	0.15240376	-0.110208236	0.07627561	-0.03567726	0.22375187	-0.13521351	0.106614746	-0.077562496	0.03423541	-0.6381044	0.23128822	-0.19831812	0.15078817	-0.11370557	0.99999857	-0.30048424	0.18520093	-0.15961516	0.09604756	-0.5212349	0.23811485	-0.24208234	0.15785338	-0.14494191
0.13857049	-0.10636334	0.10967513	-0.08479996	0.037299152	-0.13213971	0.090243295	-0.11134527	0.08542018	-0.036139388	0.1872468	-0.63366395	0.2810821	-0.20339401	0.12067409	-0.30048424	0.9999986	-0.44696385	0.20924821	-0.109342	0.26665568	-0.43351144	0.29704487	-0.16662866	0.14192216
-0.1301807	0.100969486	-0.13274884	0.10259621	-0.04404359	0.11900834	-0.08630598	0.13532871	-0.10592971	0.04269085	-0.15187293	0.30588016	-0.5162209	0.27100295	-0.14907582	0.18520093	-0.44696385	0.99999857	-0.40746418	0.13868913	-0.22478399	0.26740354	-0.4923622	0.18728738	-0.1606032
0.13670835	-0.10534454	0.13652611	-0.15479662	0.064504385	-0.120564505	0.08789268	-0.14208572	0.1526017	-0.063815944	0.13894913	-0.2597934	0.2913365	-0.66684467	0.23939568	-0.15961516	0.20924821	-0.40746418	0.9999988	-0.31156707	0.18245327	-0.19020389	0.23076162	-0.29442644	0.22324552
-0.09774775	0.06771758	-0.078957856	0.08059169	-0.09645212	0.07827219	-0.055382006	0.07753033	-0.0806932	0.09182596	-0.09162831	0.13238333	-0.14785738	0.21017055	-0.8168351	0.09604756	-0.109342	0.13868913	-0.31156707	0.99999917	-0.117742464	0.10348744	-0.1327064	0.24766892	-0.36275283
0.20415375	-0.16115116	0.11605696	-0.089186534	0.04179839	-0.2133662	0.12508897	-0.11690958	0.08812255	-0.040528793	0.26625094	-0.30362475	0.21596858	-0.18842576	0.1334732	-0.5212349	0.26665568	-0.22478399	0.18245327	-0.117742464	0.9999986	-0.52841866	0.28308052	-0.2240534	0.1770511
-0.1379808	0.102287844	-0.10060244	0.076145075	-0.035533205	0.12840408	-0.08452854	0.0992737	-0.07710375	0.03424944	-0.18025073	0.27356488	-0.23998734	0.17311056	-0.118171684	0.23811485	-0.43351144	0.26740354	-0.19020389	0.10348744	-0.52841866	0.9999986	-0.6039957	0.1734173	-0.14868116
0.15628673	-0.12081971	0.11649985	-0.09595231	0.043407254	-0.14799584	0.09707567	-0.120393485	0.09478248	-0.04226399	0.17749453	-0.32986388	0.26786467	-0.23322812	0.14272872	-0.24208234	0.29704487	-0.4923622	0.23076162	-0.1327064	0.28308052	-0.6039957	0.9999988	-0.2621971	0.1852625
-0.1783348	0.10685285	-0.11061942	0.09311911	-0.06874859	0.12633201	-0.087721005	0.10517683	-0.09465748	0.06459628	-0.16457762	0.18707569	-0.20922114	0.21691488	-0.30281302	0.15785338	-0.16662866	0.18728738	-0.29442644	0.24766892	-0.2240534	0.1734173	-0.2621971	0.99999875	-0.7594142
0.16255634	-0.10393597	0.097877406	-0.0900025	0.06141847	-0.122098096	0.082264714	-0.09651923	0.08774057	-0.06041757	0.14211065	-0.17946833	0.17381479	-0.21737033	0.26012027	-0.14494191	0.14192216	-0.1606032	0.22324552	-0.36275283	0.1770511	-0.14868116	0.1852625	-0.7594142	0.99999875
