1.0	-0.1051834	0.07038296	-0.080971204	0.06407733	-0.9677343	0.13787462	-0.08240999	0.058812387	-0.044567443	0.09939505	-0.12088305	0.0627522	-0.05521023	0.06530563	-0.026271934	0.023245355	-0.027628632	0.02430782	-0.019736791	0.025680449	-0.020978238	0.023278652	-0.020910626	0.020353748
-0.1051834	1.0000002	-0.78114045	0.29644847	-0.28214717	0.09222811	-0.2584972	0.23201774	-0.21900654	0.16154383	-0.20874463	0.17408499	-0.16682763	0.13819343	-0.23387355	0.059476007	-0.056619592	0.07015968	-0.06576357	0.055228233	-0.062349707	0.050903246	-0.061504766	0.054979056	-0.05803585
0.07038296	-0.78114045	1.0000001	-0.48175284	0.22252846	-0.067288995	0.16217503	-0.2523424	0.17893046	-0.13164984	0.14908873	-0.1333828	0.12462536	-0.10697498	0.17497319	-0.04437987	0.04225159	-0.05289925	0.049418446	-0.041654397	0.046279773	-0.038170386	0.046033338	-0.04145357	0.043459367
-0.080971204	0.29644847	-0.48175284	0.9999997	-0.56782633	0.073619135	-0.20525612	0.2813818	-0.3218186	0.25945207	-0.25709227	0.1653156	-0.20719673	0.17992078	-0.3371247	0.07589118	-0.072349034	0.090454124	-0.086433396	0.07416254	-0.08053294	0.06543286	-0.0800098	0.07219073	-0.07769966
0.06407733	-0.28214717	0.22252846	-0.56782633	0.99999994	-0.06174116	0.16032045	-0.3588793	0.29967967	-0.5519633	0.19943456	-0.14779572	0.17409804	-0.18381995	0.28847876	-0.066210486	0.062398475	-0.08109481	0.07629671	-0.06774192	0.0681305	-0.05764952	0.06922216	-0.06523846	0.067377776
-0.9677343	0.09222811	-0.067288995	0.073619135	-0.06174116	0.9999995	-0.16209118	0.07618867	-0.056483854	0.042568207	-0.10324538	0.11413797	-0.061279494	0.052362047	-0.06333241	0.025260715	-0.022397483	0.026479349	-0.023351872	0.018907934	-0.024786165	0.020109499	-0.022400886	0.02001401	-0.019568214
0.13787462	-0.2584972	0.16217503	-0.20525612	0.16032045	-0.16209118	0.9999998	-0.2589292	0.16041014	-0.12154621	0.24294247	-0.8000892	0.21556202	-0.19155423	0.17865784	-0.07416543	0.070425585	-0.08673239	0.07341263	-0.05808473	0.07121229	-0.06304219	0.06984848	-0.06296817	0.059047766
-0.08240999	0.23201774	-0.2523424	0.2813818	-0.3588793	0.07618867	-0.2589292	0.9999999	-0.6157253	0.29182315	-0.27044877	0.2002577	-0.29922104	0.23289889	-0.3974707	0.087432176	-0.086787984	0.11313133	-0.10688804	0.089488365	-0.09275827	0.078204446	-0.09873653	0.088177286	-0.09379715
0.058812387	-0.21900654	0.17893046	-0.3218186	0.29967967	-0.056483854	0.16041014	-0.6157253	0.99999994	-0.5657208	0.18835722	-0.14843446	0.1916691	-0.21479394	0.2956495	-0.0655212	0.06317121	-0.084548675	0.079533346	-0.06953059	0.06741065	-0.05832113	0.07133836	-0.0673531	0.06891266
-0.044567443	0.16154383	-0.13164984	0.25945207	-0.5519633	0.042568207	-0.12154621	0.29182315	-0.5657208	0.99999994	-0.1432695	0.113002636	-0.16913474	0.18626723	-0.4972176	0.05279033	-0.052559715	0.07226353	-0.07111038	0.06582645	-0.054629967	0.048443373	-0.06146775	0.058740374	-0.06427831
0.09939505	-0.20874463	0.14908873	-0.25709227	0.19943456	-0.10324538	0.24294247	-0.27044877	0.18835722	-0.1432695	1.0000002	-0.3386223	0.18970622	-0.17059073	0.2131711	-0.17087442	0.10929974	-0.10798941	0.09189289	-0.07476457	0.14143811	-0.09887575	0.093588255	-0.08248717	0.07756985
-0.12088305	0.17408499	-0.1333828	0.1653156	-0.14779572	0.11413797	-0.8000892	0.2002577	-0.14843446	0.113002636	-0.3386223	1.0000004	-0.31087053	0.19082192	-0.1827661	0.0773861	-0.0777334	0.0924419	-0.07745542	0.05917595	-0.07466073	0.06619076	-0.07487777	0.06487841	-0.060937855
0.0627522	-0.16682763	0.12462536	-0.20719673	0.17409804	-0.061279494	0.21556202	-0.29922104	0.1916691	-0.16913474	0.18970622	-0.31087053	1.0000004	-0.7412255	0.2719157	-0.09846919	0.11280883	-0.22839388	0.1575079	-0.11175406	0.09792882	-0.10313233	0.14122206	-0.12760219	0.10849544
-0.05521023	0.13819343	-0.10697498	0.17992078	-0.18381995	0.052362047	-0.19155423	0.23289889	-0.21479394	0.18626723	-0.17059073	0.19082192	-0.7412255	1.0000001	-0.46509853	0.08551449	-0.101176165	0.16610104	-0.17528626	0.11363737	-0.089293875	0.09032047	-0.13217548	0.12049157	-0.11256843
0.06530563	-0.23387355	0.17497319	-0.3371247	0.28847876	-0.06333241	0.17865784	-0.3974707	0.2956495	-0.4972176	0.2131711	-0.1827661	0.2719157	-0.46509853	1.0	-0.08751136	0.087553106	-0.1275177	0.12684384	-0.13235332	0.088569105	-0.08231071	0.10431137	-0.106207825	0.11399119
-0.026271934	0.059476007	-0.04437987	0.07589118	-0.066210486	0.025260715	-0.07416543	0.087432176	-0.0655212	0.05279033	-0.17087442	0.0773861	-0.09846919	0.08551449	-0.08751136	1.0000005	-0.4865995	0.18659656	-0.13672186	0.0932421	-0.77228117	0.2988531	-0.18628232	0.13055846	-0.10269662
0.023245355	-0.056619592	0.04225159	-0.072349034	0.062398475	-0.022397483	0.070425585	-0.086787984	0.06317121	-0.052559715	0.10929974	-0.0777334	0.11280883	-0.101176165	0.087553106	-0.4865995	1.0000002	-0.3786997	0.18064032	-0.12449263	0.30630338	-0.67639536	0.25854868	-0.19009028	0.12573192
-0.027628632	0.07015968	-0.05289925	0.090454124	-0.08109481	0.026479349	-0.08673239	0.11313133	-0.084548675	0.07226353	-0.10798941	0.0924419	-0.22839388	0.16610104	-0.1275177	0.18659656	-0.3786997	0.9999999	-0.50620455	0.21284406	-0.20195626	0.26145935	-0.5884073	0.30114058	-0.23863639
0.02430782	-0.06576357	0.049418446	-0.086433396	0.07629671	-0.023351872	0.07341263	-0.10688804	0.079533346	-0.07111038	0.09189289	-0.07745542	0.1575079	-0.17528626	0.12684384	-0.13672186	0.18064032	-0.50620455	0.99999994	-0.48183927	0.13304657	-0.18441507	0.29305083	-0.5627977	0.2998956
-0.019736791	0.055228233	-0.041654397	0.07416254	-0.06774192	0.018907934	-0.05808473	0.089488365	-0.06953059	0.06582645	-0.07476457	0.05917595	-0.11175406	0.11363737	-0.13235332	0.0932421	-0.12449263	0.21284406	-0.48183927	0.99999964	-0.10010026	0.11985032	-0.21051325	0.28565243	-0.78313005
0.025680449	-0.062349707	0.046279773	-0.08053294	0.0681305	-0.024786165	0.07121229	-0.09275827	0.06741065	-0.054629967	0.14143811	-0.07466073	0.09792882	-0.089293875	0.088569105	-0.77228117	0.30630338	-0.20195626	0.13304657	-0.10010026	0.9999996	-0.47605726	0.18924728	-0.14874837	0.10193463
-0.020978238	0.050903246	-0.038170386	0.06543286	-0.05764952	0.020109499	-0.06304219	0.078204446	-0.05832113	0.048443373	-0.09887575	0.06619076	-0.10313233	0.09032047	-0.08231071	0.2988531	-0.67639536	0.26145935	-0.18441507	0.11985032	-0.47605726	0.99999976	-0.40057132	0.1918065	-0.13497642
0.023278652	-0.061504766	0.046033338	-0.0800098	0.06922216	-0.022400886	0.06984848	-0.09873653	0.07133836	-0.06146775	0.093588255	-0.07487777	0.14122206	-0.13217548	0.10431137	-0.18628232	0.25854868	-0.5884073	0.29305083	-0.21051325	0.18924728	-0.40057132	0.9999997	-0.5473026	0.21262307
-0.020910626	0.054979056	-0.04145357	0.07219073	-0.06523846	0.02001401	-0.06296817	0.088177286	-0.0673531	0.058740374	-0.08248717	0.06487841	-0.12760219	0.12049157	-0.106207825	0.13055846	-0.19009028	0.30114058	-0.5627977	0.28565243	-0.14874837	0.1918065	-0.5473026	0.99999976	-0.45819107
0.020353748	-0.05803585	0.043459367	-0.07769966	0.067377776	-0.019568214	0.059047766	-0.09379715	0.06891266	-0.06427831	0.07756985	-0.060937855	0.10849544	-0.11256843	0.11399119	-0.10269662	0.12573192	-0.23863639	0.2998956	-0.78313005	0.10193463	-0.13497642	0.21262307	-0.45819107	0.99999976
