1.0000001	-0.97610855	0.10535941	-0.048164986	0.036140975	-0.10206117	0.09850107	-0.08576647	0.052149292	-0.036263354	0.08176245	-0.071703605	0.05969658	-0.043948084	0.0402508	-0.042664524	0.047945984	-0.04113107	0.03661496	-0.035202254	0.033892494	-0.041431952	0.04226236	-0.03139218	0.031204732
-0.97610855	1.0000002	-0.11623195	0.046729486	-0.035522707	0.09172797	-0.10821865	0.08364942	-0.051804706	0.035527118	-0.082868494	0.06985997	-0.05962386	0.04306362	-0.03970069	0.041528597	-0.047455825	0.04034392	-0.036051035	0.034418304	-0.033410452	0.040303722	-0.041772604	0.03072241	-0.030733852
0.10535941	-0.11623195	1.0000001	-0.29307705	0.18449773	-0.15726353	0.190908	-0.27831706	0.20238364	-0.15293254	0.14402309	-0.17791331	0.18539035	-0.15957552	0.15836057	-0.12741226	0.14110209	-0.13703585	0.1318126	-0.13243859	0.104206346	-0.13234481	0.14425915	-0.11447237	0.11571964
-0.048164986	0.046729486	-0.29307705	0.99999994	-0.7680177	0.104335316	-0.14422308	0.16789834	-0.34745213	0.28752363	-0.10493742	0.13853997	-0.17253006	0.19317304	-0.26423955	0.09961886	-0.11950783	0.13002317	-0.1543816	0.15823844	-0.08627886	0.108774155	-0.14087713	0.12172809	-0.13365023
0.036140975	-0.035522707	0.18449773	-0.7680177	0.9999998	-0.08832811	0.11369644	-0.14203158	0.2622833	-0.48226503	0.08461446	-0.11839042	0.13907242	-0.18128152	0.22410849	-0.085542075	0.0983078	-0.11122236	0.13032354	-0.14995079	0.07131192	-0.09369596	0.113691494	-0.10774945	0.11017049
-0.10206117	0.09172797	-0.15726353	0.104335316	-0.08832811	0.9999993	-0.31547683	0.20263661	-0.14875633	0.0964257	-0.8511256	0.23726611	-0.19943847	0.1281557	-0.11781495	0.1665473	-0.18090568	0.13148946	-0.11297256	0.10278247	-0.13629432	0.14044173	-0.14305303	0.095452026	-0.096500985
0.09850107	-0.10821865	0.190908	-0.14422308	0.11369644	-0.31547683	0.9999988	-0.68201953	0.20557502	-0.13765027	0.23208828	-0.4794399	0.27186263	-0.17927158	0.14851631	-0.16809939	0.20532416	-0.17025816	0.14051239	-0.13249148	0.1273012	-0.1678635	0.1625395	-0.1186948	0.11408167
-0.08576647	0.08364942	-0.27831706	0.16789834	-0.14203158	0.20263661	-0.68201953	0.9999989	-0.33678842	0.17213577	-0.20585163	0.28896397	-0.39817923	0.21286158	-0.18835586	0.15117835	-0.19982646	0.1875292	-0.1676849	0.15247367	-0.12649031	0.1580652	-0.18882683	0.13418639	-0.13502353
0.052149292	-0.051804706	0.20238364	-0.34745213	0.2622833	-0.14875633	0.20557502	-0.33678842	0.99999917	-0.57639843	0.13636811	-0.21357219	0.2424384	-0.424637	0.3051709	-0.14061049	0.16012022	-0.18804395	0.21793245	-0.24069268	0.112910494	-0.15397696	0.17862591	-0.17744017	0.16762742
-0.036263354	0.035527118	-0.15293254	0.28752363	-0.48226503	0.0964257	-0.13765027	0.17213577	-0.57639843	0.999999	-0.09378935	0.13841379	-0.17631145	0.25552002	-0.5092689	0.09555573	-0.113867685	0.13539857	-0.17703989	0.19998886	-0.08029462	0.10628796	-0.13777745	0.13422886	-0.1448665
0.08176245	-0.082868494	0.14402309	-0.10493742	0.08461446	-0.8511256	0.23208828	-0.20585163	0.13636811	-0.09378935	0.9999989	-0.30742013	0.18707184	-0.12779294	0.111200646	-0.21533458	0.18530124	-0.13394848	0.10939718	-0.1022159	0.14176796	-0.1573915	0.13721786	-0.09521307	0.09221372
-0.071703605	0.06985997	-0.17791331	0.13853997	-0.11839042	0.23726611	-0.4794399	0.28896397	-0.21357219	0.13841379	-0.30742013	0.9999989	-0.5055021	0.21149515	-0.18002746	0.22235253	-0.45179608	0.23535757	-0.1840678	0.15746802	-0.18137375	0.22469705	-0.2343542	0.14773498	-0.14612891
0.05969658	-0.05962386	0.18539035	-0.17253006	0.13907242	-0.19943847	0.27186263	-0.39817923	0.2424384	-0.17631145	0.18707184	-0.5055021	0.99999917	-0.41379276	0.22369406	-0.20611303	0.25506896	-0.4182339	0.24421933	-0.21331903	0.15932854	-0.22869116	0.25935587	-0.19289425	0.1732539
-0.043948084	0.04306362	-0.15957552	0.19317304	-0.18128152	0.1281557	-0.17927158	0.21286158	-0.424637	0.25552002	-0.12779294	0.21149515	-0.41379276	0.9999994	-0.512227	0.1380496	-0.17588945	0.24037677	-0.46634692	0.28250498	-0.11757296	0.1572968	-0.2273955	0.21709384	-0.22283034
0.0402508	-0.03970069	0.15836057	-0.26423955	0.22410849	-0.11781495	0.14851631	-0.18835586	0.3051709	-0.5092689	0.111200646	-0.18002746	0.22369406	-0.512227	0.9999993	-0.12589185	0.1457809	-0.19367832	0.26837742	-0.4501453	0.10313824	-0.14290951	0.18265305	-0.21252166	0.21374914
-0.042664524	0.041528597	-0.12741226	0.09961886	-0.085542075	0.1665473	-0.16809939	0.15117835	-0.14061049	0.09555573	-0.21533458	0.22235253	-0.20611303	0.1380496	-0.12589185	0.9999992	-0.5209527	0.19230115	-0.14116864	0.12217612	-0.6813221	0.3204534	-0.22917293	0.124862574	-0.12224594
0.047945984	-0.047455825	0.14110209	-0.11950783	0.0983078	-0.18090568	0.20532416	-0.19982646	0.16012022	-0.113867685	0.18530124	-0.45179608	0.25506896	-0.17588945	0.1457809	-0.5209527	0.9999996	-0.3259426	0.17418745	-0.15370959	0.2927078	-0.4981341	0.25757605	-0.15473512	0.13918656
-0.04113107	0.04034392	-0.13703585	0.13002317	-0.11122236	0.13148946	-0.17025816	0.1875292	-0.18804395	0.13539857	-0.13394848	0.23535757	-0.4182339	0.24037677	-0.19367832	0.19230115	-0.3259426	0.9999991	-0.4022418	0.22502445	-0.17476374	0.24178834	-0.63961005	0.2420366	-0.21738751
0.03661496	-0.036051035	0.1318126	-0.1543816	0.13032354	-0.11297256	0.14051239	-0.1676849	0.21793245	-0.17703989	0.10939718	-0.1840678	0.24421933	-0.46634692	0.26837742	-0.14116864	0.17418745	-0.4022418	0.99999887	-0.53501034	0.118772775	-0.1700242	0.26668206	-0.42765474	0.28967136
-0.035202254	0.034418304	-0.13243859	0.15823844	-0.14995079	0.10278247	-0.13249148	0.15247367	-0.24069268	0.19998886	-0.1022159	0.15746802	-0.21331903	0.28250498	-0.4501453	0.12217612	-0.15370959	0.22502445	-0.53501034	0.9999986	-0.108355805	0.14564353	-0.24352089	0.3002502	-0.5292399
0.033892494	-0.033410452	0.104206346	-0.08627886	0.07131192	-0.13629432	0.1273012	-0.12649031	0.112910494	-0.08029462	0.14176796	-0.18137375	0.15932854	-0.11757296	0.10313824	-0.6813221	0.2927078	-0.17476374	0.118772775	-0.108355805	0.99999803	-0.60954547	0.20076501	-0.11436961	0.102816656
-0.041431952	0.040303722	-0.13234481	0.108774155	-0.09369596	0.14044173	-0.1678635	0.1580652	-0.15397696	0.10628796	-0.1573915	0.22469705	-0.22869116	0.1572968	-0.14290951	0.3204534	-0.4981341	0.24178834	-0.1700242	0.14564353	-0.60954547	0.9999979	-0.39589283	0.16065297	-0.15202937
0.04226236	-0.041772604	0.14425915	-0.14087713	0.113691494	-0.14305303	0.1625395	-0.18882683	0.17862591	-0.13777745	0.13721786	-0.2343542	0.25935587	-0.2273955	0.18265305	-0.22917293	0.25757605	-0.63961005	0.26668206	-0.24352089	0.20076501	-0.39589283	0.99999774	-0.3798712	0.23129795
-0.03139218	0.03072241	-0.11447237	0.12172809	-0.10774945	0.095452026	-0.1186948	0.13418639	-0.17744017	0.13422886	-0.09521307	0.14773498	-0.19289425	0.21709384	-0.21252166	0.124862574	-0.15473512	0.2420366	-0.42765474	0.3002502	-0.11436961	0.16065297	-0.3798712	0.99999774	-0.7105064
0.031204732	-0.030733852	0.11571964	-0.13365023	0.11017049	-0.096500985	0.11408167	-0.13502353	0.16762742	-0.1448665	0.09221372	-0.14612891	0.1732539	-0.22283034	0.21374914	-0.12224594	0.13918656	-0.21738751	0.28967136	-0.5292399	0.102816656	-0.15202937	0.23129795	-0.7105064	0.99999774
