1.0	-0.78852695	0.28799233	-0.12964138	0.101292096	-0.3207886	0.24577284	-0.21422683	0.13697815	-0.12284583	0.17517866	-0.22884534	0.16872622	-0.1279875	0.12426026	-0.25335425	0.10493392	-0.08011931	0.057103813	-0.04060291	0.13226433	-0.11510586	0.07911656	-0.06023628	0.03854529
-0.78852695	0.99999976	-0.4539034	0.11684555	-0.095404156	0.21532561	-0.27987164	0.19918875	-0.12724422	0.10724081	-0.13639642	0.18797484	-0.15524927	0.11228849	-0.11182034	0.17803124	-0.08378712	0.06518076	-0.04874039	0.034332324	-0.10255054	0.0897578	-0.06505416	0.050644115	-0.032723922
0.28799233	-0.4539034	0.9999996	-0.2821089	0.18952218	-0.29480338	0.2889059	-0.46927726	0.23521434	-0.21724999	0.191214	-0.32993084	0.26173818	-0.21550381	0.20242545	-0.3030431	0.1457748	-0.11643975	0.09013872	-0.064118356	0.17978977	-0.1631631	0.113584995	-0.09558927	0.060198586
-0.12964138	0.11684555	-0.2821089	0.99999946	-0.82181245	0.116754636	-0.13970375	0.1797626	-0.26366466	0.2747924	-0.08377886	0.15304765	-0.16755354	0.18108924	-0.27691665	0.11989406	-0.07200861	0.06406057	-0.07118365	0.0519359	-0.08808084	0.07769696	-0.06492256	0.07122087	-0.049727585
0.101292096	-0.095404156	0.18952218	-0.82181245	0.9999989	-0.10657426	0.11972661	-0.1611933	0.21200076	-0.42553565	0.07541153	-0.14314179	0.14265159	-0.17087188	0.2283843	-0.112896614	0.065868914	-0.058054935	0.064120024	-0.0467153	0.07985342	-0.07243742	0.057758458	-0.0662626	0.043717854
-0.3207886	0.21532561	-0.29480338	0.116754636	-0.10657426	0.9999993	-0.5336774	0.2249544	-0.15907934	0.123117805	-0.5793968	0.23807679	-0.21117838	0.13657877	-0.14428894	0.3077736	-0.12263051	0.088538244	-0.06176167	0.04302058	-0.15856679	0.120645605	-0.09246691	0.06254284	-0.04189564
0.24577284	-0.27987164	0.2889059	-0.13970375	0.11972661	-0.5336774	0.9999997	-0.4454521	0.20314342	-0.1583677	0.23816666	-0.46700752	0.27078012	-0.18296008	0.1675022	-0.3015365	0.15086862	-0.110389225	0.076018766	-0.052272096	0.15290634	-0.15474042	0.10914729	-0.07851937	0.04981599
-0.21422683	0.19918875	-0.46927726	0.1797626	-0.1611933	0.2249544	-0.4454521	0.99999976	-0.4513798	0.21768717	-0.15508586	0.2937391	-0.4689004	0.25947204	-0.23129421	0.19737665	-0.12559263	0.11293704	-0.09585514	0.06362619	-0.13337591	0.12973286	-0.11255649	0.09570656	-0.060322408
0.13697815	-0.12724422	0.23521434	-0.26366466	0.21200076	-0.15907934	0.20314342	-0.4513798	0.9999997	-0.4875124	0.10945259	-0.23872215	0.27308744	-0.55489933	0.31282887	-0.15602678	0.10178504	-0.09571061	0.13003118	-0.08415824	0.10907465	-0.10986025	0.09301312	-0.1342863	0.075767696
-0.12284583	0.10724081	-0.21724999	0.2747924	-0.42553565	0.123117805	-0.1583677	0.21768717	-0.4875124	0.9999997	-0.08908381	0.17792496	-0.21634743	0.28762862	-0.619404	0.12497674	-0.08178544	0.076572224	-0.10293607	0.07690178	-0.09363719	0.0875941	-0.077018745	0.101160005	-0.07271127
0.17517866	-0.13639642	0.191214	-0.08377886	0.07541153	-0.5793968	0.23816666	-0.15508586	0.10945259	-0.08908381	0.9999995	-0.19135123	0.14878705	-0.09927434	0.10328826	-0.70848626	0.118797205	-0.07725638	0.046599597	-0.032526176	0.14200057	-0.11881891	0.07860177	-0.047716286	0.031630017
-0.22884534	0.18797484	-0.32993084	0.15304765	-0.14314179	0.23807679	-0.46700752	0.2937391	-0.23872215	0.17792496	-0.19135123	0.99999976	-0.5649592	0.22831328	-0.23177582	0.22307962	-0.3077441	0.17253678	-0.101521224	0.06765352	-0.1986044	0.22348557	-0.18170586	0.10004521	-0.066153206
0.16872622	-0.15524927	0.26173818	-0.16755354	0.14265159	-0.21117838	0.27078012	-0.4689004	0.27308744	-0.21634743	0.14878705	-0.5649592	0.9999996	-0.42579073	0.24040002	-0.21266097	0.18177249	-0.20261267	0.124606274	-0.080190085	0.15388665	-0.19282709	0.16674928	-0.12896079	0.07396526
-0.1279875	0.11228849	-0.21550381	0.18108924	-0.17087188	0.13657877	-0.18296008	0.25947204	-0.55489933	0.28762862	-0.09927434	0.22831328	-0.42579073	0.99999934	-0.54122305	0.1374648	-0.10284089	0.10647158	-0.22599398	0.10966094	-0.10469383	0.1075921	-0.105556004	0.1733086	-0.10138846
0.12426026	-0.11182034	0.20242545	-0.27691665	0.2283843	-0.14428894	0.1675022	-0.23129421	0.31282887	-0.619404	0.10328826	-0.23177582	0.24040002	-0.54122305	0.9999993	-0.15392742	0.101696	-0.09654073	0.14695942	-0.12122923	0.11250091	-0.112126976	0.09356993	-0.1560445	0.10219799
-0.25335425	0.17803124	-0.3030431	0.11989406	-0.112896614	0.3077736	-0.3015365	0.19737665	-0.15602678	0.12497674	-0.70848626	0.22307962	-0.21266097	0.1374648	-0.15392742	0.999999	-0.18937209	0.110394284	-0.06666546	0.046664476	-0.24887432	0.16314672	-0.117927246	0.06716819	-0.046043776
0.10493392	-0.08378712	0.1457748	-0.07200861	0.065868914	-0.12263051	0.15086862	-0.12559263	0.10178504	-0.08178544	0.118797205	-0.3077441	0.18177249	-0.10284089	0.101696	-0.18937209	0.99999905	-0.3319858	0.06586921	-0.041016936	0.17121072	-0.80845207	0.25065398	-0.06697369	0.03995104
-0.08011931	0.06518076	-0.11643975	0.06406057	-0.058054935	0.088538244	-0.110389225	0.11293704	-0.09571061	0.076572224	-0.07725638	0.17253678	-0.20261267	0.10647158	-0.09654073	0.110394284	-0.3319858	0.99999875	-0.112786844	0.056662355	-0.11281171	0.24925062	-0.86708105	0.10467668	-0.05563181
0.057103813	-0.04874039	0.09013872	-0.07118365	0.064120024	-0.06176167	0.076018766	-0.09585514	0.13003118	-0.10293607	0.046599597	-0.101521224	0.124606274	-0.22599398	0.14695942	-0.06666546	0.06586921	-0.112786844	0.9999993	-0.35538414	0.056453045	-0.06943657	0.10450019	-0.8439594	0.25689724
-0.04060291	0.034332324	-0.064118356	0.0519359	-0.0467153	0.04302058	-0.052272096	0.06362619	-0.08415824	0.07690178	-0.032526176	0.06765352	-0.080190085	0.10966094	-0.12122923	0.046664476	-0.041016936	0.056662355	-0.35538414	0.9999994	-0.040169224	0.04346443	-0.05842749	0.2620415	-0.8842704
0.13226433	-0.10255054	0.17978977	-0.08808084	0.07985342	-0.15856679	0.15290634	-0.13337591	0.10907465	-0.09363719	0.14200057	-0.1986044	0.15388665	-0.10469383	0.11250091	-0.24887432	0.17121072	-0.11281171	0.056453045	-0.040169224	0.9999992	-0.2432025	0.12008355	-0.058799975	0.039424066
-0.11510586	0.0897578	-0.1631631	0.07769696	-0.07243742	0.120645605	-0.15474042	0.12973286	-0.10986025	0.0875941	-0.11881891	0.22348557	-0.19282709	0.1075921	-0.112126976	0.16314672	-0.80845207	0.24925062	-0.06943657	0.04346443	-0.2432025	0.9999993	-0.33730316	0.069740035	-0.043240704
0.07911656	-0.06505416	0.113584995	-0.06492256	0.057758458	-0.09246691	0.10914729	-0.11255649	0.09301312	-0.077018745	0.07860177	-0.18170586	0.16674928	-0.105556004	0.09356993	-0.117927246	0.25065398	-0.86708105	0.10450019	-0.05842749	0.12008355	-0.33730316	0.9999995	-0.11567267	0.056336332
-0.06023628	0.050644115	-0.09558927	0.07122087	-0.0662626	0.06254284	-0.07851937	0.09570656	-0.1342863	0.101160005	-0.047716286	0.10004521	-0.12896079	0.1733086	-0.1560445	0.06716819	-0.06697369	0.10467668	-0.8439594	0.2620415	-0.058799975	0.069740035	-0.11567267	0.9999994	-0.3691127
0.03854529	-0.032723922	0.060198586	-0.049727585	0.043717854	-0.04189564	0.04981599	-0.060322408	0.075767696	-0.07271127	0.031630017	-0.066153206	0.07396526	-0.10138846	0.10219799	-0.046043776	0.03995104	-0.05563181	0.25689724	-0.8842704	0.039424066	-0.043240704	0.056336332	-0.3691127	0.9999994
