1.0	-0.69216925	0.205773	-0.11316348	0.09449435	-0.31655598	0.28526652	-0.18761927	0.12223105	-0.12644885	0.2390568	-0.17567293	0.21600029	-0.14284013	0.14602965	-0.3172221	0.1633505	-0.15522249	0.1576349	-0.21554177	0.17832495	-0.21945561	0.17720087	-0.14207077	0.1109934	-0.26448643	0.14161012	-0.13671733	0.09599221	-0.12877151
-0.69216925	0.99999994	-0.27622315	0.09839871	-0.08595098	0.263199	-0.5013022	0.1919824	-0.105788976	0.102301784	-0.23600763	0.14459072	-0.20629425	0.11306507	-0.11684423	0.20983422	-0.13634269	0.11841182	-0.12301549	0.14674826	-0.12164667	0.14980085	-0.13280316	0.09568732	-0.076814026	0.1644456	-0.09904127	0.0921125	-0.065113276	0.08477889
0.205773	-0.27622315	0.9999999	-0.24236824	0.16602498	-0.14741388	0.17605354	-0.7734704	0.18571386	-0.19004077	0.13435382	-0.16286415	0.27756533	-0.17427625	0.1589164	-0.15874736	0.13721657	-0.15371473	0.15104884	-0.19972052	0.10929574	-0.16494666	0.14681563	-0.1215978	0.09583344	-0.15495245	0.104595944	-0.103963986	0.07458139	-0.09948761
-0.11316348	0.09839871	-0.24236824	0.9999997	-0.8421388	0.066261604	-0.07752429	0.16532844	-0.30687687	0.26867592	-0.07035969	0.08505802	-0.16807397	0.15969297	-0.17750137	0.081707515	-0.08111778	0.0961314	-0.117364645	0.13263221	-0.05975273	0.09176216	-0.09590166	0.07601857	-0.063395046	0.0825256	-0.06257736	0.060606856	-0.04511242	0.058428723
0.09449435	-0.08595098	0.16602498	-0.8421388	0.9999997	-0.058559407	0.066691846	-0.14509994	0.24143131	-0.40592322	0.061731316	-0.07542784	0.13717143	-0.14745426	0.15233326	-0.07387114	0.07056695	-0.08602745	0.101898864	-0.12614219	0.054301083	-0.084046625	0.0848254	-0.071530454	0.05863412	-0.07605726	0.056675836	-0.055689696	0.04154879	-0.054409817
-0.31655598	0.263199	-0.14741388	0.066261604	-0.058559407	0.9999999	-0.68269444	0.13217238	-0.07640336	0.07307658	-0.5293363	0.13749538	-0.15873155	0.08528536	-0.08851935	0.2540193	-0.13095048	0.09672712	-0.0990864	0.11088563	-0.12641178	0.13322851	-0.11357346	0.07434344	-0.060252674	0.15633973	-0.08670058	0.0772375	-0.05340396	0.068322204
0.28526652	-0.5013022	0.17605354	-0.07752429	0.066691846	-0.68269444	0.99999994	-0.18592836	0.08691245	-0.08451236	0.26801333	-0.17307426	0.17277047	-0.09627987	0.09723368	-0.27003708	0.1429025	-0.107689075	0.10768284	-0.12576437	0.13123839	-0.14877363	0.121925466	-0.08358196	0.0670465	-0.1771248	0.09382925	-0.08575827	0.05900208	-0.076523505
-0.18761927	0.1919824	-0.7734704	0.16532844	-0.14509994	0.13217238	-0.18592836	1.0	-0.21194968	0.16690174	-0.12340049	0.15408044	-0.44279525	0.1649791	-0.1509652	0.13618806	-0.13484989	0.14290468	-0.14355609	0.16598548	-0.09359448	0.14031745	-0.13371299	0.101026185	-0.0811353	0.12890027	-0.090125404	0.08780343	-0.06287049	0.08250312
0.12223105	-0.105788976	0.18571386	-0.30687687	0.24143131	-0.07640336	0.08691245	-0.21194968	0.9999998	-0.7252757	0.082500115	-0.10763952	0.20175532	-0.43648824	0.26928228	-0.09930516	0.10113437	-0.137294	0.17211267	-0.19817296	0.075057805	-0.119181074	0.12568219	-0.106861465	0.08864221	-0.10425781	0.080676325	-0.07956788	0.05991723	-0.077986
-0.12644885	0.102301784	-0.19004077	0.26867592	-0.40592322	0.07307658	-0.08451236	0.16690174	-0.7252757	0.9999997	-0.080575146	0.10175228	-0.2043468	0.2664034	-0.3389202	0.09410892	-0.09927242	0.12615569	-0.16783307	0.18255576	-0.07104874	0.111425795	-0.12376001	0.099002644	-0.08494013	0.09717677	-0.07742348	0.07480344	-0.05671419	0.07269471
0.2390568	-0.23600763	0.13435382	-0.07035969	0.061731316	-0.5293363	0.26801333	-0.12340049	0.082500115	-0.080575146	0.9999994	-0.1808889	0.17137413	-0.09821621	0.1020824	-0.64558953	0.166568	-0.12079662	0.120104745	-0.13380769	0.21529189	-0.1982157	0.1490609	-0.09284813	0.07507504	-0.27091917	0.120698325	-0.105491444	0.070357926	-0.089814946
-0.17567293	0.14459072	-0.16286415	0.08505802	-0.07542784	0.13749538	-0.17307426	0.15408044	-0.10763952	0.10175228	-0.1808889	0.9999995	-0.38760042	0.14019231	-0.13734077	0.190592	-0.7979921	0.20338461	-0.1878331	0.16737588	-0.13978745	0.22116219	-0.20434165	0.11108986	-0.09142011	0.16369265	-0.13298899	0.11510373	-0.07833933	0.09764205
0.21600029	-0.20629425	0.27756533	-0.16807397	0.13717143	-0.15873155	0.17277047	-0.44279525	0.20175532	-0.2043468	0.17137413	-0.38760042	0.9999997	-0.31444585	0.2362142	-0.21865465	0.25724885	-0.329963	0.25790277	-0.31968945	0.1652423	-0.2750085	0.24689578	-0.19379891	0.15204696	-0.23185831	0.16625983	-0.16784255	0.11816576	-0.15750909
-0.14284013	0.11306507	-0.17427625	0.15969297	-0.14745426	0.08528536	-0.09627987	0.1649791	-0.43648824	0.2664034	-0.09821621	0.14019231	-0.31444585	0.99999946	-0.65737253	0.11766404	-0.1379888	0.20663562	-0.36121956	0.2729688	-0.093042105	0.15220177	-0.18181108	0.1401397	-0.12256541	0.1260734	-0.10501266	0.10245572	-0.07774811	0.09900468
0.14602965	-0.11684423	0.1589164	-0.17750137	0.15233326	-0.08851935	0.09723368	-0.1509652	0.26928228	-0.3389202	0.1020824	-0.13734077	0.2362142	-0.65737253	0.9999993	-0.12624341	0.13181445	-0.196264	0.25428414	-0.47708136	0.100280814	-0.16415127	0.18019572	-0.19532098	0.16500206	-0.13934532	0.11540146	-0.11512719	0.093088046	-0.121160306
-0.3172221	0.20983422	-0.15874736	0.081707515	-0.07387114	0.2540193	-0.27003708	0.13618806	-0.09930516	0.09410892	-0.64558953	0.190592	-0.21865465	0.11766404	-0.12624341	0.9999993	-0.23289604	0.14800657	-0.15277229	0.15314443	-0.41449577	0.23458682	-0.19741777	0.107800946	-0.08947248	0.2804182	-0.15513213	0.124740474	-0.084541865	0.10358798
0.1633505	-0.13634269	0.13721657	-0.08111778	0.07056695	-0.13095048	0.1429025	-0.13484989	0.10113437	-0.09927242	0.166568	-0.7979921	0.25724885	-0.1379888	0.13181445	-0.23289604	0.99999917	-0.2608428	0.18676905	-0.17980376	0.16068196	-0.31804356	0.21404326	-0.12026133	0.096874356	-0.19052503	0.1440571	-0.12953442	0.084820524	-0.10762616
-0.15522249	0.11841182	-0.15371473	0.0961314	-0.08602745	0.09672712	-0.107689075	0.14290468	-0.137294	0.12615569	-0.12079662	0.20338461	-0.329963	0.20663562	-0.196264	0.14800657	-0.2608428	0.9999989	-0.6433134	0.2503488	-0.1314752	0.23869823	-0.517109	0.16310455	-0.13790436	0.16601087	-0.15597856	0.15464757	-0.10412437	0.12655292
0.1576349	-0.12301549	0.15104884	-0.117364645	0.101898864	-0.0990864	0.10768284	-0.14355609	0.17211267	-0.16783307	0.120104745	-0.1878331	0.25790277	-0.36121956	0.25428414	-0.15277229	0.18676905	-0.6433134	0.99999905	-0.43770933	0.12962511	-0.23340887	0.27902138	-0.2075752	0.17067423	-0.17676315	0.14909337	-0.1546073	0.111142226	-0.1429362
-0.21554177	0.14674826	-0.19972052	0.13263221	-0.12614219	0.11088563	-0.12576437	0.16598548	-0.19817296	0.18255576	-0.13380769	0.16737588	-0.31968945	0.2729688	-0.47708136	0.15314443	-0.17980376	0.2503488	-0.43770933	0.999999	-0.12497704	0.20144626	-0.2801426	0.27380657	-0.4161594	0.16335051	-0.1617206	0.14985248	-0.13602282	0.16135587
0.17832495	-0.12164667	0.10929574	-0.05975273	0.054301083	-0.12641178	0.13123839	-0.09359448	0.075057805	-0.07104874	0.21529189	-0.13978745	0.1652423	-0.093042105	0.100280814	-0.41449577	0.16068196	-0.1314752	0.12962511	-0.12497704	0.99999905	-0.4360209	0.20429029	-0.0954282	0.079101704	-0.72144896	0.18050228	-0.1369091	0.08348659	-0.10068033
-0.21945561	0.14980085	-0.16494666	0.09176216	-0.084046625	0.13322851	-0.14877363	0.14031745	-0.119181074	0.111425795	-0.1982157	0.22116219	-0.2750085	0.15220177	-0.16415127	0.23458682	-0.31804356	0.23869823	-0.23340887	0.20144626	-0.4360209	0.9999988	-0.5047936	0.16092221	-0.13576306	0.29559758	-0.3874726	0.2373008	-0.1445745	0.16540681
0.17720087	-0.13280316	0.14681563	-0.09590166	0.0848254	-0.11357346	0.121925466	-0.13371299	0.12568219	-0.12376001	0.1490609	-0.20434165	0.24689578	-0.18181108	0.18019572	-0.19741777	0.21404326	-0.517109	0.27902138	-0.2801426	0.20429029	-0.5047936	0.9999988	-0.26305443	0.18328074	-0.26566556	0.24996191	-0.3097768	0.16510896	-0.20444357
-0.14207077	0.09568732	-0.1215978	0.07601857	-0.071530454	0.07434344	-0.08358196	0.101026185	-0.106861465	0.099002644	-0.09284813	0.11108986	-0.19379891	0.1401397	-0.19532098	0.107800946	-0.12026133	0.16310455	-0.2075752	0.27380657	-0.0954282	0.16092221	-0.26305443	0.9999989	-0.8122286	0.12293906	-0.1598272	0.15200885	-0.21865876	0.20675531
0.1109934	-0.076814026	0.09583344	-0.063395046	0.05863412	-0.060252674	0.0670465	-0.0811353	0.08864221	-0.08494013	0.07507504	-0.09142011	0.15204696	-0.12256541	0.16500206	-0.08947248	0.096874356	-0.13790436	0.17067423	-0.4161594	0.079101704	-0.13576306	0.18328074	-0.8122286	0.9999988	-0.10464147	0.13037471	-0.13226123	0.17321293	-0.23783794
-0.26448643	0.1644456	-0.15495245	0.0825256	-0.07605726	0.15633973	-0.1771248	0.12890027	-0.10425781	0.09717677	-0.27091917	0.16369265	-0.23185831	0.1260734	-0.13934532	0.2804182	-0.19052503	0.16601087	-0.17676315	0.16335051	-0.72144896	0.29559758	-0.26566556	0.12293906	-0.10464147	0.99999857	-0.25715145	0.17003098	-0.11000785	0.12770537
0.14161012	-0.09904127	0.104595944	-0.06257736	0.056675836	-0.08670058	0.09382925	-0.090125404	0.080676325	-0.07742348	0.120698325	-0.13298899	0.16625983	-0.10501266	0.11540146	-0.15513213	0.1440571	-0.15597856	0.14909337	-0.1617206	0.18050228	-0.3874726	0.24996191	-0.1598272	0.13037471	-0.25715145	0.9999982	-0.73385274	0.24647416	-0.3152038
-0.13671733	0.0921125	-0.103963986	0.060606856	-0.055689696	0.0772375	-0.08575827	0.08780343	-0.07956788	0.07480344	-0.105491444	0.11510373	-0.16784255	0.10245572	-0.11512719	0.124740474	-0.12953442	0.15464757	-0.1546073	0.14985248	-0.1369091	0.2373008	-0.3097768	0.15200885	-0.13226123	0.17003098	-0.73385274	0.9999983	-0.4254609	0.2738583
0.09599221	-0.065113276	0.07458139	-0.04511242	0.04154879	-0.05340396	0.05900208	-0.06287049	0.05991723	-0.05671419	0.070357926	-0.07833933	0.11816576	-0.07774811	0.093088046	-0.084541865	0.084820524	-0.10412437	0.111142226	-0.13602282	0.08348659	-0.1445745	0.16510896	-0.21865876	0.17321293	-0.11000785	0.24647416	-0.4254609	0.9999982	-0.8142043
-0.12877151	0.08477889	-0.09948761	0.058428723	-0.054409817	0.068322204	-0.076523505	0.08250312	-0.077986	0.07269471	-0.089814946	0.09764205	-0.15750909	0.09900468	-0.121160306	0.10358798	-0.10762616	0.12655292	-0.1429362	0.16135587	-0.10068033	0.16540681	-0.20444357	0.20675531	-0.23783794	0.12770537	-0.3152038	0.2738583	-0.8142043	0.9999982
