1.0000001	-0.3620504	0.16197608	-0.10246748	0.119307324	-0.86476976	0.21529701	-0.14498217	0.11504122	-0.10101461	0.16853549	-0.16486156	0.11821129	-0.09375616	0.07146473	-0.09866071	0.077255584	-0.086013615	0.08204265	-0.088853486	0.05739417	-0.079613104	0.0740767	-0.063279666	0.041445855	-0.050159834	0.046173338	-0.04391347	0.042056162	-0.04588105
-0.3620504	1.0000005	-0.47646886	0.21285264	-0.23193355	0.24953379	-0.62676305	0.28702492	-0.2381088	0.17498374	-0.19226342	0.17916673	-0.20359851	0.15494199	-0.11994712	0.1376392	-0.113583714	0.12949164	-0.13241659	0.14332582	-0.08229713	0.113853045	-0.1137672	0.09761162	-0.064001694	0.07247854	-0.067607574	0.066251256	-0.06420573	0.06985902
0.16197608	-0.47646886	1.0000006	-0.5167787	0.26414323	-0.17882973	0.28667125	-0.4874324	0.29910713	-0.24573183	0.1366152	-0.14036027	0.22917102	-0.2007451	0.15205903	-0.16780202	0.12811147	-0.15787005	0.1573476	-0.19161594	0.098163396	-0.1412523	0.13161302	-0.119432345	0.07731419	-0.08873975	0.080685586	-0.08023716	0.07645383	-0.0861344
-0.10246748	0.21285264	-0.5167787	1.0000008	-0.4725711	0.10897955	-0.19276072	0.2556506	-0.61611587	0.26478842	-0.09860423	0.09802526	-0.1839873	0.17539428	-0.14955905	0.1262508	-0.10073413	0.121610336	-0.13856699	0.17439575	-0.07580765	0.10803945	-0.109974064	0.09878181	-0.064948596	0.06895466	-0.063791744	0.06534196	-0.06328785	0.07089034
0.119307324	-0.23193355	0.26414323	-0.4725711	1.0000005	-0.13737029	0.19907677	-0.25520965	0.3139132	-0.6052913	0.12191596	-0.122772835	0.21747795	-0.23018214	0.2549887	-0.19673619	0.14445236	-0.17541966	0.19451204	-0.33518216	0.11720782	-0.17138459	0.16345583	-0.14985585	0.10116136	-0.10918105	0.09906198	-0.10149533	0.09661587	-0.112702
-0.86476976	0.24953379	-0.17882973	0.10897955	-0.13737029	1.0000005	-0.26118922	0.15219603	-0.12973192	0.10677435	-0.24057251	0.17572503	-0.13245718	0.09994366	-0.076856196	0.1016624	-0.08380255	0.09057406	-0.0891472	0.09269851	-0.060256545	0.08157148	-0.08057348	0.0671845	-0.044274487	0.051948093	-0.04869095	0.046455987	-0.045033813	0.04830948
0.21529701	-0.62676305	0.28667125	-0.19276072	0.19907677	-0.26118922	1.0000001	-0.49759778	0.21606877	-0.18746087	0.21350579	-0.28447363	0.23294346	-0.1832963	0.13062057	-0.17278709	0.13462365	-0.16020371	0.14884193	-0.164441	0.09957317	-0.1405918	0.12810479	-0.11379089	0.07336171	-0.08791088	0.08007026	-0.07743243	0.07373054	-0.081788234
-0.14498217	0.28702492	-0.4874324	0.2556506	-0.25520965	0.15219603	-0.49759778	1.0000002	-0.38177124	0.21603717	-0.16724956	0.16919418	-0.45101538	0.23016037	-0.15691099	0.16705653	-0.1487431	0.17904614	-0.18230015	0.18045104	-0.09973945	0.13832965	-0.14241889	0.12586085	-0.08091824	0.08774279	-0.08205513	0.08249437	-0.08046787	0.087568976
0.11504122	-0.2381088	0.29910713	-0.61611587	0.3139132	-0.12973192	0.21606877	-0.38177124	1.0000001	-0.42494825	0.11876332	-0.12126512	0.23641393	-0.2865021	0.20675385	-0.16665383	0.13130876	-0.16351062	0.18848124	-0.24512711	0.09933122	-0.14248142	0.1441727	-0.13444534	0.0870385	-0.09071803	0.08351302	-0.087028705	0.08397723	-0.095473364
-0.10101461	0.17498374	-0.24573183	0.26478842	-0.6052913	0.10677435	-0.18746087	0.21603717	-0.42494825	1.0000001	-0.11283543	0.10845062	-0.22658037	0.22912769	-0.4820073	0.15155809	-0.12963006	0.15110068	-0.20275462	0.29307085	-0.09518144	0.13290781	-0.15887216	0.13605338	-0.09365824	0.087223746	-0.08368746	0.08907685	-0.08916007	0.09766326
0.16853549	-0.19226342	0.1366152	-0.09860423	0.12191596	-0.24057251	0.21350579	-0.16724956	0.11876332	-0.11283543	1.0000005	-0.8694969	0.1795418	-0.1337363	0.08851017	-0.18660551	0.14075692	-0.14347118	0.11506966	-0.11069229	0.09630957	-0.12401311	0.104416996	-0.08857546	0.056357116	-0.07617071	0.06973836	-0.061797358	0.058782246	-0.0627324
-0.16486156	0.17916673	-0.14036027	0.09802526	-0.122772835	0.17572503	-0.28447363	0.16919418	-0.12126512	0.10845062	-0.8694969	1.0000002	-0.21902554	0.13217698	-0.0871859	0.1551526	-0.15343913	0.13945979	-0.116117395	0.10522747	-0.08773895	0.1099619	-0.10180788	0.0848597	-0.054145854	0.06865508	-0.06450538	0.05827659	-0.05634338	0.059209757
0.11821129	-0.20359851	0.22917102	-0.1839873	0.21747795	-0.13245718	0.23294346	-0.45101538	0.23641393	-0.22658037	0.1795418	-0.21902554	1.0000002	-0.53647894	0.20398475	-0.26225054	0.22851075	-0.3795635	0.2787	-0.24612468	0.14753157	-0.2080123	0.19866568	-0.1942025	0.1157765	-0.12773952	0.1167972	-0.1195226	0.114711516	-0.12787595
-0.09375616	0.15494199	-0.2007451	0.17539428	-0.23018214	0.09994366	-0.1832963	0.23016037	-0.2865021	0.22912769	-0.1337363	0.13217698	-0.53647894	1.0000002	-0.33730838	0.18745334	-0.18592057	0.23692015	-0.5603641	0.27079457	-0.11758352	0.1611266	-0.22280596	0.21556275	-0.13102925	0.1043976	-0.101505525	0.118646204	-0.124423034	0.12899372
0.07146473	-0.11994712	0.15205903	-0.14955905	0.2549887	-0.076856196	0.13062057	-0.15691099	0.20675385	-0.4820073	0.08851017	-0.0871859	0.20398475	-0.33730838	0.9999998	-0.13737741	0.11833222	-0.14807671	0.22851382	-0.72305846	0.08555972	-0.12036653	0.14940841	-0.14567424	0.10364325	-0.07874875	0.07527145	-0.08725821	0.08772726	-0.10649973
-0.09866071	0.1376392	-0.16780202	0.1262508	-0.19673619	0.1016624	-0.17278709	0.16705653	-0.16665383	0.15155809	-0.18660551	0.1551526	-0.26225054	0.18745334	-0.13737741	1.0000001	-0.50946105	0.2724759	-0.23150736	0.15854217	-0.5353668	0.30212152	-0.26443008	0.17283681	-0.112599164	0.20510226	-0.2141562	0.13407288	-0.1334872	0.11795908
0.077255584	-0.113583714	0.12811147	-0.10073413	0.14445236	-0.08380255	0.13462365	-0.1487431	0.13130876	-0.12963006	0.14075692	-0.15343913	0.22851075	-0.18592057	0.11833222	-0.50946105	1.0000004	-0.6991302	0.21375167	-0.14787233	0.21012275	-0.26243144	0.18924023	-0.1571644	0.0936048	-0.14359917	0.13268465	-0.106280215	0.10146762	-0.10242945
-0.086013615	0.12949164	-0.15787005	0.121610336	-0.17541966	0.09057406	-0.16020371	0.17904614	-0.16351062	0.15110068	-0.14347118	0.13945979	-0.3795635	0.23692015	-0.14807671	0.2724759	-0.6991302	1.0000004	-0.358946	0.17360155	-0.17058024	0.19612677	-0.23467109	0.18460388	-0.11127454	0.12233207	-0.122301035	0.11568244	-0.11656663	0.114575475
0.08204265	-0.13241659	0.1573476	-0.13856699	0.19451204	-0.0891472	0.14884193	-0.18230015	0.18848124	-0.20275462	0.11506966	-0.116117395	0.2787	-0.5603641	0.22851382	-0.23150736	0.21375167	-0.358946	0.99999994	-0.33735687	0.14006259	-0.19906062	0.26183838	-0.44832492	0.17676198	-0.12696493	0.12072268	-0.15982577	0.16108206	-0.18407254
-0.088853486	0.14332582	-0.19161594	0.17439575	-0.33518216	0.09269851	-0.164441	0.18045104	-0.24512711	0.29307085	-0.11069229	0.10522747	-0.24612468	0.27079457	-0.72305846	0.15854217	-0.14787233	0.17360155	-0.33735687	0.9999998	-0.1033313	0.14179902	-0.2036819	0.18181606	-0.14725174	0.094872385	-0.093948	0.11017631	-0.11578468	0.13355373
0.05739417	-0.08229713	0.098163396	-0.07580765	0.11720782	-0.060256545	0.09957317	-0.09973945	0.09933122	-0.09518144	0.09630957	-0.08773895	0.14753157	-0.11758352	0.08555972	-0.5353668	0.21012275	-0.17058024	0.14006259	-0.1033313	1.0000004	-0.65444225	0.19930668	-0.13111795	0.0838385	-0.37500656	0.25696385	-0.119624674	0.10930272	-0.092592396
-0.079613104	0.113853045	-0.1412523	0.10803945	-0.17138459	0.08157148	-0.1405918	0.13832965	-0.14248142	0.13290781	-0.12401311	0.1099619	-0.2080123	0.1611266	-0.12036653	0.30212152	-0.26243144	0.19612677	-0.19906062	0.14179902	-0.65444225	1.0000004	-0.3551525	0.18570238	-0.119801596	0.2712933	-0.36055857	0.16494457	-0.15659901	0.12798513
0.0740767	-0.1137672	0.13161302	-0.109974064	0.16345583	-0.08057348	0.12810479	-0.14241889	0.1441727	-0.15887216	0.104416996	-0.10180788	0.19866568	-0.22280596	0.14940841	-0.26443008	0.18924023	-0.23467109	0.26183838	-0.2036819	0.19930668	-0.3551525	1.0000004	-0.5646716	0.23752588	-0.20234859	0.1934841	-0.3931433	0.27252105	-0.29951024
-0.063279666	0.09761162	-0.119432345	0.09878181	-0.14985585	0.0671845	-0.11379089	0.12586085	-0.13444534	0.13605338	-0.08857546	0.0848597	-0.1942025	0.21556275	-0.14567424	0.17283681	-0.1571644	0.18460388	-0.44832492	0.18181606	-0.13111795	0.18570238	-0.5646716	1.0000002	-0.42224634	0.13067074	-0.13793242	0.244922	-0.33435673	0.2786051
0.041445855	-0.064001694	0.07731419	-0.064948596	0.10116136	-0.044274487	0.07336171	-0.08091824	0.0870385	-0.09365824	0.056357116	-0.054145854	0.1157765	-0.13102925	0.10364325	-0.112599164	0.0936048	-0.11127454	0.17676198	-0.14725174	0.0838385	-0.119801596	0.23752588	-0.42224634	0.9999997	-0.09384741	0.09550425	-0.1991373	0.21596505	-0.8201636
-0.050159834	0.07247854	-0.08873975	0.06895466	-0.10918105	0.051948093	-0.08791088	0.08774279	-0.09071803	0.087223746	-0.07617071	0.06865508	-0.12773952	0.1043976	-0.07874875	0.20510226	-0.14359917	0.12233207	-0.12696493	0.094872385	-0.37500656	0.2712933	-0.20234859	0.13067074	-0.09384741	0.99999964	-0.8254139	0.17325975	-0.16305852	0.10067809
0.046173338	-0.067607574	0.080685586	-0.063791744	0.09906198	-0.04869095	0.08007026	-0.08205513	0.08351302	-0.08368746	0.06973836	-0.06450538	0.1167972	-0.101505525	0.07527145	-0.2141562	0.13268465	-0.122301035	0.12072268	-0.093948	0.25696385	-0.36055857	0.1934841	-0.13793242	0.09550425	-0.8254139	0.99999994	-0.24141634	0.16662814	-0.109727964
-0.04391347	0.066251256	-0.08023716	0.06534196	-0.10149533	0.046455987	-0.07743243	0.08249437	-0.087028705	0.08907685	-0.061797358	0.05827659	-0.1195226	0.118646204	-0.08725821	0.13407288	-0.106280215	0.11568244	-0.15982577	0.11017631	-0.119624674	0.16494457	-0.3931433	0.244922	-0.1991373	0.17325975	-0.24141634	0.99999976	-0.80073357	0.20924605
0.042056162	-0.06420573	0.07645383	-0.06328785	0.09661587	-0.045033813	0.07373054	-0.08046787	0.08397723	-0.08916007	0.058782246	-0.05634338	0.114711516	-0.124423034	0.08772726	-0.1334872	0.10146762	-0.11656663	0.16108206	-0.11578468	0.10930272	-0.15659901	0.27252105	-0.33435673	0.21596505	-0.16305852	0.16662814	-0.80073357	0.9999998	-0.31751254
-0.04588105	0.06985902	-0.0861344	0.07089034	-0.112702	0.04830948	-0.081788234	0.087568976	-0.095473364	0.09766326	-0.0627324	0.059209757	-0.12787595	0.12899372	-0.10649973	0.11795908	-0.10242945	0.114575475	-0.18407254	0.13355373	-0.092592396	0.12798513	-0.29951024	0.2786051	-0.8201636	0.10067809	-0.109727964	0.20924605	-0.31751254	0.9999998
