1.4320422876626253
1.3381946589797735
0.18719998002052307
0.15904789604246616
1.594857158139348
1.3008499722927809
0.5554472170770168
1.5705473851412535
0.9753936883062124
0.11327611841261387
0.32235555723309517
1.4414515271782875
1.3369710389524698
0.06356627307832241
1.232932899147272
0.6003703158348799
0.6759665906429291
1.5932747479528189
0.24194849468767643
1.5888458080589771
1.7568400539457798
0.6203208360821009
0.14303544722497463
1.5636934638023376
1.1706736236810684
0.017384381964802742
0.40847981348633766
0.6946802511811256
1.0797343831509352
0.41735880449414253
0.5940785948187113
1.2726476080715656
1.2933671306818724
0.4011003226041794
1.2965047415345907
0.0940469428896904
0.5317623075097799
0.10857316479086876
0.14628378860652447
1.4102612920105457
1.31435127556324
0.23739022389054298
0.2620726488530636
0.49608069099485874
1.6496559716761112
1.7874544728547335
1.3479624669998884
1.4752554800361395
0.6913779489696026
