1.568693296983838
1.697583857923746
0.8778927214443684
1.190398570150137
1.1956591233611107
1.5905465967953205
0.5170281380414963
1.3495332188904285
0.3498594257980585
1.0036841426044703
0.3886812161654234
0.6183717995882034
1.3258892390877008
0.9596745781600475
0.2895966023206711
0.9887566417455673
0.9567873068153858
1.7923663705587387
1.4114651754498482
0.6030287835747004
0.8676598705351353
0.2202001679688692
0.751688351854682
0.1960019003599882
0.5648508053272963
0.23381605558097363
0.9856895841658115
0.46928538382053375
1.886588804423809
1.2519045230001211
0.24955187365412712
1.3109546042978764
1.1255625281482935
0.7317650951445103
1.7642964608967304
0.12399746105074883
0.22123566456139088
0.3268520161509514
1.428744912147522
0.0905594490468502
1.683534275740385
0.0794534757733345
0.6552127562463284
0.1454420778900385
1.4811997283250093
1.505788579583168
0.7732338178902864
1.1676080394536257
1.1677811406552792
