1.0000001	-0.859221	0.15613532	-0.11893403	0.11040455	-0.35812503	0.2017214	-0.17863284	0.10852608	-0.07362622	0.17600758	-0.16079158	0.09871921	-0.0711782	0.0877402	-0.07723013	0.070664	-0.09577747	0.06004886	-0.06615091	0.031154767	-0.03501985	0.0748574	-0.06959139	0.040155146	-0.028632931	0.030824207	-0.07215037	0.048784163	-0.030680498
-0.859221	0.9999999	-0.209092	0.13307852	-0.13324325	0.24203028	-0.2778802	0.18892235	-0.12928908	0.0859596	-0.17943306	0.15141626	-0.103613324	0.0795507	-0.1016698	0.075117536	-0.07148278	0.09602301	-0.066625096	0.07288495	-0.03266446	0.03655552	-0.080135934	0.073495984	-0.04373645	0.029812211	-0.03240614	0.07503889	-0.05249936	0.03310695
0.15613532	-0.209092	1.0	-0.7395763	0.25422055	-0.22548808	0.22228158	-0.36571646	0.20146032	-0.17690629	0.14679672	-0.1946053	0.13124785	-0.13512793	0.15561914	-0.10116875	0.08822217	-0.14537594	0.10621846	-0.12649654	0.048423465	-0.056093115	0.11647587	-0.1242555	0.068229504	-0.046838064	0.05014598	-0.12806635	0.08287879	-0.053547945
-0.11893403	0.13307852	-0.7395763	1.0000001	-0.4656244	0.15565528	-0.17231752	0.20960449	-0.26563823	0.21467495	-0.110338934	0.14003105	-0.1064986	0.13973306	-0.17932552	0.07510152	-0.06718498	0.113572106	-0.106252424	0.12306777	-0.039293416	0.04535433	-0.0980256	0.10471893	-0.060914025	0.03766097	-0.040932804	0.103335276	-0.07176582	0.047035016
0.11040455	-0.13324325	0.25422055	-0.4656244	1.0000001	-0.20607461	0.1604421	-0.21948285	0.30529422	-0.6258584	0.13607301	-0.19076839	0.13923717	-0.21122807	0.22838217	-0.105206504	0.09066202	-0.16270953	0.14784952	-0.18955131	0.05539897	-0.064970374	0.13510735	-0.15701413	0.085993655	-0.054598328	0.058639307	-0.15531975	0.102201015	-0.068254106
-0.35812503	0.24203028	-0.22548808	0.15565528	-0.20607461	1.0	-0.32319775	0.21994853	-0.20647372	0.13121028	-0.6500057	0.29073408	-0.20124629	0.12825738	-0.1680774	0.14691556	-0.14636499	0.1677211	-0.11044948	0.11727977	-0.05823926	0.06399996	-0.14220895	0.12104073	-0.074106306	0.051600862	-0.056254905	0.1234192	-0.088842586	0.055344056
0.2017214	-0.2778802	0.22228158	-0.17231752	0.1604421	-0.32319775	1.0000001	-0.7625102	0.17114162	-0.11410836	0.20719372	-0.29984543	0.15621914	-0.11068941	0.12958914	-0.113141835	0.10439375	-0.15037212	0.09100594	-0.10079011	0.045941796	-0.052024733	0.110966265	-0.10481697	0.059451878	-0.042558897	0.045725275	-0.10855228	0.07243673	-0.04570375
-0.17863284	0.18892235	-0.36571646	0.20960449	-0.21948285	0.21994853	-0.7625102	0.9999999	-0.24715085	0.14876688	-0.1767965	0.20673722	-0.15559539	0.12985785	-0.1611766	0.09687949	-0.09310295	0.1384774	-0.10438252	0.1142822	-0.04608317	0.051974665	-0.11574043	0.10870029	-0.06496997	0.04244048	-0.046384018	0.1092542	-0.0773463	0.049226478
0.10852608	-0.12928908	0.20146032	-0.26563823	0.30529422	-0.20647372	0.17114162	-0.24715085	1.0000002	-0.61252975	0.14040703	-0.19784515	0.15691268	-0.40908924	0.28750065	-0.1093896	0.09546875	-0.18101421	0.21158361	-0.25390342	0.060101222	-0.070603386	0.15110098	-0.18115313	0.10173997	-0.05898664	0.06391815	-0.1693892	0.11767966	-0.08037769
-0.07362622	0.0859596	-0.17690629	0.21467495	-0.6258584	0.13121028	-0.11410836	0.14876688	-0.61252975	1.0000006	-0.0912624	0.12557323	-0.10308536	0.22031105	-0.32141832	0.06996418	-0.061700758	0.116157	-0.14691566	0.17787087	-0.03937066	0.046145897	-0.10024968	0.11813854	-0.0693501	0.03844893	-0.041924395	0.1099419	-0.078968465	0.054112308
0.17600758	-0.17943306	0.14679672	-0.110338934	0.13607301	-0.6500057	0.20719372	-0.1767965	0.14040703	-0.0912624	1.0000006	-0.5799568	0.2078915	-0.10270608	0.12234219	-0.21503581	0.17824684	-0.19420813	0.09091763	-0.09611347	0.05749791	-0.06308113	0.12662694	-0.10892479	0.06140829	-0.05076318	0.05323297	-0.11523494	0.076088846	-0.046869002
-0.16079158	0.15141626	-0.1946053	0.14003105	-0.19076839	0.29073408	-0.29984543	0.20673722	-0.19784515	0.12557323	-0.5799568	1.0000007	-0.45185286	0.140436	-0.17187417	0.20824476	-0.2597132	0.25610214	-0.12596992	0.12782113	-0.07302022	0.08033769	-0.18026786	0.14073592	-0.08269901	0.063577875	-0.068895645	0.14570357	-0.101456515	0.062112886
0.09871921	-0.103613324	0.13124785	-0.1064986	0.13923717	-0.20124629	0.15621914	-0.15559539	0.15691268	-0.10308536	0.2078915	-0.45185286	1.0	-0.17722134	0.16262513	-0.16582717	0.16337697	-0.7323839	0.15729418	-0.15287621	0.07775978	-0.09415269	0.224966	-0.1840271	0.092260055	-0.07276008	0.079190105	-0.19314423	0.11852661	-0.071939446
-0.0711782	0.0795507	-0.13512793	0.13973306	-0.21122807	0.12825738	-0.11068941	0.12985785	-0.40908924	0.22031105	-0.10270608	0.140436	-0.17722134	1.0000001	-0.56293213	0.08088133	-0.07587838	0.173751	-0.5764202	0.32051826	-0.05386418	0.062927514	-0.15441515	0.18423212	-0.11695746	0.051031537	-0.05745037	0.1455238	-0.12855373	0.08670263
0.0877402	-0.1016698	0.15561914	-0.17932552	0.22838217	-0.1680774	0.12958914	-0.1611766	0.28750065	-0.32141832	0.12234219	-0.17187417	0.16262513	-0.56293213	0.9999997	-0.099891484	0.089260034	-0.18812403	0.3116854	-0.5513173	0.063260525	-0.07482842	0.16670784	-0.21626468	0.13682306	-0.062169474	0.06840588	-0.18449941	0.1423333	-0.10870284
-0.07723013	0.075117536	-0.10116875	0.07510152	-0.105206504	0.14691556	-0.113141835	0.09687949	-0.1093896	0.06996418	-0.21503581	0.20824476	-0.16582717	0.08088133	-0.099891484	0.9999998	-0.90363944	0.16286097	-0.07570589	0.077154025	-0.120296374	0.10261921	-0.12889284	0.0945744	-0.055854954	0.08262275	-0.078415394	0.10531379	-0.07043794	0.041887473
0.070664	-0.07148278	0.08822217	-0.06718498	0.09066202	-0.14636499	0.10439375	-0.09310295	0.09546875	-0.061700758	0.17824684	-0.2597132	0.16337697	-0.07587838	0.089260034	-0.90363944	0.99999946	-0.19504347	0.071719065	-0.07329586	0.10169788	-0.10349371	0.121279046	-0.092401765	0.052091237	-0.0801885	0.073809825	-0.10431581	0.06651364	-0.039595675
-0.09577747	0.09602301	-0.14537594	0.113572106	-0.16270953	0.1677211	-0.15037212	0.1384774	-0.18101421	0.116157	-0.19420813	0.25610214	-0.7323839	0.173751	-0.18812403	0.16286097	-0.19504347	0.9999993	-0.2058815	0.16572332	-0.09331504	0.1107191	-0.38432163	0.19932304	-0.10731049	0.08158508	-0.093324326	0.20351551	-0.13747184	0.0811056
0.06004886	-0.066625096	0.10621846	-0.106252424	0.14784952	-0.11044948	0.09100594	-0.10438252	0.21158361	-0.14691566	0.09091763	-0.12596992	0.15729418	-0.5764202	0.3116854	-0.07570589	0.071719065	-0.2058815	0.9999993	-0.65714675	0.0546225	-0.06458244	0.16457625	-0.26005968	0.13569307	-0.05174664	0.05884474	-0.1515443	0.14542387	-0.10379834
-0.06615091	0.07288495	-0.12649654	0.12306777	-0.18955131	0.11727977	-0.10079011	0.1142822	-0.25390342	0.17787087	-0.09611347	0.12782113	-0.15287621	0.32051826	-0.5513173	0.077154025	-0.07329586	0.16572332	-0.65714675	0.9999994	-0.05815867	0.06782251	-0.16989243	0.2101281	-0.19654639	0.055041846	-0.06292441	0.1616745	-0.1642745	0.12817217
0.031154767	-0.03266446	0.048423465	-0.039293416	0.05539897	-0.05823926	0.045941796	-0.04608317	0.060101222	-0.03937066	0.05749791	-0.07302022	0.07775978	-0.05386418	0.063260525	-0.120296374	0.10169788	-0.09331504	0.0546225	-0.05815867	0.9999993	-0.6719141	0.17963627	-0.12167589	0.067369565	-0.61769754	0.3249246	-0.18676332	0.09640994	-0.051841073
-0.03501985	0.03655552	-0.056093115	0.04535433	-0.064970374	0.06399996	-0.052024733	0.051974665	-0.070603386	0.046145897	-0.06308113	0.08033769	-0.09415269	0.062927514	-0.07482842	0.10261921	-0.10349371	0.1107191	-0.06458244	0.06782251	-0.6719141	0.9999994	-0.29017612	0.14138345	-0.08348704	0.3243465	-0.56193024	0.20945822	-0.1199046	0.0626194
0.0748574	-0.080135934	0.11647587	-0.0980256	0.13510735	-0.14220895	0.110966265	-0.11574043	0.15110098	-0.10024968	0.12662694	-0.18026786	0.224966	-0.15441515	0.16670784	-0.12889284	0.121279046	-0.38432163	0.16457625	-0.16989243	0.17963627	-0.29017612	0.999999	-0.4986736	0.17448995	-0.173006	0.19738844	-0.5462472	0.25962582	-0.14154835
-0.06959139	0.073495984	-0.1242555	0.10471893	-0.15701413	0.12104073	-0.10481697	0.10870029	-0.18115313	0.11813854	-0.10892479	0.14073592	-0.1840271	0.18423212	-0.21626468	0.0945744	-0.092401765	0.19932304	-0.26005968	0.2101281	-0.12167589	0.14138345	-0.4986736	0.99999905	-0.3291639	0.107701704	-0.13318276	0.31585225	-0.5716915	0.23287432
0.040155146	-0.04373645	0.068229504	-0.060914025	0.085993655	-0.074106306	0.059451878	-0.06496997	0.10173997	-0.0693501	0.06140829	-0.08269901	0.092260055	-0.11695746	0.13682306	-0.055854954	0.052091237	-0.10731049	0.13569307	-0.19654639	0.067369565	-0.08348704	0.17448995	-0.3291639	0.9999989	-0.07269499	0.08236602	-0.28802326	0.29852077	-0.8107755
-0.028632931	0.029812211	-0.046838064	0.03766097	-0.054598328	0.051600862	-0.042558897	0.04244048	-0.05898664	0.03844893	-0.05076318	0.063577875	-0.07276008	0.051031537	-0.062169474	0.08262275	-0.0801885	0.08158508	-0.05174664	0.055041846	-0.61769754	0.3243465	-0.173006	0.107701704	-0.07269499	0.99999905	-0.68286407	0.18025014	-0.10427301	0.05365936
0.030824207	-0.03240614	0.05014598	-0.040932804	0.058639307	-0.056254905	0.045725275	-0.046384018	0.06391815	-0.041924395	0.05323297	-0.068895645	0.079190105	-0.05745037	0.06840588	-0.078415394	0.073809825	-0.093324326	0.05884474	-0.06292441	0.3249246	-0.56193024	0.19738844	-0.13318276	0.08236602	-0.68286407	0.99999905	-0.28966835	0.122355916	-0.06321215
-0.07215037	0.07503889	-0.12806635	0.103335276	-0.15531975	0.1234192	-0.10855228	0.1092542	-0.1693892	0.1099419	-0.11523494	0.14570357	-0.19314423	0.1455238	-0.18449941	0.10531379	-0.10431581	0.20351551	-0.1515443	0.1616745	-0.18676332	0.20945822	-0.5462472	0.31585225	-0.28802326	0.18025014	-0.28966835	0.9999989	-0.50326985	0.20791051
0.048784163	-0.05249936	0.08287879	-0.07176582	0.102201015	-0.088842586	0.07243673	-0.0773463	0.11767966	-0.078968465	0.076088846	-0.101456515	0.11852661	-0.12855373	0.1423333	-0.07043794	0.06651364	-0.13747184	0.14542387	-0.1642745	0.09640994	-0.1199046	0.25962582	-0.5716915	0.29852077	-0.10427301	0.122355916	-0.50326985	0.9999989	-0.47902107
-0.030680498	0.03310695	-0.053547945	0.047035016	-0.068254106	0.055344056	-0.04570375	0.049226478	-0.08037769	0.054112308	-0.046869002	0.062112886	-0.071939446	0.08670263	-0.10870284	0.041887473	-0.039595675	0.0811056	-0.10379834	0.12817217	-0.051841073	0.0626194	-0.14154835	0.23287432	-0.8107755	0.05365936	-0.06321215	0.20791051	-0.47902107	0.9999989
