0.22603841871023178
0.6979310810565948
1.1742706838995218
1.081962451338768
1.730836421251297
1.3404520563781261
0.37813203036785126
0.23284494876861572
0.20587257854640484
0.9702040888369083
1.4975030925124884
0.7669853251427412
0.9746804814785719
1.382433794438839
1.9016972836107016
1.2531203236430883
0.0948250275105238
0.42210711538791656
0.3493755627423525
0.3809705339372158
0.918025977909565
1.8338074702769518
0.1215781420469284
1.3266843613237143
1.1276083197444677
1.175589669495821
0.9902804456651211
1.183543350547552
0.6682653240859509
0.6660603601485491
0.7292576804757118
1.0251332055777311
1.6275939866900444
1.3278699330985546
0.9425772074609995
1.1639086082577705
0.9844846557825804
1.3296190649271011
0.1364912334829569
1.7341819982975721
0.1959191896021366
0.42650817334651947
0.1805027574300766
1.2701460402458906
0.007581224665045738
1.6776774525642395
1.384555570781231
0.8055595867335796
0.2909500375390053
