1.0000001	-0.95016384	0.109903306	-0.101851664	0.064219266	-0.19594738	0.16527326	-0.11197167	0.060099907	-0.05068741	0.05321834	-0.054746397	0.06944523	-0.053276192	0.05070231	-0.04361505	0.05384354	-0.05585103	0.041942514	-0.05332111	0.04083725	-0.045099292	0.042804938	-0.045110453	0.025304597	-0.040507454	0.033162586	-0.045772027	0.060988463	-0.023824621
-0.95016384	1.0000001	-0.12307513	0.096231565	-0.06473138	0.16442049	-0.19625369	0.10574504	-0.05964953	0.048934076	-0.05189701	0.053195596	-0.06911067	0.051380705	-0.050053883	0.041540995	-0.052947346	0.05330352	-0.040965155	0.05097433	-0.039587826	0.043035753	-0.041429188	0.043371566	-0.024858208	0.038472563	-0.031913113	0.04367874	-0.060834974	0.023185946
0.109903306	-0.12307513	1.0	-0.6840081	0.20340815	-0.081127286	0.08109302	-0.5899782	0.21042883	-0.15466142	0.1073575	-0.12688237	0.19200468	-0.17102748	0.14500591	-0.08892538	0.12094862	-0.12897098	0.10634799	-0.13832062	0.0863612	-0.096849844	0.09589078	-0.10861763	0.060300823	-0.08479961	0.07139124	-0.09906291	0.14197816	-0.0561133
-0.101851664	0.096231565	-0.6840081	1.0000001	-0.37580466	0.07320549	-0.074644476	0.30828524	-0.34318388	0.20892721	-0.12703668	0.13271005	-0.2128652	0.21585159	-0.20787479	0.100465216	-0.14318232	0.14234191	-0.1399161	0.17313947	-0.10375949	0.11253461	-0.115691535	0.13492724	-0.07945066	0.09827366	-0.08560299	0.11716887	-0.19131988	0.07213029
0.064219266	-0.06473138	0.20340815	-0.37580466	1.0000002	-0.06396235	0.060770083	-0.2591682	0.20675565	-0.7206443	0.11205794	-0.12289616	0.16449654	-0.2214911	0.28279454	-0.09945743	0.12992127	-0.15102178	0.16251487	-0.2754737	0.09995926	-0.11963694	0.11843636	-0.1700457	0.08964773	-0.10551945	0.08819675	-0.12806502	0.18083753	-0.08609796
-0.19594738	0.16442049	-0.081127286	0.07320549	-0.06396235	1.0000004	-0.9451601	0.11566173	-0.06252931	0.047723938	-0.099572904	0.09081501	-0.098724306	0.054016456	-0.053388834	0.06883897	-0.079496205	0.07112714	-0.046910528	0.054641828	-0.05857534	0.058706988	-0.054577526	0.04979862	-0.02854896	0.052941456	-0.04288871	0.056062568	-0.07305041	0.026499083
0.16527326	-0.19625369	0.08109302	-0.074644476	0.060770083	-0.9451601	1.0000005	-0.13006462	0.06073223	-0.046348717	0.08924021	-0.09465537	0.09484483	-0.053299278	0.05109479	-0.0672043	0.07561189	-0.07020646	0.044939864	-0.053222634	0.055472616	-0.057354882	0.05250532	-0.048196916	0.027075417	-0.0518002	0.041351974	-0.05465518	0.068367176	-0.02530632
-0.11197167	0.10574504	-0.5899782	0.30828524	-0.2591682	0.11566173	-0.13006462	1.0000005	-0.32405728	0.17629033	-0.18254434	0.2046946	-0.4204797	0.21907789	-0.20507595	0.13810968	-0.20311536	0.19296852	-0.15555322	0.18059942	-0.13768926	0.14568038	-0.14855963	0.15276574	-0.09027708	0.12636648	-0.10926149	0.14650738	-0.22692665	0.08196992
0.060099907	-0.05964953	0.21042883	-0.34318388	0.20675565	-0.06252931	0.06073223	-0.32405728	1.0000001	-0.21500047	0.11094307	-0.1302904	0.1919875	-0.7602379	0.25020227	-0.094768435	0.12819013	-0.14375177	0.16087818	-0.22411661	0.09366568	-0.109409384	0.10993823	-0.15839125	0.07777617	-0.09488978	0.0802339	-0.114068344	0.16567878	-0.07316594
-0.05068741	0.048934076	-0.15466142	0.20892721	-0.7206443	0.047723938	-0.046348717	0.17629033	-0.21500047	1.0000001	-0.09545644	0.09893717	-0.14036436	0.2055772	-0.51797885	0.08062449	-0.11094017	0.12038337	-0.16176745	0.24036239	-0.08473294	0.097557254	-0.10142432	0.14497766	-0.085424036	0.08517288	-0.07422974	0.105487555	-0.17814738	0.07685259
0.05321834	-0.05189701	0.1073575	-0.12703668	0.11205794	-0.099572904	0.08924021	-0.18254434	0.11094307	-0.09545644	0.99999994	-0.46833548	0.2516729	-0.11352912	0.107262895	-0.66391236	0.2536005	-0.23805442	0.11415097	-0.13162813	0.27195513	-0.24452542	0.18287654	-0.13410057	0.068554595	-0.24481206	0.16517508	-0.20442183	0.17808875	-0.06632741
-0.054746397	0.053195596	-0.12688237	0.13271005	-0.12289616	0.09081501	-0.09465537	0.2046946	-0.1302904	0.09893717	-0.46833548	0.9999998	-0.6027463	0.12898949	-0.11661037	0.23962034	-0.4835879	0.27108175	-0.11620198	0.12837924	-0.18780719	0.18732384	-0.17026302	0.12605605	-0.066794634	0.15720159	-0.12684521	0.1601153	-0.17337357	0.06291651
0.06944523	-0.06911067	0.19200468	-0.2128652	0.16449654	-0.098724306	0.09484483	-0.4204797	0.1919875	-0.14036436	0.2516729	-0.6027463	0.9999999	-0.21925466	0.15929575	-0.22307175	0.2910874	-0.3694731	0.14912575	-0.17948182	0.17680527	-0.20858826	0.1929518	-0.16418223	0.08317283	-0.17772585	0.14048003	-0.19431913	0.20266226	-0.07964515
-0.053276192	0.051380705	-0.17102748	0.21585159	-0.2214911	0.054016456	-0.053299278	0.21907789	-0.7602379	0.2055772	-0.11352912	0.12898949	-0.21925466	0.9999999	-0.41098467	0.09305286	-0.13150154	0.13975064	-0.19861744	0.22721073	-0.09439073	0.107385874	-0.11159615	0.15975085	-0.082742885	0.092533536	-0.080159485	0.11235018	-0.1798975	0.07507816
0.05070231	-0.050053883	0.14500591	-0.20787479	0.28279454	-0.053388834	0.05109479	-0.20507595	0.25020227	-0.51797885	0.107262895	-0.11661037	0.15929575	-0.41098467	0.9999999	-0.093970716	0.1266867	-0.1471192	0.22204545	-0.5499083	0.0969395	-0.11654425	0.12045582	-0.20676766	0.10766351	-0.100736104	0.08651937	-0.12576605	0.19666907	-0.10055797
-0.04361505	0.041540995	-0.08892538	0.100465216	-0.09945743	0.06883897	-0.0672043	0.13810968	-0.094768435	0.08062449	-0.66391236	0.23962034	-0.22307175	0.09305286	-0.093970716	0.99999994	-0.2618819	0.19614512	-0.102232404	0.11009313	-0.5456526	0.22432241	-0.17992653	0.11639352	-0.06327283	0.22835705	-0.17153928	0.1776385	-0.17550883	0.059737574
0.05384354	-0.052947346	0.12094862	-0.14318232	0.12992127	-0.079496205	0.07561189	-0.20311536	0.12819013	-0.11094017	0.2536005	-0.4835879	0.2910874	-0.13150154	0.1266867	-0.2618819	0.9999999	-0.63885194	0.14912729	-0.15910238	0.20872287	-0.31107792	0.25540295	-0.16837622	0.08119295	-0.20253599	0.16891114	-0.22594492	0.20727782	-0.07798254
-0.05585103	0.05330352	-0.12897098	0.14234191	-0.15102178	0.07112714	-0.07020646	0.19296852	-0.14375177	0.12038337	-0.23805442	0.27108175	-0.3694731	0.13975064	-0.1471192	0.19614512	-0.63885194	0.9999996	-0.20402043	0.17239429	-0.2093784	0.26812673	-0.43541467	0.19517675	-0.09752764	0.18565853	-0.17717963	0.23210272	-0.26382747	0.09008849
0.041942514	-0.040965155	0.10634799	-0.1399161	0.16251487	-0.046910528	0.044939864	-0.15555322	0.16087818	-0.16176745	0.11415097	-0.11620198	0.14912575	-0.19861744	0.22204545	-0.102232404	0.14912729	-0.20402043	0.9999996	-0.51895154	0.11263786	-0.1501211	0.17308529	-0.69913983	0.13870141	-0.1186785	0.10667854	-0.16151729	0.26200938	-0.12959194
-0.05332111	0.05097433	-0.13832062	0.17313947	-0.2754737	0.054641828	-0.053222634	0.18059942	-0.22411661	0.24036239	-0.13162813	0.12837924	-0.17948182	0.22721073	-0.5499083	0.11009313	-0.15910238	0.17239429	-0.51895154	0.99999976	-0.12274833	0.14267796	-0.16139475	0.28113085	-0.19470079	0.121508494	-0.11125977	0.15884684	-0.32117018	0.15284185
0.04083725	-0.039587826	0.0863612	-0.10375949	0.09995926	-0.05857534	0.055472616	-0.13768926	0.09366568	-0.08473294	0.27195513	-0.18780719	0.17680527	-0.09439073	0.0969395	-0.5456526	0.20872287	-0.2093784	0.11263786	-0.12274833	0.9999997	-0.4301493	0.23450692	-0.13757683	0.07041883	-0.5202726	0.26214048	-0.2661508	0.19615392	-0.06810461
-0.045099292	0.043035753	-0.096849844	0.11253461	-0.11963694	0.058706988	-0.057354882	0.14568038	-0.109409384	0.097557254	-0.24452542	0.18732384	-0.20858826	0.107385874	-0.11654425	0.22432241	-0.31107792	0.26812673	-0.1501211	0.14267796	-0.4301493	0.99999964	-0.6048851	0.17783809	-0.089849785	0.27844816	-0.38034567	0.29859427	-0.26180172	0.08400683
0.042804938	-0.041429188	0.09589078	-0.115691535	0.11843636	-0.054577526	0.05250532	-0.14855963	0.10993823	-0.10142432	0.18287654	-0.17026302	0.1929518	-0.11159615	0.12045582	-0.17992653	0.25540295	-0.43541467	0.17308529	-0.16139475	0.23450692	-0.6048851	0.9999996	-0.25476345	0.09363143	-0.24601288	0.25358525	-0.46660718	0.25675848	-0.09028357
-0.045110453	0.043371566	-0.10861763	0.13492724	-0.1700457	0.04979862	-0.048196916	0.15276574	-0.15839125	0.14497766	-0.13410057	0.12605605	-0.16418223	0.15975085	-0.20676766	0.11639352	-0.16837622	0.19517675	-0.69913983	0.28113085	-0.13757683	0.17783809	-0.25476345	0.99999934	-0.19509041	0.1393661	-0.13372163	0.19900316	-0.45684448	0.16036989
0.025304597	-0.024858208	0.060300823	-0.07945066	0.08964773	-0.02854896	0.027075417	-0.09027708	0.07777617	-0.085424036	0.068554595	-0.066794634	0.08317283	-0.082742885	0.10766351	-0.06327283	0.08119295	-0.09752764	0.13870141	-0.19470079	0.07041883	-0.089849785	0.09363143	-0.19509041	0.9999991	-0.08102912	0.07085379	-0.115254104	0.2175973	-0.91706926
-0.040507454	0.038472563	-0.08479961	0.09827366	-0.10551945	0.052941456	-0.0518002	0.12636648	-0.09488978	0.08517288	-0.24481206	0.15720159	-0.17772585	0.092533536	-0.100736104	0.22835705	-0.20253599	0.18565853	-0.1186785	0.121508494	-0.5202726	0.27844816	-0.24601288	0.1393661	-0.08102912	0.99999905	-0.64156723	0.28548023	-0.2548221	0.0759292
0.033162586	-0.031913113	0.07139124	-0.08560299	0.08819675	-0.04288871	0.041351974	-0.10926149	0.0802339	-0.07422974	0.16517508	-0.12684521	0.14048003	-0.080159485	0.08651937	-0.17153928	0.16891114	-0.17717963	0.10667854	-0.11125977	0.26214048	-0.38034567	0.25358525	-0.13372163	0.07085379	-0.64156723	0.9999991	-0.55291706	0.21989955	-0.06914775
-0.045772027	0.04367874	-0.09906291	0.11716887	-0.12806502	0.056062568	-0.05465518	0.14650738	-0.114068344	0.105487555	-0.20442183	0.1601153	-0.19431913	0.11235018	-0.12576605	0.1776385	-0.22594492	0.23210272	-0.16151729	0.15884684	-0.2661508	0.29859427	-0.46660718	0.19900316	-0.115254104	0.28548023	-0.55291706	0.9999991	-0.4487836	0.11026997
0.060988463	-0.060834974	0.14197816	-0.19131988	0.18083753	-0.07305041	0.068367176	-0.22692665	0.16567878	-0.17814738	0.17808875	-0.17337357	0.20266226	-0.1798975	0.19666907	-0.17550883	0.20727782	-0.26382747	0.26200938	-0.32117018	0.19615392	-0.26180172	0.25675848	-0.45684448	0.2175973	-0.2548221	0.21989955	-0.4487836	0.9999992	-0.28865716
-0.023824621	0.023185946	-0.0561133	0.07213029	-0.08609796	0.026499083	-0.02530632	0.08196992	-0.07316594	0.07685259	-0.06632741	0.06291651	-0.07964515	0.07507816	-0.10055797	0.059737574	-0.07798254	0.09008849	-0.12959194	0.15284185	-0.06810461	0.08400683	-0.09028357	0.16036989	-0.91706926	0.0759292	-0.06914775	0.11026997	-0.28865716	0.9999992
