0.7047519087791443
1.3573969639837742
1.7765203304588795
0.17973912879824638
1.9209247212857008
0.2552221529185772
0.6943304073065519
0.5918439850211143
0.7962715309113264
1.2158158216625452
1.6829428765922785
0.8339551649987698
1.2770049404352903
0.3221805952489376
1.0373021326959133
0.10689042136073112
1.2580902427434921
0.6729373522102833
1.738406028598547
1.7318687215447426
1.0658362116664648
0.14224925264716148
1.4468959029763937
0.13815510272979736
0.18766774609684944
0.4520534370094538
1.1230654884129763
1.0822291560471058
0.7357802931219339
0.05273564159870148
1.419303821399808
1.9891925882548094
1.6815702095627785
0.7113335113972425
1.1879378650337458
0.6258894838392735
0.5725652109831572
1.9209480620920658
1.5030638556927443
1.1146037634462118
1.8622689079493284
1.8326071612536907
1.4649060890078545
1.4407998658716679
0.02367817610502243
1.5615294724702835
1.2359742913395166
1.096398362889886
0.46495117619633675
