1.0	-0.5368512	0.30708012	-0.09413947	0.028887352	-0.58858305	0.3002073	-0.35767585	0.08789321	-0.02655931	0.16812877	-0.29421404	0.22006164	-0.11898116	0.13204995	-0.20904505	0.1990463	-0.17921309	0.08858103	-0.08160303	0.06591459	-0.070795	0.09037019	-0.09065873	0.08353913	-0.059146874	0.067140795	-0.119566046	0.048352677	-0.060220942
-0.5368512	1.0000001	-0.67950064	0.09919022	-0.026702933	0.28274682	-0.3558464	0.28399476	-0.096566685	0.024325889	-0.0948866	0.22739573	-0.19926184	0.105257094	-0.12346042	0.10776459	-0.1688928	0.1336339	-0.070036046	0.063170604	-0.04529104	0.051769078	-0.06744504	0.065848015	-0.06406754	0.039506156	-0.04994535	0.08568418	-0.03544856	0.043915953
0.30708012	-0.67950064	0.9999998	-0.1563804	0.03083541	-0.3368524	0.28216654	-0.47398958	0.12957236	-0.028418442	0.11000381	-0.27712098	0.2259055	-0.12887579	0.14007047	-0.13222061	0.1822962	-0.16479084	0.08271301	-0.076110214	0.052917138	-0.060938686	0.08124988	-0.08015773	0.075314336	-0.046801187	0.058116533	-0.105705865	0.04291482	-0.05329238
-0.09413947	0.09919022	-0.1563804	0.9999997	-0.049441844	0.08844715	-0.083666824	0.13179348	-0.933265	0.04497324	-0.03154241	0.098627016	-0.1214707	0.18596031	-0.21284409	0.036625035	-0.0826557	0.07393372	-0.058417585	0.053546745	-0.020940527	0.025934823	-0.036475345	0.042009857	-0.043807104	0.018107975	-0.025102058	0.045438793	-0.022205321	0.027766531
0.028887352	-0.026702933	0.03083541	-0.049441844	0.99999976	-0.03173474	0.028357893	-0.043974794	0.04325367	-0.9848692	0.011573747	-0.042630978	0.046653073	-0.09811809	0.11002455	-0.013582624	0.032296933	-0.033256494	0.027013727	-0.027969297	0.0085275415	-0.010938576	0.015970228	-0.020103449	0.020117799	-0.007417609	0.010473221	-0.020455424	0.010408616	-0.013197093
-0.58858305	0.28274682	-0.3368524	0.08844715	-0.03173474	0.9999998	-0.51200366	0.28335494	-0.08829731	0.028737342	-0.28136173	0.26884082	-0.24446142	0.12140546	-0.14802007	0.21337602	-0.23196496	0.16280168	-0.0868309	0.07711621	-0.06824124	0.06983183	-0.08486447	0.08096528	-0.0809458	0.058167934	-0.06794838	0.10601575	-0.04390711	0.05421019
0.3002073	-0.3558464	0.28216654	-0.083666824	0.028357893	-0.51200366	0.99999976	-0.48069438	0.08252325	-0.025857214	0.123747565	-0.5373604	0.2715587	-0.12161249	0.13718851	-0.13227946	0.19001602	-0.15137702	0.0744354	-0.06664801	0.04934112	-0.056386203	0.07419298	-0.06743481	0.06611599	-0.042724013	0.054213278	-0.091771804	0.036667783	-0.04506921
-0.35767585	0.28399476	-0.47398958	0.13179348	-0.043974794	0.28335494	-0.48069438	0.99999964	-0.14185256	0.039839204	-0.103466265	0.31610894	-0.48107177	0.1818711	-0.21762513	0.111612275	-0.25797704	0.19989792	-0.105899766	0.09333117	-0.0608384	0.07333053	-0.10015492	0.091355294	-0.092459716	0.052000828	-0.07170769	0.11952174	-0.04972965	0.061105672
0.08789321	-0.096566685	0.12957236	-0.933265	0.04325367	-0.08829731	0.08252325	-0.14185256	0.9999994	-0.04133255	0.031171497	-0.099916965	0.11793629	-0.23342022	0.18184693	-0.036371373	0.07807732	-0.07290778	0.054504067	-0.05090955	0.020187695	-0.025029091	0.03541554	-0.040321648	0.04096154	-0.017515052	0.024120072	-0.044410814	0.021237683	-0.026583962
-0.02655931	0.024325889	-0.028418442	0.04497324	-0.9848692	0.028737342	-0.025857214	0.039839204	-0.04133255	0.9999996	-0.010507745	0.038604543	-0.043598134	0.09002694	-0.1244579	0.012306768	-0.02984559	0.03032687	-0.025448652	0.026119584	-0.00781238	0.010018817	-0.014618325	0.018489182	-0.018807078	0.006785127	-0.0096100075	0.018631449	-0.009591183	0.012149137
0.16812877	-0.0948866	0.11000381	-0.03154241	0.011573747	-0.28136173	0.123747565	-0.103466265	0.031171497	-0.010507745	0.9999996	-0.112817906	0.08948968	-0.045160405	0.053914316	-0.92420024	0.093767494	-0.06943737	0.034554336	-0.030807141	0.07185325	-0.046383224	0.04005992	-0.033617064	0.032635774	-0.06481011	0.042611066	-0.05046701	0.018583125	-0.022628842
-0.29421404	0.22739573	-0.27712098	0.098627016	-0.042630978	0.26884082	-0.5373604	0.31610894	-0.099916965	0.038604543	-0.112817906	0.9999998	-0.5799615	0.18489371	-0.2195759	0.11402011	-0.3140898	0.21757412	-0.10662942	0.09388498	-0.06315581	0.07841967	-0.1068484	0.091827035	-0.091493785	0.053855065	-0.07588828	0.12650004	-0.050300173	0.06145264
0.22006164	-0.19926184	0.2259055	-0.1214707	0.046653073	-0.24446142	0.2715587	-0.48107177	0.11793629	-0.043598134	0.08948968	-0.5799615	0.9999998	-0.34397632	0.24599843	-0.10115981	0.2550081	-0.33549565	0.12041945	-0.10911273	0.062389497	-0.082296774	0.128074	-0.10054074	0.096763045	-0.053734694	0.078183	-0.15054639	0.055298492	-0.06705012
-0.11898116	0.105257094	-0.12887579	0.18596031	-0.09811809	0.12140546	-0.12161249	0.1818711	-0.23342022	0.09002694	-0.045160405	0.18489371	-0.34397632	1.0	-0.833511	0.051778376	-0.14004257	0.14110868	-0.13744397	0.12224295	-0.034642663	0.04480646	-0.06705879	0.08057054	-0.08507131	0.02979192	-0.04328514	0.08091116	-0.042115968	0.05269119
0.13204995	-0.12346042	0.14007047	-0.21284409	0.11002455	-0.14802007	0.13718851	-0.21762513	0.18184693	-0.1244579	0.053914316	-0.2195759	0.24599843	-0.833511	1.0	-0.06292117	0.15105408	-0.16373952	0.14035752	-0.15767093	0.03963632	-0.05132815	0.07623388	-0.09546224	0.09728319	-0.034425024	0.0490228	-0.0965317	0.04942685	-0.062534414
-0.20904505	0.10776459	-0.13222061	0.036625035	-0.013582624	0.21337602	-0.13227946	0.111612275	-0.036371373	0.012306768	-0.92420024	0.11402011	-0.10115981	0.051778376	-0.06292117	0.9999997	-0.11279549	0.079253845	-0.040344	0.035826117	-0.08857175	0.05244802	-0.045964777	0.039058007	-0.03835334	0.07062628	-0.049089126	0.05747211	-0.021564329	0.026295839
0.1990463	-0.1688928	0.1822962	-0.0826557	0.032296933	-0.23196496	0.19001602	-0.25797704	0.07807732	-0.02984559	0.093767494	-0.3140898	0.2550081	-0.14004257	0.15105408	-0.11279549	0.99999964	-0.63646865	0.18559353	-0.1753648	0.12951674	-0.22208075	0.2670706	-0.21456008	0.17174904	-0.11864962	0.1765062	-0.38130563	0.11798142	-0.14328578
-0.17921309	0.1336339	-0.16479084	0.07393372	-0.033256494	0.16280168	-0.15137702	0.19989792	-0.07290778	0.03032687	-0.06943737	0.21757412	-0.33549565	0.14110868	-0.16373952	0.079253845	-0.63646865	0.9999996	-0.23186672	0.1640148	-0.12632765	0.18361375	-0.44554824	0.16580811	-0.16611004	0.1031472	-0.1846994	0.29227963	-0.097963765	0.11180826
0.08858103	-0.070036046	0.08271301	-0.058417585	0.027013727	-0.0868309	0.0744354	-0.105899766	0.054504067	-0.025448652	0.034554336	-0.10662942	0.12041945	-0.13744397	0.14035752	-0.040344	0.18559353	-0.23186672	0.99999976	-0.7961504	0.04915548	-0.06847601	0.1122375	-0.36727095	0.28702965	-0.041839644	0.066504866	-0.13684258	0.15556009	-0.20516248
-0.08160303	0.063170604	-0.076110214	0.053546745	-0.027969297	0.07711621	-0.06664801	0.09333117	-0.05090955	0.026119584	-0.030807141	0.09388498	-0.10911273	0.12224295	-0.15767093	0.035826117	-0.1753648	0.1640148	-0.7961504	0.99999964	-0.04311499	0.058227398	-0.09137747	0.24995637	-0.45421878	0.036340598	-0.0577908	0.10883524	-0.13351053	0.16974612
0.06591459	-0.04529104	0.052917138	-0.020940527	0.0085275415	-0.06824124	0.04934112	-0.0608384	0.020187695	-0.00781238	0.07185325	-0.06315581	0.062389497	-0.034642663	0.03963632	-0.08857175	0.12951674	-0.12632765	0.04915548	-0.04311499	0.99999934	-0.35890865	0.12957446	-0.059114147	0.051150084	-0.8629167	0.27419245	-0.16007014	0.036934286	-0.041343827
-0.070795	0.051769078	-0.060938686	0.025934823	-0.010938576	0.06983183	-0.056386203	0.07333053	-0.025029091	0.010018817	-0.046383224	0.07841967	-0.082296774	0.04480646	-0.05132815	0.05244802	-0.22208075	0.18361375	-0.06847601	0.058227398	-0.35890865	0.9999992	-0.30702797	0.07940178	-0.07018301	0.2581441	-0.7936148	0.23437448	-0.051500045	0.055567026
0.09037019	-0.06744504	0.08124988	-0.036475345	0.015970228	-0.08486447	0.07419298	-0.10015492	0.03541554	-0.014618325	0.04005992	-0.1068484	0.128074	-0.06705879	0.07623388	-0.045964777	0.2670706	-0.44554824	0.1122375	-0.09137747	0.12957446	-0.30702797	0.99999905	-0.13704029	0.113396004	-0.10966228	0.21396483	-0.76446897	0.09682577	-0.096079215
-0.09065873	0.065848015	-0.08015773	0.042009857	-0.020103449	0.08096528	-0.06743481	0.091355294	-0.040321648	0.018489182	-0.033617064	0.091827035	-0.10054074	0.08057054	-0.09546224	0.039058007	-0.21456008	0.16580811	-0.36727095	0.24995637	-0.059114147	0.07940178	-0.13704029	0.99999905	-0.5923858	0.04895305	-0.08130023	0.15599018	-0.5475019	0.31723776
0.08353913	-0.06406754	0.075314336	-0.043807104	0.020117799	-0.0809458	0.06611599	-0.092459716	0.04096154	-0.018807078	0.032635774	-0.091493785	0.096763045	-0.08507131	0.09728319	-0.03835334	0.17174904	-0.16611004	0.28702965	-0.45421878	0.051150084	-0.07018301	0.113396004	-0.5923858	0.99999934	-0.04370381	0.068966895	-0.15085565	0.28574833	-0.49830726
-0.059146874	0.039506156	-0.046801187	0.018107975	-0.007417609	0.058167934	-0.042724013	0.052000828	-0.017515052	0.006785127	-0.06481011	0.053855065	-0.053734694	0.02979192	-0.034425024	0.07062628	-0.11864962	0.1031472	-0.041839644	0.036340598	-0.8629167	0.2581441	-0.10966228	0.04895305	-0.04370381	0.9999992	-0.40154737	0.12581822	-0.030521797	0.034172095
0.067140795	-0.04994535	0.058116533	-0.025102058	0.010473221	-0.06794838	0.054213278	-0.07170769	0.024120072	-0.0096100075	0.042611066	-0.07588828	0.078183	-0.04328514	0.0490228	-0.049089126	0.1765062	-0.1846994	0.066504866	-0.0577908	0.27419245	-0.7936148	0.21396483	-0.08130023	0.068966895	-0.40154737	0.99999934	-0.26784757	0.05298087	-0.057619933
-0.119566046	0.08568418	-0.105705865	0.045438793	-0.020455424	0.10601575	-0.091771804	0.11952174	-0.044410814	0.018631449	-0.05046701	0.12650004	-0.15054639	0.08091116	-0.0965317	0.05747211	-0.38130563	0.29227963	-0.13684258	0.10883524	-0.16007014	0.23437448	-0.76446897	0.15599018	-0.15085565	0.12581822	-0.26784757	0.99999905	-0.13697194	0.12034555
0.048352677	-0.03544856	0.04291482	-0.022205321	0.010408616	-0.04390711	0.036667783	-0.04972965	0.021237683	-0.009591183	0.018583125	-0.050300173	0.055298492	-0.042115968	0.04942685	-0.021564329	0.11798142	-0.097963765	0.15556009	-0.13351053	0.036934286	-0.051500045	0.09682577	-0.5475019	0.28574833	-0.030521797	0.05298087	-0.13697194	0.9999991	-0.75608754
-0.060220942	0.043915953	-0.05329238	0.027766531	-0.013197093	0.05421019	-0.04506921	0.061105672	-0.026583962	0.012149137	-0.022628842	0.06145264	-0.06705012	0.05269119	-0.062534414	0.026295839	-0.14328578	0.11180826	-0.20516248	0.16974612	-0.041343827	0.055567026	-0.096079215	0.31723776	-0.49830726	0.034172095	-0.057619933	0.12034555	-0.75608754	0.9999991
