1.0000001	-0.60807157	0.29833546	-0.1653457	0.14508593	-0.38446024	0.27184308	-0.24675538	0.15628907	-0.1674235	0.23306513	-0.21029638	0.23805995	-0.14698155	0.15702777	-0.21888708	0.18024836	-0.27076954	0.15204725	-0.08974122	0.18747179	-0.21467498	0.19528759	-0.16670649	0.08407411	-0.36214304	0.19128183	-0.2326656	0.051584575	-0.056779075
-0.60807157	0.99999976	-0.5898892	0.16754836	-0.16035995	0.25092182	-0.34420946	0.25466767	-0.15602879	0.1520479	-0.17746097	0.14188366	-0.2347186	0.13051562	-0.14557686	0.13939346	-0.12634104	0.19290276	-0.11257161	0.06330919	-0.12545538	0.1375876	-0.13569298	0.114321604	-0.05989459	0.20443374	-0.122176066	0.14581543	-0.034355517	0.037453815
0.29833546	-0.5898892	0.9999993	-0.29640144	0.2068418	-0.26013622	0.26605523	-0.46186405	0.20625669	-0.21871755	0.17999816	-0.16391012	0.26605037	-0.1683122	0.1708793	-0.15874651	0.14434822	-0.25550047	0.13605307	-0.078723565	0.14109938	-0.16329788	0.16253039	-0.1434337	0.07297386	-0.2511911	0.14518276	-0.18230678	0.042523164	-0.046696015
-0.1653457	0.16754836	-0.29640144	0.9999993	-0.82449734	0.12390542	-0.13780998	0.17798428	-0.3090199	0.268358	-0.09846191	0.08612628	-0.16821826	0.15874685	-0.18932694	0.08255593	-0.07882837	0.13468613	-0.08871356	0.049276873	-0.076392785	0.08661248	-0.09165236	0.08613652	-0.045849513	0.1278959	-0.078062735	0.09647493	-0.024852246	0.027125657
0.14508593	-0.16035995	0.2068418	-0.82449734	0.99999934	-0.120306455	0.12482921	-0.16597119	0.24828371	-0.40187398	0.09496105	-0.08612634	0.15103656	-0.15491346	0.16539037	-0.08316759	0.0780402	-0.1358428	0.08624795	-0.0491253	0.07619443	-0.087797366	0.091131635	-0.0869629	0.04526758	-0.13378985	0.07914823	-0.09928803	0.025138458	-0.027573662
-0.38446024	0.25092182	-0.26013622	0.12390542	-0.120306455	0.99999905	-0.6649586	0.25328633	-0.14416291	0.13444324	-0.42656192	0.19772986	-0.2479191	0.12339919	-0.13755186	0.19540043	-0.16518131	0.19383417	-0.11287774	0.0621368	-0.1651474	0.16113022	-0.14434016	0.11228583	-0.059567314	0.20826948	-0.13507345	0.14873593	-0.033926424	0.036693197
0.27184308	-0.34420946	0.26605523	-0.13780998	0.12482921	-0.6649586	0.9999989	-0.4660212	0.16396368	-0.16121347	0.22897561	-0.17988718	0.24712338	-0.13535501	0.13858728	-0.17107084	0.14337198	-0.21138807	0.11288792	-0.06361247	0.13882895	-0.15262938	0.13990724	-0.115519255	0.059771203	-0.20695868	0.12758735	-0.1500284	0.03433999	-0.03740896
-0.24675538	0.25466767	-0.46186405	0.17798428	-0.16597119	0.25328633	-0.4660212	0.9999988	-0.32123777	0.21904296	-0.17296173	0.1442993	-0.5366134	0.18574299	-0.18723685	0.13201232	-0.13053775	0.23744284	-0.12787619	0.069309354	-0.12007068	0.13541453	-0.14654538	0.12334407	-0.06490426	0.18602675	-0.119395606	0.14632507	-0.03556869	0.038662862
0.15628907	-0.15602879	0.20625669	-0.3090199	0.24828371	-0.14416291	0.16396368	-0.32123777	0.9999987	-0.7273096	0.10760421	-0.096347705	0.21335521	-0.37411448	0.26737455	-0.09003601	0.08782307	-0.16209568	0.11181176	-0.06138299	0.082925424	-0.095670454	0.10408572	-0.10587233	0.055480406	-0.13708837	0.08560446	-0.107754536	0.029086454	-0.031821266
-0.1674235	0.1520479	-0.21871755	0.268358	-0.40187398	0.13444324	-0.16121347	0.21904296	-0.7273096	0.99999833	-0.107916445	0.09371109	-0.21334948	0.25459242	-0.3388483	0.088103324	-0.08680477	0.15261656	-0.11023438	0.059814308	-0.082408674	0.09353753	-0.10296659	0.10195703	-0.05513005	0.1332168	-0.08431717	0.104524866	-0.028502814	0.03105235
0.23306513	-0.17746097	0.17999816	-0.09846191	0.09496105	-0.42656192	0.22897561	-0.17296173	0.10760421	-0.107916445	0.99999815	-0.49206564	0.1935106	-0.105086535	0.117615335	-0.5031319	0.2692741	-0.21624672	0.12084482	-0.067064784	0.27068594	-0.266013	0.17721346	-0.12447384	0.06506896	-0.29662594	0.18936743	-0.19115613	0.038739644	-0.041695166
-0.21029638	0.14188366	-0.16391012	0.08612628	-0.08612634	0.19772986	-0.17988718	0.1442993	-0.096347705	0.09371109	-0.49206564	0.9999984	-0.20585564	0.09774754	-0.11329981	0.2356403	-0.69687957	0.21419963	-0.121130124	0.06335674	-0.23646663	0.2604445	-0.18542744	0.11568835	-0.0629419	0.22132817	-0.19567698	0.1720009	-0.035687905	0.037844725
0.23805995	-0.2347186	0.26605037	-0.16821826	0.15103656	-0.2479191	0.24712338	-0.5366134	0.21335521	-0.21334948	0.1935106	-0.20585564	0.9999985	-0.2706764	0.21896686	-0.16762915	0.18461256	-0.52675563	0.1889491	-0.10460535	0.15595753	-0.19185817	0.22088079	-0.18867482	0.0954889	-0.25651616	0.16807036	-0.22380124	0.052767202	-0.05763631
-0.14698155	0.13051562	-0.1683122	0.15874685	-0.15491346	0.12339919	-0.13535501	0.18574299	-0.37411448	0.25459242	-0.105086535	0.09774754	-0.2706764	0.9999985	-0.80561477	0.089428514	-0.0923598	0.18153031	-0.19194053	0.09053734	-0.08509411	0.100212045	-0.118958995	0.14716747	-0.07968425	0.13982661	-0.09091995	0.1171528	-0.03735276	0.040766664
0.15702777	-0.14557686	0.1708793	-0.18932694	0.16539037	-0.13755186	0.13858728	-0.18723685	0.26737455	-0.3388483	0.117615335	-0.11329981	0.21896686	-0.80561477	0.99999845	-0.105296694	0.10495882	-0.20618589	0.17060478	-0.10215405	0.09901557	-0.11846903	0.1339445	-0.16940445	0.086754285	-0.17339577	0.10747776	-0.1415586	0.043525517	-0.04820119
-0.21888708	0.13939346	-0.15874651	0.08255593	-0.08316759	0.19540043	-0.17107084	0.13201232	-0.09003601	0.088103324	-0.5031319	0.2356403	-0.16762915	0.089428514	-0.105296694	0.9999981	-0.25508282	0.1745305	-0.1077957	0.05781794	-0.694204	0.25122064	-0.16922374	0.1063091	-0.057694227	0.25335738	-0.19178733	0.16593061	-0.03359368	0.035648968
0.18024836	-0.12634104	0.14434822	-0.07882837	0.0780402	-0.16518131	0.14337198	-0.13053775	0.08782307	-0.08680477	0.2692741	-0.69687957	0.18461256	-0.0923598	0.10495882	-0.25508282	0.99999815	-0.28918594	0.12676863	-0.067149766	0.22625302	-0.46063992	0.20323543	-0.12556718	0.06579212	-0.25273725	0.2170091	-0.20197566	0.03819871	-0.040661387
-0.27076954	0.19290276	-0.25550047	0.13468613	-0.1358428	0.19383417	-0.21138807	0.23744284	-0.16209568	0.15261656	-0.21624672	0.21419963	-0.52675563	0.18153031	-0.20618589	0.1745305	-0.28918594	0.9999981	-0.34418342	0.13882278	-0.18382387	0.22870736	-0.4501957	0.24208583	-0.13609485	0.2451229	-0.21011029	0.2585435	-0.06543988	0.068795614
0.15204725	-0.11257161	0.13605307	-0.08871356	0.08624795	-0.11287774	0.11288792	-0.12787619	0.11181176	-0.11023438	0.12084482	-0.121130124	0.1889491	-0.19194053	0.17060478	-0.1077957	0.12676863	-0.34418342	0.99999785	-0.43371138	0.11059419	-0.14343733	0.22469726	-0.68537927	0.28382182	-0.17395942	0.13254444	-0.19191423	0.11171891	-0.12386499
-0.08974122	0.06330919	-0.078723565	0.049276873	-0.0491253	0.0621368	-0.06361247	0.069309354	-0.06138299	0.059814308	-0.067064784	0.06335674	-0.10460535	0.09053734	-0.10215405	0.05781794	-0.067149766	0.13882278	-0.43371138	0.999998	-0.060377575	0.07480095	-0.12220457	0.2842178	-0.8330572	0.090994485	-0.07120284	0.09738007	-0.07066443	0.073004946
0.18747179	-0.12545538	0.14109938	-0.076392785	0.07619443	-0.1651474	0.13882895	-0.12007068	0.082925424	-0.082408674	0.27068594	-0.23646663	0.15595753	-0.08509411	0.09901557	-0.694204	0.22625302	-0.18382387	0.11059419	-0.060377575	0.9999979	-0.42486864	0.18721117	-0.114149116	0.060145188	-0.39661554	0.23440474	-0.2033844	0.036645718	-0.03897238
-0.21467498	0.1375876	-0.16329788	0.08661248	-0.087797366	0.16113022	-0.15262938	0.13541453	-0.095670454	0.09353753	-0.266013	0.2604445	-0.19185817	0.100212045	-0.11846903	0.25122064	-0.46063992	0.22870736	-0.14343733	0.07480095	-0.42486864	0.99999803	-0.33823532	0.14338933	-0.07713485	0.30340108	-0.51859677	0.27502498	-0.046090525	0.047932614
0.19528759	-0.13569298	0.16253039	-0.09165236	0.091131635	-0.14434016	0.13990724	-0.14654538	0.10408572	-0.10296659	0.17721346	-0.18542744	0.22088079	-0.118958995	0.1339445	-0.16922374	0.20323543	-0.4501957	0.22469726	-0.12220457	0.18721117	-0.33823532	0.9999979	-0.31194595	0.12659992	-0.29075015	0.27679664	-0.6319557	0.0778182	-0.081243165
-0.16670649	0.114321604	-0.1434337	0.08613652	-0.0869629	0.11228583	-0.115519255	0.12334407	-0.10587233	0.10195703	-0.12447384	0.11568835	-0.18867482	0.14716747	-0.16940445	0.1063091	-0.12556718	0.24208583	-0.68537927	0.2842178	-0.114149116	0.14338933	-0.31194595	0.99999815	-0.43322408	0.1648342	-0.13924083	0.19121732	-0.16322258	0.14082421
0.08407411	-0.05989459	0.07297386	-0.045849513	0.04526758	-0.059567314	0.059771203	-0.06490426	0.055480406	-0.05513005	0.06506896	-0.0629419	0.0954889	-0.07968425	0.086754285	-0.057694227	0.06579212	-0.13609485	0.28382182	-0.8330572	0.060145188	-0.07713485	0.12659992	-0.43322408	0.9999982	-0.09387737	0.072930664	-0.10594737	0.08461474	-0.0937802
-0.36214304	0.20443374	-0.2511911	0.1278959	-0.13378985	0.20826948	-0.20695868	0.18602675	-0.13708837	0.1332168	-0.29662594	0.22132817	-0.25651616	0.13982661	-0.17339577	0.25335738	-0.25273725	0.2451229	-0.17395942	0.090994485	-0.39661554	0.30340108	-0.29075015	0.1648342	-0.09387737	0.99999857	-0.53604376	0.28086445	-0.054873623	0.0569956
0.19128183	-0.122176066	0.14518276	-0.078062735	0.07914823	-0.13507345	0.12758735	-0.119395606	0.08560446	-0.08431717	0.18936743	-0.19567698	0.16807036	-0.09091995	0.10747776	-0.19178733	0.2170091	-0.21011029	0.13254444	-0.07120284	0.23440474	-0.51859677	0.27679664	-0.13924083	0.072930664	-0.53604376	0.9999982	-0.5326128	0.051123288	-0.05331075
-0.2326656	0.14581543	-0.18230678	0.09647493	-0.09928803	0.14873593	-0.1500284	0.14632507	-0.107754536	0.104524866	-0.19115613	0.1720009	-0.22380124	0.1171528	-0.1415586	0.16593061	-0.20197566	0.2585435	-0.19191423	0.09738007	-0.2033844	0.27502498	-0.6319557	0.19121732	-0.10594737	0.28086445	-0.5326128	0.9999983	-0.08208823	0.07844855
0.051584575	-0.034355517	0.042523164	-0.024852246	0.025138458	-0.033926424	0.03433999	-0.03556869	0.029086454	-0.028502814	0.038739644	-0.035687905	0.052767202	-0.03735276	0.043525517	-0.03359368	0.03819871	-0.06543988	0.11171891	-0.07066443	0.036645718	-0.046090525	0.0778182	-0.16322258	0.08461474	-0.054873623	0.051123288	-0.08208823	0.9999983	-0.9716035
-0.056779075	0.037453815	-0.046696015	0.027125657	-0.027573662	0.036693197	-0.03740896	0.038662862	-0.031821266	0.03105235	-0.041695166	0.037844725	-0.05763631	0.040766664	-0.04820119	0.035648968	-0.040661387	0.068795614	-0.12386499	0.073004946	-0.03897238	0.047932614	-0.081243165	0.14082421	-0.0937802	0.0569956	-0.05331075	0.07844855	-0.9716035	0.9999983
