1.0000001	-0.72924185	0.12716725	-0.1363221	0.17138928	-0.44045886	0.31255332	-0.21948397	0.13146548	-0.11523238	0.2572876	-0.2694037	0.19700935	-0.056921568	0.09931311	-0.12798874	0.12590718	-0.20272017	0.054670993	-0.09774664	0.097917326	-0.1280586	0.115930185	-0.092733	0.082898155	-0.09017455	0.075644545	-0.123906404	0.061167095	-0.07992837
-0.72924185	1.0000002	-0.1359812	0.1220592	-0.15374966	0.2798859	-0.53306574	0.1872112	-0.11990737	0.095774986	-0.24946031	0.23287031	-0.19146669	0.047396433	-0.08503328	0.105692916	-0.11273704	0.15603185	-0.046201333	0.07876562	-0.079678215	0.09885211	-0.0936687	0.073511064	-0.067972556	0.07017587	-0.059755992	0.0955798	-0.048718054	0.06283043
0.12716725	-0.1359812	1.0000004	-0.8695258	0.16767623	-0.103389554	0.12407009	-0.35694194	0.2056749	-0.14594656	0.118743084	-0.12181871	0.15987305	-0.052531146	0.10746137	-0.06326213	0.06691264	-0.13618779	0.050411183	-0.09415382	0.061341528	-0.080615275	0.086216815	-0.077158995	0.074055515	-0.060375754	0.05195885	-0.08774579	0.050075278	-0.06600357
-0.1363221	0.1220592	-0.8695258	1.0000005	-0.21158879	0.10487427	-0.12536526	0.25436637	-0.275483	0.157227	-0.13007563	0.12138242	-0.16930486	0.057346154	-0.12548101	0.06645982	-0.07114552	0.13884652	-0.056022454	0.1019691	-0.06619807	0.08604196	-0.0931672	0.083074205	-0.08251972	0.064483754	-0.05587486	0.093342006	-0.054332316	0.070933245
0.17138928	-0.15374966	0.16767623	-0.21158879	0.99999994	-0.1730979	0.16932969	-0.3156207	0.24350853	-0.3028691	0.20898952	-0.20746501	0.24287727	-0.12015497	0.22798598	-0.15681529	0.15751958	-0.42247206	0.113743655	-0.2560498	0.22143117	-0.3544816	0.27481982	-0.24822213	0.20647347	-0.2557496	0.20466538	-0.3678406	0.1653657	-0.2295978
-0.44045886	0.2798859	-0.103389554	0.10487427	-0.1730979	0.99999934	-0.49172193	0.19544345	-0.1250206	0.10300801	-0.639523	0.274897	-0.21376607	0.05286071	-0.09301944	0.15277292	-0.15905018	0.18182173	-0.051556487	0.08725137	-0.10037366	0.12026864	-0.10848239	0.08311366	-0.076316625	0.083926044	-0.07102681	0.111000024	-0.055238463	0.0709189
0.31255332	-0.53306574	0.12407009	-0.12536526	0.16932969	-0.49172193	0.9999992	-0.28433907	0.14042689	-0.114708655	0.29062727	-0.484887	0.24629739	-0.057018958	0.098155454	-0.13905075	0.14316198	-0.19564381	0.054943994	-0.092551075	0.09375991	-0.116839975	0.110919446	-0.08633893	0.07897189	-0.08263596	0.06999732	-0.1125428	0.056856245	-0.073360205
-0.21948397	0.1872112	-0.35694194	0.25436637	-0.3156207	0.19544345	-0.28433907	0.99999917	-0.45930082	0.2378588	-0.2510431	0.2551108	-0.4918961	0.09854375	-0.20455495	0.12346345	-0.13529643	0.24889623	-0.097245306	0.1608386	-0.113305464	0.14109412	-0.1627414	0.1344331	-0.13551742	0.105956174	-0.09321538	0.15262906	-0.088370785	0.11302842
0.13146548	-0.11990737	0.2056749	-0.275483	0.24350853	-0.1250206	0.14042689	-0.45930082	0.999999	-0.6591682	0.14982614	-0.15547776	0.20651503	-0.12472961	0.25889334	-0.08728886	0.09158814	-0.21318677	0.1103512	-0.23233837	0.09249636	-0.12328692	0.14298029	-0.15644121	0.15057808	-0.09561425	0.08279869	-0.14446682	0.096940316	-0.13233174
-0.11523238	0.095774986	-0.14594656	0.157227	-0.3028691	0.10300801	-0.114708655	0.2378588	-0.6591682	0.9999985	-0.13498898	0.12462897	-0.1748935	0.106164426	-0.52783364	0.07549689	-0.08025801	0.17718567	-0.10422248	0.24068554	-0.085113004	0.11243306	-0.13534494	0.14864838	-0.17072318	0.08748115	-0.076747775	0.1320662	-0.094427936	0.123820625
0.2572876	-0.24946031	0.118743084	-0.13007563	0.20898952	-0.639523	0.29062727	-0.2510431	0.14982614	-0.13498898	0.9999986	-0.43050432	0.25168806	-0.070530266	0.11858885	-0.276262	0.21683623	-0.2721589	0.0676232	-0.11850007	0.14351417	-0.18160537	0.15056087	-0.11582774	0.10234176	-0.123619154	0.10189008	-0.1617062	0.076574616	-0.099285126
-0.2694037	0.23287031	-0.12181871	0.12138242	-0.20746501	0.274897	-0.484887	0.2551108	-0.15547776	0.12462897	-0.43050432	0.9999984	-0.557902	0.07185982	-0.11322	0.19746019	-0.26417178	0.2409385	-0.070415474	0.10464802	-0.12094401	0.14030308	-0.13907765	0.10022148	-0.09276498	0.099169925	-0.085030064	0.13205771	-0.06646232	0.08399815
0.19700935	-0.19146669	0.15987305	-0.16930486	0.24287727	-0.21376607	0.24629739	-0.4918961	0.20651503	-0.1748935	0.25168806	-0.557902	0.9999986	-0.11215586	0.14730634	-0.16024582	0.17014742	-0.43916795	0.10200105	-0.1417231	0.12372331	-0.1553818	0.18590856	-0.1347708	0.121256016	-0.11728305	0.10192328	-0.1728404	0.08729545	-0.11102258
-0.056921568	0.047396433	-0.052531146	0.057346154	-0.12015497	0.05286071	-0.057018958	0.09854375	-0.12472961	0.106164426	-0.070530266	0.07185982	-0.11215586	0.9999988	-0.1513467	0.042084426	-0.04571823	0.11959828	-0.95317733	0.14066745	-0.046027757	0.0577447	-0.08610098	0.09733404	-0.10390526	0.04664536	-0.042443193	0.07318621	-0.05974378	0.07107421
0.09931311	-0.08503328	0.10746137	-0.12548101	0.22798598	-0.09301944	0.098155454	-0.20455495	0.25889334	-0.52783364	0.11858885	-0.11322	0.14730634	-0.1513467	0.99999887	-0.07304163	0.07667368	-0.19152394	0.13526292	-0.62536424	0.08821041	-0.11710663	0.15821522	-0.23664084	0.24911088	-0.09639374	0.08503855	-0.15454869	0.1361416	-0.19124803
-0.12798874	0.105692916	-0.06326213	0.06645982	-0.15681529	0.15277292	-0.13905075	0.12346345	-0.08728886	0.07549689	-0.276262	0.19746019	-0.16024582	0.042084426	-0.07304163	0.99999875	-0.8599501	0.17607793	-0.0417792	0.069214165	-0.2570544	0.19034664	-0.11304466	0.07256279	-0.065992385	0.120056786	-0.095020205	0.113888554	-0.04934334	0.06056327
0.12590718	-0.11273704	0.06691264	-0.07114552	0.15751958	-0.15905018	0.14316198	-0.13529643	0.09158814	-0.08025801	0.21683623	-0.26417178	0.17014742	-0.04571823	0.07667368	-0.8599501	0.9999989	-0.22415179	0.045019694	-0.073891774	0.19049887	-0.20594317	0.12072604	-0.07808735	0.06980159	-0.123614706	0.095311336	-0.12373309	0.05265309	-0.06500739
-0.20272017	0.15603185	-0.13618779	0.13884652	-0.42247206	0.18182173	-0.19564381	0.24889623	-0.21318677	0.17718567	-0.2721589	0.2409385	-0.43916795	0.11959828	-0.19152394	0.17607793	-0.22415179	0.999999	-0.13077092	0.17350079	-0.18145116	0.20212786	-0.50387377	0.20372485	-0.18885317	0.16660321	-0.16557936	0.26495463	-0.13616163	0.1535962
0.054670993	-0.046201333	0.050411183	-0.056022454	0.113743655	-0.051556487	0.054943994	-0.097245306	0.1103512	-0.10422248	0.0676232	-0.070415474	0.10200105	-0.95317733	0.13526292	-0.0417792	0.045019694	-0.13077092	0.9999993	-0.16209407	0.045740213	-0.05790475	0.08675799	-0.10679885	0.10460368	-0.04714933	0.04269085	-0.07498806	0.061528064	-0.07502187
-0.09774664	0.07876562	-0.09415382	0.1019691	-0.2560498	0.08725137	-0.092551075	0.1608386	-0.23233837	0.24068554	-0.11850007	0.10464802	-0.1417231	0.14066745	-0.62536424	0.069214165	-0.073891774	0.17350079	-0.16209407	0.9999988	-0.08583516	0.10905858	-0.17359857	0.24649043	-0.5430135	0.090574116	-0.083372444	0.14640817	-0.15500656	0.18516833
0.097917326	-0.079678215	0.061341528	-0.06619807	0.22143117	-0.10037366	0.09375991	-0.113305464	0.09249636	-0.085113004	0.14351417	-0.12094401	0.12372331	-0.046027757	0.08821041	-0.2570544	0.19049887	-0.18145116	0.045740213	-0.08583516	0.9999987	-0.7482885	0.16523056	-0.09994639	0.08821055	-0.44053617	0.24841134	-0.22215845	0.07109468	-0.08466902
-0.1280586	0.09885211	-0.080615275	0.08604196	-0.3544816	0.12026864	-0.116839975	0.14109412	-0.12328692	0.11243306	-0.18160537	0.14030308	-0.1553818	0.0577447	-0.11710663	0.19034664	-0.20594317	0.20212786	-0.05790475	0.10905858	-0.7482885	0.99999875	-0.20887874	0.12209599	-0.11321532	0.27348304	-0.2980568	0.22077368	-0.08687946	0.101920865
0.115930185	-0.0936687	0.086216815	-0.0931672	0.27481982	-0.10848239	0.110919446	-0.1627414	0.14298029	-0.13534494	0.15056087	-0.13907765	0.18590856	-0.08610098	0.15821522	-0.11304466	0.12072604	-0.50387377	0.08675799	-0.17359857	0.16523056	-0.20887874	0.9999989	-0.3692995	0.20832774	-0.22059308	0.21061914	-0.5908022	0.17866698	-0.19720507
-0.092733	0.073511064	-0.077158995	0.083074205	-0.24822213	0.08311366	-0.08633893	0.1344331	-0.15644121	0.14864838	-0.11582774	0.10022148	-0.1347708	0.09733404	-0.23664084	0.07256279	-0.07808735	0.20372485	-0.10679885	0.24649043	-0.09994639	0.12209599	-0.3692995	0.9999988	-0.5991227	0.11151515	-0.11047552	0.20892206	-0.47246355	0.29868165
0.082898155	-0.067972556	0.074055515	-0.08251972	0.20647347	-0.076316625	0.07897189	-0.13551742	0.15057808	-0.17072318	0.10234176	-0.09276498	0.121256016	-0.10390526	0.24911088	-0.065992385	0.06980159	-0.18885317	0.10460368	-0.5430135	0.08821055	-0.11321532	0.20832774	-0.5991227	0.99999887	-0.10197725	0.09379769	-0.18355812	0.24827495	-0.35324866
-0.09017455	0.07017587	-0.060375754	0.064483754	-0.2557496	0.083926044	-0.08263596	0.105956174	-0.09561425	0.08748115	-0.123619154	0.099169925	-0.11728305	0.04664536	-0.09639374	0.120056786	-0.123614706	0.16660321	-0.04714933	0.090574116	-0.44053617	0.27348304	-0.22059308	0.11151515	-0.10197725	0.9999993	-0.7389762	0.26653436	-0.08295996	0.09104856
0.075644545	-0.059755992	0.05195885	-0.05587486	0.20466538	-0.07102681	0.06999732	-0.09321538	0.08279869	-0.076747775	0.10189008	-0.085030064	0.10192328	-0.042443193	0.08503855	-0.095020205	0.095311336	-0.16557936	0.04269085	-0.083372444	0.24841134	-0.2980568	0.21061914	-0.11047552	0.09379769	-0.7389762	0.9999992	-0.48023617	0.08308261	-0.092018105
-0.123906404	0.0955798	-0.08774579	0.093342006	-0.3678406	0.111000024	-0.1125428	0.15262906	-0.14446682	0.1320662	-0.1617062	0.13205771	-0.1728404	0.07318621	-0.15454869	0.113888554	-0.12373309	0.26495463	-0.07498806	0.14640817	-0.22215845	0.22077368	-0.5908022	0.20892206	-0.18355812	0.26653436	-0.48023617	0.9999993	-0.17412059	0.16385265
0.061167095	-0.048718054	0.050075278	-0.054332316	0.1653657	-0.055238463	0.056856245	-0.088370785	0.096940316	-0.094427936	0.076574616	-0.06646232	0.08729545	-0.05974378	0.1361416	-0.04934334	0.05265309	-0.13616163	0.061528064	-0.15500656	0.07109468	-0.08687946	0.17866698	-0.47246355	0.24827495	-0.08295996	0.08308261	-0.17412059	0.99999917	-0.8014871
-0.07992837	0.06283043	-0.06600357	0.070933245	-0.2295978	0.0709189	-0.073360205	0.11302842	-0.13233174	0.123820625	-0.099285126	0.08399815	-0.11102258	0.07107421	-0.19124803	0.06056327	-0.06500739	0.1535962	-0.07502187	0.18516833	-0.08466902	0.101920865	-0.19720507	0.29868165	-0.35324866	0.09104856	-0.092018105	0.16385265	-0.8014871	0.99999917
