0.29636587016284466
1.8497412335127592
0.0017700064927339554
0.3499166648834944
0.7970715630799532
0.2547652218490839
1.4741977844387293
1.2546579465270042
0.6485759429633617
1.4681567903608084
1.8198360614478588
1.5282058138400316
1.597969751805067
0.7936025857925415
1.2144648395478725
0.30512632615864277
1.8641822971403599
0.14831348694860935
0.25677199847996235
1.1550584491342306
1.1628814805299044
1.8304417729377747
1.1486815884709358
1.3468753956258297
1.6338607594370842
1.8204915206879377
0.5472095739096403
0.6701855100691319
0.2092661987990141
0.9991737045347691
0.9249443002045155
0.13739901036024094
0.5382928494364023
1.4158689305186272
0.5377103220671415
1.4149825908243656
0.9506064634770155
0.20158169232308865
1.2092326693236828
1.2294213473796844
0.5774566754698753
0.9397814981639385
1.2783983498811722
0.3724773209542036
1.6500380616635084
0.7494102716445923
0.2653599791228771
0.1413358859717846
1.6809355225414038
