1.0000001	-0.7089569	0.22155634	-0.12141097	0.093174376	-0.57303905	0.31001514	-0.17097998	0.11754617	-0.12468939	0.11882722	-0.13939303	0.10725981	-0.08115243	0.04160997	-0.12616526	0.07957721	-0.08089019	0.08520735	-0.04145634	0.046794515	-0.045061186	0.050482243	-0.0405369	0.03901458	-0.016564654	0.016418854	-0.04686662	0.040395092	-0.05071579
-0.7089569	1.0	-0.36278397	0.13890238	-0.11116672	0.31610677	-0.48940092	0.19617772	-0.1377441	0.1351592	-0.09588078	0.13832504	-0.11573876	0.086317524	-0.04392397	0.097968794	-0.078003675	0.07905643	-0.09166667	0.043189082	-0.043936756	0.041726198	-0.049584866	0.04039097	-0.039123278	0.015550138	-0.01553187	0.045296684	-0.040113162	0.049389265
0.22155634	-0.36278397	1.0000005	-0.4422824	0.24998401	-0.2694614	0.26868683	-0.5020256	0.2878327	-0.34299073	0.13018979	-0.2901414	0.22557175	-0.17215446	0.08302904	-0.14322704	0.13821703	-0.14970592	0.16747813	-0.08341701	0.07291248	-0.07080276	0.08841603	-0.07365529	0.070402004	-0.026606197	0.026493562	-0.082548544	0.07178657	-0.09075348
-0.12141097	0.13890238	-0.4422824	1.0000005	-0.7094882	0.12836377	-0.16210599	0.23474726	-0.39015326	0.31585178	-0.07072337	0.14746408	-0.13765456	0.12318926	-0.06068674	0.07370718	-0.08287589	0.08533101	-0.13023368	0.057835512	-0.0433975	0.040931825	-0.05381241	0.046795197	-0.04551581	0.015465786	-0.015576779	0.048393052	-0.04528655	0.054225434
0.093174376	-0.11116672	0.24998401	-0.7094882	1.0000007	-0.11022178	0.12794274	-0.2106899	0.2775563	-0.58002454	0.06165044	-0.13492487	0.117801875	-0.106753	0.053421278	-0.065541565	0.0716533	-0.07530558	0.106906146	-0.052016247	0.037509076	-0.035730723	0.04664022	-0.040574312	0.03932171	-0.013494229	0.013546066	-0.04249751	0.039108925	-0.047787562
-0.57303905	0.31610677	-0.2694614	0.12836377	-0.11022178	1.0000004	-0.6523438	0.20220806	-0.14623782	0.13291681	-0.20380214	0.15981758	-0.1340678	0.09845412	-0.05110978	0.16288584	-0.10151933	0.09786456	-0.10857319	0.049855914	-0.060296867	0.056311034	-0.062244628	0.049117614	-0.04757601	0.020462954	-0.020440044	0.05621226	-0.049341574	0.05969737
0.31001514	-0.48940092	0.26868683	-0.16210599	0.12794274	-0.6523438	1.0000002	-0.34332913	0.18036354	-0.17989361	0.1468551	-0.20823449	0.16582508	-0.12045539	0.059092004	-0.15541811	0.110510886	-0.114222154	0.12281888	-0.058667906	0.061752353	-0.059437543	0.06845177	-0.055208642	0.05279639	-0.021730866	0.02160548	-0.06317259	0.0544916	-0.06758662
-0.17097998	0.19617772	-0.5020256	0.23474726	-0.2106899	0.20220806	-0.34332913	1.0000002	-0.51720715	0.26035994	-0.11717711	0.2635666	-0.40894204	0.20013791	-0.08986928	0.11785914	-0.14835237	0.15272057	-0.20451924	0.08485332	-0.06985568	0.06579593	-0.08651289	0.07114801	-0.06784937	0.02407652	-0.024330147	0.07610568	-0.06866111	0.0805439
0.11754617	-0.1377441	0.2878327	-0.39015326	0.2775563	-0.14623782	0.18036354	-0.51720715	1.0	-0.6037885	0.08788483	-0.21184805	0.2054695	-0.22967926	0.085552104	-0.09228277	0.109393135	-0.117940955	0.18290049	-0.082676776	0.054168727	-0.051642843	0.06880773	-0.06115347	0.058173846	-0.019162698	0.01928998	-0.062175333	0.05751092	-0.068756774
-0.12468939	0.1351592	-0.34299073	0.31585178	-0.58002454	0.13291681	-0.17989361	0.26035994	-0.6037885	0.9999998	-0.077746615	0.16114292	-0.16107473	0.15153284	-0.078635156	0.07970056	-0.09484201	0.09652681	-0.16261482	0.07257994	-0.04916438	0.046029516	-0.06167299	0.054634217	-0.053447697	0.017386423	-0.017569184	0.054867603	-0.052522764	0.0619886
0.11882722	-0.09588078	0.13018979	-0.07072337	0.06165044	-0.20380214	0.1468551	-0.11717711	0.08788483	-0.077746615	1.0000001	-0.2553132	0.14867122	-0.09776491	0.049376573	-0.8904468	0.17692587	-0.16226892	0.110185206	-0.04873527	0.11315112	-0.11099277	0.08579707	-0.059431117	0.053747863	-0.033682745	0.032633193	-0.0799761	0.05952328	-0.0714765
-0.13939303	0.13832504	-0.2901414	0.14746408	-0.13492487	0.15981758	-0.20823449	0.2635666	-0.21184805	0.16114292	-0.2553132	0.99999994	-0.66359997	0.24827494	-0.12037013	0.1997187	-0.3370568	0.2562186	-0.30754477	0.11023657	-0.12340934	0.112643816	-0.13602506	0.10306766	-0.09699364	0.038248606	-0.03917997	0.11468382	-0.10088353	0.11150911
0.10725981	-0.11573876	0.22557175	-0.13765456	0.117801875	-0.1340678	0.16582508	-0.40894204	0.2054695	-0.16107473	0.14867122	-0.66359997	1.0000001	-0.3788134	0.11287459	-0.15247147	0.23139262	-0.30945152	0.2618285	-0.10939904	0.0911989	-0.088473104	0.11729179	-0.091065	0.08248538	-0.030483326	0.03082678	-0.10370837	0.085380465	-0.098935135
-0.08115243	0.086317524	-0.17215446	0.12318926	-0.106753	0.09845412	-0.12045539	0.20013791	-0.22967926	0.15153284	-0.09776491	0.24827494	-0.3788134	1.0000001	-0.2617965	0.098978475	-0.16118218	0.17288078	-0.7713493	0.203501	-0.07300817	0.06861116	-0.10689654	0.118637465	-0.11036358	0.025365666	-0.02583446	0.09274775	-0.10148536	0.110060096
0.04160997	-0.04392397	0.08302904	-0.06068674	0.053421278	-0.05110978	0.059092004	-0.08986928	0.085552104	-0.078635156	0.049376573	-0.12037013	0.11287459	-0.2617965	1.0	-0.051719952	0.07587703	-0.08204086	0.21079476	-0.9177787	0.041681346	-0.0394074	0.0691709	-0.101493105	0.12384452	-0.015875185	0.016095612	-0.064428836	0.07940617	-0.12269035
-0.12616526	0.097968794	-0.14322704	0.07370718	-0.065541565	0.16288584	-0.15541811	0.11785914	-0.09228277	0.07970056	-0.8904468	0.1997187	-0.15247147	0.098978475	-0.051719952	0.99999994	-0.22814246	0.16194804	-0.11894072	0.050188534	-0.14191863	0.118669845	-0.091030575	0.060960345	-0.05590886	0.03592114	-0.035463773	0.080460764	-0.061929792	0.07164034
0.07957721	-0.078003675	0.13821703	-0.08287589	0.0716533	-0.10151933	0.110510886	-0.14835237	0.109393135	-0.09484201	0.17692587	-0.3370568	0.23139262	-0.16118218	0.07587703	-0.22814246	1.0000001	-0.7928252	0.17515521	-0.07781004	0.1728877	-0.21393387	0.19472115	-0.11414633	0.09443355	-0.05342328	0.05394688	-0.18155023	0.11168694	-0.1307149
-0.08089019	0.07905643	-0.14970592	0.08533101	-0.07530558	0.09786456	-0.114222154	0.15272057	-0.117940955	0.09652681	-0.16226892	0.2562186	-0.30945152	0.17288078	-0.08204086	0.16194804	-0.7928252	1.0000002	-0.22403911	0.0814966	-0.16630146	0.15885498	-0.26829767	0.11628239	-0.098039195	0.048792016	-0.050631773	0.17658097	-0.11703247	0.124438904
0.08520735	-0.09166667	0.16747813	-0.13023368	0.106906146	-0.10857319	0.12281888	-0.20451924	0.18290049	-0.16261482	0.110185206	-0.30754477	0.2618285	-0.7713493	0.21079476	-0.11894072	0.17515521	-0.22403911	1.0000001	-0.26009396	0.08291067	-0.08063789	0.12658793	-0.1700126	0.13317691	-0.030230563	0.030489396	-0.1169821	0.12353813	-0.1425392
-0.04145634	0.043189082	-0.08341701	0.057835512	-0.052016247	0.049855914	-0.058667906	0.08485332	-0.082676776	0.07257994	-0.04873527	0.11023657	-0.10939904	0.203501	-0.9177787	0.050188534	-0.07781004	0.0814966	-0.26009396	1.0000002	-0.042932477	0.040019125	-0.07247514	0.10539457	-0.15182744	0.016117057	-0.016431626	0.06551287	-0.08469111	0.11962864
0.046794515	-0.043936756	0.07291248	-0.0433975	0.037509076	-0.060296867	0.061752353	-0.06985568	0.054168727	-0.04916438	0.11315112	-0.12340934	0.0911989	-0.07300817	0.041681346	-0.14191863	0.1728877	-0.16630146	0.08291067	-0.042932477	1.0000006	-0.9028132	0.17036946	-0.09456691	0.07696955	-0.16827226	0.14360046	-0.16699208	0.096409075	-0.115450114
-0.045061186	0.041726198	-0.07080276	0.040931825	-0.035730723	0.056311034	-0.059437543	0.06579593	-0.051642843	0.046029516	-0.11099277	0.112643816	-0.088473104	0.06861116	-0.0394074	0.118669845	-0.21393387	0.15885498	-0.08063789	0.040019125	-0.9028132	1.0000005	-0.20412815	0.08674247	-0.072192706	0.13877103	-0.15832894	0.14992206	-0.091556855	0.10011042
0.050482243	-0.049584866	0.08841603	-0.05381241	0.04664022	-0.062244628	0.06845177	-0.08651289	0.06880773	-0.06167299	0.08579707	-0.13602506	0.11729179	-0.10689654	0.0691709	-0.091030575	0.19472115	-0.26829767	0.12658793	-0.07247514	0.17036946	-0.20412815	1.0000007	-0.3086913	0.19215675	-0.078266725	0.078536674	-0.77039737	0.27592358	-0.2833174
-0.0405369	0.04039097	-0.07365529	0.046795197	-0.040574312	0.049117614	-0.055208642	0.07114801	-0.06115347	0.054634217	-0.059431117	0.10306766	-0.091065	0.118637465	-0.101493105	0.060960345	-0.11414633	0.11628239	-0.1700126	0.10539457	-0.09456691	0.08674247	-0.3086913	1.0000007	-0.6240042	0.03903477	-0.040637814	0.24166167	-0.5895587	0.33086738
0.03901458	-0.039123278	0.070402004	-0.04551581	0.03932171	-0.04757601	0.05279639	-0.06784937	0.058173846	-0.053447697	0.053747863	-0.09699364	0.08248538	-0.11036358	0.12384452	-0.05590886	0.09443355	-0.098039195	0.13317691	-0.15182744	0.07696955	-0.072192706	0.19215675	-0.6240042	1.0000008	-0.03383439	0.03455671	-0.1917066	0.3047034	-0.6674011
-0.016564654	0.015550138	-0.026606197	0.015465786	-0.013494229	0.020462954	-0.021730866	0.02407652	-0.019162698	0.017386423	-0.033682745	0.038248606	-0.030483326	0.025365666	-0.015875185	0.03592114	-0.05342328	0.048792016	-0.030230563	0.016117057	-0.16827226	0.13877103	-0.078266725	0.03903477	-0.03383439	1.0000006	-0.97043717	0.07917977	-0.047819022	0.045510914
0.016418854	-0.01553187	0.026493562	-0.015576779	0.013546066	-0.020440044	0.02160548	-0.024330147	0.01928998	-0.017569184	0.032633193	-0.03917997	0.03082678	-0.02583446	0.016095612	-0.035463773	0.05394688	-0.050631773	0.030489396	-0.016431626	0.14360046	-0.15832894	0.078536674	-0.040637814	0.03455671	-0.97043717	1.0000005	-0.08850174	0.048833355	-0.047978118
-0.04686662	0.045296684	-0.082548544	0.048393052	-0.04249751	0.05621226	-0.06317259	0.07610568	-0.062175333	0.054867603	-0.0799761	0.11468382	-0.10370837	0.09274775	-0.064428836	0.080460764	-0.18155023	0.17658097	-0.1169821	0.06551287	-0.16699208	0.14992206	-0.77039737	0.24166167	-0.1917066	0.07917977	-0.08850174	1.0000004	-0.4522147	0.23209342
0.040395092	-0.040113162	0.07178657	-0.04528655	0.039108925	-0.049341574	0.0544916	-0.06866111	0.05751092	-0.052522764	0.05952328	-0.10088353	0.085380465	-0.10148536	0.07940617	-0.061929792	0.11168694	-0.11703247	0.12353813	-0.08469111	0.096409075	-0.091556855	0.27592358	-0.5895587	0.3047034	-0.047819022	0.048833355	-0.4522147	1.0000004	-0.5456011
-0.05071579	0.049389265	-0.09075348	0.054225434	-0.047787562	0.05969737	-0.06758662	0.0805439	-0.068756774	0.0619886	-0.0714765	0.11150911	-0.098935135	0.110060096	-0.12269035	0.07164034	-0.1307149	0.124438904	-0.1425392	0.11962864	-0.115450114	0.10011042	-0.2833174	0.33086738	-0.6674011	0.045510914	-0.047978118	0.23209342	-0.5456011	1.0000004
