1.0000002	-0.27595475	0.18948959	-0.15907134	0.09396643	-0.8239999	0.25340208	-0.15569536	0.133802	-0.08972416	0.2412795	-0.23888582	0.13934438	-0.1336009	0.14487639	-0.20013535	0.15760688	-0.15346222	0.09128239	-0.07539186	0.1302099	-0.11580073	0.11889924	-0.109164916	0.06275521	-0.18640211	0.118934184	-0.183996	0.08205225	-0.05661464
-0.27595475	1.0000004	-0.6491573	0.2305569	-0.12937286	0.20778486	-0.57801646	0.21441016	-0.1994007	0.11706175	-0.1633177	0.19041629	-0.18396592	0.15678245	-0.1679868	0.13059741	-0.13442095	0.13530727	-0.09664708	0.07939539	-0.10268331	0.093557395	-0.10816199	0.109250315	-0.06500866	0.14829421	-0.100522764	0.16609877	-0.08290275	0.05800615
0.18948959	-0.6491573	1.0000004	-0.45689994	0.17470902	-0.17646675	0.29839122	-0.25538617	0.2419236	-0.16480449	0.16753463	-0.21924676	0.20225719	-0.20776287	0.21069622	-0.15700759	0.15797949	-0.18438737	0.12696438	-0.106206864	0.12891003	-0.12086999	0.1443722	-0.14934824	0.08571742	-0.20461021	0.13108796	-0.23943664	0.109446116	-0.07788783
-0.15907134	0.2305569	-0.45689994	1.0000002	-0.41572165	0.13250224	-0.26417977	0.25806597	-0.56394887	0.27050027	-0.1454665	0.17223883	-0.24790744	0.23508112	-0.2956479	0.12701169	-0.13576089	0.15309787	-0.13738681	0.11384579	-0.10828935	0.10060415	-0.12707515	0.14444736	-0.09182202	0.16168132	-0.110954374	0.19358282	-0.1132847	0.080200024
0.09396643	-0.12937286	0.17470902	-0.41572165	1.0000001	-0.08249591	0.14323452	-0.17110734	0.2584066	-0.7988408	0.10175167	-0.12773314	0.15709753	-0.19345899	0.2466955	-0.09877688	0.10358051	-0.13068074	0.11016175	-0.09942033	0.08680099	-0.082590416	0.10631414	-0.12498698	0.075307265	-0.14063397	0.09140897	-0.17659098	0.09144959	-0.06847318
-0.8239999	0.20778486	-0.17646675	0.13250224	-0.08249591	0.9999998	-0.3250636	0.14199373	-0.121932365	0.07757716	-0.33359808	0.20971327	-0.13040286	0.11479103	-0.12780891	0.17487687	-0.14271748	0.12614551	-0.07787061	0.063747756	-0.11514157	0.0981223	-0.099798925	0.09076527	-0.05338349	0.14916521	-0.10114981	0.14660767	-0.06962442	0.047661774
0.25340208	-0.57801646	0.29839122	-0.26417977	0.14323452	-0.3250636	1.0	-0.40958315	0.22984211	-0.14158173	0.21308146	-0.32179984	0.23883303	-0.21255386	0.20320755	-0.17819603	0.1831006	-0.18662852	0.12590018	-0.10334695	0.13676536	-0.12663335	0.14507528	-0.1455549	0.08384237	-0.20104216	0.13406469	-0.22613615	0.1071412	-0.07556476
-0.15569536	0.21441016	-0.25538617	0.25806597	-0.17110734	0.14199373	-0.40958315	1.0	-0.4976886	0.17080826	-0.14797804	0.18873776	-0.6044762	0.27450582	-0.23841777	0.12547435	-0.13726214	0.15026745	-0.137744	0.10703991	-0.10419255	0.09705775	-0.12268674	0.14048135	-0.08507502	0.152548	-0.10553102	0.18110992	-0.104213744	0.07453705
0.133802	-0.1994007	0.2419236	-0.56394887	0.2584066	-0.121932365	0.22984211	-0.4976886	0.99999994	-0.34437305	0.13739264	-0.17663808	0.2815218	-0.35615167	0.26306036	-0.12729354	0.1350172	-0.16265026	0.15173326	-0.122820325	0.10864067	-0.10273075	0.13267986	-0.16160269	0.094323836	-0.16804913	0.11253673	-0.20589708	0.11459587	-0.08429907
-0.08972416	0.11706175	-0.16480449	0.27050027	-0.7988408	0.07757716	-0.14158173	0.17080826	-0.34437305	0.99999976	-0.094653934	0.11660631	-0.16561756	0.19251934	-0.36020732	0.089176804	-0.09486845	0.1169987	-0.109105356	0.09869906	-0.07823415	0.074141085	-0.09679604	0.116893716	-0.07505151	0.123346224	-0.08211161	0.15450847	-0.08870139	0.06583451
0.2412795	-0.1633177	0.16753463	-0.1454665	0.10175167	-0.33359808	0.21308146	-0.14797804	0.13739264	-0.094653934	0.9999996	-0.55571675	0.16086581	-0.14872052	0.17856112	-0.561717	0.2922361	-0.22223753	0.11415278	-0.09264084	0.23847461	-0.19812377	0.17026886	-0.13693607	0.079624586	-0.28296494	0.18664883	-0.23318025	0.106183104	-0.07080298
-0.23888582	0.19041629	-0.21924676	0.17223883	-0.12773314	0.20971327	-0.32179984	0.18873776	-0.17663808	0.11660631	-0.55571675	0.9999994	-0.24070561	0.18244027	-0.22774382	0.29666284	-0.52423155	0.24300332	-0.13724606	0.1090724	-0.22319733	0.19661582	-0.19880456	0.15468447	-0.094859846	0.2370788	-0.20117341	0.23378345	-0.12563299	0.08256182
0.13934438	-0.18396592	0.20225719	-0.24790744	0.15709753	-0.13040286	0.23883303	-0.6044762	0.2815218	-0.16561756	0.16086581	-0.24070561	0.9999997	-0.55065036	0.26315075	-0.14748931	0.16249077	-0.19722126	0.18591636	-0.14296474	0.1240361	-0.1181651	0.15535186	-0.19352643	0.10796369	-0.18750945	0.12786116	-0.22991928	0.13028994	-0.09645816
-0.1336009	0.15678245	-0.20776287	0.23508112	-0.19345899	0.11479103	-0.21255386	0.27450582	-0.35615167	0.19251934	-0.14872052	0.18244027	-0.55065036	0.9999993	-0.4950567	0.1349628	-0.15225665	0.18621935	-0.3615654	0.19835173	-0.11947786	0.113849595	-0.16634144	0.23510401	-0.15288548	0.17550962	-0.12600598	0.22327456	-0.17187726	0.12497495
0.14487639	-0.1679868	0.21069622	-0.2956479	0.2466955	-0.12780891	0.20320755	-0.23841777	0.26306036	-0.36020732	0.17856112	-0.22774382	0.26315075	-0.4950567	0.99999917	-0.18442269	0.19418837	-0.26491532	0.24854054	-0.27737704	0.16714779	-0.16191562	0.21744812	-0.28125	0.17684363	-0.2804737	0.1800622	-0.36908293	0.19993462	-0.16210568
-0.20013535	0.13059741	-0.15700759	0.12701169	-0.09877688	0.17487687	-0.17819603	0.12547435	-0.12729354	0.089176804	-0.561717	0.29666284	-0.14748931	0.1349628	-0.18442269	0.99999917	-0.46259883	0.22375922	-0.11460142	0.09149079	-0.48893258	0.24566321	-0.18987702	0.1341035	-0.08129964	0.27601874	-0.23576672	0.21748383	-0.1100102	0.07084332
0.15760688	-0.13442095	0.15797949	-0.13576089	0.10358051	-0.14271748	0.1831006	-0.13726214	0.1350172	-0.09486845	0.2922361	-0.52423155	0.16249077	-0.15225665	0.19418837	-0.46259883	0.9999991	-0.45953414	0.13531944	-0.10584309	0.26035053	-0.32559952	0.24621576	-0.16565968	0.092662424	-0.28247806	0.23684709	-0.27775386	0.12482988	-0.08143875
-0.15346222	0.13530727	-0.18438737	0.15309787	-0.13068074	0.12614551	-0.18662852	0.15026745	-0.16265026	0.1169987	-0.22223753	0.24300332	-0.19722126	0.18621935	-0.26491532	0.22375922	-0.45953414	0.9999992	-0.22014068	0.1510437	-0.21573733	0.2200211	-0.63341284	0.24174343	-0.13979886	0.22908878	-0.23579352	0.30248547	-0.189688	0.117108025
0.09128239	-0.09664708	0.12696438	-0.13738681	0.11016175	-0.07787061	0.12590018	-0.137744	0.15173326	-0.109105356	0.11415278	-0.13724606	0.18591636	-0.3615654	0.24854054	-0.11460142	0.13531944	-0.22014068	0.99999905	-0.51026946	0.10686997	-0.10907929	0.20811386	-0.6174185	0.24506822	-0.15102395	0.11859691	-0.22341377	0.2430996	-0.20820591
-0.07539186	0.07939539	-0.106206864	0.11384579	-0.09942033	0.063747756	-0.10334695	0.10703991	-0.122820325	0.09869906	-0.09264084	0.1090724	-0.14296474	0.19835173	-0.27737704	0.09149079	-0.10584309	0.1510437	-0.51026946	0.9999988	-0.08605465	0.08534617	-0.1492338	0.2757825	-0.6325024	0.1246364	-0.095575094	0.17910631	-0.34685048	0.26894134
0.1302099	-0.10268331	0.12891003	-0.10828935	0.08680099	-0.11514157	0.13676536	-0.10419255	0.10864067	-0.07823415	0.23847461	-0.22319733	0.1240361	-0.11947786	0.16714779	-0.48893258	0.26035053	-0.21573733	0.10686997	-0.08605465	0.99999875	-0.52725035	0.18895829	-0.13197897	0.07663035	-0.5493121	0.3023474	-0.24310102	0.104861684	-0.067418866
-0.11580073	0.093557395	-0.12086999	0.10060415	-0.082590416	0.0981223	-0.12663335	0.09705775	-0.10273075	0.074141085	-0.19812377	0.19661582	-0.1181651	0.113849595	-0.16191562	0.24566321	-0.32559952	0.2200211	-0.10907929	0.08534617	-0.52725035	0.99999845	-0.25833938	0.1359721	-0.07721725	0.31000045	-0.6554715	0.2480927	-0.10654544	0.067290254
0.11889924	-0.10816199	0.1443722	-0.12707515	0.10631414	-0.099798925	0.14507528	-0.12268674	0.13267986	-0.09679604	0.17026886	-0.19880456	0.15535186	-0.16634144	0.21744812	-0.18987702	0.24621576	-0.63341284	0.20811386	-0.1492338	0.18895829	-0.25833938	0.9999983	-0.38111988	0.13236022	-0.2247697	0.22393735	-0.49951413	0.18205643	-0.116118066
-0.109164916	0.109250315	-0.14934824	0.14444736	-0.12498698	0.09076527	-0.1455549	0.14048135	-0.16160269	0.116893716	-0.13693607	0.15468447	-0.19352643	0.23510401	-0.28125	0.1341035	-0.16565968	0.24174343	-0.6174185	0.2757825	-0.13197897	0.1359721	-0.38111988	0.99999785	-0.27616048	0.17154723	-0.15023929	0.25437248	-0.3967733	0.21657486
0.06275521	-0.06500866	0.08571742	-0.09182202	0.075307265	-0.05338349	0.08384237	-0.08507502	0.094323836	-0.07505151	0.079624586	-0.094859846	0.10796369	-0.15288548	0.17684363	-0.08129964	0.092662424	-0.13979886	0.24506822	-0.6325024	0.07663035	-0.07721725	0.13236022	-0.27616048	0.999998	-0.11380532	0.08582214	-0.1727614	0.29976553	-0.5870538
-0.18640211	0.14829421	-0.20461021	0.16168132	-0.14063397	0.14916521	-0.20104216	0.152548	-0.16804913	0.123346224	-0.28296494	0.2370788	-0.18750945	0.17550962	-0.2804737	0.27601874	-0.28247806	0.22908878	-0.15102395	0.1246364	-0.5493121	0.31000045	-0.2247697	0.17154723	-0.11380532	0.9999984	-0.50448424	0.27758312	-0.15704599	0.09810871
0.118934184	-0.100522764	0.13108796	-0.110954374	0.09140897	-0.10114981	0.13406469	-0.10553102	0.11253673	-0.08211161	0.18664883	-0.20117341	0.12786116	-0.12600598	0.1800622	-0.23576672	0.23684709	-0.23579352	0.11859691	-0.095575094	0.3023474	-0.6554715	0.22393735	-0.15023929	0.08582214	-0.50448424	0.9999983	-0.388624	0.119316846	-0.07606749
-0.183996	0.16609877	-0.23943664	0.19358282	-0.17659098	0.14660767	-0.22613615	0.18110992	-0.20589708	0.15450847	-0.23318025	0.23378345	-0.22991928	0.22327456	-0.36908293	0.21748383	-0.27775386	0.30248547	-0.22341377	0.17910631	-0.24310102	0.2480927	-0.49951413	0.25437248	-0.1727614	0.27758312	-0.388624	0.99999857	-0.25820947	0.14952886
0.08205225	-0.08290275	0.109446116	-0.1132847	0.09144959	-0.06962442	0.1071412	-0.104213744	0.11459587	-0.08870139	0.106183104	-0.12563299	0.13028994	-0.17187726	0.19993462	-0.1100102	0.12482988	-0.189688	0.2430996	-0.34685048	0.104861684	-0.10654544	0.18205643	-0.3967733	0.29976553	-0.15704599	0.119316846	-0.25820947	0.9999986	-0.69366115
-0.05661464	0.05800615	-0.07788783	0.080200024	-0.06847318	0.047661774	-0.07556476	0.07453705	-0.08429907	0.06583451	-0.07080298	0.08256182	-0.09645816	0.12497495	-0.16210568	0.07084332	-0.08143875	0.117108025	-0.20820591	0.26894134	-0.067418866	0.067290254	-0.116118066	0.21657486	-0.5870538	0.09810871	-0.07606749	0.14952886	-0.69366115	0.9999986
