1.0000001	-0.8426491	0.14010273	-0.10206637	0.08364307	-0.29775807	0.26581508	-0.15877286	0.114936486	-0.09030603	0.18422225	-0.25874704	0.17812835	-0.17618959	0.047066145	-0.068990126	0.06656739	-0.12759976	0.0774542	-0.047660753	0.04776845	-0.03715328	0.031539846	-0.06285865	0.031606	-0.04086205	0.032652106	-0.030507816	0.06798195	-0.027360924
-0.8426491	1.0000001	-0.15454295	0.09785102	-0.08384694	0.20896742	-0.39153987	0.15844886	-0.11772967	0.08611451	-0.17121407	0.21736825	-0.17467763	0.14328618	-0.040857524	0.059803423	-0.059812892	0.10283654	-0.0648679	0.040768232	-0.04187279	0.03214973	-0.027258987	0.05231238	-0.027012156	0.034941584	-0.028331468	0.02617612	-0.0580685	0.023258748
0.14010273	-0.15454295	0.9999998	-0.6014498	0.27151713	-0.15074128	0.20203647	-0.5300276	0.28935134	-0.30491218	0.11471495	-0.18624578	0.23759209	-0.27578074	0.09034779	-0.05688214	0.05576027	-0.17938499	0.1157581	-0.091779746	0.048812445	-0.038309086	0.03625921	-0.091339886	0.0474611	-0.04335375	0.035051912	-0.035617944	0.09687805	-0.041272882
-0.10206637	0.09785102	-0.6014498	0.9999995	-0.60739917	0.09608264	-0.1403762	0.25858328	-0.33978227	0.28970397	-0.07814879	0.119403794	-0.19432461	0.18607196	-0.07512447	0.038750757	-0.038608175	0.1184531	-0.08402117	0.07183638	-0.03477988	0.02699322	-0.026087223	0.06489387	-0.035920043	0.030397609	-0.024972951	0.02554104	-0.07238213	0.030881753
0.08364307	-0.08384694	0.27151713	-0.60739917	0.99999917	-0.08750732	0.119020075	-0.24098687	0.28073794	-0.64185214	0.068837546	-0.10809	0.16087893	-0.19052778	0.08873435	-0.03541774	0.03505357	-0.1176672	0.08237492	-0.08847372	0.03180666	-0.02494707	0.024282124	-0.06391432	0.03526087	-0.028136073	0.02306606	-0.023870468	0.068204954	-0.030778639
-0.29775807	0.20896742	-0.15074128	0.09608264	-0.08750732	0.999999	-0.38177192	0.16204475	-0.124492556	0.08781937	-0.7598446	0.30652264	-0.21993119	0.15021472	-0.043773297	0.13271551	-0.13719606	0.113591366	-0.07273277	0.04336569	-0.07322026	0.055448808	-0.04264565	0.059694637	-0.03098375	0.055952363	-0.047211062	0.039555553	-0.06879184	0.026629316
0.26581508	-0.39153987	0.20203647	-0.1403762	0.119020075	-0.38177192	0.9999988	-0.36572015	0.18205911	-0.13161919	0.26393157	-0.61461455	0.24933802	-0.21459475	0.05813867	-0.08867765	0.08562855	-0.14638919	0.09166236	-0.0584019	0.056646463	-0.044297557	0.03725911	-0.07327758	0.03709653	-0.047753233	0.038653824	-0.035846215	0.07966577	-0.03206819
-0.15877286	0.15844886	-0.5300276	0.25858328	-0.24098687	0.16204475	-0.36572015	0.9999991	-0.54169995	0.24850227	-0.13418369	0.21591634	-0.3463363	0.2453174	-0.07863789	0.057418954	-0.057075206	0.15355413	-0.10480729	0.076583214	-0.046746403	0.036368914	-0.033937193	0.08062188	-0.04270977	0.040445782	-0.033126418	0.033068653	-0.08883151	0.03672691
0.114936486	-0.11772967	0.28935134	-0.33978227	0.28073794	-0.124492556	0.18205911	-0.54169995	0.99999917	-0.5811548	0.09782676	-0.15945604	0.23125635	-0.30830434	0.099330455	-0.04802609	0.047536377	-0.15254094	0.11200121	-0.09764409	0.042258255	-0.033130392	0.032233987	-0.084194854	0.04506568	-0.037139416	0.030610658	-0.03160333	0.09071665	-0.039019495
-0.09030603	0.08611451	-0.30491218	0.28970397	-0.64185214	0.08781937	-0.13161919	0.24850227	-0.5811548	0.99999887	-0.071885765	0.110248595	-0.18438105	0.18896352	-0.12309389	0.036242306	-0.03619714	0.11623907	-0.088424034	0.10497166	-0.033160497	0.025895162	-0.025523487	0.06672993	-0.03890021	0.029020213	-0.02408172	0.025041804	-0.07367815	0.03368021
0.18422225	-0.17121407	0.11471495	-0.07814879	0.068837546	-0.7598446	0.26393157	-0.13418369	0.09782676	-0.071885765	0.9999989	-0.50190973	0.18150665	-0.13823393	0.038233045	-0.17386127	0.1390298	-0.10610949	0.06567138	-0.03824231	0.069985695	-0.05458619	0.040337395	-0.05419964	0.027488902	-0.054546386	0.04517954	-0.037582036	0.061329044	-0.023743482
-0.25874704	0.21736825	-0.18624578	0.119403794	-0.10809	0.30652264	-0.61461455	0.21591634	-0.15945604	0.110248595	-0.50190973	0.9999985	-0.36397544	0.19807392	-0.054261327	0.1124428	-0.1165386	0.14007707	-0.08894012	0.05396064	-0.06563544	0.051118832	-0.041228466	0.07115057	-0.036460258	0.052941766	-0.04389271	0.03899845	-0.079591915	0.03136678
0.17812835	-0.17467763	0.23759209	-0.19432461	0.16087893	-0.21993119	0.24933802	-0.3463363	0.23125635	-0.18438105	0.18150665	-0.36397544	0.99999857	-0.6092907	0.124261186	-0.09800751	0.0954746	-0.38177174	0.22191186	-0.12733649	0.084375285	-0.06712144	0.06448626	-0.17200007	0.082142085	-0.07590579	0.061493628	-0.06348211	0.1769071	-0.071206205
-0.17618959	0.14328618	-0.27578074	0.18607196	-0.19052778	0.15021472	-0.21459475	0.2453174	-0.30830434	0.18896352	-0.13823393	0.19807392	-0.6092907	0.9999982	-0.19396903	0.08205975	-0.08446836	0.29820645	-0.38116452	0.16324691	-0.09027045	0.07051317	-0.07690727	0.21257964	-0.117077276	0.07737583	-0.06813285	0.07496137	-0.26238373	0.09642848
0.047066145	-0.040857524	0.09034779	-0.07512447	0.08873435	-0.043773297	0.05813867	-0.07863789	0.099330455	-0.12309389	0.038233045	-0.054261327	0.124261186	-0.19396903	0.9999984	-0.03025489	0.030862514	-0.16600865	0.16440687	-0.9339539	0.03458932	-0.028686665	0.03236288	-0.122922584	0.10212792	-0.031313695	0.027592553	-0.03243417	0.11296809	-0.09572621
-0.068990126	0.059803423	-0.05688214	0.038750757	-0.03541774	0.13271551	-0.08867765	0.057418954	-0.04802609	0.036242306	-0.17386127	0.1124428	-0.09800751	0.08205975	-0.03025489	0.9999983	-0.8942465	0.11026511	-0.06936298	0.02963655	-0.26099148	0.18998615	-0.12003131	0.0642504	-0.032573156	0.16291222	-0.1481639	0.103343606	-0.082635455	0.028298141
0.06656739	-0.059812892	0.05576027	-0.038608175	0.03505357	-0.13719606	0.08562855	-0.057075206	0.047536377	-0.03619714	0.1390298	-0.1165386	0.0954746	-0.08446836	0.030862514	-0.8942465	0.9999983	-0.1272259	0.07197443	-0.030398808	0.20506167	-0.25048292	0.12134604	-0.067314066	0.033026837	-0.17833564	0.14756393	-0.11181161	0.08372033	-0.028890831
-0.12759976	0.10283654	-0.17938499	0.1184531	-0.1176672	0.113591366	-0.14638919	0.15355413	-0.15254094	0.11623907	-0.10610949	0.14007707	-0.38177174	0.29820645	-0.16600865	0.11026511	-0.1272259	0.9999981	-0.6032592	0.15273863	-0.12992075	0.10238279	-0.11860024	0.2982966	-0.17616937	0.107937895	-0.10062268	0.113665976	-0.4357141	0.14074324
0.0774542	-0.0648679	0.1157581	-0.08402117	0.08237492	-0.07273277	0.09166236	-0.10480729	0.11200121	-0.088424034	0.06567138	-0.08894012	0.22191186	-0.38116452	0.16440687	-0.06936298	0.07197443	-0.6032592	0.99999815	-0.19758594	0.08118509	-0.07054907	0.08478668	-0.5666436	0.12465934	-0.073429115	0.0675486	-0.083780915	0.29820853	-0.11003232
-0.047660753	0.040768232	-0.091779746	0.07183638	-0.08847372	0.04336569	-0.0584019	0.076583214	-0.09764409	0.10497166	-0.03824231	0.05396064	-0.12733649	0.16324691	-0.9339539	0.02963655	-0.030398808	0.15273863	-0.19758594	0.99999803	-0.034750126	0.02871578	-0.032992728	0.121062644	-0.1196422	0.031119384	-0.027874481	0.03291345	-0.12024857	0.096070096
0.04776845	-0.04187279	0.048812445	-0.03477988	0.03180666	-0.07322026	0.056646463	-0.046746403	0.042258255	-0.033160497	0.069985695	-0.06563544	0.084375285	-0.09027045	0.03458932	-0.26099148	0.20506167	-0.12992075	0.08118509	-0.034750126	0.99999815	-0.46259046	0.21743163	-0.10039334	0.045337997	-0.73151654	0.30387324	-0.24288872	0.12116287	-0.04155491
-0.03715328	0.03214973	-0.038309086	0.02699322	-0.02494707	0.055448808	-0.044297557	0.036368914	-0.033130392	0.025895162	-0.05458619	0.051118832	-0.06712144	0.07051317	-0.028686665	0.18998615	-0.25048292	0.10238279	-0.07054907	0.02871578	-0.46259046	0.99999803	-0.4835599	0.092339635	-0.040891834	0.3008233	-0.59416014	0.29775694	-0.11786689	0.03784281
0.031539846	-0.027258987	0.03625921	-0.026087223	0.024282124	-0.04264565	0.03725911	-0.033937193	0.032233987	-0.025523487	0.040337395	-0.041228466	0.06448626	-0.07690727	0.03236288	-0.12003131	0.12134604	-0.11860024	0.08478668	-0.032992728	0.21743163	-0.4835599	0.99999803	-0.13799135	0.049880397	-0.23854461	0.2962563	-0.76620746	0.15222484	-0.04916815
-0.06285865	0.05231238	-0.091339886	0.06489387	-0.06391432	0.059694637	-0.07327758	0.08062188	-0.084194854	0.06672993	-0.05419964	0.07115057	-0.17200007	0.21257964	-0.122922584	0.0642504	-0.067314066	0.2982966	-0.5666436	0.121062644	-0.10039334	0.092339635	-0.13799135	0.99999785	-0.20254008	0.08964906	-0.09421462	0.12910165	-0.67634267	0.1674676
0.031606	-0.027012156	0.0474611	-0.035920043	0.03526087	-0.03098375	0.03709653	-0.04270977	0.04506568	-0.03890021	0.027488902	-0.036460258	0.082142085	-0.117077276	0.10212792	-0.032573156	0.033026837	-0.17616937	0.12465934	-0.1196422	0.045337997	-0.040891834	0.049880397	-0.20254008	0.9999978	-0.044360735	0.040418822	-0.054510534	0.21943179	-0.92125
-0.04086205	0.034941584	-0.04335375	0.030397609	-0.028136073	0.055952363	-0.047753233	0.040445782	-0.037139416	0.029020213	-0.054546386	0.052941766	-0.07590579	0.07737583	-0.031313695	0.16291222	-0.17833564	0.107937895	-0.073429115	0.031119384	-0.73151654	0.3008233	-0.23854461	0.08964906	-0.044360735	0.99999774	-0.5272799	0.22116551	-0.12198053	0.03977785
0.032652106	-0.028331468	0.035051912	-0.024972951	0.02306606	-0.047211062	0.038653824	-0.033126418	0.030610658	-0.02408172	0.04517954	-0.04389271	0.061493628	-0.06813285	0.027592553	-0.1481639	0.14756393	-0.10062268	0.0675486	-0.027874481	0.30387324	-0.59416014	0.2962563	-0.09421462	0.040418822	-0.5272799	0.9999975	-0.46733332	0.11815759	-0.038717616
-0.030507816	0.02617612	-0.035617944	0.02554104	-0.023870468	0.039555553	-0.035846215	0.033068653	-0.03160333	0.025041804	-0.037582036	0.03899845	-0.06348211	0.07496137	-0.03243417	0.103343606	-0.11181161	0.113665976	-0.083780915	0.03291345	-0.24288872	0.29775694	-0.76620746	0.12910165	-0.054510534	0.22116551	-0.46733332	0.9999975	-0.19723491	0.053424127
0.06798195	-0.0580685	0.09687805	-0.07238213	0.068204954	-0.06879184	0.07966577	-0.08883151	0.09071665	-0.07367815	0.061329044	-0.079591915	0.1769071	-0.26238373	0.11296809	-0.082635455	0.08372033	-0.4357141	0.29820853	-0.12024857	0.12116287	-0.11786689	0.15222484	-0.67634267	0.21943179	-0.12198053	0.11815759	-0.19723491	0.9999974	-0.2918033
-0.027360924	0.023258748	-0.041272882	0.030881753	-0.030778639	0.026629316	-0.03206819	0.03672691	-0.039019495	0.03368021	-0.023743482	0.03136678	-0.071206205	0.09642848	-0.09572621	0.028298141	-0.028890831	0.14074324	-0.11003232	0.096070096	-0.04155491	0.03784281	-0.04916815	0.1674676	-0.92125	0.03977785	-0.038717616	0.053424127	-0.2918033	0.9999974
