1.5249259043484926
1.3415048122406006
0.01684083789587021
0.4468662552535534
0.6647308431565762
0.44825654104352
0.1253021638840437
1.4735997132956982
0.7357458807528019
1.5695545841008425
1.3564806804060936
0.23385973647236824
0.9295499101281166
1.1240126434713602
1.399500161409378
1.6868881806731224
0.3311740327626467
0.37107448279857635
1.4880377538502216
1.3886126559227705
1.0168244801461697
0.26737614907324314
1.2051001973450184
0.6147565562278032
1.791840735822916
1.5937870983034372
1.3703258987516165
1.1232382263988256
0.31107434816658497
0.6784698329865932
0.7148200515657663
0.08846720680594444
1.715239780023694
0.24095598049461842
1.4499184433370829
1.1795513480901718
1.9170831218361855
0.36108352430164814
1.3162355311214924
1.697179339826107
1.2589408308267593
0.8222946468740702
0.993351137265563
1.0645577479153872
0.4407869763672352
1.085138550028205
1.2798540070652962
0.7181922812014818
0.8290195241570473
