1.0000001	-0.8315534	0.19182444	-0.036465596	0.02806011	-0.4395657	0.26719207	-0.17913122	0.116747044	-0.043477677	0.11761961	-0.122095115	0.07669085	-0.06994142	0.04042091	-0.0783407	0.054797783	-0.050403003	0.048444845	-0.041158825	0.05522607	-0.09075971	0.050270557	-0.039221913	0.044983197	-0.03975991	0.0498334	-0.0664726	0.036908146	-0.050672676
-0.8315534	1.0000004	-0.25960153	0.039088666	-0.030282628	0.2898427	-0.37883526	0.19238333	-0.12990387	0.04589128	-0.1234647	0.123206735	-0.082068875	0.07301677	-0.04297239	0.07946981	-0.057250597	0.05236907	-0.051341318	0.043255292	-0.057927802	0.093489796	-0.05233772	0.040792927	-0.04707843	0.041233774	-0.05229949	0.06870038	-0.038393084	0.052570183
0.19182444	-0.25960153	1.0000002	-0.10504442	0.07713639	-0.33665437	0.27902612	-0.72978896	0.273779	-0.11480148	0.16581075	-0.18473744	0.1665063	-0.16275871	0.10195064	-0.16966817	0.13702486	-0.13108347	0.118957855	-0.10462478	0.11573814	-0.26863593	0.13327749	-0.10609217	0.118260816	-0.09351682	0.11333839	-0.18385054	0.09972774	-0.14150006
-0.036465596	0.039088666	-0.10504442	1.0000004	-0.8675245	0.060047217	-0.056266714	0.08562717	-0.21092683	0.26078522	-0.065649	0.06748977	-0.117380984	0.11833524	-0.266666	0.071937606	-0.07712183	0.07407415	-0.17592964	0.1386223	-0.05396814	0.115384124	-0.07341455	0.066770755	-0.09258085	0.04280496	-0.054952994	0.08854238	-0.059455574	0.08383794
0.02806011	-0.030282628	0.07713639	-0.8675245	1.0000002	-0.04701322	0.04333707	-0.066171065	0.14642176	-0.38683334	0.050771922	-0.053073257	0.089053795	-0.09497021	0.21301927	-0.057820942	0.060629766	-0.059079982	0.13162568	-0.118768245	0.042635903	-0.09500939	0.058511574	-0.053785868	0.07270467	-0.034324456	0.043596298	-0.07213461	0.047647767	-0.06836049
-0.4395657	0.2898427	-0.33665437	0.060047217	-0.04701322	1.0000005	-0.6788728	0.2643753	-0.21109006	0.07153689	-0.27036566	0.21934107	-0.1361887	0.11755472	-0.0680554	0.13355951	-0.09155444	0.08216665	-0.08192242	0.068108656	-0.09961812	0.13969514	-0.081743434	0.063097954	-0.07358476	0.06747071	-0.08689115	0.10549522	-0.059469126	0.08029726
0.26719207	-0.37883526	0.27902612	-0.056266714	0.04333707	-0.6788728	1.0000002	-0.429668	0.18636172	-0.06801661	0.20955716	-0.27920067	0.13268663	-0.11819034	0.06345513	-0.12419338	0.08446368	-0.07787264	0.07609446	-0.064579226	0.08719876	-0.13454404	0.07643096	-0.059389975	0.06837069	-0.06136804	0.0771435	-0.09991475	0.055754427	-0.07615993
-0.17913122	0.19238333	-0.72978896	0.08562717	-0.066171065	0.2643753	-0.429668	1.0000002	-0.36240652	0.09703801	-0.15884987	0.16761911	-0.18063067	0.15303576	-0.089594916	0.13085139	-0.107531235	0.10167441	-0.103951044	0.08815065	-0.09395826	0.1884192	-0.101103194	0.080066964	-0.09206883	0.07173921	-0.08955066	0.13370878	-0.07486569	0.104580484
0.116747044	-0.12990387	0.273779	-0.21092683	0.14642176	-0.21109006	0.18636172	-0.36240652	1.0000002	-0.23815663	0.1851146	-0.20815107	0.24842271	-0.3245235	0.19085056	-0.25473088	0.22564916	-0.2220646	0.20919575	-0.19288567	0.17165409	-0.47791418	0.22668234	-0.1843392	0.2035163	-0.14797062	0.17664966	-0.31850094	0.17227507	-0.2497549
-0.043477677	0.04589128	-0.11480148	0.26078522	-0.38683334	0.07153689	-0.06801661	0.09703801	-0.23815663	0.99999994	-0.087172866	0.089077964	-0.17551416	0.17971624	-0.7355383	0.09194961	-0.103329085	0.10069716	-0.29490107	0.2464855	-0.06986928	0.14385766	-0.09826627	0.093371466	-0.13651322	0.05491221	-0.071196556	0.11450098	-0.08120606	0.114972755
0.11761961	-0.1234647	0.16581075	-0.065649	0.050771922	-0.27036566	0.20955716	-0.15884987	0.1851146	-0.087172866	1.0	-0.7943538	0.20233388	-0.1874709	0.082791515	-0.33877108	0.12736893	-0.11327521	0.10287048	-0.0877215	0.17081924	-0.16707793	0.10587305	-0.079405926	0.09097367	-0.10794206	0.12933138	-0.13646929	0.07476145	-0.098007776
-0.122095115	0.123206735	-0.18473744	0.06748977	-0.053073257	0.21934107	-0.27920067	0.16761911	-0.20815107	0.089077964	-0.7943538	1.0	-0.30465537	0.19399	-0.08805834	0.21649036	-0.12803635	0.11194354	-0.110872746	0.090263024	-0.16552593	0.15797763	-0.105573	0.078218676	-0.091893785	0.09907566	-0.13007966	0.1296929	-0.0736261	0.095546074
0.07669085	-0.082068875	0.1665063	-0.117380984	0.089053795	-0.1361887	0.13268663	-0.18063067	0.24842271	-0.17551416	0.20233388	-0.30465537	0.9999997	-0.785113	0.16707966	-0.16689168	0.16207945	-0.19525866	0.20334853	-0.18078984	0.11529605	-0.21769555	0.14448406	-0.11212171	0.1305393	-0.08771591	0.10954634	-0.16809574	0.099779755	-0.13772595
-0.06994142	0.07301677	-0.16275871	0.11833524	-0.09497021	0.11755472	-0.11819034	0.15303576	-0.3245235	0.17971624	-0.1874709	0.19399	-0.785113	0.9999996	-0.22366416	0.14168647	-0.14985862	0.15314473	-0.29991296	0.19793937	-0.10629583	0.19111902	-0.13214083	0.105635084	-0.13189094	0.07865201	-0.101384886	0.14908175	-0.09381726	0.12902687
0.04042091	-0.04297239	0.10195064	-0.266666	0.21301927	-0.0680554	0.06345513	-0.089594916	0.19085056	-0.7355383	0.082791515	-0.08805834	0.16707966	-0.22366416	0.99999964	-0.09211866	0.10013859	-0.10178206	0.27066752	-0.435633	0.06812733	-0.1481374	0.09808609	-0.099089526	0.13808885	-0.054796267	0.06998869	-0.118124664	0.083379716	-0.123812996
-0.0783407	0.07946981	-0.16966817	0.071937606	-0.057820942	0.13355951	-0.12419338	0.13085139	-0.25473088	0.09194961	-0.33877108	0.21649036	-0.16689168	0.14168647	-0.09211866	0.9999998	-0.2654905	0.1757362	-0.12202004	0.09774426	-0.66012233	0.22682308	-0.17492671	0.117767744	-0.13524231	0.2639239	-0.3447156	0.21743003	-0.11625571	0.13593896
0.054797783	-0.057250597	0.13702486	-0.07712183	0.060629766	-0.09155444	0.08446368	-0.107531235	0.22564916	-0.103329085	0.12736893	-0.12803635	0.16207945	-0.14985862	0.10013859	-0.2654905	1.0	-0.70509505	0.14687099	-0.122715786	0.1664976	-0.46461794	0.29772583	-0.17684448	0.1713744	-0.13015448	0.16454132	-0.29218072	0.1534051	-0.18078597
-0.050403003	0.05236907	-0.13108347	0.07407415	-0.059079982	0.08216665	-0.07787264	0.10167441	-0.2220646	0.10069716	-0.11327521	0.11194354	-0.19525866	0.15314473	-0.10178206	0.1757362	-0.70509505	0.99999976	-0.17134723	0.12647103	-0.14051607	0.28983957	-0.5144663	0.17833422	-0.18001498	0.10665071	-0.14851393	0.2501626	-0.15577619	0.16328548
0.048444845	-0.051341318	0.118957855	-0.17592964	0.13162568	-0.08192242	0.07609446	-0.103951044	0.20919575	-0.29490107	0.10287048	-0.110872746	0.20334853	-0.29991296	0.27066752	-0.12202004	0.14687099	-0.17134723	0.9999998	-0.7602642	0.09039759	-0.20030545	0.14580885	-0.16125602	0.2053457	-0.07380077	0.09477473	-0.16842623	0.12666568	-0.19481725
-0.041158825	0.043255292	-0.10462478	0.1386223	-0.118768245	0.068108656	-0.064579226	0.08815065	-0.19288567	0.2464855	-0.0877215	0.090263024	-0.18078984	0.19793937	-0.435633	0.09774426	-0.122715786	0.12647103	-0.7602642	0.9999998	-0.07520787	0.15603553	-0.12267596	0.14099981	-0.25718057	0.06011128	-0.07891554	0.13535473	-0.11211087	0.16569078
0.05522607	-0.057927802	0.11573814	-0.05396814	0.042635903	-0.09961812	0.08719876	-0.09395826	0.17165409	-0.06986928	0.17081924	-0.16552593	0.11529605	-0.10629583	0.06812733	-0.66012233	0.1664976	-0.14051607	0.09039759	-0.07520787	0.9999998	-0.20854194	0.14294797	-0.10193875	0.10963721	-0.551941	0.29461396	-0.22498508	0.10135816	-0.121731766
-0.09075971	0.093489796	-0.26863593	0.115384124	-0.09500939	0.13969514	-0.13454404	0.1884192	-0.47791418	0.14385766	-0.16707793	0.15797763	-0.21769555	0.19111902	-0.1481374	0.22682308	-0.46461794	0.28983957	-0.20030545	0.15603553	-0.20854194	0.9999997	-0.42563736	0.20648783	-0.24977447	0.15311718	-0.22461067	0.29071325	-0.1947759	0.2150792
0.050270557	-0.05233772	0.13327749	-0.07341455	0.058511574	-0.081743434	0.07643096	-0.101103194	0.22668234	-0.09826627	0.10587305	-0.105573	0.14448406	-0.13214083	0.09808609	-0.17492671	0.29772583	-0.5144663	0.14580885	-0.12267596	0.14294797	-0.42563736	1.0000001	-0.36517286	0.23380479	-0.12928306	0.17693678	-0.51892644	0.23696934	-0.23214212
-0.039221913	0.040792927	-0.10609217	0.066770755	-0.053785868	0.063097954	-0.059389975	0.080066964	-0.1843392	0.093371466	-0.079405926	0.078218676	-0.11212171	0.105635084	-0.099089526	0.117767744	-0.17684448	0.17833422	-0.16125602	0.14099981	-0.10193875	0.20648783	-0.36517286	1.0000005	-0.56634706	0.08704195	-0.1251679	0.26363823	-0.6142548	0.3222043
0.044983197	-0.04707843	0.118260816	-0.09258085	0.07270467	-0.07358476	0.06837069	-0.09206883	0.2035163	-0.13651322	0.09097367	-0.091893785	0.1305393	-0.13189094	0.13808885	-0.13524231	0.1713744	-0.18001498	0.2053457	-0.25718057	0.10963721	-0.24977447	0.23380479	-0.56634706	1.0000002	-0.095959544	0.1291823	-0.2775853	0.31650904	-0.605576
-0.03975991	0.041233774	-0.09351682	0.04280496	-0.034324456	0.06747071	-0.06136804	0.07173921	-0.14797062	0.05491221	-0.10794206	0.09907566	-0.08771591	0.07865201	-0.054796267	0.2639239	-0.13015448	0.10665071	-0.07380077	0.06011128	-0.551941	0.15311718	-0.12928306	0.08704195	-0.095959544	1.0000002	-0.7263735	0.20134926	-0.09239461	0.09921797
0.0498334	-0.05229949	0.11333839	-0.054952994	0.043596298	-0.08689115	0.0771435	-0.08955066	0.17664966	-0.071196556	0.12933138	-0.13007966	0.10954634	-0.101384886	0.06998869	-0.3447156	0.16454132	-0.14851393	0.09477473	-0.07891554	0.29461396	-0.22461067	0.17693678	-0.1251679	0.1291823	-0.7263735	1.0000001	-0.381036	0.13154155	-0.14532982
-0.0664726	0.06870038	-0.18385054	0.08854238	-0.07213461	0.10549522	-0.09991475	0.13370878	-0.31850094	0.11450098	-0.13646929	0.1296929	-0.16809574	0.14908175	-0.118124664	0.21743003	-0.29218072	0.2501626	-0.16842623	0.13535473	-0.22498508	0.29071325	-0.51892644	0.26363823	-0.2775853	0.20134926	-0.381036	1.0	-0.37803948	0.25637195
0.036908146	-0.038393084	0.09972774	-0.059455574	0.047647767	-0.059469126	0.055754427	-0.07486569	0.17227507	-0.08120606	0.07476145	-0.0736261	0.099779755	-0.09381726	0.083379716	-0.11625571	0.1534051	-0.15577619	0.12666568	-0.11211087	0.10135816	-0.1947759	0.23696934	-0.6142548	0.31650904	-0.09239461	0.13154155	-0.37803948	1.0	-0.5922425
-0.050672676	0.052570183	-0.14150006	0.08383794	-0.06836049	0.08029726	-0.07615993	0.104580484	-0.2497549	0.114972755	-0.098007776	0.095546074	-0.13772595	0.12902687	-0.123812996	0.13593896	-0.18078597	0.16328548	-0.19481725	0.16569078	-0.121731766	0.2150792	-0.23214212	0.3222043	-0.605576	0.09921797	-0.14532982	0.25637195	-0.5922425	1.0
