0.283749895170331
0.6395829301327467
0.7187126185745001
0.40359237417578697
0.28187236934900284
1.714414482936263
1.7380214985460043
1.520470941439271
1.1104885768145323
1.3404640797525644
1.781675523146987
1.6871306281536818
0.9240209888666868
1.463933715596795
0.04375951923429966
1.4193232078105211
1.3909799307584763
1.4404820799827576
0.9051503576338291
1.5803893711417913
0.8641088344156742
0.6387605182826519
1.3403018955141306
1.7009843196719885
0.8837863858789206
0.945651164278388
1.4741256535053253
1.3077114317566156
0.6341838669031858
1.3439743220806122
0.2135911788791418
0.7311713229864836
0.3018517419695854
1.382310276851058
0.8196762651205063
0.7963092979043722
0.5096825901418924
1.0884355623275042
0.7334820162504911
1.8499404601752758
0.12061206810176373
0.7546301893889904
0.8508636001497507
1.1977010034024715
0.5641026496887207
0.03038666769862175
1.4094641506671906
0.04840700700879097
0.5688879322260618
