1.6976000051945448
0.3398040011525154
1.1423248872160912
0.3025009501725435
1.7700691744685173
0.2534909900277853
1.3320964816957712
0.13348614051938057
1.705127852037549
1.6404349561780691
1.3164297975599766
0.5396905168890953
1.6456980407238007
0.5633184649050236
1.9588822722434998
0.48446584679186344
1.6084441039711237
0.4113357253372669
0.20965884625911713
1.5835960749536753
0.4627748690545559
1.0856754686683416
1.8666801732033491
1.9454736094921827
1.7080770768225193
1.5436992458999157
0.40049682185053825
1.3400603998452425
1.1735489405691624
1.3153414018452168
1.9179315455257893
1.443631798028946
1.5712745673954487
0.73991977609694
1.6028390303254128
1.6688085719943047
1.613080071285367
0.8913535159081221
0.47394365072250366
0.7178863435983658
1.6878439113497734
0.5467898957431316
1.1107501089572906
0.6697325147688389
0.13800617307424545
0.7512613013386726
0.16356018371880054
0.28326302394270897
0.92790687084198
