1.0000001	-0.59038824	0.167156	-0.11460382	0.075043164	-0.6758431	0.31926587	-0.1463743	0.0947115	-0.066886544	0.2064961	-0.21237855	0.12486156	-0.104476534	0.0752445	-0.15214835	0.11788668	-0.10037974	0.08833031	-0.10448571	0.10272915	-0.10066131	0.083087586	-0.06439035	0.06376694	-0.08437375	0.06717964	-0.07466754	0.050021067	-0.043722108
-0.59038824	1.0	-0.28081724	0.12838624	-0.08497537	0.3102266	-0.6505976	0.18659571	-0.10944595	0.073397644	-0.18427084	0.1944382	-0.14629996	0.11535501	-0.082573906	0.12912522	-0.116407745	0.10088489	-0.092074245	0.10876028	-0.09892869	0.0953348	-0.08274749	0.065812215	-0.06684177	0.078866966	-0.06565804	0.07165849	-0.051656716	0.044841614
0.167156	-0.28081724	0.99999976	-0.3640388	0.17904164	-0.16742459	0.22385517	-0.6954747	0.2294809	-0.1593337	0.15963048	-0.21854521	0.28636277	-0.266491	0.15700382	-0.14596623	0.14315803	-0.16339251	0.14407803	-0.2178117	0.11596901	-0.1242183	0.10920965	-0.102901064	0.101051815	-0.10333962	0.08427188	-0.09819362	0.07742672	-0.06974717
-0.11460382	0.12838624	-0.3640388	0.99999964	-0.5591874	0.110138066	-0.15178199	0.22274552	-0.4955089	0.2737867	-0.13921125	0.16769579	-0.2631474	0.25803256	-0.27243873	0.12310645	-0.1338661	0.14995895	-0.156606	0.23601113	-0.107897185	0.11169355	-0.10624232	0.1060363	-0.114445075	0.09184894	-0.07964406	0.08985584	-0.083596595	0.07291998
0.075043164	-0.08497537	0.17904164	-0.5591874	0.9999996	-0.07713031	0.098410435	-0.14401135	0.24400075	-0.64000124	0.10004164	-0.12870586	0.15953189	-0.1874255	0.2846876	-0.10105423	0.10732378	-0.13948664	0.13938598	-0.31900185	0.085621245	-0.09457264	0.08715676	-0.09595089	0.09607183	-0.07846941	0.06527494	-0.07767085	0.071101196	-0.06504873
-0.6758431	0.3102266	-0.16742459	0.110138066	-0.07713031	0.9999994	-0.5062094	0.14314972	-0.09866828	0.067257464	-0.36174127	0.23296686	-0.13556169	0.10487195	-0.078526795	0.17353922	-0.13812253	0.10704866	-0.09696518	0.10443815	-0.12309594	0.11091804	-0.09351586	0.06902917	-0.069862515	0.09184926	-0.0757451	0.08076497	-0.0546341	0.046849236
0.31926587	-0.6505976	0.22385517	-0.15178199	0.098410435	-0.5062094	0.99999917	-0.24067456	0.12773119	-0.08797719	0.22902893	-0.3137727	0.17572749	-0.1430465	0.09791134	-0.17308128	0.14840855	-0.12866715	0.11287112	-0.13545051	0.12347319	-0.12402678	0.102940746	-0.081562616	0.08074302	-0.1019017	0.08223344	-0.09171357	0.06312345	-0.055259567
-0.1463743	0.18659571	-0.6954747	0.22274552	-0.14401135	0.14314972	-0.24067456	0.99999934	-0.24653721	0.123054065	-0.15403801	0.20005527	-0.5197087	0.24386837	-0.13014787	0.124766916	-0.13116695	0.14044248	-0.12830144	0.15934685	-0.10271409	0.10554585	-0.09511171	0.0853602	-0.08660361	0.08556884	-0.07241809	0.08134197	-0.06600949	0.057451006
0.0947115	-0.10944595	0.2294809	-0.4955089	0.24400075	-0.09866828	0.12773119	-0.24653721	0.99999934	-0.28369185	0.12673804	-0.17551571	0.27487466	-0.6508435	0.20556062	-0.11883573	0.12480035	-0.1515268	0.14292805	-0.23669013	0.098604605	-0.106595494	0.09644202	-0.09730475	0.09705193	-0.087422304	0.07288665	-0.08491483	0.073076524	-0.06538571
-0.066886544	0.073397644	-0.1593337	0.2737867	-0.64000124	0.067257464	-0.08797719	0.123054065	-0.28369185	0.9999993	-0.089218445	0.11088043	-0.15117677	0.17194127	-0.5849718	0.08640858	-0.0950278	0.11866249	-0.12962563	0.26869702	-0.075048186	0.08113057	-0.07678497	0.0841815	-0.08858272	0.066621594	-0.056868456	0.06624718	-0.06420977	0.05713925
0.2064961	-0.18427084	0.15963048	-0.13921125	0.10004164	-0.36174127	0.22902893	-0.15403801	0.12673804	-0.089218445	0.99999917	-0.60688776	0.18709897	-0.14534989	0.106659435	-0.5193481	0.25256225	-0.17657778	0.14873582	-0.14756133	0.22416624	-0.20420057	0.1541383	-0.10509585	0.1028374	-0.16764955	0.1283537	-0.13764223	0.082415015	-0.07010847
-0.21237855	0.1944382	-0.21854521	0.16769579	-0.12870586	0.23296686	-0.3137727	0.20005527	-0.17551571	0.11088043	-0.60688776	0.99999887	-0.34275007	0.18839556	-0.13712092	0.28603345	-0.37373728	0.20841818	-0.19275835	0.17228617	-0.23181167	0.21383864	-0.18208113	0.12539466	-0.12920357	0.1595084	-0.14151527	0.1441136	-0.100915775	0.08367583
0.12486156	-0.14629996	0.28636277	-0.2631474	0.15953189	-0.13556169	0.17572749	-0.5197087	0.27487466	-0.15117677	0.18709897	-0.34275007	0.9999991	-0.55726624	0.15554556	-0.15971585	0.17173596	-0.21776699	0.16835107	-0.20722081	0.12650947	-0.1362032	0.118465684	-0.1084868	0.10571059	-0.10706368	0.08939139	-0.10219318	0.081538334	-0.07114326
-0.104476534	0.11535501	-0.266491	0.25803256	-0.1874255	0.10487195	-0.1430465	0.24386837	-0.6508435	0.17194127	-0.14534989	0.18839556	-0.55726624	0.99999934	-0.18463056	0.1206815	-0.13419126	0.15124837	-0.15180926	0.18416193	-0.10295678	0.106579185	-0.09847641	0.09377314	-0.09643476	0.08555965	-0.073733814	0.08280909	-0.07259046	0.06244556
0.0752445	-0.082573906	0.15700382	-0.27243873	0.2846876	-0.078526795	0.09791134	-0.13014787	0.20556062	-0.5849718	0.106659435	-0.13712092	0.15554556	-0.18463056	0.9999995	-0.11345956	0.12381465	-0.17597117	0.18694974	-0.62260354	0.096330315	-0.10915328	0.10096168	-0.12033075	0.11889218	-0.0893535	0.07442095	-0.0898207	0.08685848	-0.07973748
-0.15214835	0.12912522	-0.14596623	0.12310645	-0.10105423	0.17353922	-0.17308128	0.124766916	-0.11883573	0.08640858	-0.5193481	0.28603345	-0.15971585	0.1206815	-0.11345956	0.9999994	-0.45145026	0.2063254	-0.18925698	0.14759023	-0.51886874	0.2725439	-0.21523003	0.124939375	-0.12684456	0.22338775	-0.18764122	0.17353445	-0.10221489	0.083134025
0.11788668	-0.116407745	0.14315803	-0.1338661	0.10732378	-0.13812253	0.14840855	-0.13116695	0.12480035	-0.0950278	0.25256225	-0.37373728	0.17173596	-0.13419126	0.12381465	-0.45145026	0.9999995	-0.44110945	0.2400921	-0.18092771	0.2722117	-0.51774764	0.24065824	-0.15253524	0.13760409	-0.21012975	0.17457943	-0.19777146	0.11328028	-0.09392446
-0.10037974	0.10088489	-0.16339251	0.14995895	-0.13948664	0.10704866	-0.12866715	0.14044248	-0.1515268	0.11866249	-0.17657778	0.20841818	-0.21776699	0.15124837	-0.17597117	0.2063254	-0.44110945	0.9999995	-0.68730646	0.23557644	-0.1829802	0.22543475	-0.22793648	0.21138076	-0.19898786	0.14995001	-0.13581027	0.16035694	-0.15919034	0.121402085
0.08833031	-0.092074245	0.14407803	-0.156606	0.13938598	-0.09696518	0.11287112	-0.12830144	0.14292805	-0.12962563	0.14873582	-0.19275835	0.16835107	-0.15180926	0.18694974	-0.18925698	0.2400921	-0.68730646	0.9999994	-0.39528874	0.15454477	-0.20174718	0.17870109	-0.35021183	0.21037212	-0.14309357	0.120396174	-0.15361965	0.17436053	-0.14143194
-0.10448571	0.10876028	-0.2178117	0.23601113	-0.31900185	0.10443815	-0.13545051	0.15934685	-0.23669013	0.26869702	-0.14756133	0.17228617	-0.20722081	0.18416193	-0.62260354	0.14759023	-0.18092771	0.23557644	-0.39528874	0.9999997	-0.13468148	0.14653608	-0.14759548	0.18296531	-0.21017449	0.11716066	-0.10430177	0.12063361	-0.14212544	0.12175716
0.10272915	-0.09892869	0.11596901	-0.107897185	0.085621245	-0.12309594	0.12347319	-0.10271409	0.098604605	-0.075048186	0.22416624	-0.23181167	0.12650947	-0.10295678	0.096330315	-0.51886874	0.2722117	-0.1829802	0.15454477	-0.13468148	0.9999998	-0.46333405	0.2509842	-0.123097055	0.11665712	-0.5211712	0.25851268	-0.25656065	0.1003382	-0.08350572
-0.10066131	0.0953348	-0.1242183	0.11169355	-0.09457264	0.11091804	-0.12402678	0.10554585	-0.106595494	0.08113057	-0.20420057	0.21383864	-0.1362032	0.106579185	-0.10915328	0.2725439	-0.51774764	0.22543475	-0.20174718	0.14653608	-0.46333405	0.9999999	-0.5071908	0.1479416	-0.14168829	0.25873885	-0.2838179	0.26344436	-0.12026677	0.09574414
0.083087586	-0.08274749	0.10920965	-0.10624232	0.08715676	-0.09351586	0.102940746	-0.09511171	0.09644202	-0.07678497	0.1541383	-0.18208113	0.118465684	-0.09847641	0.10096168	-0.21523003	0.24065824	-0.22793648	0.17870109	-0.14759548	0.2509842	-0.5071908	1.0	-0.20344189	0.15541022	-0.31226167	0.2801229	-0.63700736	0.14707047	-0.119725734
-0.06439035	0.065812215	-0.102901064	0.1060363	-0.09595089	0.06902917	-0.081562616	0.0853602	-0.09730475	0.0841815	-0.10509585	0.12539466	-0.1084868	0.09377314	-0.12033075	0.124939375	-0.15253524	0.21138076	-0.35021183	0.18296531	-0.123097055	0.1479416	-0.20344189	0.9999998	-0.6005458	0.12175412	-0.11397303	0.1564137	-0.5647252	0.30957144
0.06376694	-0.06684177	0.101051815	-0.114445075	0.09607183	-0.069862515	0.08074302	-0.08660361	0.09705193	-0.08858272	0.1028374	-0.12920357	0.10571059	-0.09643476	0.11889218	-0.12684456	0.13760409	-0.19898786	0.21037212	-0.21017449	0.11665712	-0.14168829	0.15541022	-0.6005458	0.99999976	-0.12431131	0.10574495	-0.1486666	0.32891655	-0.6176375
-0.08437375	0.078866966	-0.10333962	0.09184894	-0.07846941	0.09184926	-0.1019017	0.08556884	-0.087422304	0.066621594	-0.16764955	0.1595084	-0.10706368	0.08555965	-0.0893535	0.22338775	-0.21012975	0.14995001	-0.14309357	0.11716066	-0.5211712	0.25873885	-0.31226167	0.12175412	-0.12431131	0.99999964	-0.6584175	0.28131145	-0.10849753	0.08532994
0.06717964	-0.06565804	0.08427188	-0.07964406	0.06527494	-0.0757451	0.08223344	-0.07241809	0.07288665	-0.056868456	0.1283537	-0.14151527	0.08939139	-0.073733814	0.07442095	-0.18764122	0.17457943	-0.13581027	0.120396174	-0.10430177	0.25851268	-0.2838179	0.2801229	-0.11397303	0.10574495	-0.6584175	0.9999998	-0.5731924	0.10205045	-0.0826821
-0.07466754	0.07165849	-0.09819362	0.08985584	-0.07767085	0.08076497	-0.09171357	0.08134197	-0.08491483	0.06624718	-0.13764223	0.1441136	-0.10219318	0.08280909	-0.0898207	0.17353445	-0.19777146	0.16035694	-0.15361965	0.12063361	-0.25656065	0.26344436	-0.63700736	0.1564137	-0.1486666	0.28131145	-0.5731924	0.9999999	-0.16329688	0.114445984
0.050021067	-0.051656716	0.07742672	-0.083596595	0.071101196	-0.0546341	0.06312345	-0.06600949	0.073076524	-0.06420977	0.082415015	-0.100915775	0.081538334	-0.07259046	0.08685848	-0.10221489	0.11328028	-0.15919034	0.17436053	-0.14212544	0.1003382	-0.12026677	0.14707047	-0.5647252	0.32891655	-0.10849753	0.10205045	-0.16329688	0.99999994	-0.6976472
-0.043722108	0.044841614	-0.06974717	0.07291998	-0.06504873	0.046849236	-0.055259567	0.057451006	-0.06538571	0.05713925	-0.07010847	0.08367583	-0.07114326	0.06244556	-0.07973748	0.083134025	-0.09392446	0.121402085	-0.14143194	0.12175716	-0.08350572	0.09574414	-0.119725734	0.30957144	-0.6176375	0.08532994	-0.0826821	0.114445984	-0.6976472	0.99999994
