1.0000001	-0.39061183	0.21110778	-0.20925745	0.18784247	-0.523727	0.2704978	-0.26732904	0.20944344	-0.091834	0.31365448	-0.24713176	0.17927618	-0.28821498	0.116839945	-0.3874762	0.22880036	-0.16368876	0.10781131	-0.08931289	0.19610338	-0.20626871	0.1081521	-0.08526032	0.0798626	-0.27422395	0.15361197	-0.1310396	0.05383342	-0.061460994
-0.39061183	1.0000004	-0.59265924	0.28961515	-0.35038063	0.20499866	-0.3242513	0.302708	-0.2749783	0.14642648	-0.25701606	0.20312576	-0.17809016	0.24691218	-0.19759119	0.19814971	-0.21707827	0.13987473	-0.089206114	0.07815806	-0.111924335	0.11451597	-0.078626655	0.066138	-0.07144235	0.13950169	-0.09006227	0.089062415	-0.03937587	0.044107065
0.21110778	-0.59265924	1.0000007	-0.45360252	0.25279254	-0.13853428	0.23760389	-0.539484	0.23988733	-0.110039435	0.15969594	-0.15756522	0.12527578	-0.22387125	0.13641237	-0.1475091	0.14772797	-0.10343321	0.061965007	-0.05525014	0.080684215	-0.08382873	0.05576404	-0.04675211	0.049481794	-0.10299406	0.06479357	-0.06413756	0.027866414	-0.03139825
-0.20925745	0.28961515	-0.45360252	1.0000005	-0.6580501	0.123779766	-0.19698094	0.2498062	-0.35089847	0.21246116	-0.15333988	0.13422763	-0.12082993	0.26093876	-0.27033764	0.14307001	-0.14016147	0.09778123	-0.07229935	0.07224004	-0.080064766	0.083435446	-0.059398156	0.053126357	-0.06430926	0.102726035	-0.065251045	0.06781777	-0.030927401	0.034682255
0.18784247	-0.35038063	0.25279254	-0.6580501	1.0000006	-0.114646934	0.1701072	-0.22671333	0.25348303	-0.40400276	0.13971321	-0.12861402	0.11627644	-0.32430044	0.27291638	-0.16058898	0.1328408	-0.09830455	0.07749412	-0.08399396	0.08812425	-0.09315542	0.06401182	-0.05806086	0.06995767	-0.11747284	0.07202558	-0.07481894	0.03400559	-0.038487684
-0.523727	0.20499866	-0.13853428	0.123779766	-0.114646934	1.0000005	-0.35552707	0.18990408	-0.13474892	0.05555576	-0.7014617	0.22898225	-0.13404621	0.16155073	-0.07091631	0.21162379	-0.18471707	0.11725968	-0.06307932	0.050815936	-0.10953306	0.11131991	-0.06322042	0.04944045	-0.04590916	0.14053728	-0.08402539	0.074247256	-0.030499984	0.03457716
0.2704978	-0.3242513	0.23760389	-0.19698094	0.1701072	-0.35552707	1.0000004	-0.5112397	0.21488942	-0.082827106	0.2770373	-0.5186503	0.19385967	-0.24413027	0.10413008	-0.24581651	0.26272392	-0.17738512	0.081894524	-0.06629424	0.12738042	-0.13335861	0.08135175	-0.064149015	0.05974815	-0.16122478	0.10013592	-0.09441036	0.038772188	-0.043887053
-0.26732904	0.302708	-0.539484	0.2498062	-0.22671333	0.18990408	-0.5112397	1.0000002	-0.40248734	0.10819176	-0.2209233	0.2237487	-0.18256877	0.26113173	-0.13536498	0.17670225	-0.21397543	0.14044145	-0.073236436	0.061775498	-0.097875066	0.100764	-0.06806279	0.055520665	-0.055858977	0.12127566	-0.07827219	0.077297114	-0.033038177	0.03716239
0.20944344	-0.2749783	0.23988733	-0.35089847	0.25348303	-0.13474892	0.21488942	-0.40248734	0.9999998	-0.17348476	0.16003294	-0.15709783	0.14373346	-0.73127437	0.1797901	-0.16087537	0.15368211	-0.11895695	0.075594	-0.06858299	0.088652365	-0.0929345	0.06510754	-0.05655256	0.060355257	-0.11432766	0.072115466	-0.07523529	0.03319577	-0.037526894
-0.091834	0.14642648	-0.110039435	0.21246116	-0.40400276	0.05555576	-0.082827106	0.10819176	-0.17348476	0.9999997	-0.068309695	0.062482912	-0.058870293	0.17370282	-0.85623485	0.07606428	-0.06542187	0.049626626	-0.053177364	0.071823336	-0.042726576	0.045711618	-0.036843263	0.038069896	-0.060968537	0.056353904	-0.03582782	0.041769587	-0.020661615	0.02299025
0.31365448	-0.25701606	0.15969594	-0.15333988	0.13971321	-0.7014617	0.2770373	-0.2209233	0.16003294	-0.068309695	0.9999996	-0.35156485	0.16706671	-0.20649123	0.087047264	-0.3205607	0.22856759	-0.1549138	0.08396859	-0.06758014	0.15521458	-0.1584148	0.08552721	-0.066479474	0.06092432	-0.20191601	0.117765665	-0.10161846	0.041298002	-0.0469232
-0.24713176	0.20312576	-0.15756522	0.13422763	-0.12861402	0.22898225	-0.5186503	0.2237487	-0.15709783	0.062482912	-0.35156485	0.99999976	-0.31147638	0.17406073	-0.08013712	0.23496829	-0.5997695	0.2385381	-0.083293624	0.06252475	-0.12907825	0.13229804	-0.08678399	0.065428555	-0.057204194	0.14812902	-0.101232074	0.09630383	-0.038696554	0.043477498
0.17927618	-0.17809016	0.12527578	-0.12082993	0.11627644	-0.13404621	0.19385967	-0.18256877	0.14373346	-0.058870293	0.16706671	-0.31147638	0.9999998	-0.19605482	0.07549948	-0.22753698	0.28984877	-0.80315745	0.12208808	-0.08740789	0.12477865	-0.13917333	0.13844535	-0.10345764	0.07779919	-0.1554566	0.10698811	-0.1548015	0.057389263	-0.06539654
-0.28821498	0.24691218	-0.22387125	0.26093876	-0.32430044	0.16155073	-0.24413027	0.26113173	-0.73127437	0.17370282	-0.20649123	0.17406073	-0.19605482	0.99999994	-0.23308825	0.17590247	-0.19152239	0.14322904	-0.097043194	0.083570935	-0.10073721	0.104328565	-0.07908426	0.06966452	-0.07603533	0.12581876	-0.0826908	0.088892624	-0.0403096	0.0451445
0.116839945	-0.19759119	0.13641237	-0.27033764	0.27291638	-0.07091631	0.10413008	-0.13536498	0.1797901	-0.85623485	0.087047264	-0.08013712	0.07549948	-0.23308825	0.9999999	-0.10111675	0.08392866	-0.064210534	0.067607366	-0.100277685	0.05650327	-0.06055644	0.0477852	-0.049143653	0.07626243	-0.07513999	0.047303353	-0.054722685	0.026813596	-0.03000124
-0.3874762	0.19814971	-0.1475091	0.14307001	-0.16058898	0.21162379	-0.24581651	0.17670225	-0.16087537	0.07606428	-0.3205607	0.23496829	-0.22753698	0.17590247	-0.10111675	0.9999997	-0.3885157	0.18630278	-0.12162218	0.086241364	-0.5610676	0.24585323	-0.12514722	0.09097336	-0.083848305	0.27946895	-0.21314247	0.13443823	-0.05575093	0.06081667
0.22880036	-0.21707827	0.14772797	-0.14016147	0.1328408	-0.18471707	0.26272392	-0.21397543	0.15368211	-0.06542187	0.22856759	-0.5997695	0.28984877	-0.19152239	0.08392866	-0.3885157	0.9999996	-0.4353438	0.10692781	-0.0785157	0.18232694	-0.20199668	0.11749892	-0.08680195	0.071754135	-0.20619282	0.14095004	-0.13123128	0.05067614	-0.057009708
-0.16368876	0.13987473	-0.10343321	0.09778123	-0.09830455	0.11725968	-0.17738512	0.14044145	-0.11895695	0.049626626	-0.1549138	0.2385381	-0.80315745	0.14322904	-0.064210534	0.18630278	-0.4353438	0.9999995	-0.13443124	0.08220603	-0.11056435	0.12159817	-0.16244616	0.10436835	-0.075863875	0.1274289	-0.096863	0.14485262	-0.055036727	0.061092336
0.10781131	-0.089206114	0.061965007	-0.07229935	0.07749412	-0.06307932	0.081894524	-0.073236436	0.075594	-0.053177364	0.08396859	-0.083293624	0.12208808	-0.097043194	0.067607366	-0.12162218	0.10692781	-0.13443124	0.99999994	-0.42793486	0.095560305	-0.13329977	0.27363744	-0.68536615	0.2905702	-0.12592882	0.1156299	-0.3576241	0.19066377	-0.23386987
-0.08931289	0.07815806	-0.05525014	0.07224004	-0.08399396	0.050815936	-0.06629424	0.061775498	-0.06858299	0.071823336	-0.06758014	0.06252475	-0.08740789	0.083570935	-0.100277685	0.086241364	-0.0785157	0.08220603	-0.42793486	1.0	-0.064533934	0.082192644	-0.17224856	0.2709584	-0.8268491	0.08165239	-0.07218512	0.17120273	-0.11626337	0.12186896
0.19610338	-0.111924335	0.080684215	-0.080064766	0.08812425	-0.10953306	0.12738042	-0.097875066	0.088652365	-0.042726576	0.15521458	-0.12907825	0.12477865	-0.10073721	0.05650327	-0.5610676	0.18232694	-0.11056435	0.095560305	-0.064533934	0.99999994	-0.4802696	0.11864757	-0.07703354	0.06413494	-0.5622384	0.28621602	-0.13276759	0.0479614	-0.051873907
-0.20626871	0.11451597	-0.08382873	0.083435446	-0.09315542	0.11131991	-0.13335861	0.100764	-0.0929345	0.045711618	-0.1584148	0.13229804	-0.13917333	0.104328565	-0.06055644	0.24585323	-0.20199668	0.12159817	-0.13329977	0.082192644	-0.4802696	0.9999998	-0.20625854	0.1084781	-0.085986145	0.3263276	-0.6936291	0.18964227	-0.06595398	0.0686192
0.1081521	-0.078626655	0.05576404	-0.059398156	0.06401182	-0.06322042	0.08135175	-0.06806279	0.06510754	-0.036843263	0.08552721	-0.08678399	0.13844535	-0.07908426	0.0477852	-0.12514722	0.11749892	-0.16244616	0.27363744	-0.17224856	0.11864757	-0.20625854	0.99999934	-0.43821287	0.17939964	-0.14680564	0.16694042	-0.76769704	0.1687797	-0.18021265
-0.08526032	0.066138	-0.04675211	0.053126357	-0.05806086	0.04944045	-0.064149015	0.055520665	-0.05655256	0.038069896	-0.066479474	0.065428555	-0.10345764	0.06966452	-0.049143653	0.09097336	-0.08680195	0.10436835	-0.68536615	0.2709584	-0.07703354	0.1084781	-0.43821287	0.9999997	-0.3998046	0.09513307	-0.09697318	0.2806963	-0.22778605	0.19383834
0.0798626	-0.07144235	0.049481794	-0.06430926	0.06995767	-0.04590916	0.05974815	-0.055858977	0.060355257	-0.060968537	0.06092432	-0.057204194	0.07779919	-0.07603533	0.07626243	-0.083848305	0.071754135	-0.075863875	0.2905702	-0.8268491	0.06413494	-0.085986145	0.17939964	-0.3998046	0.99999976	-0.08340381	0.0746975	-0.20598155	0.1281832	-0.14966564
-0.27422395	0.13950169	-0.10299406	0.102726035	-0.11747284	0.14053728	-0.16122478	0.12127566	-0.11432766	0.056353904	-0.20191601	0.14812902	-0.1554566	0.12581876	-0.07513999	0.27946895	-0.20619282	0.1274289	-0.12592882	0.08165239	-0.5622384	0.3263276	-0.14680564	0.09513307	-0.08340381	0.99999976	-0.5793225	0.15917909	-0.06023239	0.063348316
0.15361197	-0.09006227	0.06479357	-0.065251045	0.07202558	-0.08402539	0.10013592	-0.07827219	0.072115466	-0.03582782	0.117765665	-0.101232074	0.10698811	-0.0826908	0.047303353	-0.21314247	0.14095004	-0.096863	0.1156299	-0.07218512	0.28621602	-0.6936291	0.16694042	-0.09697318	0.0746975	-0.5793225	0.9999997	-0.22654457	0.06321806	-0.06636981
-0.1310396	0.089062415	-0.06413756	0.06781777	-0.07481894	0.074247256	-0.09441036	0.077297114	-0.07523529	0.041769587	-0.10161846	0.09630383	-0.1548015	0.088892624	-0.054722685	0.13443823	-0.13123128	0.14485262	-0.3576241	0.17120273	-0.13276759	0.18964227	-0.76769704	0.2806963	-0.20598155	0.15917909	-0.22654457	0.99999994	-0.22662678	0.18385558
0.05383342	-0.03937587	0.027866414	-0.030927401	0.03400559	-0.030499984	0.038772188	-0.033038177	0.03319577	-0.020661615	0.041298002	-0.038696554	0.057389263	-0.0403096	0.026813596	-0.05575093	0.05067614	-0.055036727	0.19066377	-0.11626337	0.0479614	-0.06595398	0.1687797	-0.22778605	0.1281832	-0.06023239	0.06321806	-0.22662678	1.0	-0.92149705
-0.061460994	0.044107065	-0.03139825	0.034682255	-0.038487684	0.03457716	-0.043887053	0.03716239	-0.037526894	0.02299025	-0.0469232	0.043477498	-0.06539654	0.0451445	-0.03000124	0.06081667	-0.057009708	0.061092336	-0.23386987	0.12186896	-0.051873907	0.0686192	-0.18021265	0.19383834	-0.14966564	0.063348316	-0.06636981	0.18385558	-0.92149705	1.0
