1.0000001	-0.19113845	0.13809867	-0.07118127	0.040062126	-0.93143696	0.18103161	-0.11518906	0.05756576	-0.041429102	0.12985879	-0.16676207	0.10966089	-0.06053885	0.06330201	-0.11902423	0.05906505	-0.05475062	0.0358716	-0.032882843	0.072335556	-0.052276134	0.05217131	-0.032849003	0.027379204	-0.06216015	0.049250726	-0.08749101	0.031121764	-0.027665319
-0.19113845	1.0000001	-0.72834027	0.1237704	-0.075635925	0.16027294	-0.5026306	0.25064248	-0.11528106	0.075488314	-0.09375456	0.26776272	-0.24946822	0.11107439	-0.11513226	0.07979636	-0.07671137	0.07708485	-0.05984818	0.053125665	-0.06837758	0.060294706	-0.071093336	0.051798288	-0.043948803	0.05457803	-0.047254886	0.07879209	-0.046060972	0.040195134
0.13809867	-0.72834027	1.0	-0.17423576	0.0948223	-0.14200616	0.2854416	-0.44175223	0.14598207	-0.098652646	0.098707885	-0.3181621	0.25449148	-0.14443813	0.13550434	-0.089196675	0.08246853	-0.08559108	0.071975656	-0.06450078	0.07533159	-0.06686162	0.07641857	-0.06325715	0.05265573	-0.062472664	0.053605933	-0.09238406	0.054796744	-0.048449766
-0.07118127	0.1237704	-0.17423576	1.0000001	-0.51105374	0.06554714	-0.12811352	0.17864183	-0.33376643	0.29726732	-0.078788176	0.13404296	-0.18238975	0.2700131	-0.60924774	0.06586771	-0.08188015	0.080911994	-0.19540358	0.18624094	-0.08246619	0.065949924	-0.080504775	0.15960903	-0.16510262	0.062533036	-0.062533796	0.09989713	-0.16632296	0.13269792
0.040062126	-0.075635925	0.0948223	-0.51105374	1.0000001	-0.03809007	0.075478576	-0.12904295	0.2503196	-0.75749874	0.043252073	-0.08467876	0.11446203	-0.24180551	0.2591733	-0.037202787	0.04560523	-0.04707046	0.11005608	-0.10378924	0.043732498	-0.036866434	0.044843275	-0.09550776	0.08307675	-0.034387905	0.033280358	-0.055277098	0.08052455	-0.07078102
-0.93143696	0.16027294	-0.14200616	0.06554714	-0.03809007	0.99999994	-0.2178663	0.10717621	-0.055045176	0.038885906	-0.1494573	0.15373643	-0.11030905	0.056863513	-0.06123917	0.111320406	-0.057300266	0.052183498	-0.034058373	0.030982096	-0.07003945	0.049595863	-0.0504035	0.030808056	-0.025897058	0.056822855	-0.045742787	0.07816154	-0.029233785	0.025768988
0.18103161	-0.5026306	0.2854416	-0.12811352	0.075478576	-0.2178663	0.99999994	-0.30605438	0.11975757	-0.08026048	0.12813096	-0.67525625	0.26175442	-0.12406192	0.11303046	-0.11329117	0.09209014	-0.09141388	0.06364131	-0.05671705	0.0838685	-0.07432436	0.08100224	-0.056360167	0.046272106	-0.06937841	0.057740018	-0.098989636	0.049143963	-0.04366524
-0.11518906	0.25064248	-0.44175223	0.17864183	-0.12904295	0.10717621	-0.30605438	0.99999994	-0.30678052	0.13822825	-0.09878927	0.27443102	-0.67100555	0.21693662	-0.17796783	0.085194394	-0.11274885	0.124721594	-0.098858394	0.083796665	-0.083515465	0.08377252	-0.11091535	0.082434006	-0.06769129	0.06550359	-0.058260433	0.09527594	-0.06811787	0.059934363
0.05756576	-0.11528106	0.14598207	-0.33376643	0.2503196	-0.055045176	0.11975757	-0.30678052	0.99999976	-0.42299184	0.059245896	-0.13415709	0.20820269	-0.6909866	0.2759445	-0.05151406	0.065318495	-0.07078999	0.16315813	-0.13671902	0.057129033	-0.051710006	0.06442675	-0.13640659	0.10342511	-0.04522996	0.042661592	-0.07102202	0.09665041	-0.08738698
-0.041429102	0.075488314	-0.098652646	0.29726732	-0.75749874	0.038885906	-0.08026048	0.13822825	-0.42299184	0.9999998	-0.044638693	0.08673533	-0.12888597	0.2459404	-0.3368298	0.038120598	-0.04821106	0.04982458	-0.12207478	0.11130153	-0.045142878	0.03848537	-0.047575086	0.09911972	-0.09017084	0.035124533	-0.034125384	0.056004483	-0.08593827	0.07389936
0.12985879	-0.09375456	0.098707885	-0.078788176	0.043252073	-0.1494573	0.12813096	-0.09878927	0.059245896	-0.044638693	0.99999976	-0.19153745	0.11972052	-0.06538126	0.07463167	-0.8489161	0.1525891	-0.12624535	0.049860675	-0.046524502	0.24191228	-0.15047093	0.121874526	-0.048441913	0.039652668	-0.21119778	0.1431524	-0.25414458	0.05213963	-0.04644081
-0.16676207	0.26776272	-0.3181621	0.13404296	-0.08467876	0.15373643	-0.67525625	0.27443102	-0.13415709	0.08673533	-0.19153745	0.9999999	-0.4789711	0.13659738	-0.13481516	0.13915111	-0.1329978	0.12436453	-0.074963495	0.065440066	-0.10832045	0.09800996	-0.112129554	0.064736046	-0.054029685	0.08402471	-0.07111451	0.11606091	-0.057609614	0.050411947
0.10966089	-0.24946822	0.25449148	-0.18238975	0.11446203	-0.11030905	0.26175442	-0.67100555	0.20820269	-0.12888597	0.11972052	-0.4789711	1.0	-0.2504144	0.16635908	-0.10874033	0.13873704	-0.19409007	0.10204778	-0.087652795	0.09926652	-0.106769845	0.13515243	-0.08845948	0.06938152	-0.08103226	0.06987917	-0.1180669	0.07063111	-0.06349093
-0.06053885	0.11107439	-0.14443813	0.2700131	-0.24180551	0.056863513	-0.12406192	0.21693662	-0.6909866	0.2459404	-0.06538126	0.13659738	-0.2504144	0.99999976	-0.4392813	0.05616645	-0.07571816	0.08166393	-0.27980986	0.17889734	-0.06505859	0.05901834	-0.07542714	0.17396463	-0.13965885	0.05070861	-0.048667964	0.07983716	-0.12725215	0.11081895
0.06330201	-0.11513226	0.13550434	-0.60924774	0.2591733	-0.06123917	0.11303046	-0.17796783	0.2759445	-0.3368298	0.07463167	-0.13481516	0.16635908	-0.4392813	0.9999999	-0.06497722	0.078518316	-0.08108019	0.2312296	-0.33143052	0.07955953	-0.0651396	0.077539705	-0.22225136	0.19893235	-0.06459081	0.063197546	-0.109728344	0.1750301	-0.17824082
-0.11902423	0.07979636	-0.089196675	0.06586771	-0.037202787	0.111320406	-0.11329117	0.085194394	-0.05151406	0.038120598	-0.8489161	0.13915111	-0.10874033	0.05616645	-0.06497722	0.9999998	-0.18125863	0.12216107	-0.04351526	0.039621446	-0.35440138	0.15369277	-0.12588897	0.041233074	-0.033727083	0.18255854	-0.1330593	0.1950757	-0.043409288	0.038162995
0.05906505	-0.07671137	0.08246853	-0.08188015	0.04560523	-0.057300266	0.09209014	-0.11274885	0.065318495	-0.04821106	0.1525891	-0.1329978	0.13873704	-0.07571816	0.078518316	-0.18125863	0.99999976	-0.6034422	0.07257123	-0.059932083	0.21925318	-0.6247409	0.33044425	-0.06576522	0.04795557	-0.18090878	0.14275935	-0.23130333	0.056845155	-0.051301517
-0.05475062	0.07708485	-0.08559108	0.080911994	-0.04707046	0.052183498	-0.09141388	0.124721594	-0.07078999	0.04982458	-0.12624535	0.12436453	-0.19409007	0.08166393	-0.08108019	0.12216107	-0.6034422	0.9999997	-0.090663776	0.06450002	-0.17362455	0.31320053	-0.6700623	0.07192614	-0.05049971	0.12672167	-0.11180376	0.1676243	-0.055044938	0.04928456
0.0358716	-0.05984818	0.071975656	-0.19540358	0.11005608	-0.034058373	0.06364131	-0.098858394	0.16315813	-0.12207478	0.049860675	-0.074963495	0.10204778	-0.27980986	0.2312296	-0.04351526	0.07257123	-0.090663776	0.99999964	-0.5278821	0.05868212	-0.056803912	0.07543416	-0.67104346	0.2914664	-0.04595607	0.046632774	-0.07724785	0.22933666	-0.22383459
-0.032882843	0.053125665	-0.06450078	0.18624094	-0.10378924	0.030982096	-0.05671705	0.083796665	-0.13671902	0.11130153	-0.046524502	0.065440066	-0.087652795	0.17889734	-0.33143052	0.039621446	-0.059932083	0.06450002	-0.5278821	0.99999964	-0.055672362	0.047552787	-0.061369874	0.31181338	-0.6389599	0.04278038	-0.04553044	0.07386346	-0.2856299	0.24527784
0.072335556	-0.06837758	0.07533159	-0.08246619	0.043732498	-0.07003945	0.0838685	-0.083515465	0.057129033	-0.045142878	0.24191228	-0.10832045	0.09926652	-0.06505859	0.07955953	-0.35440138	0.21925318	-0.17362455	0.05868212	-0.055672362	0.9999993	-0.35623893	0.20411074	-0.059461623	0.048314866	-0.616031	0.28621748	-0.43944508	0.06957173	-0.061489083
-0.052276134	0.060294706	-0.06686162	0.065949924	-0.036866434	0.049595863	-0.07432436	0.08377252	-0.051710006	0.03848537	-0.15047093	0.09800996	-0.106769845	0.05901834	-0.0651396	0.15369277	-0.6247409	0.31320053	-0.056803912	0.047552787	-0.35623893	0.9999992	-0.5722806	0.052070513	-0.039364368	0.19301827	-0.17163461	0.21650107	-0.04878723	0.043107748
0.05217131	-0.071093336	0.07641857	-0.080504775	0.044843275	-0.0504035	0.08100224	-0.11091535	0.06442675	-0.047575086	0.121874526	-0.112129554	0.13515243	-0.07542714	0.077539705	-0.12588897	0.33044425	-0.6700623	0.07543416	-0.061369874	0.20411074	-0.5722806	0.9999991	-0.06901915	0.049085855	-0.1717066	0.14238554	-0.24235709	0.057785634	-0.051940724
-0.032849003	0.051798288	-0.06325715	0.15960903	-0.09550776	0.030808056	-0.056360167	0.082434006	-0.13640659	0.09911972	-0.048441913	0.064736046	-0.08845948	0.17396463	-0.22225136	0.041233074	-0.06576522	0.07192614	-0.67104346	0.31181338	-0.059461623	0.052070513	-0.06901915	0.999999	-0.45838565	0.04545086	-0.049250185	0.079524696	-0.41132015	0.26329133
0.027379204	-0.043948803	0.05265573	-0.16510262	0.08307675	-0.025897058	0.046272106	-0.06769129	0.10342511	-0.09017084	0.039652668	-0.054029685	0.06938152	-0.13965885	0.19893235	-0.033727083	0.04795557	-0.05049971	0.2914664	-0.6389599	0.048314866	-0.039364368	0.049085855	-0.45838565	0.9999991	-0.037669003	0.04077335	-0.06778076	0.29078478	-0.47626966
-0.06216015	0.05457803	-0.062472664	0.062533036	-0.034387905	0.056822855	-0.06937841	0.06550359	-0.04522996	0.035124533	-0.21119778	0.08402471	-0.08103226	0.05070861	-0.06459081	0.18255854	-0.18090878	0.12672167	-0.04595607	0.04278038	-0.616031	0.19301827	-0.1717066	0.04545086	-0.037669003	0.9999991	-0.62468606	0.31635666	-0.055061445	0.046288054
0.049250726	-0.047254886	0.053605933	-0.062533796	0.033280358	-0.045742787	0.057740018	-0.058260433	0.042661592	-0.034125384	0.1431524	-0.07111451	0.06987917	-0.048667964	0.063197546	-0.1330593	0.14275935	-0.11180376	0.046632774	-0.04553044	0.28621748	-0.17163461	0.14238554	-0.049250185	0.04077335	-0.62468606	0.99999905	-0.67773825	0.06612345	-0.05625629
-0.08749101	0.07879209	-0.09238406	0.09989713	-0.055277098	0.07816154	-0.098989636	0.09527594	-0.07102202	0.056004483	-0.25414458	0.11606091	-0.1180669	0.07983716	-0.109728344	0.1950757	-0.23130333	0.1676243	-0.07724785	0.07386346	-0.43944508	0.21650107	-0.24235709	0.079524696	-0.06778076	0.31635666	-0.67773825	0.99999887	-0.119384326	0.08938637
0.031121764	-0.046060972	0.054796744	-0.16632296	0.08052455	-0.029233785	0.049143963	-0.06811787	0.09665041	-0.08593827	0.05213963	-0.057609614	0.07063111	-0.12725215	0.1750301	-0.043409288	0.056845155	-0.055044938	0.22933666	-0.2856299	0.06957173	-0.04878723	0.057785634	-0.41132015	0.29078478	-0.055061445	0.06612345	-0.119384326	0.9999988	-0.78131163
-0.027665319	0.040195134	-0.048449766	0.13269792	-0.07078102	0.025768988	-0.04366524	0.059934363	-0.08738698	0.07389936	-0.04644081	0.050411947	-0.06349093	0.11081895	-0.17824082	0.038162995	-0.051301517	0.04928456	-0.22383459	0.24527784	-0.061489083	0.043107748	-0.051940724	0.26329133	-0.47626966	0.046288054	-0.05625629	0.08938637	-0.78131163	0.9999988
