1.1269288584589958
1.0971749294549227
1.3633860889822245
0.4268459752202034
1.612233804538846
1.8283124472945929
1.3558643553406
1.9281142503023148
0.9330374449491501
1.6054967809468508
0.655432840809226
1.3932826574891806
1.1551079787313938
1.0836396720260382
1.865288682281971
0.7443514596670866
0.12003773264586926
0.49130604788661003
1.5516512244939804
0.9770767763257027
1.16990259103477
0.8811888452619314
1.9704807382076979
1.5006815940141678
1.2711357176303864
0.24199696071445942
0.8279008250683546
1.5994603093713522
1.946723097935319
1.9716487042605877
0.4349634777754545
0.45352366752922535
0.47557408176362514
0.31784812547266483
1.6269972566515207
1.3401508033275604
0.7414196711033583
0.31757804192602634
1.601186577230692
1.8619569540023804
0.5919083151966333
0.216424860060215
1.184321254491806
0.7605969253927469
1.5755488816648722
1.8333665151149035
1.5509374868124723
0.9887115266174078
1.6956049595028162
