1.1349207293242216
0.2995283082127571
1.252848345786333
0.8945148810744286
1.407222954556346
0.34108409471809864
1.1565065290778875
0.6979082729667425
0.7719607427716255
0.46440027095377445
0.5407198946923018
1.614957982674241
1.6910749860107899
0.7889800742268562
1.3184167835861444
1.706942468881607
0.42235618084669113
0.3440656438469887
0.907105466350913
1.5579271987080574
0.9403338208794594
1.2298353500664234
0.34007013216614723
1.1706253625452518
0.6019736547023058
0.3659991752356291
0.47504766657948494
1.4251299817115068
0.6598231997340918
0.15326404757797718
0.2175077125430107
1.9196990579366684
0.8080369178205729
0.12404112331569195
1.9189973268657923
1.1548653412610292
0.028139369562268257
0.5803025979548693
0.6235960368067026
1.0409972462803125
1.2124631367623806
1.2568845003843307
1.224566150456667
0.14144065976142883
1.427878038957715
1.7911070045083761
1.5318202003836632
1.6783069223165512
0.5159837864339352
