1.0	-0.6800901	0.17217161	-0.18105252	0.061407268	-0.5638019	0.30652925	-0.162146	0.13955	-0.061829627	0.22764485	-0.22948529	0.1572258	-0.10610886	0.09626774	-0.18248546	0.1619564	-0.10648651	0.08294028	-0.091026746	0.07428383	-0.08410971	0.08220553	-0.06542253	0.07627185	-0.059539452	0.060334254	-0.076933175	0.054131903	-0.10240263
-0.6800901	1.0000001	-0.25635555	0.19075158	-0.06646871	0.30315372	-0.53298074	0.18858606	-0.16759479	0.065410584	-0.22023958	0.21515359	-0.18379496	0.11522064	-0.104693346	0.15601246	-0.16926944	0.108254485	-0.08697254	0.093373366	-0.070148595	0.07876151	-0.08486432	0.06713451	-0.07847443	0.05553581	-0.058180716	0.07522077	-0.053465184	0.10102383
0.17217161	-0.25635555	1.0000002	-0.8439189	0.15272993	-0.14784306	0.18060865	-0.27762404	0.19707353	-0.15698265	0.12101034	-0.13302135	0.19829191	-0.14903405	0.14241734	-0.10933451	0.11266081	-0.12401454	0.10352016	-0.12570362	0.062203106	-0.07497173	0.09517049	-0.08063231	0.099043645	-0.053382486	0.05805412	-0.09570134	0.06694685	-0.13338244
-0.18105252	0.19075158	-0.8439189	1.0000002	-0.22133811	0.13911016	-0.18083091	0.21632119	-0.22663	0.16634643	-0.12594897	0.13014936	-0.22118104	0.15438998	-0.16360016	0.10788535	-0.118444115	0.12387599	-0.11060232	0.1265205	-0.06326168	0.07476881	-0.10025986	0.083302565	-0.103384234	0.05296554	-0.058590975	0.09101414	-0.06509459	0.12673664
0.061407268	-0.06646871	0.15272993	-0.22133811	1.0000002	-0.058207963	0.069109134	-0.09683959	0.119180396	-0.915548	0.05538623	-0.06037275	0.1099635	-0.14172488	0.18837605	-0.055462003	0.05795478	-0.088716544	0.08473597	-0.140096	0.039603777	-0.050054897	0.07045741	-0.06687453	0.089799546	-0.036118463	0.04047249	-0.080130324	0.055992506	-0.11721639
-0.5638019	0.30315372	-0.14784306	0.13911016	-0.058207963	1.0000001	-0.5022666	0.18037294	-0.16510752	0.057216175	-0.48426664	0.27546147	-0.1907183	0.11599052	-0.10477157	0.21575412	-0.21840544	0.11661698	-0.091851525	0.095163785	-0.087354645	0.09366749	-0.092267625	0.07115352	-0.081654824	0.06624987	-0.06806024	0.07900311	-0.05645347	0.10411719
0.30652925	-0.53298074	0.18060865	-0.18083091	0.069109134	-0.5022666	1.0000001	-0.32204214	0.19706008	-0.06926939	0.27080423	-0.42382696	0.22426407	-0.14287405	0.12029134	-0.21533899	0.21245906	-0.13520993	0.10319319	-0.11250391	0.08829247	-0.100382924	0.10196486	-0.08097232	0.093228705	-0.07039552	0.07190069	-0.09232655	0.06510184	-0.123586714
-0.162146	0.18858606	-0.27762404	0.21632119	-0.09683959	0.18037294	-0.32204214	0.99999994	-0.5841217	0.09622786	-0.15992464	0.1913607	-0.57698673	0.258317	-0.1934938	0.13943554	-0.15111879	0.1814697	-0.14598675	0.16216518	-0.079599015	0.095665805	-0.13473105	0.1102794	-0.1280128	0.06700604	-0.07347884	0.117418356	-0.082839444	0.16431977
0.13955	-0.16759479	0.19707353	-0.22663	0.119180396	-0.16510752	0.19706008	-0.5841217	0.99999976	-0.12745203	0.1424157	-0.17091446	0.32066086	-0.5206284	0.25991505	-0.14417762	0.14444433	-0.2219932	0.18602991	-0.24587128	0.092693195	-0.11696434	0.15947182	-0.1472126	0.17564441	-0.083554775	0.09181492	-0.1742915	0.12004273	-0.24948221
-0.061829627	0.065410584	-0.15698265	0.16634643	-0.915548	0.057216175	-0.06926939	0.09622786	-0.12745203	0.99999994	-0.054904636	0.05939455	-0.11296201	0.13964234	-0.2515363	0.053595882	-0.05696413	0.08387795	-0.08325547	0.12992874	-0.037642717	0.047009572	-0.068083584	0.0639185	-0.08718042	0.033673804	-0.03789625	0.071578465	-0.050775632	0.10446208
0.22764485	-0.22023958	0.12101034	-0.12594897	0.05538623	-0.48426664	0.27080423	-0.15992464	0.1424157	-0.054904636	1.0000001	-0.57185507	0.18172252	-0.11598644	0.10389906	-0.49275625	0.30135185	-0.13533348	0.09902773	-0.10149589	0.1277432	-0.13419995	0.10470354	-0.07919283	0.088304654	-0.09555844	0.09009368	-0.09112879	0.06467394	-0.11598991
-0.22948529	0.21515359	-0.13302135	0.13014936	-0.06037275	0.27546147	-0.42382696	0.1913607	-0.17091446	0.05939455	-0.57185507	1.0000001	-0.26754907	0.13428144	-0.11790563	0.30184036	-0.5123439	0.15099157	-0.11064964	0.11015701	-0.114760265	0.12339259	-0.11560267	0.08607275	-0.09561024	0.08507861	-0.086864434	0.09315901	-0.06673287	0.12100141
0.1572258	-0.18379496	0.19829191	-0.22118104	0.1099635	-0.1907183	0.22426407	-0.57698673	0.32066086	-0.11296201	0.18172252	-0.26754907	1.0000001	-0.40654284	0.24020219	-0.17910503	0.18593493	-0.33594793	0.20488063	-0.23895222	0.10795624	-0.13518244	0.19636513	-0.16280769	0.18147638	-0.09405641	0.10307334	-0.17865022	0.12371584	-0.25129637
-0.10610886	0.11522064	-0.14903405	0.15438998	-0.14172488	0.11599052	-0.14287405	0.258317	-0.5206284	0.13964234	-0.11598644	0.13428144	-0.40654284	1.0	-0.59461164	0.1140155	-0.12316699	0.20239608	-0.24499327	0.254213	-0.080008775	0.09980595	-0.16262537	0.15700123	-0.18961936	0.06971176	-0.079108216	0.13980235	-0.10115298	0.20339839
0.09626774	-0.104693346	0.14241734	-0.16360016	0.18837605	-0.10477157	0.12029134	-0.1934938	0.25991505	-0.2515363	0.10389906	-0.11790563	0.24020219	-0.59461164	0.9999998	-0.111654446	0.11521231	-0.2136463	0.22032447	-0.50849116	0.086839125	-0.11236684	0.16833876	-0.1742401	0.24069329	-0.08068648	0.09124366	-0.18958059	0.13377857	-0.28652024
-0.18248546	0.15601246	-0.10933451	0.10788535	-0.055462003	0.21575412	-0.21533899	0.13943554	-0.14417762	0.053595882	-0.49275625	0.30184036	-0.17910503	0.1140155	-0.111654446	1.0000001	-0.68714464	0.15940951	-0.118868954	0.1069999	-0.26317993	0.1943485	-0.13541657	0.09368916	-0.100799516	0.14296693	-0.13854672	0.101685524	-0.074829236	0.12146098
0.1619564	-0.16926944	0.11266081	-0.118444115	0.05795478	-0.21840544	0.21245906	-0.15111879	0.14444433	-0.05696413	0.30135185	-0.5123439	0.18593493	-0.12316699	0.11521231	-0.68714464	1.0000001	-0.20697698	0.12580678	-0.117212065	0.17988122	-0.20872478	0.14323075	-0.10172787	0.106639214	-0.13425797	0.12589687	-0.11079849	0.079144165	-0.13601777
-0.10648651	0.108254485	-0.12401454	0.12387599	-0.088716544	0.11661698	-0.13520993	0.1814697	-0.2219932	0.08387795	-0.13533348	0.15099157	-0.33594793	0.20239608	-0.2136463	0.15940951	-0.20697698	1.0000004	-0.45670894	0.22732943	-0.14687076	0.17914844	-0.64291704	0.29477465	-0.24262276	0.11014589	-0.13708948	0.1629737	-0.12521134	0.21848108
0.08294028	-0.08697254	0.10352016	-0.11060232	0.08473597	-0.091851525	0.10319319	-0.14598675	0.18602991	-0.08325547	0.09902773	-0.11064964	0.20488063	-0.24499327	0.22032447	-0.118868954	0.12580678	-0.45670894	1.0000002	-0.37477237	0.10627913	-0.14394887	0.3099149	-0.63320225	0.28938553	-0.09214827	0.10757443	-0.18706135	0.13806371	-0.28065398
-0.091026746	0.093373366	-0.12570362	0.1265205	-0.140096	0.095163785	-0.11250391	0.16216518	-0.24587128	0.12992874	-0.10149589	0.11015701	-0.23895222	0.254213	-0.50849116	0.1069999	-0.117212065	0.22732943	-0.37477237	1.0000002	-0.09229087	0.11596519	-0.22676946	0.25080332	-0.58107316	0.07995939	-0.09531422	0.16859265	-0.13949446	0.26989564
0.07428383	-0.070148595	0.062203106	-0.06326168	0.039603777	-0.087354645	0.08829247	-0.079599015	0.092693195	-0.037642717	0.1277432	-0.114760265	0.10795624	-0.080008775	0.086839125	-0.26317993	0.17988122	-0.14687076	0.10627913	-0.09229087	1.0000001	-0.6689826	0.15099233	-0.099896684	0.09732541	-0.56684226	0.31465834	-0.1315448	0.094837494	-0.12120503
-0.08410971	0.07876151	-0.07497173	0.07476881	-0.050054897	0.09366749	-0.100382924	0.095665805	-0.11696434	0.047009572	-0.13419995	0.12339259	-0.13518244	0.09980595	-0.11236684	0.1943485	-0.20872478	0.17914844	-0.14394887	0.11596519	-0.6689826	1.0000001	-0.25063813	0.13248299	-0.12992018	0.31441116	-0.5173809	0.15900543	-0.12547256	0.14486739
0.08220553	-0.08486432	0.09517049	-0.10025986	0.07045741	-0.092267625	0.10196486	-0.13473105	0.15947182	-0.068083584	0.10470354	-0.11560267	0.19636513	-0.16262537	0.16833876	-0.13541657	0.14323075	-0.64291704	0.3099149	-0.22676946	0.15099233	-0.25063813	0.99999994	-0.5282753	0.23625572	-0.11879944	0.14345637	-0.18972497	0.13504602	-0.24659775
-0.06542253	0.06713451	-0.08063231	0.083302565	-0.06687453	0.07115352	-0.08097232	0.1102794	-0.1472126	0.0639185	-0.07919283	0.08607275	-0.16280769	0.15700123	-0.1742401	0.09368916	-0.10172787	0.29477465	-0.63320225	0.25080332	-0.099896684	0.13248299	-0.5282753	0.99999964	-0.4231775	0.08000279	-0.09892471	0.14873885	-0.12079529	0.22400069
0.07627185	-0.07847443	0.099043645	-0.103384234	0.089799546	-0.081654824	0.093228705	-0.1280128	0.17564441	-0.08718042	0.088304654	-0.09561024	0.18147638	-0.18961936	0.24069329	-0.100799516	0.106639214	-0.24262276	0.28938553	-0.58107316	0.09732541	-0.12992018	0.23625572	-0.4231775	0.9999996	-0.090538934	0.10690693	-0.23492661	0.18827154	-0.50225115
-0.059539452	0.05553581	-0.053382486	0.05296554	-0.036118463	0.06624987	-0.07039552	0.06700604	-0.083554775	0.033673804	-0.09555844	0.08507861	-0.09405641	0.06971176	-0.08068648	0.14296693	-0.13425797	0.11014589	-0.09214827	0.07995939	-0.56684226	0.31441116	-0.11879944	0.08000279	-0.090538934	0.9999993	-0.72215056	0.14578812	-0.11515413	0.109688655
0.060334254	-0.058180716	0.05805412	-0.058590975	0.04047249	-0.06806024	0.07190069	-0.07347884	0.09181492	-0.03789625	0.09009368	-0.086864434	0.10307334	-0.079108216	0.09124366	-0.13854672	0.12589687	-0.13708948	0.10757443	-0.09531422	0.31465834	-0.5173809	0.14345637	-0.09892471	0.10690693	-0.72215056	0.9999994	-0.23357557	0.14220831	-0.14252593
-0.076933175	0.07522077	-0.09570134	0.09101414	-0.080130324	0.07900311	-0.09232655	0.117418356	-0.1742915	0.071578465	-0.09112879	0.09315901	-0.17865022	0.13980235	-0.18958059	0.101685524	-0.11079849	0.1629737	-0.18706135	0.16859265	-0.1315448	0.15900543	-0.18972497	0.14873885	-0.23492661	0.14578812	-0.23357557	0.9999992	-0.78388214	0.29627678
0.054131903	-0.053465184	0.06694685	-0.06509459	0.055992506	-0.05645347	0.06510184	-0.082839444	0.12004273	-0.050775632	0.06467394	-0.06673287	0.12371584	-0.10115298	0.13377857	-0.074829236	0.079144165	-0.12521134	0.13806371	-0.13949446	0.094837494	-0.12547256	0.13504602	-0.12079529	0.18827154	-0.11515413	0.14220831	-0.78388214	0.99999917	-0.5006012
-0.10240263	0.10102383	-0.13338244	0.12673664	-0.11721639	0.10411719	-0.123586714	0.16431977	-0.24948221	0.10446208	-0.11598991	0.12100141	-0.25129637	0.20339839	-0.28652024	0.12146098	-0.13601777	0.21848108	-0.28065398	0.26989564	-0.12120503	0.14486739	-0.24659775	0.22400069	-0.50225115	0.109688655	-0.14252593	0.29627678	-0.5006012	0.99999917
