1.0000001	-0.18759154	0.14594583	-0.08620002	0.10155795	-0.45562795	0.29033613	-0.17220084	0.15078084	-0.1293285	0.2027064	-0.22003742	0.14046226	-0.13998194	0.10654476	-0.15077195	0.12097024	-0.16845341	0.13513681	-0.15029182	0.07263861	-0.077514835	0.06812283	-0.10053235	0.15234204	-0.09619252	0.081286706	-0.06669833	0.13216001	-0.69953775
-0.18759154	1.0000004	-0.8662158	0.18018714	-0.21828742	0.12436151	-0.20051812	0.22024956	-0.23208666	0.091411665	-0.08747718	0.094376504	-0.11218443	0.09838827	-0.08066142	0.06012799	-0.052827694	0.07905833	-0.068878636	0.064655446	-0.029241163	0.032049183	-0.028817695	0.041008167	-0.06555884	0.0375895	-0.03411199	0.027584378	-0.055925712	0.16933058
0.14594583	-0.8662158	1.0000001	-0.2212958	0.1908184	-0.10684172	0.14424954	-0.30107626	0.2116516	-0.090306915	0.074028015	-0.08400744	0.10894741	-0.099050395	0.07651444	-0.058314364	0.050455675	-0.07837465	0.066725485	-0.06345951	0.028255733	-0.030907935	0.027872581	-0.03975781	0.063180454	-0.036590435	0.032693557	-0.026801804	0.053702075	-0.17203405
-0.08620002	0.18018714	-0.2212958	1.0	-0.87704384	0.05067884	-0.06936411	0.22094682	-0.33323774	0.11164682	-0.040527336	0.043383528	-0.097760886	0.09889478	-0.090916485	0.043299522	-0.038108405	0.06495938	-0.05784769	0.053474147	-0.021153456	0.023415161	-0.022062147	0.031927165	-0.052143168	0.02737264	-0.0248395	0.021103425	-0.043441728	0.10464965
0.10155795	-0.21828742	0.1908184	-0.87704384	1.0000005	-0.060652465	0.08155504	-0.26758334	0.24491891	-0.1448918	0.04830285	-0.05220358	0.11249238	-0.118673496	0.105232604	-0.053412557	0.046422046	-0.07930147	0.06916972	-0.06528373	0.026029795	-0.028700136	0.026860325	-0.03877507	0.06276879	-0.033834755	0.030336626	-0.025796736	0.05234596	-0.13436747
-0.45562795	0.12436151	-0.10684172	0.05067884	-0.060652465	1.0000006	-0.7017765	0.097800925	-0.088617206	0.06311181	-0.4173244	0.28206077	-0.080865815	0.07429384	-0.05347936	0.086692154	-0.0746781	0.08236972	-0.066494286	0.06678734	-0.039788432	0.04225794	-0.032871272	0.04432419	-0.06799579	0.04975756	-0.044279132	0.031741	-0.05904655	0.25409013
0.29033613	-0.20051812	0.14424954	-0.06936411	0.08155504	-0.7017765	1.0000006	-0.14197145	0.11988177	-0.08629825	0.28561103	-0.41797963	0.107822545	-0.101058654	0.072429046	-0.11149367	0.094682075	-0.11112917	0.088821806	-0.090785414	0.051349767	-0.05508674	0.04364045	-0.05990371	0.09171657	-0.06562024	0.057116363	-0.04233145	0.07945825	-0.35333884
-0.17220084	0.22024956	-0.30107626	0.22094682	-0.26758334	0.097800925	-0.14197145	1.0000008	-0.7569877	0.17445473	-0.0827013	0.086652406	-0.31411204	0.2189002	-0.16134074	0.08718597	-0.08018518	0.14128561	-0.12695062	0.10643972	-0.04273521	0.047895513	-0.045575783	0.064545214	-0.10683683	0.054561276	-0.051145792	0.043116197	-0.089194134	0.17655799
0.15078084	-0.23208666	0.2116516	-0.33323774	0.24491891	-0.088617206	0.11988177	-0.7569877	1.0000006	-0.22809865	0.073918365	-0.079624504	0.22562681	-0.25855124	0.16797708	-0.08967165	0.07886455	-0.14270058	0.12392508	-0.11043649	0.04344974	-0.048168305	0.04520162	-0.06421066	0.10445438	-0.0563001	0.050744604	-0.0433346	0.08650701	-0.19587168
-0.1293285	0.091411665	-0.090306915	0.11164682	-0.1448918	0.06311181	-0.08629825	0.17445473	-0.22809865	1.0000006	-0.06051861	0.061476804	-0.2627834	0.25096682	-0.8497022	0.0865182	-0.08182689	0.15015283	-0.16408037	0.16178475	-0.04317864	0.049692128	-0.053406328	0.086998366	-0.15893686	0.05476067	-0.05368483	0.04986259	-0.122732535	0.1369351
0.2027064	-0.08747718	0.074028015	-0.040527336	0.04830285	-0.4173244	0.28561103	-0.0827013	0.073918365	-0.06051861	1.0000004	-0.82546914	0.090903826	-0.0807282	0.051718388	-0.12402078	0.104474135	-0.090082176	0.070279814	-0.06456737	0.050556667	-0.053175632	0.03530589	-0.042634536	0.06557402	-0.06019372	0.054227706	-0.03380676	0.057119563	-0.20149143
-0.22003742	0.094376504	-0.08400744	0.043383528	-0.05220358	0.28206077	-0.41797963	0.086652406	-0.079624504	0.061476804	-0.82546914	1.0000001	-0.1053916	0.08458956	-0.053517934	0.1151925	-0.118076526	0.091226846	-0.07230063	0.06367842	-0.050252214	0.054581944	-0.035681963	0.04205218	-0.06516017	0.059025865	-0.056215778	0.033916783	-0.05674702	0.18044418
0.14046226	-0.11218443	0.10894741	-0.097760886	0.11249238	-0.080865815	0.107822545	-0.31411204	0.22562681	-0.2627834	0.090903826	-0.1053916	1.0000002	-0.7401476	0.22485568	-0.14495532	0.13508832	-0.35706887	0.23685294	-0.17260417	0.06688107	-0.07648342	0.07146488	-0.09208912	0.15268351	-0.08508732	0.07813729	-0.06809233	0.12214654	-0.16473705
-0.13998194	0.09838827	-0.099050395	0.09889478	-0.118673496	0.07429384	-0.101058654	0.2189002	-0.25855124	0.25096682	-0.0807282	0.08458956	-0.7401476	1.0	-0.36156818	0.11868708	-0.1168056	0.24392027	-0.3025138	0.17904057	-0.057497434	0.06636319	-0.066886015	0.09682409	-0.17023551	0.07224926	-0.070407435	0.06235654	-0.13292806	0.15155776
0.10654476	-0.08066142	0.07651444	-0.090916485	0.105232604	-0.05347936	0.072429046	-0.16134074	0.16797708	-0.8497022	0.051718388	-0.053517934	0.22485568	-0.36156818	1.0	-0.08254494	0.07583252	-0.14945076	0.1561	-0.18689945	0.040284075	-0.046050668	0.04820648	-0.0783874	0.13987234	-0.05157931	0.04880756	-0.04567208	0.103845894	-0.12644885
-0.15077195	0.06012799	-0.058314364	0.043299522	-0.053412557	0.086692154	-0.11149367	0.08718597	-0.08967165	0.0865182	-0.12402078	0.1151925	-0.14495532	0.11868708	-0.08254494	0.99999994	-0.73842144	0.2332829	-0.20383751	0.13567519	-0.35671568	0.25097078	-0.12523799	0.10127056	-0.15686803	0.25379026	-0.2870295	0.11241601	-0.14433032	0.14251517
0.12097024	-0.052827694	0.050455675	-0.038108405	0.046422046	-0.0746781	0.094682075	-0.08018518	0.07886455	-0.08182689	0.104474135	-0.118076526	0.13508832	-0.1168056	0.07583252	-0.73842144	1.0000001	-0.35497493	0.18858002	-0.13169087	0.22916555	-0.35192788	0.11099461	-0.08805593	0.13253179	-0.2654762	0.24273436	-0.10678857	0.11837235	-0.12932245
-0.16845341	0.07905833	-0.07837465	0.06495938	-0.07930147	0.08236972	-0.11112917	0.14128561	-0.14270058	0.15015283	-0.090082176	0.091226846	-0.35706887	0.24392027	-0.14945076	0.2332829	-0.35497493	1.0000004	-0.6426393	0.26236016	-0.11299349	0.13966218	-0.14686342	0.15699421	-0.27878168	0.13288951	-0.14724088	0.124285646	-0.21876115	0.17636818
0.13513681	-0.068878636	0.066725485	-0.05784769	0.06916972	-0.066494286	0.088821806	-0.12695062	0.12392508	-0.16408037	0.070279814	-0.07230063	0.23685294	-0.3025138	0.1561	-0.20383751	0.18858002	-0.6426393	1.0000002	-0.51864284	0.090874135	-0.10575832	0.10479783	-0.15866841	0.2593292	-0.116011	0.1049718	-0.1006839	0.18154156	-0.17179869
-0.15029182	0.064655446	-0.06345951	0.053474147	-0.06528373	0.06678734	-0.090785414	0.10643972	-0.11043649	0.16178475	-0.06456737	0.06367842	-0.17260417	0.17904057	-0.18689945	0.13567519	-0.13169087	0.26236016	-0.51864284	1.0000002	-0.06759868	0.08053029	-0.10614432	0.23129494	-0.6562413	0.08575303	-0.08633391	0.097574405	-0.29751876	0.17945164
0.07263861	-0.029241163	0.028255733	-0.021153456	0.026029795	-0.039788432	0.051349767	-0.04273521	0.04344974	-0.04317864	0.050556667	-0.050252214	0.06688107	-0.057497434	0.040284075	-0.35671568	0.22916555	-0.11299349	0.090874135	-0.06759868	1.0000001	-0.3209638	0.08717527	-0.054394454	0.07603078	-0.83036995	0.24477443	-0.08201101	0.07464281	-0.07321366
-0.077514835	0.032049183	-0.030907935	0.023415161	-0.028700136	0.04225794	-0.05508674	0.047895513	-0.048168305	0.049692128	-0.053175632	0.054581944	-0.07648342	0.06636319	-0.046050668	0.25097078	-0.35192788	0.13966218	-0.10575832	0.08053029	-0.3209638	0.9999998	-0.17067584	0.07317073	-0.08981511	0.2533083	-0.8018828	0.15638888	-0.095964596	0.08278915
0.06812283	-0.028817695	0.027872581	-0.022062147	0.026860325	-0.032871272	0.04364045	-0.045575783	0.04520162	-0.053406328	0.03530589	-0.035681963	0.07146488	-0.066886015	0.04820648	-0.12523799	0.11099461	-0.14686342	0.10479783	-0.10614432	0.08717527	-0.17067584	0.99999976	-0.19880313	0.12480364	-0.11654806	0.17937548	-0.9114293	0.17449372	-0.08731192
-0.10053235	0.041008167	-0.03975781	0.031927165	-0.03877507	0.04432419	-0.05990371	0.064545214	-0.06421066	0.086998366	-0.042634536	0.04205218	-0.09208912	0.09682409	-0.0783874	0.10127056	-0.08805593	0.15699421	-0.15866841	0.23129494	-0.054394454	0.07317073	-0.19880313	0.9999996	-0.4637155	0.07148414	-0.07907662	0.16041957	-0.7909671	0.14765954
0.15234204	-0.06555884	0.063180454	-0.052143168	0.06276879	-0.06799579	0.09171657	-0.10683683	0.10445438	-0.15893686	0.06557402	-0.06516017	0.15268351	-0.17023551	0.13987234	-0.15686803	0.13253179	-0.27878168	0.2593292	-0.6562413	0.07603078	-0.08981511	0.12480364	-0.4637155	0.99999976	-0.100241266	0.092634216	-0.12392717	0.2905126	-0.25197828
-0.09619252	0.0375895	-0.036590435	0.02737264	-0.033834755	0.04975756	-0.06562024	0.054561276	-0.0563001	0.05476067	-0.06019372	0.059025865	-0.08508732	0.07224926	-0.05157931	0.25379026	-0.2654762	0.13288951	-0.116011	0.08575303	-0.83036995	0.2533083	-0.11654806	0.07148414	-0.100241266	0.9999999	-0.3352579	0.10395243	-0.10016867	0.09297607
0.081286706	-0.03411199	0.032693557	-0.0248395	0.030336626	-0.044279132	0.057116363	-0.051145792	0.050744604	-0.05368483	0.054227706	-0.056215778	0.07813729	-0.070407435	0.04880756	-0.2870295	0.24273436	-0.14724088	0.1049718	-0.08633391	0.24477443	-0.8018828	0.17937548	-0.07907662	0.092634216	-0.3352579	0.99999994	-0.23405807	0.09971883	-0.09199422
-0.06669833	0.027584378	-0.026801804	0.021103425	-0.025796736	0.031741	-0.04233145	0.043116197	-0.0433346	0.04986259	-0.03380676	0.033916783	-0.06809233	0.06235654	-0.04567208	0.11241601	-0.10678857	0.124285646	-0.1006839	0.097574405	-0.08201101	0.15638888	-0.9114293	0.16041957	-0.12392717	0.10395243	-0.23405807	0.9999999	-0.19514324	0.08185759
0.13216001	-0.055925712	0.053702075	-0.043441728	0.05234596	-0.05904655	0.07945825	-0.089194134	0.08650701	-0.122732535	0.057119563	-0.05674702	0.12214654	-0.13292806	0.103845894	-0.14433032	0.11837235	-0.21876115	0.18154156	-0.29751876	0.07464281	-0.095964596	0.17449372	-0.7909671	0.2905126	-0.10016867	0.09971883	-0.19514324	0.99999994	-0.22369835
-0.69953775	0.16933058	-0.17203405	0.10464965	-0.13436747	0.25409013	-0.35333884	0.17655799	-0.19587168	0.1369351	-0.20149143	0.18044418	-0.16473705	0.15155776	-0.12644885	0.14251517	-0.12932245	0.17636818	-0.17179869	0.17945164	-0.07321366	0.08278915	-0.08731192	0.14765954	-0.25197828	0.09297607	-0.09199422	0.08185759	-0.22369835	0.99999994
