0.99999994	-0.43974563	0.20246518	-0.2071451	0.18749732	-0.73342985	0.29797003	-0.25360265	0.18216844	-0.09150958	0.20464948	-0.20300305	0.15629679	-0.14764889	0.08882121	-0.14112873	0.11433948	-0.16134648	0.122067414	-0.12038304	0.02818654	-0.034071065	0.049579084	-0.086188495	0.0936311	-0.034119252	0.032777816	-0.06547128	0.06337121	-0.10502694
-0.43974563	0.99999994	-0.52360976	0.26997823	-0.28037125	0.2700417	-0.5237669	0.26915392	-0.2245913	0.10532288	-0.15151909	0.13668683	-0.16087765	0.14997602	-0.104704715	0.10691352	-0.09351994	0.14969678	-0.12585393	0.12034605	-0.024938948	0.032028675	-0.048216622	0.08397431	-0.09594598	0.030440794	-0.03096272	0.06350026	-0.062467914	0.10303285
0.20246518	-0.52360976	1.0000002	-0.6883739	0.26589915	-0.17183158	0.2356472	-0.27508187	0.18425226	-0.10640612	0.11111147	-0.10806252	0.13859938	-0.13777849	0.098237984	-0.094179176	0.08026557	-0.14265534	0.115004756	-0.120816775	0.02419119	-0.032662883	0.049793966	-0.08857342	0.09330429	-0.029941829	0.031367667	-0.06656404	0.06446493	-0.10806706
-0.2071451	0.26997823	-0.6883739	1.0000001	-0.5245521	0.15445283	-0.22238979	0.21413559	-0.21793474	0.13522889	-0.115694486	0.107828274	-0.14417244	0.14609012	-0.12927881	0.095543504	-0.083407275	0.14476933	-0.12630522	0.13004658	-0.025375616	0.034426995	-0.05272084	0.09340281	-0.10262291	0.031377017	-0.033177778	0.07018724	-0.068689145	0.114373565
0.18749732	-0.28037125	0.26589915	-0.5245521	1.0	-0.17496756	0.2090897	-0.2868222	0.25512388	-0.3337416	0.14909703	-0.15216105	0.20339143	-0.2324795	0.22984731	-0.1592591	0.13096696	-0.25527638	0.20902723	-0.2641981	0.050301697	-0.073746	0.114384726	-0.20992883	0.19804911	-0.06367618	0.07023364	-0.15626219	0.14865184	-0.25411728
-0.73342985	0.2700417	-0.17183158	0.15445283	-0.17496756	1.0000001	-0.4580929	0.22965571	-0.18398654	0.08054044	-0.30051163	0.19881107	-0.15380841	0.13462846	-0.080815464	0.12649798	-0.10986286	0.14112987	-0.11165966	0.10253374	-0.024296679	0.028500255	-0.04117253	0.070427515	-0.08164245	0.029122042	-0.02756724	0.053735197	-0.052701462	0.08627085
0.29797003	-0.5237669	0.2356472	-0.22238979	0.2090897	-0.4580929	0.9999998	-0.5414292	0.23070858	-0.101317674	0.17446032	-0.17143945	0.19081907	-0.17424104	0.099079624	-0.12435585	0.10684744	-0.17717646	0.13580947	-0.12959102	0.02736069	-0.03450312	0.05158387	-0.08970359	0.10029989	-0.033317983	0.033264134	-0.06795207	0.06632053	-0.10998227
-0.25360265	0.26915392	-0.27508187	0.21413559	-0.2868222	0.22965571	-0.5414292	0.9999998	-0.48497543	0.1362139	-0.19120108	0.17791365	-0.37911338	0.2611285	-0.14053345	0.13946426	-0.1300324	0.23491453	-0.19963633	0.16730012	-0.03240439	0.04127883	-0.06295597	0.10756059	-0.13346668	0.03931634	-0.040130846	0.08163256	-0.081664756	0.13338439
0.18216844	-0.2245913	0.18425226	-0.21793474	0.25512388	-0.18398654	0.23070858	-0.48497543	0.99999964	-0.20505261	0.17297924	-0.18484844	0.29961255	-0.5582564	0.18728326	-0.17204481	0.14764214	-0.31478176	0.25933468	-0.2593363	0.044559956	-0.060872193	0.09456185	-0.1677242	0.18412313	-0.055206813	0.058459442	-0.12574983	0.12279184	-0.20823741
-0.09150958	0.10532288	-0.10640612	0.13522889	-0.3337416	0.08054044	-0.101317674	0.1362139	-0.20505261	0.99999964	-0.08339042	0.08195131	-0.13690947	0.17859499	-0.8617736	0.07920631	-0.07107389	0.14302242	-0.1609772	0.19228213	-0.023006016	0.0327213	-0.05265976	0.09283957	-0.14394686	0.028527226	-0.031826913	0.06891126	-0.07335773	0.12158916
0.20464948	-0.15151909	0.11111147	-0.115694486	0.14909703	-0.30051163	0.17446032	-0.19120108	0.17297924	-0.08339042	0.9999996	-0.79498136	0.21622303	-0.17654401	0.08518068	-0.30454484	0.23446834	-0.2086684	0.13995172	-0.11958691	0.04130126	-0.03838081	0.04809831	-0.07776811	0.09273609	-0.04766061	0.03704446	-0.06121211	0.05901547	-0.09465053
-0.20300305	0.13668683	-0.10806252	0.107828274	-0.15216105	0.19881107	-0.17143945	0.17791365	-0.18484844	0.08195131	-0.79498136	0.9999996	-0.30383065	0.17612661	-0.08630363	0.24470751	-0.32322636	0.20403917	-0.14627263	0.1148167	-0.036365684	0.034839455	-0.045046084	0.07217893	-0.09141972	0.04152667	-0.03395155	0.056725703	-0.05565478	0.088417776
0.15629679	-0.16087765	0.13859938	-0.14417244	0.20339143	-0.15380841	0.19081907	-0.37911338	0.29961255	-0.13690947	0.21622303	-0.30383065	0.99999976	-0.54512733	0.14423457	-0.18223025	0.17564416	-0.5436952	0.27075827	-0.20039645	0.036276136	-0.04389064	0.06852381	-0.11069383	0.14436388	-0.04345553	0.042618066	-0.08585397	0.084705524	-0.13800922
-0.14764889	0.14997602	-0.13777849	0.14609012	-0.2324795	0.13462846	-0.17424104	0.2611285	-0.5582564	0.17859499	-0.17654401	0.17612661	-0.54512733	0.9999995	-0.22684479	0.1434754	-0.13979842	0.30278543	-0.41277564	0.22840151	-0.033775594	0.043827333	-0.06964627	0.11706562	-0.17169951	0.040922444	-0.042802226	0.088443324	-0.091893926	0.14984895
0.08882121	-0.104704715	0.098237984	-0.12927881	0.22984731	-0.080815464	0.099079624	-0.14053345	0.18728326	-0.8617736	0.08518068	-0.08630363	0.14423457	-0.22684479	0.9999997	-0.0852775	0.07531052	-0.16175562	0.17295441	-0.26662514	0.024983099	-0.03596622	0.05813343	-0.10404882	0.15104535	-0.031099238	0.034792688	-0.07679087	0.08040841	-0.13849258
-0.14112873	0.10691352	-0.094179176	0.095543504	-0.1592591	0.12649798	-0.12435585	0.13946426	-0.17204481	0.07920631	-0.30454484	0.24470751	-0.18223025	0.1434754	-0.0852775	0.9999999	-0.8506621	0.20907909	-0.15828185	0.11532299	-0.092687085	0.05673162	-0.051668767	0.0742789	-0.09865222	0.087884046	-0.055694215	0.062372994	-0.059529964	0.088720724
0.11433948	-0.09351994	0.08026557	-0.083407275	0.13096696	-0.10986286	0.10684744	-0.1300324	0.14764214	-0.07107389	0.23446834	-0.32322636	0.17564416	-0.13979842	0.07531052	-0.8506621	0.99999964	-0.27127567	0.14723605	-0.11098069	0.0725837	-0.05075682	0.047659542	-0.069252945	0.08852727	-0.07952034	0.048139393	-0.05796562	0.05445003	-0.08274278
-0.16134648	0.14969678	-0.14265534	0.14476933	-0.25527638	0.14112987	-0.17717646	0.23491453	-0.31478176	0.14302242	-0.2086684	0.20403917	-0.5436952	0.30278543	-0.16175562	0.20907909	-0.27127567	0.9999998	-0.5425581	0.24667671	-0.042511273	0.05132301	-0.08800163	0.12650704	-0.19990005	0.0500706	-0.050703883	0.10080396	-0.102279365	0.15776964
0.122067414	-0.12585393	0.115004756	-0.12630522	0.20902723	-0.11165966	0.13580947	-0.19963633	0.25933468	-0.1609772	0.13995172	-0.14627263	0.27075827	-0.41277564	0.17295441	-0.15828185	0.14723605	-0.5425581	0.9999997	-0.54916406	0.03864764	-0.052800693	0.088990636	-0.15377285	0.23704427	-0.04711886	0.051387474	-0.11254876	0.11957039	-0.20805673
-0.12038304	0.12034605	-0.120816775	0.13004658	-0.2641981	0.10253374	-0.12959102	0.16730012	-0.2593363	0.19228213	-0.11958691	0.1148167	-0.20039645	0.22840151	-0.26662514	0.11532299	-0.11098069	0.24667671	-0.54916406	0.99999976	-0.03567486	0.05248537	-0.09163076	0.15878403	-0.5651688	0.043785486	-0.052143816	0.11502829	-0.14688604	0.24477439
0.02818654	-0.024938948	0.02419119	-0.025375616	0.050301697	-0.024296679	0.02736069	-0.03240439	0.044559956	-0.023006016	0.04130126	-0.036365684	0.036276136	-0.033775594	0.024983099	-0.092687085	0.0725837	-0.042511273	0.03864764	-0.03567486	0.9999995	-0.34374514	0.078994915	-0.05851095	0.044277124	-0.89639497	0.23588488	-0.08474783	0.05156782	-0.04468093
-0.034071065	0.032028675	-0.032662883	0.034426995	-0.073746	0.028500255	-0.03450312	0.04127883	-0.060872193	0.0327213	-0.03838081	0.034839455	-0.04389064	0.043827333	-0.03596622	0.05673162	-0.05075682	0.05132301	-0.052800693	0.05248537	-0.34374514	0.9999999	-0.20000859	0.11376549	-0.075689845	0.24832761	-0.85343957	0.18935776	-0.10562821	0.076549016
0.049579084	-0.048216622	0.049793966	-0.05272084	0.114384726	-0.04117253	0.05158387	-0.06295597	0.09456185	-0.05265976	0.04809831	-0.045046084	0.06852381	-0.06964627	0.05813343	-0.051668767	0.047659542	-0.08800163	0.088990636	-0.09163076	0.078994915	-0.20000859	1.0	-0.49498707	0.13970037	-0.097979695	0.18120164	-0.7653721	0.25607932	-0.16521905
-0.086188495	0.08397431	-0.08857342	0.09340281	-0.20992883	0.070427515	-0.08970359	0.10756059	-0.1677242	0.09283957	-0.07776811	0.07217893	-0.11069383	0.11706562	-0.10404882	0.0742789	-0.069252945	0.12650704	-0.15377285	0.15878403	-0.05851095	0.11376549	-0.49498707	1.0000002	-0.27481857	0.07025374	-0.12246417	0.2987151	-0.6428467	0.27152988
0.0936311	-0.09594598	0.09330429	-0.10262291	0.19804911	-0.08164245	0.10029989	-0.13346668	0.18412313	-0.14394686	0.09273609	-0.09141972	0.14436388	-0.17169951	0.15104535	-0.09865222	0.08852727	-0.19990005	0.23704427	-0.5651688	0.044277124	-0.075689845	0.13970037	-0.27481857	1.0	-0.055995945	0.07368905	-0.18683107	0.23576833	-0.59875727
-0.034119252	0.030440794	-0.029941829	0.031377017	-0.06367618	0.029122042	-0.033317983	0.03931634	-0.055206813	0.028527226	-0.04766061	0.04152667	-0.04345553	0.040922444	-0.031099238	0.087884046	-0.07952034	0.0500706	-0.04711886	0.043785486	-0.89639497	0.24832761	-0.097979695	0.07025374	-0.055995945	0.99999976	-0.31656304	0.10076059	-0.06519663	0.054933365
0.032777816	-0.03096272	0.031367667	-0.033177778	0.07023364	-0.02756724	0.033264134	-0.040130846	0.058459442	-0.031826913	0.03704446	-0.03395155	0.042618066	-0.042802226	0.034792688	-0.055694215	0.048139393	-0.050703883	0.051387474	-0.052143816	0.23588488	-0.85343957	0.18120164	-0.12246417	0.07368905	-0.31656304	0.99999976	-0.26521036	0.106297255	-0.08051914
-0.06547128	0.06350026	-0.06656404	0.07018724	-0.15626219	0.053735197	-0.06795207	0.08163256	-0.12574983	0.06891126	-0.06121211	0.056725703	-0.08585397	0.088443324	-0.07679087	0.062372994	-0.05796562	0.10080396	-0.11254876	0.11502829	-0.08474783	0.18935776	-0.7653721	0.2987151	-0.18683107	0.10076059	-0.26521036	0.99999976	-0.3608366	0.18919557
0.06337121	-0.062467914	0.06446493	-0.068689145	0.14865184	-0.052701462	0.06632053	-0.081664756	0.12279184	-0.07335773	0.05901547	-0.05565478	0.084705524	-0.091893926	0.08040841	-0.059529964	0.05445003	-0.102279365	0.11957039	-0.14688604	0.05156782	-0.10562821	0.25607932	-0.6428467	0.23576833	-0.06519663	0.106297255	-0.3608366	0.99999976	-0.5438297
-0.10502694	0.10303285	-0.10806706	0.114373565	-0.25411728	0.08627085	-0.10998227	0.13338439	-0.20823741	0.12158916	-0.09465053	0.088417776	-0.13800922	0.14984895	-0.13849258	0.088720724	-0.08274278	0.15776964	-0.20805673	0.24477439	-0.04468093	0.076549016	-0.16521905	0.27152988	-0.59875727	0.054933365	-0.08051914	0.18919557	-0.5438297	0.99999976
