1.9017107408678782
0.1688345104135187
1.4488305811791242
1.9886608827273915
1.2878199134798676
0.9417353949792693
0.31029325284199727
0.44314323296851255
0.9082003733061519
0.6518758208908568
1.1323487626744233
0.42910654487978905
0.30407736601447355
1.3451609491685232
0.4360881011611517
0.0015696902211126407
1.5119462595120445
1.2231136546872354
0.15830308020042239
1.1190944049609297
1.6671730887763228
1.6297246827435357
1.3230625979065262
1.7120448676610296
0.19889208602466768
0.3706336884124872
0.4798610209285996
0.5433540001940274
1.8621096799496641
1.9002906440689817
0.884487328513692
1.1176956231754454
1.1718580601209858
1.622348382416955
0.558342247971475
0.9203104324999316
0.8807888471541099
0.782013435346703
1.4405784650047277
1.918607783837504
1.7641367611489038
1.5881635585944447
0.08884935274073702
1.0250987629268522
0.4278056891285835
0.08455598699822486
0.3930346120330279
1.9825326881571579
1.3674042024326543
0.15783856921125183
1.5900622966166076
0.944435832062319
0.9024911594448857
1.8079621879564403
1.7430097729778915
1.2842609294107104
0.7473321996331224
1.1377342557442884
1.3945891539126192
1.6907267301613764
0.7485583834967884
0.15414242546785561
0.254384904852055
1.379877433540992
1.2189652401321316
0.5193412144468936
0.6527047156382186
1.8524239681427095
0.3179651149387752
1.3465551502164341
1.5420178758714285
0.9254243347854763
1.237616376170213
0.07031826819665099
1.1283806682427122
1.399668688050186
1.925357430189024
0.6152340009231987
1.1687004714907008
1.7738891186702308
1.0482181514218172
0.2549108040441763
0.43746393688509766
0.2555918581622474
1.4083604855407614
0.27989872165855734
1.0797880450941941
0.6677761625083396
1.4955208687154178
1.8201320999036033
0.21123331631170772
1.2764717271455173
0.17205105248145047
1.0928873164533814
1.3479962826348766
1.3293431295845093
1.6074978851291684
1.7445809709201496
0.5685369728365168
1.0125046157641409
1.8290566193027866
0.4827474199558721
0.21580999727734151
1.3124042104587628
0.18347901064011407
1.1688235468770138
1.414047630579821
1.5278953823264467
1.9302373897442537
0.5459955058810533
0.5766422730788519
0.7782055106912278
1.3276383249757018
1.5717559138322734
0.31438699541819126
1.3221755059299838
1.4833970527282712
1.7593431238663633
1.292483775320359
0.493994289150834
0.9290248302893995
0.7901199643386156
1.3974438736243602
1.673375360320342
0.5302879888198186
0.991367654894556
0.22737879825744955
1.4949422343721634
0.8707176312004687
1.4349726774320182
1.9180441955657437
0.7525307050341055
0.7503258918172402
0.36270130197991346
1.068503188902256
0.013371203361445705
1.392625653593408
1.8645771094303405
1.9925058429771918
1.490634947109268
1.4665332382603995
0.5261854457931616
1.9120509207018588
1.3015131146437173
1.4953900668755737
1.0102869530069285
0.27164584009165216
0.9665406381660198
0.33640622831150213
1.4732400105422365
0.5890864206155306
1.4867370711115502
0.10068924418220004
1.3569524477281603
1.9059197785065134
1.8452521522355108
0.9112985801353395
1.257432680353451
0.8645577217020552
0.23129725373967847
0.8157142689153674
1.4768563390943525
1.8467437691003084
1.3406277578018235
0.5332873604565358
1.565528932518164
0.36977364301027715
1.9467214964704527
0.5169663248142089
1.1123988542200869
0.9582356420941223
1.9768261564946563
1.2501356878404648
0.45973627906239356
0.7970720242642548
0.5296528092527073
0.11248028381192254
0.6747334181791846
0.3561006600706593
1.8565870171866943
1.111814335446046
1.9763111368895687
1.852030792444611
0.49665445265394714
0.059529795108880235
0.39542338427749013
0.229507915454348
1.0816417817634676
1.4121535839075383
0.07432883854976113
