1.0000001	0.23060386	-0.5451801	-0.34018955	-0.22258377	-0.45049283	-0.1838436	0.23924924	0.14242055	0.12827882	-0.060997248	0.064204946	0.2497406	-0.06301859	0.288624	0.03319224	-0.32023683	-0.10170337	-0.18403484	0.09596624
0.23060386	1.0000004	-0.37814596	-0.009052693	-0.08895457	-0.34590572	-0.42177096	0.056035433	0.2733783	0.093472384	-0.25857165	0.17661184	0.17263752	-0.26235336	0.2740611	-0.18205394	-0.11769066	-0.08933995	-0.39183643	0.2688756
-0.5451801	-0.37814596	1.0000002	0.1742022	0.15437223	0.26567155	0.19616589	-0.36961603	-0.146866	-0.0813349	0.10484665	-0.077208124	-0.27020565	0.08015761	-0.40621588	-0.014907807	0.26315463	0.055055637	0.14886874	-0.1528145
-0.34018955	-0.009052693	0.1742022	1.0000004	0.29172066	0.19960815	-0.034685895	-0.43999636	0.04222492	-0.28742534	-0.2832538	0.016006077	-0.32369435	-0.059514865	-0.21389505	-0.21042365	0.27902237	0.20270954	-0.12922285	0.12586074
-0.22258377	-0.08895457	0.15437223	0.29172066	1.0000002	0.22949459	-0.028164973	-0.2354747	0.06778798	-0.23829848	-0.35791022	-0.054568194	-0.34403768	-0.006405005	-0.20737383	-0.34727702	0.2273863	0.21092823	-0.18048896	0.12984754
-0.45049283	-0.34590572	0.26567155	0.19960815	0.22949459	1.0000002	0.21964718	-0.16221602	-0.15085454	-0.24166441	0.017392084	-0.2367094	-0.51036394	0.17539927	-0.3029792	-0.10878617	0.2149663	0.20197384	0.07409153	-0.088272125
-0.1838436	-0.42177096	0.19616589	-0.034685895	-0.028164973	0.21964718	1.0000002	-0.018329468	-0.31477433	-0.19831441	0.24253154	-0.31781298	-0.24493332	0.27122328	-0.32104993	0.14195326	0.07354315	0.12256356	0.23242025	-0.41636822
0.23924924	0.056035433	-0.36961603	-0.43999636	-0.2354747	-0.16221602	-0.018329468	1.0000002	-0.025535049	0.11896705	0.07066559	-0.07387798	0.20026639	0.10598341	0.20088027	0.12540576	-0.6155239	-0.15728994	0.061672498	-0.081266485
0.14242055	0.2733783	-0.146866	0.04222492	0.06778798	-0.15085454	-0.31477433	-0.025535049	1.0000002	0.028513512	-0.33752558	0.06374324	0.03616503	-0.19578621	0.22839127	-0.4804208	-0.079038665	0.01280018	-0.47036332	0.30573934
0.12827882	0.093472384	-0.0813349	-0.28742534	-0.23829848	-0.24166441	-0.19831441	0.11896705	0.028513512	1.0000004	0.055510025	0.19963321	0.2729766	-0.19865085	0.07222093	0.11501823	-0.17177449	-0.7103976	0.092832394	-0.04956302
-0.060997248	-0.25857165	0.10484665	-0.2832538	-0.35791022	0.017392084	0.24253154	0.07066559	-0.33752558	0.055510025	1.0000004	-0.24499929	0.052046847	0.2090852	-0.21320699	0.21583916	-0.027924905	-0.118422404	0.26873466	-0.3338399
0.064204946	0.17661184	-0.077208124	0.016006077	-0.054568194	-0.2367094	-0.31781298	-0.07387798	0.06374324	0.19963321	-0.24499929	1.0000004	0.18026005	-0.66940266	0.118358254	0.08017852	-0.028167466	-0.26415607	-0.05985123	0.12775703
0.2497406	0.17263752	-0.27020565	-0.32369435	-0.34403768	-0.51036394	-0.24493332	0.20026639	0.03616503	0.2729766	0.052046847	0.18026005	1.0000002	-0.17705384	0.19740775	0.14873555	-0.29070127	-0.36531013	0.016106386	-4.2889562e-5
-0.06301859	-0.26235336	0.08015761	-0.059514865	-0.006405005	0.17539927	0.27122328	0.10598341	-0.19578621	-0.19865085	0.2090852	-0.66940266	-0.17705384	1.0000001	-0.14833553	-0.004374673	-0.058520783	0.12675712	0.13611282	-0.2613023
0.288624	0.2740611	-0.40621588	-0.21389505	-0.20737383	-0.3029792	-0.32104993	0.20088027	0.22839127	0.07222093	-0.21320699	0.118358254	0.19740775	-0.14833553	1.0	-0.088435054	-0.38925797	-0.02872986	-0.23973888	0.17927448
0.03319224	-0.18205394	-0.014907807	-0.21042365	-0.34727702	-0.10878617	0.14195326	0.12540576	-0.4804208	0.11501823	0.21583916	0.08017852	0.14873555	-0.004374673	-0.088435054	0.9999999	-0.119267255	-0.14540143	0.27039272	-0.42936757
-0.32023683	-0.11769066	0.26315463	0.27902237	0.2273863	0.2149663	0.07354315	-0.6155239	-0.079038665	-0.17177449	-0.027924905	-0.028167466	-0.29070127	-0.058520783	-0.38925797	-0.119267255	1.0000001	0.14596803	-0.010920372	0.024983674
-0.10170337	-0.08933995	0.055055637	0.20270954	0.21092823	0.20197384	0.12256356	-0.15728994	0.01280018	-0.7103976	-0.118422404	-0.26415607	-0.36531013	0.12675712	-0.02872986	-0.14540143	0.14596803	1.0000001	-0.14365648	0.045650966
-0.18403484	-0.39183643	0.14886874	-0.12922285	-0.18048896	0.07409153	0.23242025	0.061672498	-0.47036332	0.092832394	0.26873466	-0.05985123	0.016106386	0.13611282	-0.23973888	0.27039272	-0.010920372	-0.14365648	1.0000001	-0.49111876
0.09596624	0.2688756	-0.1528145	0.12586074	0.12984754	-0.088272125	-0.41636822	-0.081266485	0.30573934	-0.04956302	-0.3338399	0.12775703	-4.2889562e-5	-0.2613023	0.17927448	-0.42936757	0.024983674	0.045650966	-0.49111876	1.0000001
