1.6384968113437677
0.31499645492515405
0.4085131975599281
0.7160206533645208
1.2466079568155826
1.1085623472009447
0.6346554558199504
0.22837318049858246
0.7625167933652022
1.4931685813747269
0.7523180122897135
1.7468140621819435
0.013424270931391868
1.7919579501478382
0.6181844095692732
0.3907253275426408
1.263964094806929
1.0397730074928762
0.1831402765767869
1.5079457803791978
1.785472512035245
1.0649598388534656
0.25573812726576883
0.3862403279583244
1.9107788155774261
0.14240340372065674
0.5148363357357704
0.4392675701847897
0.3379007916861936
1.1815234824889993
0.6512719532311981
1.5185673071410417
0.05268953687406941
0.17767519309552848
1.663167359877834
1.7799382854851404
0.6347805157759077
1.7795893022049354
0.2613692543172288
1.1482352167018202
1.2289417621007905
1.2016408376638166
1.124514903174745
0.96659444959811
0.757875686425421
1.1556155058466584
0.04313569810335438
1.6385466291253785
0.6000987098569246
0.6547774960115538
1.3707009087806044
0.4571926645079891
1.2448260141997833
1.6966212155419
0.43154639395232675
1.4399792838581307
1.7983993634006894
0.2158357199251515
1.7656098385792236
1.8831887863135734
0.1350886810619416
1.0860690459813644
1.647716671913503
1.2094154246298152
0.8906030981867483
1.5749498988523898
0.8896998576786506
0.4815551094539139
1.7585217498506949
1.9202397247134886
1.3121877196218317
1.2793375097884698
1.1123888420778187
1.5671467935527463
0.48805461884267265
1.4294663486921355
1.8872517131966653
0.35300143101007353
0.19438987782295403
0.30266936715680837
1.1833588067808263
0.790239911197905
0.622668471707009
0.44529601163269694
1.8815291365961702
1.503704832106703
1.4399576643814318
1.8502323646284753
0.30426098220916975
1.1745191582921035
0.9039049096030729
1.1410618012027742
1.0517625522537264
0.9877697381331363
0.6164678088422149
1.6168190381191436
1.3216448994328642
1.5375303692840272
0.7198515684631395
0.050668232288112014
1.6890527014555723
1.5514382559088038
0.6587283770500378
0.6016517027930057
0.10993147900607858
1.0489659512600429
1.2352687702321334
0.8129051235879061
0.8385770945624043
1.1431694944520467
0.08315217509781081
0.8606895133005084
1.2522514655949308
1.758671009902515
0.9705550434150321
1.4753451129779087
1.542468496584867
0.2596159685936399
0.24517249400882024
0.48700037882887726
1.6665348226178647
1.9007743865899127
0.5115646011548436
1.977203087088879
0.05171778205589872
0.2573757714976168
1.2077211006150155
0.6540849379478417
0.5171070108968618
1.6287627175145927
1.0105527159906567
0.5944607734888576
1.130535001153316
0.8173433118325142
0.7379876302897492
0.6066795175887449
0.1697544327405789
1.7936842557492205
0.3384142318054142
1.355358467631364
0.25208109728434636
0.7731524511505958
0.2644812286363123
0.05212787546897624
0.4914378316285657
0.02515016182462948
0.31830970274563253
1.1973176584613878
0.21758535087273723
1.7284903666961997
1.948798562117595
1.221339647634865
0.3040799230418947
1.1524680990971548
1.004518413949164
1.5083886410382898
1.9595746822187792
1.6350415943573875
0.9444622220288137
1.3599800389527745
1.8921328116930003
0.5521278489740067
0.0854108390134718
1.5884842450990377
1.2545858596466246
0.34626240876086545
1.802901327225917
0.8347574506822659
0.28870191749199425
0.84475122703298
1.4769035174952831
1.2887262684866638
1.654410964680994
0.6876595577708067
1.4938594903716629
0.7338400321203
0.4007001557079599
0.30830624959129294
1.4712845901258924
1.1448545290839673
0.011212556588053868
0.37137704457863663
1.4001486747688
1.4613458355647622
0.8760604462725965
1.2854721691417386
1.7932265795060418
0.17276027263584748
0.572354632591815
0.8131053272707194
