1.5962465624075863
1.24744739093591
1.322367081319558
1.2235168205778004
1.1408934662652042
1.3253669102343848
1.1329819936205179
0.8235136696654448
0.05222561801725467
0.775640603217078
0.6785684318761154
0.01563037069899198
0.6095046584738004
0.46183676653014083
0.49405101087629855
0.9405773435019809
0.6094692431902173
0.4470909955700162
1.816541756435344
0.3753525600395964
0.39666982814393514
1.931827185307656
0.3699428295840297
0.1031929971691794
0.15357024379827333
0.03652332517325951
0.2685461684940198
1.6825446684488135
0.26645754367419494
0.5300910382387585
0.6195738608041672
0.687721001828377
1.204220553302079
0.9033341070066636
1.9529712481662473
1.5004264715459825
0.3794189048757497
0.8167811530884748
0.9102554504174012
1.0910703902900396
0.5440128090699083
0.18384111375230838
1.1857329011930797
0.43311065215429734
1.2988134743639674
0.5586740942837594
0.3214031903272849
1.8876614252221753
1.651036477210693
1.312649189832221
0.30356449600470325
0.5748409901290188
1.9499884945927837
1.2011132166857943
0.13468871862594867
1.073272808074516
0.5033949561345687
1.824622582504635
0.857436352781052
0.7226961177409099
1.1736838797329634
1.2184691996908965
0.9676808098496645
0.04591155439999284
0.6066442613206344
0.2458668651971052
1.7547281837393063
1.1808263081193437
0.5860626016527326
1.762058341944329
1.1125679350179811
0.9959665953868335
0.037550713914062506
0.2728394513351
1.9060151685909261
0.16701426968172228
0.4760338713272423
0.17348545026501738
0.7410307694184695
1.6064708951171978
0.4464636897418248
1.2812683751801883
0.3951596906414052
1.2764664413021236
0.5899439600326744
0.06324135331891978
1.2127049882463228
1.967259656144527
1.7358132793255683
1.5457746035871294
0.2506159929990954
0.9530633274789511
1.3128911342811438
0.17161076717571078
1.066197100153199
0.9994102654177153
0.7795648342722328
1.8352027230544863
1.1291538593220387
1.2090333555953516
0.9732982560016876
1.477305891317076
0.7554702470179806
1.0944376414945431
1.1749935767174449
0.8546492048624794
1.1863961318746399
1.2308172225011236
1.0787995951647404
1.7395832119918138
0.6797184467858475
1.9657949590025166
0.31333176496078585
1.4797047463083433
0.4013695669521906
1.4869077690015418
1.7559862431709408
1.430536005454481
1.2772612624728141
0.2171157621223081
0.7926639203570842
0.7204693527171722
0.07480545763934754
1.1994552184378438
0.7707379675193735
0.3250850391650175
0.8144960612539349
0.3968614317656485
0.04834257707874268
0.981039430992737
1.3551160985449937
1.1700407184789239
1.5257433766866904
0.6150792328375796
1.008648657247804
0.2093380193565162
1.1439217516836768
1.6642970069799545
0.24085343558566374
1.9164692557650294
1.4158063269904926
1.395930775312897
0.7706416103221538
0.925860317194747
0.5984226800015546
1.5668709562886114
1.4386011316993812
1.1807679278094085
1.5340028526151235
1.693617519749309
1.7082304032751543
1.1492257863744781
0.5676716154366037
1.1186637528985526
1.600730965630449
1.4042674235934862
0.8454681300919487
1.3473009228238841
0.8319107965962307
0.14297788442702308
0.3109877867980815
1.1309955752190364
0.7117832776542485
0.17379681996371388
1.308619076816712
1.8921035457769333
0.9784522483526787
0.4451967817394331
1.1366276534976252
0.1900076091037124
1.659109365009433
1.9035317000843477
0.6297627200802123
1.3561192879688306
1.1844791876468055
1.0734913973869409
1.7047171923188857
1.070171574038845
1.8116142237300243
1.7410481383611236
1.0869922419396572
0.2100219847565945
0.3816255744277095
0.27918793991970614
1.9911361870018576
0.44711759568069187
0.3896587398420106
0.410640581839933
1.6057367027883933
1.7717838097250909
