0.99999994	0.16847053	0.21269144	-0.27684867	0.1612816	-0.13409497	-0.21455051	-0.2581131	-0.2590302	0.2102894	0.053029325	0.2834848	0.015826019	-0.07665461	0.07551479	0.036498025	0.07351651	-0.26683798	-0.3233502	-0.48112094
0.16847053	0.9999999	0.06713217	-0.3984395	0.16841975	0.009282491	0.023262238	-0.04283307	-0.39172655	0.17491962	-0.112106696	0.22605194	-0.16492155	-0.4944075	0.17473373	-0.015472497	0.24923411	-0.06961101	-0.24250722	-0.32948008
0.21269144	0.06713217	0.99999964	-0.0123341	-0.12209018	-0.49198514	-0.48991048	0.025655685	0.008819415	-0.03781985	0.26889417	0.1059076	0.23579527	0.01779514	-0.24630502	-0.26454777	-0.09142952	0.08492845	-0.05139838	-0.21979778
-0.27684867	-0.3984395	-0.0123341	0.9999994	-0.38773766	-0.1360262	-0.23496746	0.12701312	0.24149251	-0.19524984	0.17166753	-0.39698917	0.15882017	0.16901234	-0.3044309	0.0043352884	-0.14173953	0.21071808	0.21928534	0.18241923
0.1612816	0.16841975	-0.12209018	-0.38773766	0.99999934	0.20068054	0.14609776	-0.38465893	-0.42364332	0.29828772	-0.19666247	0.22133642	-0.2564219	-0.24336074	0.26503256	0.202399	0.21027341	-0.4427842	-0.3529976	-0.06345097
-0.13409497	0.009282491	-0.49198514	-0.1360262	0.20068054	0.9999992	0.28962752	-0.16283147	-0.17279801	0.13423224	-0.4334047	-0.0459689	-0.41256604	-0.077473864	0.24209782	0.25510338	0.10812591	-0.22297317	-0.11267529	0.16364862
-0.21455051	0.023262238	-0.48991048	-0.23496746	0.14609776	0.28962752	0.99999905	-0.06441768	-0.06612542	0.070835754	-0.5004423	0.006087087	-0.29766643	-0.062569775	0.24221057	0.16446571	0.13730651	-0.19442354	-0.050610244	0.095791616
-0.2581131	-0.04283307	0.025655685	0.12701312	-0.38465893	-0.16283147	-0.06441768	0.9999993	0.2531737	-0.50249803	0.13879985	-0.20116575	0.2085465	0.0680913	-0.30356666	-0.45161816	-0.0994297	0.28050864	0.28359205	0.0857525
-0.2590302	-0.39172655	0.008819415	0.24149251	-0.42364332	-0.17279801	-0.06612542	0.2531737	0.99999934	-0.44338045	0.14024708	-0.24554501	0.22625749	0.23208076	-0.3197139	-0.22403285	-0.28374112	0.26764855	0.29930866	0.16070934
0.2102894	0.17491962	-0.03781985	-0.19524984	0.29828772	0.13423224	0.070835754	-0.50249803	-0.44338045	0.9999993	-0.11257877	0.2453971	-0.24523652	-0.2441423	0.2437603	0.20956862	0.21432808	-0.40653056	-0.40715662	-0.20702474
0.053029325	-0.112106696	0.26889417	0.17166753	-0.19666247	-0.4334047	-0.5004423	0.13879985	0.14024708	-0.11257877	0.9999991	-0.06978727	0.2986537	0.084289506	-0.40465558	-0.3421314	-0.23290055	0.18727194	0.1118692	-0.0500513
0.2834848	0.22605194	0.1059076	-0.39698917	0.22133642	-0.0459689	0.006087087	-0.20116575	-0.24554501	0.2453971	-0.06978727	0.99999917	-0.1296418	-0.18042774	0.19291131	0.057205547	0.18912493	-0.37022293	-0.44942784	-0.43832886
0.015826019	-0.16492155	0.23579527	0.15882017	-0.2564219	-0.41256604	-0.29766643	0.2085465	0.22625749	-0.24523652	0.2986537	-0.1296418	0.99999905	0.14387979	-0.4707817	-0.43288276	-0.23385711	0.22752272	0.19978863	-0.071113236
-0.07665461	-0.4944075	0.01779514	0.16901234	-0.24336074	-0.077473864	-0.062569775	0.0680913	0.23208076	-0.2441423	0.084289506	-0.18042774	0.14387979	0.999999	-0.14634241	-0.011124542	-0.6649225	0.15564921	0.18078692	0.14984219
0.07551479	0.17473373	-0.24630502	-0.3044309	0.26503256	0.24209782	0.24221057	-0.30356666	-0.3197139	0.2437603	-0.40465558	0.19291131	-0.4707817	-0.14634241	0.99999887	0.2349551	0.21175656	-0.3046961	-0.25459197	-0.12788719
0.036498025	-0.015472497	-0.26454777	0.0043352884	0.202399	0.25510338	0.16446571	-0.45161816	-0.22403285	0.20956862	-0.3421314	0.057205547	-0.43288276	-0.011124542	0.2349551	0.9999986	0.08818488	-0.2698463	-0.31083313	0.069775306
0.07351651	0.24923411	-0.09142952	-0.14173953	0.21027341	0.10812591	0.13730651	-0.0994297	-0.28374112	0.21432808	-0.23290055	0.18912493	-0.23385711	-0.6649225	0.21175656	0.08818488	0.9999986	-0.28372312	-0.21829386	-0.23181255
-0.26683798	-0.06961101	0.08492845	0.21071808	-0.4427842	-0.22297317	-0.19442354	0.28050864	0.26764855	-0.40653056	0.18727194	-0.37022293	0.22752272	0.15564921	-0.3046961	-0.2698463	-0.28372312	0.99999857	0.29224274	0.12516011
-0.3233502	-0.24250722	-0.05139838	0.21928534	-0.3529976	-0.11267529	-0.050610244	0.28359205	0.29930866	-0.40715662	0.1118692	-0.44942784	0.19978863	0.18078692	-0.25459197	-0.31083313	-0.21829386	0.29224274	0.9999986	0.1869702
-0.48112094	-0.32948008	-0.21979778	0.18241923	-0.06345097	0.16364862	0.095791616	0.0857525	0.16070934	-0.20702474	-0.0500513	-0.43832886	-0.071113236	0.14984219	-0.12788719	0.069775306	-0.23181255	0.12516011	0.1869702	0.9999986
