1.0000002	-0.15211421	-0.13948056	0.27830076	0.028429577	0.22710837	0.24872169	-0.51470697	0.25841781	0.2703961	0.2519245	-0.31568483	-0.35527042	0.26932284	0.08716067	-0.3706088	-0.3576603	-0.19983296	-0.24946189	-0.2649605
-0.15211421	1.0000002	0.28946555	-0.21617861	-0.42050937	-0.3104588	-0.2982906	0.15984266	-0.08298138	-0.27485695	-0.33615842	0.037247915	0.27353212	-0.29166973	-0.4933088	0.20030013	0.1933077	0.30529374	0.2553917	0.1621442
-0.13948056	0.28946555	1.0000004	-0.1180715	-0.5853949	-0.41895738	-0.27356955	0.14424808	-0.044727113	-0.2868838	-0.19966462	-0.06733694	0.26502955	-0.1345261	-0.2801013	0.17260265	0.13659187	0.23284343	0.24689157	0.06104007
0.27830076	-0.21617861	-0.1180715	1.0000006	0.00033290402	0.23605931	0.29526198	-0.19765517	0.21770734	0.2514923	0.28116176	-0.37384304	-0.26958427	0.29556087	0.12036249	-0.43374127	-0.3645513	-0.2091655	-0.34350055	-0.4499473
0.028429577	-0.42050937	-0.5853949	0.00033290402	1.0000004	0.17482829	0.12214222	-0.16284361	-0.0012940374	0.14091572	0.08351814	0.14346871	-0.23982072	0.0687167	0.25734162	-0.09663464	-0.09903325	-0.30724743	-0.154634	0.04771814
0.22710837	-0.3104588	-0.41895738	0.23605931	0.17482829	1.0000006	0.29313505	-0.18493523	0.121422276	0.2674424	0.25265095	-0.15695424	-0.45951158	0.19418709	0.18912812	-0.26503664	-0.19192931	-0.18869132	-0.57085776	-0.2086288
0.24872169	-0.2982906	-0.27356955	0.29526198	0.12214222	0.29313505	1.0000007	-0.15744653	0.12142563	0.23398356	0.30834475	-0.16107571	-0.4003484	0.25775927	0.21127364	-0.31089595	-0.28561965	-0.30558515	-0.44759884	-0.45161647
-0.51470697	0.15984266	0.14424808	-0.19765517	-0.16284361	-0.18493523	-0.15744653	1.0000006	-0.5113315	-0.42505914	-0.1720911	0.21884896	0.1668254	-0.30152276	-0.07352169	0.27868807	0.2709438	0.12759577	0.1985023	0.1356173
0.25841781	-0.08298138	-0.044727113	0.21770734	-0.0012940374	0.121422276	0.12142563	-0.5113315	1.0000005	0.23542115	0.13250734	-0.49326953	-0.05805868	0.24469392	0.022533208	-0.3457392	-0.4646642	-0.08230808	-0.17248559	-0.09726887
0.2703961	-0.27485695	-0.2868838	0.2514923	0.14091572	0.2674424	0.23398356	-0.42505914	0.23542115	1.0000005	0.18952215	-0.27448687	-0.2698773	0.22312509	0.1309527	-0.54278326	-0.21869695	-0.11854962	-0.39125392	-0.14080265
0.2519245	-0.33615842	-0.19966462	0.28116176	0.08351814	0.25265095	0.30834475	-0.1720911	0.13250734	0.18952215	1.0000005	-0.19916034	-0.4497101	0.2734918	0.19171539	-0.18502927	-0.33762786	-0.32800898	-0.26958984	-0.48779547
-0.31568483	0.037247915	-0.06733694	-0.37384304	0.14346871	-0.15695424	-0.16107571	0.21884896	-0.49326953	-0.27448687	-0.19916034	1.0000002	0.072345465	-0.3358784	0.067239605	0.23369932	0.25654155	0.0015754643	0.1504068	0.19631547
-0.35527042	0.27353212	0.26502955	-0.26958427	-0.23982072	-0.45951158	-0.4003484	0.1668254	-0.05805868	-0.2698773	-0.4497101	0.072345465	1.0000001	-0.15631704	-0.2959557	0.22663097	0.18440905	0.25488815	0.2947951	0.21599805
0.26932284	-0.29166973	-0.1345261	0.29556087	0.0687167	0.19418709	0.25775927	-0.30152276	0.24469392	0.22312509	0.2734918	-0.3358784	-0.15631704	1.0000001	0.14604978	-0.30053812	-0.5232181	-0.26934355	-0.22347094	-0.43642202
0.08716067	-0.4933088	-0.2801013	0.12036249	0.25734162	0.18912812	0.21127364	-0.07352169	0.022533208	0.1309527	0.19171539	0.067239605	-0.2959557	0.14604978	0.9999998	-0.18162349	-0.11470577	-0.6448496	-0.24133053	-0.09835999
-0.3706088	0.20030013	0.17260265	-0.43374127	-0.09663464	-0.26503664	-0.31089595	0.27868807	-0.3457392	-0.54278326	-0.18502927	0.23369932	0.22663097	-0.30053812	-0.18162349	0.9999996	0.26598737	0.1757959	0.27585852	0.20306821
-0.3576603	0.1933077	0.13659187	-0.3645513	-0.09903325	-0.19192931	-0.28561965	0.2709438	-0.4646642	-0.21869695	-0.33762786	0.25654155	0.18440905	-0.5232181	-0.11470577	0.26598737	0.99999946	0.18601799	0.21818785	0.24572018
-0.19983296	0.30529374	0.23284343	-0.2091655	-0.30724743	-0.18869132	-0.30558515	0.12759577	-0.08230808	-0.11854962	-0.32800898	0.0015754643	0.25488815	-0.26934355	-0.6448496	0.1757959	0.18601799	0.99999964	0.21277086	0.15680122
-0.24946189	0.2553917	0.24689157	-0.34350055	-0.154634	-0.57085776	-0.44759884	0.1985023	-0.17248559	-0.39125392	-0.26958984	0.1504068	0.2947951	-0.22347094	-0.24133053	0.27585852	0.21818785	0.21277086	0.99999964	0.21137962
-0.2649605	0.1621442	0.06104007	-0.4499473	0.04771814	-0.2086288	-0.45161647	0.1356173	-0.09726887	-0.14080265	-0.48779547	0.19631547	0.21599805	-0.43642202	-0.09835999	0.20306821	0.24572018	0.15680122	0.21137962	0.99999964
