1.0000001	-0.22279193	0.17347644	-0.014479899	-0.40521044	-0.039093096	-0.007947688	0.21933654	0.2627243	0.14436328	0.219679	0.079366855	0.045761876	-0.34217718	-0.54262215	-0.057207007	-0.3054508	0.076777056	-0.050045174	-0.23445982
-0.22279193	1.0000004	-0.5186606	-0.057975896	0.21854864	-0.31643963	0.128981	-0.33540058	-0.40212193	-0.14855576	-0.14620224	0.026258035	0.1689121	0.17751373	0.11427905	-0.30321968	0.25557515	0.024282342	0.25517264	0.08184531
0.17347644	-0.5186606	1.0000005	0.08150804	-0.21985674	0.20981003	-0.23426001	0.2524112	0.24859282	0.14711727	0.21486191	-0.06978039	-0.11852862	-0.19262233	-0.21474145	0.16321667	-0.32539254	-0.103741646	-0.49949113	0.0060811136
-0.014479899	-0.057975896	0.08150804	1.0000006	0.10949665	0.13195445	-0.06455663	-0.08701324	-0.06251023	-0.094200045	-0.05045073	-0.674001	-0.056833982	0.038089927	0.017274735	0.054775976	0.015362136	-0.42759934	-0.096147716	0.2373066
-0.40521044	0.21854864	-0.21985674	0.10949665	1.0000005	-0.04051241	0.0938077	-0.47125083	-0.4439727	-0.3477421	-0.16962482	-0.26122034	-0.016390739	0.2502939	0.1999588	-0.055892963	0.29630926	-0.024596699	0.09908383	0.18877152
-0.039093096	-0.31643963	0.20981003	0.13195445	-0.04051241	1.0000004	-0.23229565	0.092031844	0.11495724	0.11953814	0.019075528	-0.20369573	-0.49535564	-0.109993085	0.09982939	0.29545644	-0.16433297	-0.12729469	-0.39968455	0.0460444
-0.007947688	0.128981	-0.23426001	-0.06455663	0.0938077	-0.23229565	1.0000004	-0.32116982	-0.17111515	-0.33456856	-0.3609296	0.012108112	-0.010980093	0.20723084	-0.05463728	-0.05596612	0.18318938	0.2556007	0.23692946	-0.2694209
0.21933654	-0.33540058	0.2524112	-0.08701324	-0.47125083	0.092031844	-0.32116982	1.0000004	0.27566725	0.23855342	0.25747266	0.12877391	0.04915388	-0.24196588	-0.24298765	0.0027231153	-0.3227638	-0.14416125	-0.25274855	-0.09666224
0.2627243	-0.40212193	0.24859282	-0.06251023	-0.4439727	0.11495724	-0.17111515	0.27566725	1.0000004	0.24781191	0.20013581	0.10409312	-0.118637525	-0.33942834	-0.26184434	0.14674677	-0.44366765	-0.002074263	-0.15698262	-0.19837457
0.14436328	-0.14855576	0.14711727	-0.094200045	-0.3477421	0.11953814	-0.33456856	0.23855342	0.24781191	1.0000004	0.1997263	0.13545561	-0.0017330194	-0.5306025	-0.028315159	0.059083775	-0.47939694	-0.13386913	-0.09644926	-0.096217364
0.219679	-0.14620224	0.21486191	-0.05045073	-0.16962482	0.019075528	-0.3609296	0.25747266	0.20013581	0.1997263	1.0000002	0.06595325	0.12741816	-0.4103573	-0.3867473	-0.09353541	-0.23915458	-0.12115574	-0.2888113	-0.037353717
0.079366855	0.026258035	-0.06978039	-0.674001	-0.26122034	-0.20369573	0.012108112	0.12877391	0.10409312	0.13545561	0.06595325	1.0000002	0.1013619	-0.12046704	-0.033526726	-0.08692503	-0.14479998	0.17817102	0.10285155	-0.33997726
0.045761876	0.1689121	-0.11852862	-0.056833982	-0.016390739	-0.49535564	-0.010980093	0.04915388	-0.118637525	-0.0017330194	0.12741816	0.1013619	1.0000002	-0.11646239	-0.08552891	-0.6460975	0.038892973	-0.026288273	0.13232635	0.029009309
-0.34217718	0.17751373	-0.19262233	0.038089927	0.2502939	-0.109993085	0.20723084	-0.24196588	-0.33942834	-0.5306025	-0.4103573	-0.12046704	-0.11646239	1.0000002	0.14904675	-0.0031286736	0.29269394	0.081969224	0.12768918	0.082676955
-0.54262215	0.11427905	-0.21474145	0.017274735	0.1999588	0.09982939	-0.05463728	-0.24298765	-0.26184434	-0.028315159	-0.3867473	-0.033526726	-0.08552891	0.14904675	1.0000001	0.09501082	0.1421067	-0.14622857	0.0021739132	0.1774993
-0.057207007	-0.30321968	0.16321667	0.054775976	-0.055892963	0.29545644	-0.05596612	0.0027231153	0.14674677	0.059083775	-0.09353541	-0.08692503	-0.6460975	-0.0031286736	0.09501082	1.0000002	-0.15064354	-0.023854692	-0.30960193	-0.030941188
-0.3054508	0.25557515	-0.32539254	0.015362136	0.29630926	-0.16433297	0.18318938	-0.3227638	-0.44366765	-0.47939694	-0.23915458	-0.14479998	0.038892973	0.29269394	0.1421067	-0.15064354	1.0000002	0.04502239	0.17498441	0.1314661
0.076777056	0.024282342	-0.103741646	-0.42759934	-0.024596699	-0.12729469	0.2556007	-0.14416125	-0.002074263	-0.13386913	-0.12115574	0.17817102	-0.026288273	0.081969224	-0.14622857	-0.023854692	0.04502239	1.0000004	0.1575429	-0.5385015
-0.050045174	0.25517264	-0.49949113	-0.096147716	0.09908383	-0.39968455	0.23692946	-0.25274855	-0.15698262	-0.09644926	-0.2888113	0.10285155	0.13232635	0.12768918	0.0021739132	-0.30960193	0.17498441	0.1575429	1.0000001	-0.13879211
-0.23445982	0.08184531	0.0060811136	0.2373066	0.18877152	0.0460444	-0.2694209	-0.09666224	-0.19837457	-0.096217364	-0.037353717	-0.33997726	0.029009309	0.082676955	0.1774993	-0.030941188	0.1314661	-0.5385015	-0.13879211	1.0000001
