1.0	-0.42632154	0.14092225	0.024829062	-0.34989727	-0.13028182	-0.40105113	-0.110290825	0.18962975	0.20056002	0.20168874	-0.53920704	-0.0016338723	0.25477165	0.15911119	0.0076255766	-0.252793	0.2428784	-0.017202696	-0.19333708
-0.42632154	0.9999997	-0.07470158	0.08485945	0.1952422	0.07036521	0.18501574	0.06897898	-0.17137136	-0.43202206	-0.21630806	0.28583267	-0.005369896	-0.5871245	-0.14473668	-0.12980749	0.11467648	-0.16225696	0.07996608	0.26508385
0.14092225	-0.07470158	1.0	0.20672956	-0.28816307	-0.34811398	-0.10795221	-0.5752906	0.2752689	-0.07549059	0.25847894	-0.30187735	0.2503794	0.020962857	0.25976855	-0.29124337	-0.37868324	0.13376057	-0.2272791	0.12252423
0.024829062	0.08485945	0.20672956	0.9999999	-0.23053305	-0.1963624	-0.06260666	-0.27428105	0.13469234	-0.3124334	0.074184306	0.0048341774	0.11089053	-0.074098095	0.10320263	-0.66968334	-0.23843455	0.10318722	0.035922855	0.17510067
-0.34989727	0.1952422	-0.28816307	-0.23053305	0.9999998	0.2629671	0.25767854	0.23897956	-0.45427164	-0.17024171	-0.27040008	0.25167972	-0.22061564	-0.18997557	-0.28531846	0.17467634	0.2790631	-0.42585313	0.14994204	0.07504144
-0.13028182	0.07036521	-0.34811398	-0.1963624	0.2629671	0.9999998	0.12737891	0.29430884	-0.44864613	-0.022652565	-0.36664793	0.17092642	-0.47636682	-0.06466276	-0.4516085	0.21989624	0.3067856	-0.187359	0.26917866	-0.029104704
-0.40105113	0.18501574	-0.10795221	-0.06260666	0.25767854	0.12737891	0.9999997	0.12748846	-0.1629085	-0.21402934	-0.26462632	0.22083889	-0.013119979	-0.17216495	-0.2386147	0.07122769	0.1653878	-0.700152	0.037563812	0.1446463
-0.110290825	0.06897898	-0.5752906	-0.27428105	0.23897956	0.29430884	0.12748846	0.99999976	-0.28333792	0.0222817	-0.37652117	0.16625088	-0.40407073	-0.043064754	-0.27974328	0.24532789	0.28299555	-0.17962354	0.21067746	-0.13106501
0.18962975	-0.17137136	0.2752689	0.13469234	-0.45427164	-0.44864613	-0.1629085	-0.28333792	0.99999976	0.06456666	0.29211193	-0.30242857	0.24923623	0.11297885	0.31290802	-0.19639221	-0.4871316	0.18907231	-0.31827518	0.0042983294
0.20056002	-0.43202206	-0.07549059	-0.3124334	-0.17024171	-0.022652565	-0.21402934	0.0222817	0.06456666	0.9999997	0.11384298	-0.23421969	-0.0064127822	0.28845146	0.072063714	0.17094754	0.0010402182	0.15326977	-0.037808586	-0.5817131
0.20168874	-0.21630806	0.25847894	0.074184306	-0.27040008	-0.36664793	-0.26462632	-0.37652117	0.29211193	0.11384298	0.9999998	-0.34628627	0.24266006	0.15954146	0.30937883	-0.11679464	-0.3450061	0.20478731	-0.46590832	-0.08817557
-0.53920704	0.28583267	-0.30187735	0.0048341774	0.25167972	0.17092642	0.22083889	0.16625088	-0.30242857	-0.23421969	-0.34628627	0.9999998	-0.046884917	-0.34951803	-0.23787042	-0.01724407	0.21421726	-0.19903119	0.10578749	0.1542004
-0.0016338723	-0.005369896	0.2503794	0.11089053	-0.22061564	-0.47636682	-0.013119979	-0.40407073	0.24923623	-0.0064127822	0.24266006	-0.046884917	0.99999994	-0.05066112	0.26690435	-0.26252425	-0.26230234	0.07576273	-0.5182754	0.072404385
0.25477165	-0.5871245	0.020962857	-0.074098095	-0.18997557	-0.06466276	-0.17216495	-0.043064754	0.11297885	0.28845146	0.15954146	-0.34951803	-0.05066112	0.99999994	0.098568656	0.066222645	-0.06347504	0.1657584	-0.04460888	-0.5279023
0.15911119	-0.14473668	0.25976855	0.10320263	-0.28531846	-0.4516085	-0.2386147	-0.27974328	0.31290802	0.072063714	0.30937883	-0.23787042	0.26690435	0.098568656	0.9999997	-0.20099275	-0.48379886	0.19579715	-0.4516119	-0.003407514
0.0076255766	-0.12980749	-0.29124337	-0.66968334	0.17467634	0.21989624	0.07122769	0.24532789	-0.19639221	0.17094754	-0.11679464	-0.01724407	-0.26252425	0.066222645	-0.20099275	0.99999994	0.21378306	-0.1639685	0.05020486	-0.17126109
-0.252793	0.11467648	-0.37868324	-0.23843455	0.2790631	0.3067856	0.1653878	0.28299555	-0.4871316	0.0010402182	-0.3450061	0.21421726	-0.26230234	-0.06347504	-0.48379886	0.21378306	1.0	-0.1945128	0.21755762	-0.08936908
0.2428784	-0.16225696	0.13376057	0.10318722	-0.42585313	-0.187359	-0.700152	-0.17962354	0.18907231	0.15326977	0.20478731	-0.19903119	0.07576273	0.1657584	0.19579715	-0.1639685	-0.1945128	0.99999994	-0.064691626	-0.18682496
-0.017202696	0.07996608	-0.2272791	0.035922855	0.14994204	0.26917866	0.037563812	0.21067746	-0.31827518	-0.037808586	-0.46590832	0.10578749	-0.5182754	-0.04460888	-0.4516119	0.05020486	0.21755762	-0.064691626	1.0	-0.011139071
-0.19333708	0.26508385	0.12252423	0.17510067	0.07504144	-0.029104704	0.1446463	-0.13106501	0.0042983294	-0.5817131	-0.08817557	0.1542004	0.072404385	-0.5279023	-0.003407514	-0.17126109	-0.08936908	-0.18682496	-0.011139071	1.0
