1.0	-0.24856596	-0.08634766	0.23621918	-0.26865962	-0.18497626	-0.42649284	-0.11059325	-0.09605202	-0.3987113	0.12688677	0.2235919	-0.121846914	0.2269237	-0.031128338	-0.25673857	0.08943406	-0.10651881	0.21278037	0.22079562
-0.24856596	1.0000001	0.27164215	-0.1179238	-0.11468113	0.04473761	0.140594	0.12540239	-0.050113052	-0.013521271	0.052974954	-0.34614107	-0.2890727	-0.13593489	0.10399706	0.31128687	-0.41741985	-0.08641539	-0.20730567	-0.02353942
-0.08634766	0.27164215	0.9999999	0.03935965	-0.2755473	-0.17730449	0.020852176	0.12632808	0.047619674	-0.18014075	0.1966114	-0.22011474	-0.26560703	0.023110142	-0.008440956	0.2553213	-0.46861294	-0.31132564	-0.055620536	0.068218224
0.23621918	-0.1179238	0.03935965	0.9999998	-0.4606342	-0.34656855	-0.24235965	-0.25662178	-0.13157982	-0.18502401	0.24861562	0.16184479	-0.23536736	0.20284963	-0.016169058	-0.10759909	0.04728755	-0.31378168	0.26815206	0.20930053
-0.26865962	-0.11468113	-0.2755473	-0.4606342	0.9999999	0.2636565	0.20666942	-0.018657673	0.020595059	0.25599048	-0.43155384	-0.10592464	0.22966765	-0.25297725	0.03041908	-0.110063516	0.08370218	0.28089002	-0.15149161	-0.18139914
-0.18497626	0.04473761	-0.17730449	-0.34656855	0.2636565	0.9999998	0.26910716	-0.021102937	-0.11956254	0.27979183	-0.36074287	-0.2686651	0.16387719	-0.4183464	0.13621451	-0.012677819	0.026559407	0.28522986	-0.25820422	-0.30102214
-0.42649284	0.140594	0.020852176	-0.24235965	0.20666942	0.26910716	0.99999964	-0.04560776	-0.1694937	0.27371147	-0.2253507	-0.39253068	0.09482752	-0.46968317	0.18108225	0.110584	-0.15454118	0.1853757	-0.1345737	-0.2221696
-0.11059325	0.12540239	0.12632808	-0.25662178	-0.018657673	-0.021102937	-0.04560776	0.99999976	0.2594322	0.0035619948	-0.14480494	0.029860226	0.036846	0.050769158	-0.3525881	0.11714922	-0.14379546	0.032578956	-0.42240265	-0.26575297
-0.09605202	-0.050113052	0.047619674	-0.13157982	0.020595059	-0.11956254	-0.1694937	0.2594322	0.99999964	-0.021662284	0.021030726	0.115233794	0.12698539	0.16708583	-0.61931056	-0.042459104	0.0116860885	-0.0705456	-0.3084473	-0.14044216
-0.3987113	-0.013521271	-0.18014075	-0.18502401	0.25599048	0.27979183	0.27371147	0.0035619948	-0.021662284	0.99999946	-0.3407512	-0.25114274	0.21835496	-0.3823115	0.04581294	-0.07420673	0.036447424	0.23900466	-0.14473167	-0.36047152
0.12688677	0.052974954	0.1966114	0.24861562	-0.43155384	-0.36074287	-0.2253507	-0.14480494	0.021030726	-0.3407512	0.99999934	0.08132951	-0.22378813	0.21063805	-0.025010804	0.062188704	-0.124703	-0.5292415	0.18928266	0.21638925
0.2235919	-0.34614107	-0.22011474	0.16184479	-0.10592464	-0.2686651	-0.39253068	0.029860226	0.115233794	-0.25114274	0.08132951	0.99999934	0.0374675	0.26914003	-0.18617415	-0.33724228	0.2293596	-0.1918038	0.106008545	0.045904126
-0.121846914	-0.2890727	-0.26560703	-0.23536736	0.22966765	0.16387719	0.09482752	0.036846	0.12698539	0.21835496	-0.22378813	0.0374675	0.9999995	-0.099959865	-0.18760712	-0.34537253	0.21686295	0.1649803	-0.08839884	-0.4328484
0.2269237	-0.13593489	0.023110142	0.20284963	-0.25297725	-0.4183464	-0.46968317	0.050769158	0.16708583	-0.3823115	0.21063805	0.26914003	-0.099959865	0.9999995	-0.31529984	-0.12355446	0.10250806	-0.26839215	0.07573895	0.13769653
-0.031128338	0.10399706	-0.008440956	-0.016169058	0.03041908	0.13621451	0.18108225	-0.3525881	-0.61931056	0.04581294	-0.025010804	-0.18617415	-0.18760712	-0.31529984	0.99999946	0.066190794	-0.13096255	0.07130659	0.123931296	0.1137375
-0.25673857	0.31128687	0.2553213	-0.10759909	-0.110063516	-0.012677819	0.110584	0.11714922	-0.042459104	-0.07420673	0.062188704	-0.33724228	-0.34537253	-0.12355446	0.066190794	0.9999995	-0.32601157	-0.03230096	-0.18522447	0.030730782
0.08943406	-0.41741985	-0.46861294	0.04728755	0.08370218	0.026559407	-0.15454118	-0.14379546	0.0116860885	0.036447424	-0.124703	0.2293596	0.21686295	0.10250806	-0.13096255	-0.32601157	0.99999946	0.07078104	0.04415024	-0.19273143
-0.10651881	-0.08641539	-0.31132564	-0.31378168	0.28089002	0.28522986	0.1853757	0.032578956	-0.0705456	0.23900466	-0.5292415	-0.1918038	0.1649803	-0.26839215	0.07130659	-0.03230096	0.07078104	0.9999992	-0.2805342	-0.1392866
0.21278037	-0.20730567	-0.055620536	0.26815206	-0.15149161	-0.25820422	-0.1345737	-0.42240265	-0.3084473	-0.14473167	0.18928266	0.106008545	-0.08839884	0.07573895	0.123931296	-0.18522447	0.04415024	-0.2805342	0.9999992	0.21689159
0.22079562	-0.02353942	0.068218224	0.20930053	-0.18139914	-0.30102214	-0.2221696	-0.26575297	-0.14044216	-0.36047152	0.21638925	0.045904126	-0.4328484	0.13769653	0.1137375	0.030730782	-0.19273143	-0.1392866	0.21689159	0.9999992
