1.0	0.05915053	0.20199947	-0.54129946	0.13934548	0.060128782	-0.16341521	0.0160564	0.12692456	-0.20918982	-0.102412775	0.1724058	0.002376126	0.07428123	0.12125071	0.024195576	-0.41666374	-0.23227409	-0.32025862	-0.01260087
0.05915053	1.0000002	0.039314624	-0.061941218	0.09004015	0.26267907	-0.022031201	-0.59636354	-0.0035081035	-0.21297373	-0.37407953	-0.009622696	-0.34187287	0.24867754	0.15293072	-0.30143625	-0.09136917	-0.026087776	-0.036540363	0.22503358
0.20199947	0.039314624	1.0000001	-0.1851708	-0.11178405	0.09480146	-0.5297788	-0.045004766	-0.054904133	-0.07546957	-0.020566834	0.2755084	-0.09602925	0.052295905	0.0907559	0.08193224	0.0076272995	-0.061176345	-0.61308295	-0.0512677
-0.54129946	-0.061941218	-0.1851708	1.0000002	-0.38004	-0.06398016	0.006499196	-0.01287588	-0.27705607	0.25754878	0.041211665	-0.14315028	-0.0005216808	-0.06525768	-0.24499035	-0.0543908	0.29921633	0.24685904	0.1333485	0.0459906
0.13934548	0.09004015	-0.11178405	-0.38004	1.0000005	0.010741867	0.1749582	-0.034246992	0.26365316	-0.42431524	0.016469335	-0.13210864	-0.0025129584	-0.059608437	0.2069793	0.037772764	-0.438692	-0.37143108	0.09420111	-0.079422265
0.060128782	0.26267907	0.09480146	-0.06398016	0.010741867	1.0000004	-0.12677342	-0.38990727	-0.25788113	-0.20551747	-0.43007675	0.024979824	-0.4403406	0.28222793	0.12716381	-0.20856296	-0.011862923	0.11214645	-0.06553049	0.22556356
-0.16341521	-0.022031201	-0.5297788	0.006499196	0.1749582	-0.12677342	1.0000002	0.0116341505	0.11119343	-0.097657025	-0.07731114	-0.51106495	0.1109573	0.051192008	0.0070965714	-0.14303182	-0.11895804	-0.028746987	0.28979513	0.055442236
0.0160564	-0.59636354	-0.045004766	-0.01287588	-0.034246992	-0.38990727	0.0116341505	1.0000004	0.11769536	0.12897226	0.26309797	0.060394373	0.21050033	-0.31231463	-0.095265605	0.2733736	-0.03212009	-0.12247756	-0.009123932	-0.43202436
0.12692456	-0.0035081035	-0.054904133	-0.27705607	0.26365316	-0.25788113	0.11119343	0.11769536	1.0000005	-0.2058923	0.11606228	-0.05676676	0.14039333	-0.16917948	0.076346666	0.14405754	-0.42553815	-0.47305858	0.08349526	-0.25603718
-0.20918982	-0.21297373	-0.07546957	0.25754878	-0.42431524	-0.20551747	-0.097657025	0.12897226	-0.2058923	1.0000004	0.08553802	-0.009661506	0.15126744	-0.17432332	-0.5198433	0.067602575	0.26390347	0.194874	0.024612062	-0.039475832
-0.102412775	-0.37407953	-0.020566834	0.041211665	0.016469335	-0.43007675	-0.07731114	0.26309797	0.11606228	0.08553802	1.0000004	0.12289469	0.13263221	-0.5769019	0.01347315	0.23462565	0.013917216	-0.19012272	0.00195745	-0.2704083
0.1724058	-0.009622696	0.2755084	-0.14315028	-0.13210864	0.024979824	-0.51106495	0.060394373	-0.05676676	-0.009661506	0.12289469	1.0000005	-0.21038406	-0.14882806	0.100445956	0.15106083	-0.04396272	-0.039821044	-0.4736779	-0.12864138
0.002376126	-0.34187287	-0.09602925	-0.0005216808	-0.0025129584	-0.4403406	0.1109573	0.21050033	0.14039333	0.15126744	0.13263221	-0.21038406	1.0000006	-0.2728225	-0.41252586	0.12260042	0.038372613	-0.078168094	0.12757204	-0.18149447
0.07428123	0.24867754	0.052295905	-0.06525768	-0.059608437	0.28222793	0.051192008	-0.31231463	-0.16917948	-0.17432332	-0.5769019	-0.14882806	-0.2728225	1.0000006	0.07620065	-0.27429923	-0.021905825	0.11882899	-0.070153825	0.24189004
0.12125071	0.15293072	0.0907559	-0.24499035	0.2069793	0.12716381	0.0070965714	-0.095265605	0.076346666	-0.5198433	0.01347315	0.100445956	-0.41252586	0.07620065	1.0000004	-0.032601934	-0.29592025	-0.25144318	-0.12533142	0.005278308
0.024195576	-0.30143625	0.08193224	-0.0543908	0.037772764	-0.20856296	-0.14303182	0.2733736	0.14405754	0.067602575	0.23462565	0.15106083	0.12260042	-0.27429923	-0.032601934	1.0000002	-0.057695106	-0.29248756	-0.11360895	-0.6591065
-0.41666374	-0.09136917	0.0076272995	0.29921633	-0.438692	-0.011862923	-0.11895804	-0.03212009	-0.42553815	0.26390347	0.013917216	-0.04396272	0.038372613	-0.021905825	-0.29592025	-0.057695106	1.0000001	0.26506224	0.004933182	0.061655506
-0.23227409	-0.026087776	-0.061176345	0.24685904	-0.37143108	0.11214645	-0.028746987	-0.12247756	-0.47305858	0.194874	-0.19012272	-0.039821044	-0.078168094	0.11882899	-0.25144318	-0.29248756	0.26506224	1.0000001	0.023646476	0.20587781
-0.32025862	-0.036540363	-0.61308295	0.1333485	0.09420111	-0.06553049	0.28979513	-0.009123932	0.08349526	0.024612062	0.00195745	-0.4736779	0.12757204	-0.070153825	-0.12533142	-0.11360895	0.004933182	0.023646476	1.0000001	0.043747213
-0.01260087	0.22503358	-0.0512677	0.0459906	-0.079422265	0.22556356	0.055442236	-0.43202436	-0.25603718	-0.039475832	-0.2704083	-0.12864138	-0.18149447	0.24189004	0.005278308	-0.6591065	0.061655506	0.20587781	0.043747213	1.0000001
