1.0	-0.23251367	-0.37708503	0.012897109	-0.036089674	-0.24088036	-0.40713614	-0.5646262	-0.1487632	-0.17127831	0.22973661	0.0029661322	0.11851553	0.17142136	-0.3251864	0.24342988	0.15619901	0.17740116	0.081735276	0.3092566
-0.23251367	1.0000001	0.3135504	0.23505968	-0.15840654	0.30546102	0.21995662	0.17224696	-0.17306387	0.27537686	-0.33871105	0.20891677	-0.4377191	-0.3022931	0.26467675	-0.43556958	-0.4135501	0.03746447	-0.38625997	-0.15462136
-0.37708503	0.3135504	1.0000001	0.18859719	-0.07638209	0.30967072	0.2591328	0.23522112	-0.07860129	0.21991587	-0.42084837	0.13060899	-0.29036537	-0.26308212	0.28729525	-0.5056923	-0.3474305	-0.041507028	-0.32585207	-0.21714526
0.012897109	0.23505968	0.18859719	0.99999964	-0.3519879	0.22130807	0.11848542	0.005825142	-0.1806617	0.21636763	-0.27140775	0.22242649	-0.15545698	-0.40789017	0.15794627	-0.29272977	-0.3503712	0.11442525	-0.5152568	0.032425217
-0.036089674	-0.15840654	-0.07638209	-0.3519879	0.99999934	-0.11915479	-0.14512902	-0.008891077	0.272651	-0.36817163	0.10477547	-0.48885703	0.23070686	0.19085506	-0.07106768	0.03851264	0.19070259	-0.462377	0.22590943	0.032402035
-0.24088036	0.30546102	0.30967072	0.22130807	-0.11915479	0.9999992	0.22724192	0.20272456	-0.14781083	0.22540973	-0.5906819	0.15037149	-0.29102963	-0.25938246	0.28132743	-0.35652012	-0.4346201	0.029395448	-0.29953292	-0.21329623
-0.40713614	0.21995662	0.2591328	0.11848542	-0.14512902	0.22724192	0.99999946	0.28128836	0.044710517	0.1894211	-0.2896448	0.09244498	-0.11793237	-0.40638655	0.29523018	-0.35059997	-0.20118272	-0.08081869	-0.21806464	-0.51101583
-0.5646262	0.17224696	0.23522112	0.005825142	-0.008891077	0.20272456	0.28128836	0.99999946	0.13380562	0.13732286	-0.3051461	-0.007114123	-0.12922978	-0.1439051	0.24203156	-0.238062	-0.15770087	-0.2367589	-0.07308739	-0.5459436
-0.1487632	-0.17306387	-0.07860129	-0.1806617	0.272651	-0.14781083	0.044710517	0.13380562	0.9999995	-0.2040428	0.06693013	-0.40912193	0.20795548	0.09654051	-0.056105036	0.011128616	0.17560117	-0.6407573	0.1822038	-0.15259844
-0.17127831	0.27537686	0.21991587	0.21636763	-0.36817163	0.22540973	0.1894211	0.13732286	-0.2040428	0.99999964	-0.15855825	0.26272237	-0.5479506	-0.41575712	0.19830433	-0.21776792	-0.37303266	0.10163115	-0.23305729	-0.13685425
0.22973661	-0.33871105	-0.42084837	-0.27140775	0.10477547	-0.5906819	-0.2896448	-0.3051461	0.06693013	-0.15855825	0.9999995	-0.09066945	0.18391342	0.24174757	-0.36720335	0.2965079	0.2870763	-0.017179022	0.23261589	0.20674689
0.0029661322	0.20891677	0.13060899	0.22242649	-0.48885703	0.15037149	0.09244498	-0.007114123	-0.40912193	0.26272237	-0.09066945	0.9999995	-0.44437242	-0.22050965	0.112004325	-0.066366166	-0.21373378	0.2273542	-0.439632	-0.029438477
0.11851553	-0.4377191	-0.29036537	-0.15545698	0.23070686	-0.29102963	-0.11793237	-0.12922978	0.20795548	-0.5479506	0.18391342	-0.44437242	0.9999994	0.21646097	-0.14812045	0.18072106	0.26323107	-0.15822875	0.24681644	0.07208516
0.17142136	-0.3022931	-0.26308212	-0.40789017	0.19085506	-0.25938246	-0.40638655	-0.1439051	0.09654051	-0.41575712	0.24174757	-0.22050965	0.21646097	0.9999994	-0.45078996	0.26701003	0.28990185	-0.03383862	0.27206913	0.15782884
-0.3251864	0.26467675	0.28729525	0.15794627	-0.07106768	0.28132743	0.29523018	0.24203156	-0.056105036	0.19830433	-0.36720335	0.112004325	-0.14812045	-0.45078996	0.99999946	-0.36816105	-0.4285458	-0.02567774	-0.22144657	-0.37651116
0.24342988	-0.43556958	-0.5056923	-0.29272977	0.03851264	-0.35652012	-0.35059997	-0.238062	0.011128616	-0.21776792	0.2965079	-0.066366166	0.18072106	0.26701003	-0.36816105	0.9999992	0.27318108	0.08713902	0.23711586	0.19672354
0.15619901	-0.4135501	-0.3474305	-0.3503712	0.19070259	-0.4346201	-0.20118272	-0.15770087	0.17560117	-0.37303266	0.2870763	-0.21373378	0.26323107	0.28990185	-0.4285458	0.27318108	0.999999	-0.12883547	0.27953082	0.13358039
0.17740116	0.03746447	-0.041507028	0.11442525	-0.462377	0.029395448	-0.08081869	-0.2367589	-0.6407573	0.10163115	-0.017179022	0.2273542	-0.15822875	-0.03383862	-0.02567774	0.08713902	-0.12883547	0.9999991	-0.09550706	0.14667587
0.081735276	-0.38625997	-0.32585207	-0.5152568	0.22590943	-0.29953292	-0.21806464	-0.07308739	0.1822038	-0.23305729	0.23261589	-0.439632	0.24681644	0.27206913	-0.22144657	0.23711586	0.27953082	-0.09550706	0.99999917	0.049700923
0.3092566	-0.15462136	-0.21714526	0.032425217	0.032402035	-0.21329623	-0.51101583	-0.5459436	-0.15259844	-0.13685425	0.20674689	-0.029438477	0.07208516	0.15782884	-0.37651116	0.19672354	0.13358039	0.14667587	0.049700923	0.99999917
