0.99999994	0.107720874	-0.6350475	-0.14175996	-0.19489363	0.27491102	-0.21699014	0.00901083	-0.024807647	0.1337743	-0.4405177	0.1449669	-0.24218227	-0.26267064	0.23983172	-0.3465103	0.18514827	0.2877998	0.16331922	-0.04110322
0.107720874	0.99999994	-0.021178985	-0.38635066	-0.46473312	0.17382832	-0.29989237	0.03226363	-0.023111466	0.19383967	-0.13979375	0.14392924	-0.10660206	-0.50315344	0.22903457	-0.27655467	0.26223794	0.10196494	0.22348715	-0.24693544
-0.6350475	-0.021178985	0.99999994	0.061812356	0.15589395	-0.37856314	0.18811446	-0.0009041367	0.020680169	-0.12732941	0.28749564	-0.14737064	0.18771274	0.16047223	-0.22122973	0.2229079	-0.15982547	-0.46357134	-0.156776	0.026707204
-0.14175996	-0.38635066	0.061812356	0.9999999	0.15454397	-0.42205763	0.06258377	-0.25349554	0.21147087	-0.040100444	0.15342185	0.05502245	-0.0031907472	0.14814353	-0.3519264	0.21826646	-0.4312525	-0.015696822	0.006360353	-0.025794547
-0.19489363	-0.46473312	0.15589395	0.15454397	0.9999999	-0.24614567	0.2689006	-0.02679738	0.021141281	-0.27528307	0.24016011	-0.23891643	0.18047176	0.31771687	-0.34770694	0.2864804	-0.31431288	-0.24505062	-0.5163598	0.24489096
0.27491102	0.17382832	-0.37856314	-0.42205763	-0.24614567	0.9999998	-0.19270632	0.15518902	-0.22651875	0.06308047	-0.4365939	0.07944237	-0.083899595	-0.25675768	0.26234964	-0.33661583	0.25563788	0.19472757	0.123128735	-0.002436381
-0.21699014	-0.29989237	0.18811446	0.06258377	0.2689006	-0.19270632	0.99999994	0.08698549	-0.0792835	-0.4598298	0.22159594	-0.4744162	0.2924199	0.2793643	-0.22424647	0.23170514	-0.23387328	-0.41897476	-0.29488245	0.2634258
0.00901083	0.03226363	-0.0009041367	-0.25349554	-0.02679738	0.15518902	0.08698549	1.0	-0.74970394	-0.205516	-0.04839749	-0.26445127	0.17492309	-0.013372946	0.028929098	-0.14313173	0.17159376	-0.07226998	-0.023539752	0.14268516
-0.024807647	-0.023111466	0.020680169	0.21147087	0.021141281	-0.22651875	-0.0792835	-0.74970394	1.0	0.15790123	0.056645	0.18013272	-0.22118413	-0.019484222	-0.06143316	0.10220221	-0.24354057	0.042175326	0.048907064	-0.19218814
0.1337743	0.19383967	-0.12732941	-0.040100444	-0.27528307	0.06308047	-0.4598298	-0.205516	0.15790123	1.0	-0.11553554	0.29670858	-0.5150151	-0.24239102	0.21248896	-0.26463374	0.16429798	0.23132865	0.22635476	-0.43414024
-0.4405177	-0.13979375	0.28749564	0.15342185	0.24016011	-0.4365939	0.22159594	-0.04839749	0.056645	-0.11553554	1.0	-0.2333468	0.18508625	0.22886483	-0.46166757	0.2746739	-0.2069717	-0.3781821	-0.3005647	0.11362822
0.1449669	0.14392924	-0.14737064	0.05502245	-0.23891643	0.07944237	-0.4744162	-0.26445127	0.18013272	0.29670858	-0.2333468	0.9999999	-0.40243572	-0.32117003	0.17579997	-0.12540945	0.10001243	0.23960605	0.2480563	-0.45615998
-0.24218227	-0.10660206	0.18771274	-0.0031907472	0.18047176	-0.083899595	0.2924199	0.17492309	-0.22118413	-0.5150151	0.18508625	-0.40243572	0.99999976	0.20125265	-0.2626718	0.19486547	-0.19621912	-0.4456678	-0.18422031	0.24655716
-0.26267064	-0.50315344	0.16047223	0.14814353	0.31771687	-0.25675768	0.2793643	-0.013372946	-0.019484222	-0.24239102	0.22886483	-0.32117003	0.20125265	0.99999964	-0.24417685	0.2701312	-0.29555342	-0.2310574	-0.45635638	0.24019894
0.23983172	0.22903457	-0.22122973	-0.3519264	-0.34770694	0.26234964	-0.22424647	0.028929098	-0.06143316	0.21248896	-0.46166757	0.17579997	-0.2626718	-0.24417685	0.9999996	-0.4191308	0.28503087	0.22754559	0.2222005	-0.2890207
-0.3465103	-0.27655467	0.2229079	0.21826646	0.2864804	-0.33661583	0.23170514	-0.14313173	0.10220221	-0.26463374	0.2746739	-0.12540945	0.19486547	0.2701312	-0.4191308	0.9999996	-0.46363753	-0.28995228	-0.31720895	0.18155308
0.18514827	0.26223794	-0.15982547	-0.4312525	-0.31431288	0.25563788	-0.23387328	0.17159376	-0.24354057	0.16429798	-0.2069717	0.10001243	-0.19621912	-0.29555342	0.28503087	-0.46363753	0.9999996	0.16229217	0.17650503	-0.21756937
0.2877998	0.10196494	-0.46357134	-0.015696822	-0.24505062	0.19472757	-0.41897476	-0.07226998	0.042175326	0.23132865	-0.3781821	0.23960605	-0.4456678	-0.2310574	0.22754559	-0.28995228	0.16229217	0.9999996	0.21943562	-0.14645216
0.16331922	0.22348715	-0.156776	0.006360353	-0.5163598	0.123128735	-0.29488245	-0.023539752	0.048907064	0.22635476	-0.3005647	0.2480563	-0.18422031	-0.45635638	0.2222005	-0.31720895	0.17650503	0.21943562	0.99999946	-0.4078458
-0.04110322	-0.24693544	0.026707204	-0.025794547	0.24489096	-0.002436381	0.2634258	0.14268516	-0.19218814	-0.43414024	0.11362822	-0.45615998	0.24655716	0.24019894	-0.2890207	0.18155308	-0.21756937	-0.14645216	-0.4078458	0.99999946
