1.0000001	-0.13418634	-0.15243116	0.10567113	0.08319518	0.27716926	0.21771362	0.07783506	-0.27091232	0.22330394	-0.31024796	0.22289851	0.2616266	-0.36648706	-0.54149336	0.01859164	-0.06007669	-0.14356402	-0.37616292	-0.13244177
-0.13418634	1.0	0.011407959	-0.27416828	-0.5177146	-0.28576645	-0.14350577	0.09284837	0.26420578	-0.30577004	0.26234767	-0.34009176	-0.15738112	0.10592948	0.15307891	-0.3606827	0.26374084	0.2585741	0.18117015	-0.07403652
-0.15243116	0.011407959	1.0000001	0.15877414	0.038977988	-0.20516929	-0.5143581	-0.4976478	-0.060768593	-0.07325538	0.16928485	-0.27749723	-0.052012485	0.09790199	0.17563032	0.14022247	-0.11236472	-0.16792892	0.0143913375	0.30684307
0.10567113	-0.27416828	0.15877414	1.0	0.26184845	0.14413248	-0.07605725	-0.20655462	-0.4648566	0.12802614	-0.14953618	-0.024955101	0.11018206	-0.1704264	-0.029662602	0.2924495	-0.38331538	-0.48105738	-0.080637924	0.14014524
0.08319518	-0.5177146	0.038977988	0.26184845	0.99999964	0.21854985	0.045806345	-0.13884705	-0.36261764	0.19823018	-0.29357225	0.12653513	0.060672954	-0.034646936	-0.08959822	0.29573613	-0.5414518	-0.29537514	-0.14114326	0.085416034
0.27716926	-0.28576645	-0.20516929	0.14413248	0.21854985	0.9999996	0.2381414	0.018061766	-0.26533866	0.2679665	-0.42011073	0.2350654	0.22030209	-0.26414397	-0.35623416	0.1336065	-0.28678113	-0.194752	-0.3693726	-0.105324775
0.21771362	-0.14350577	-0.5143581	-0.07605725	0.045806345	0.2381414	0.99999946	0.22405508	-0.11535073	0.15088998	-0.29345804	0.26241052	0.10643613	-0.14901604	-0.29454976	-0.064171575	0.0075690844	-0.046808545	-0.16303787	-0.39270726
0.07783506	0.09284837	-0.4976478	-0.20655462	-0.13884705	0.018061766	0.22405508	0.9999993	0.10196088	-0.12020491	-0.10998839	0.12757465	-0.04081724	-0.029290594	-0.08532326	-0.2342229	0.14943816	0.19874221	0.10220838	-0.6298268
-0.27091232	0.26420578	-0.060768593	-0.4648566	-0.36261764	-0.26533866	-0.11535073	0.10196088	0.99999905	-0.33848658	0.1806969	-0.06618172	-0.10823315	0.113076426	0.11196778	-0.42047897	0.28798538	0.26390156	0.18284683	-0.033415813
0.22330394	-0.30577004	-0.07325538	0.12802614	0.19823018	0.2679665	0.15088998	-0.12020491	-0.33848658	0.9999992	-0.1262406	0.09853193	0.20313509	-0.20857207	-0.24892299	0.11042939	-0.2984721	-0.10299	-0.5966963	0.039099276
-0.31024796	0.26234767	0.16928485	-0.14953618	-0.29357225	-0.42011073	-0.29345804	-0.10998839	0.1806969	-0.1262406	0.99999917	-0.51710635	-0.24100155	0.18074955	0.26724198	-0.17370023	0.13364512	0.17134777	0.15896556	0.110683545
0.22289851	-0.34009176	-0.27749723	-0.024955101	0.12653513	0.2350654	0.26241052	0.12757465	-0.06618172	0.09853193	-0.51710635	0.9999991	0.14326222	-0.12726481	-0.46276563	0.06743985	-0.02364907	-0.1481044	-0.116208315	-0.17989264
0.2616266	-0.15738112	-0.052012485	0.11018206	0.060672954	0.22030209	0.10643613	-0.04081724	-0.10823315	0.20313509	-0.24100155	0.14326222	0.99999917	-0.7536297	-0.3189453	0.00808181	-0.06143102	-0.07305562	-0.31609452	0.008903942
-0.36648706	0.10592948	0.09790199	-0.1704264	-0.034646936	-0.26414397	-0.14901604	-0.029290594	0.113076426	-0.20857207	0.18074955	-0.12726481	-0.7536297	0.99999905	0.23486477	0.022525929	0.018581945	0.06619159	0.21353212	0.050124533
-0.54149336	0.15307891	0.17563032	-0.029662602	-0.08959822	-0.35623416	-0.29454976	-0.08532326	0.11196778	-0.24892299	0.26724198	-0.46276563	-0.3189453	0.23486477	0.99999905	-0.0039648074	0.064730264	0.076627955	0.21628633	0.13103254
0.01859164	-0.3606827	0.14022247	0.2924495	0.29573613	0.1336065	-0.064171575	-0.2342229	-0.42047897	0.11042939	-0.17370023	0.06743985	0.00808181	0.022525929	-0.0039648074	0.99999875	-0.44405496	-0.49002558	-0.055820763	0.15804063
-0.06007669	0.26374084	-0.11236472	-0.38331538	-0.5414518	-0.28678113	0.0075690844	0.14943816	0.28798538	-0.2984721	0.13364512	-0.02364907	-0.06143102	0.018581945	0.064730264	-0.44405496	0.99999887	0.24449559	0.14643382	-0.105022125
-0.14356402	0.2585741	-0.16792892	-0.48105738	-0.29537514	-0.194752	-0.046808545	0.19874221	0.26390156	-0.10299	0.17134777	-0.1481044	-0.07305562	0.06619159	0.076627955	-0.49002558	0.24449559	0.99999875	0.120371565	-0.25658947
-0.37616292	0.18117015	0.0143913375	-0.080637924	-0.14114326	-0.3693726	-0.16303787	0.10220838	0.18284683	-0.5966963	0.15896556	-0.116208315	-0.31609452	0.21353212	0.21628633	-0.055820763	0.14643382	0.120371565	0.9999987	-0.12103032
-0.13244177	-0.07403652	0.30684307	0.14014524	0.085416034	-0.105324775	-0.39270726	-0.6298268	-0.033415813	0.039099276	0.110683545	-0.17989264	0.008903942	0.050124533	0.13103254	0.15804063	-0.105022125	-0.25658947	-0.12103032	0.9999987
