1.0000001	0.22130887	0.2193378	-0.31367412	0.14644785	0.25567907	-0.10463819	-0.1308601	0.27996466	-0.4431297	0.09731643	-0.33008927	0.24060696	-0.18528737	0.12725309	-0.376401	-0.09664384	-0.37234437	-0.2716083	0.036762446
0.22130887	0.9999998	0.17313169	-0.31483656	0.28556624	0.2834544	0.14927797	-0.48480716	0.23394468	-0.20067516	0.021836538	-0.1676245	0.040778864	-0.11713802	-0.06515875	-0.36447656	-0.35209948	-0.12797578	-0.4621783	0.24767219
0.2193378	0.17313169	0.9999997	-0.38561338	0.1717047	0.1224226	0.004444929	-0.11321207	0.27772984	-0.36322397	0.26529467	-0.0229639	0.10164868	-0.43104136	-0.04177898	-0.089104936	-0.2821717	-0.5038638	-0.17008564	0.06734614
-0.31367412	-0.31483656	-0.38561338	0.9999998	-0.38822284	-0.2648993	-0.107815646	0.22911197	-0.3786174	0.20022276	-0.1892214	0.118787885	-0.111602925	0.18615584	0.050479215	0.23159805	0.26592228	0.2384258	0.26893008	-0.33513072
0.14644785	0.28556624	0.1717047	-0.38822284	0.9999999	0.23654273	0.22866032	-0.44245422	0.15524706	-0.019846044	0.07749862	-0.048215207	-0.039198916	-0.09984935	-0.26878873	-0.3291638	-0.40494138	-0.20488048	-0.3319072	0.27580184
0.25567907	0.2834544	0.1224226	-0.2648993	0.23654273	0.9999998	0.0918584	-0.21109676	0.22746474	-0.1737604	0.038228877	-0.27630433	0.116532974	-0.16586424	-0.015930837	-0.6065544	-0.19427073	-0.1472732	-0.48096052	0.16473228
-0.10463819	0.14927797	0.004444929	-0.107815646	0.22866032	0.0918584	0.9999998	-0.25898832	-0.001916351	0.108369894	0.08053853	0.16791119	-0.3907189	-0.015154639	-0.5091451	-0.14991961	-0.412863	-0.007914887	-0.119138226	0.24715257
-0.1308601	-0.48480716	-0.11321207	0.22911197	-0.44245422	-0.21109676	-0.25898832	0.9999998	-0.12802184	0.046831354	0.06862166	0.0110222185	0.06806312	-0.055352665	0.16390045	0.19758266	0.23199852	0.027337331	0.27606967	-0.49574596
0.27996466	0.23394468	0.27772984	-0.3786174	0.15524706	0.22746474	-0.001916351	-0.12802184	0.9999998	-0.44342497	0.17547888	-0.25789893	0.1627629	-0.37731725	0.07186157	-0.18220122	-0.26353085	-0.3064147	-0.33310848	0.087998874
-0.4431297	-0.20067516	-0.36322397	0.20022276	-0.019846044	-0.1737604	0.108369894	0.046831354	-0.44342497	0.99999964	-0.26204708	0.18194374	-0.21915534	0.23577733	-0.23205708	0.12949638	0.047768094	0.2643453	0.16052884	-0.0179639
0.09731643	0.021836538	0.26529467	-0.1892214	0.07749862	0.038228877	0.08053853	0.06862166	0.17547888	-0.26204708	0.9999995	0.10545473	-0.033902366	-0.5762628	-0.13875158	-0.04819623	-0.19364372	-0.44558638	0.0273274	-0.06998358
-0.33008927	-0.1676245	-0.0229639	0.118787885	-0.048215207	-0.27630433	0.16791119	0.0110222185	-0.25789893	0.18194374	0.10545473	0.9999996	-0.5656723	-0.015724495	-0.3443461	0.19372793	-0.01767728	0.0696366	0.15183924	0.046193153
0.24060696	0.040778864	0.10164868	-0.111602925	-0.039198916	0.116532974	-0.3907189	0.06806312	0.1627629	-0.21915534	-0.033902366	-0.5656723	0.9999996	-0.048363876	0.27100363	-0.18675618	0.032638054	-0.19306238	-0.06347012	-0.1821312
-0.18528737	-0.11713802	-0.43104136	0.18615584	-0.09984935	-0.16586424	-0.015154639	-0.055352665	-0.37731725	0.23577733	-0.5762628	-0.015724495	-0.048363876	0.9999995	0.036550604	0.10318377	0.1316246	0.29263878	0.056592744	0.044832744
0.12725309	-0.06515875	-0.04177898	0.050479215	-0.26878873	-0.015930837	-0.5091451	0.16390045	0.07186157	-0.23205708	-0.13875158	-0.3443461	0.27100363	0.036550604	0.9999995	0.025723979	0.19301607	-0.012088265	0.032510713	-0.3442533
-0.376401	-0.36447656	-0.089104936	0.23159805	-0.3291638	-0.6065544	-0.14991961	0.19758266	-0.18220122	0.12949638	-0.04819623	0.19372793	-0.18675618	0.10318377	0.025723979	0.9999995	0.1978604	0.13895501	0.28044072	-0.1657945
-0.09664384	-0.35209948	-0.2821717	0.26592228	-0.40494138	-0.19427073	-0.412863	0.23199852	-0.26353085	0.047768094	-0.19364372	-0.01767728	0.032638054	0.1316246	0.19301607	0.1978604	0.9999992	0.17192997	0.21840864	-0.2733239
-0.37234437	-0.12797578	-0.5038638	0.2384258	-0.20488048	-0.1472732	-0.007914887	0.027337331	-0.3064147	0.2643453	-0.44558638	0.0696366	-0.19306238	0.29263878	-0.012088265	0.13895501	0.17192997	0.9999993	0.10605504	0.012081142
-0.2716083	-0.4621783	-0.17008564	0.26893008	-0.3319072	-0.48096052	-0.119138226	0.27606967	-0.33310848	0.16052884	0.0273274	0.15183924	-0.06347012	0.056592744	0.032510713	0.28044072	0.21840864	0.10605504	0.9999993	-0.34624553
0.036762446	0.24767219	0.06734614	-0.33513072	0.27580184	0.16473228	0.24715257	-0.49574596	0.087998874	-0.0179639	-0.06998358	0.046193153	-0.1821312	0.044832744	-0.3442533	-0.1657945	-0.2733239	0.012081142	-0.34624553	0.9999993
