0.99999994	0.0064472295	-0.23351446	-0.07862565	-0.10584131	-0.020498984	0.018792175	0.15591842	-0.019524826	-0.6906251	0.2074131	0.10191757	-0.15543553	-0.34457418	0.031029833	-0.06911427	0.10087123	0.19874562	-0.10250688	-0.0008736143
0.0064472295	1.0000001	-0.28089502	0.22518206	0.27878776	-0.5304729	-0.27354893	-0.2796936	-0.31745878	0.0402137	0.24458669	0.22429623	0.2462668	0.065730944	0.22299983	0.27508318	-0.3929411	-0.16233219	-0.38742653	-0.20482522
-0.23351446	-0.28089502	1.0000001	0.04051077	-0.11290535	0.19922805	0.18559901	0.044090476	0.08196063	0.149938	-0.5152394	-0.4941212	-0.09507046	0.16232805	-0.12526658	-0.23799656	0.045867506	-0.15023333	0.26075286	0.07496699
-0.07862565	0.22518206	0.04051077	0.9999999	0.23290662	-0.2970552	-0.25698048	-0.46408576	-0.46997428	0.101059146	0.07567516	0.08612504	0.2787149	0.1936121	0.25873545	0.25668243	-0.26988143	-0.27043673	-0.2258943	-0.4162691
-0.10584131	0.27878776	-0.11290535	0.23290662	0.9999999	-0.35132247	-0.20249347	-0.24008815	-0.34166905	0.10278024	0.15508981	0.10713088	0.2349706	-0.018170552	0.20143183	0.23321794	-0.67540425	-0.05757721	-0.19570616	-0.24513721
-0.020498984	-0.5304729	0.19922805	-0.2970552	-0.35132247	0.9999999	0.25613862	0.24270248	0.26639134	-0.08336252	-0.39281002	-0.28887796	-0.3200644	-0.09456201	-0.19276825	-0.23330091	0.22468954	0.122906566	0.27553964	0.2174994
0.018792175	-0.27354893	0.18559901	-0.25698048	-0.20249347	0.25613862	0.9999999	0.24817695	0.24996267	-0.111273386	-0.2163968	-0.42108253	-0.46308115	-0.10723521	-0.46082178	-0.35334158	0.17143817	0.14530963	0.29550722	0.295331
0.15591842	-0.2796936	0.044090476	-0.46408576	-0.24008815	0.24270248	0.24817695	0.9999998	0.27969867	-0.2396617	-0.10462183	-0.19384785	-0.35142738	-0.31259337	-0.18931277	-0.47766653	0.18650465	0.24490128	0.21499781	0.23600824
-0.019524826	-0.31745878	0.08196063	-0.46997428	-0.34166905	0.26639134	0.24996267	0.27969867	0.99999964	-0.033619918	-0.23968425	-0.13578185	-0.2699792	-0.23973483	-0.35386634	-0.40515238	0.2306473	0.20969987	0.23404524	0.27404025
-0.6906251	0.0402137	0.149938	0.101059146	0.10278024	-0.08336252	-0.111273386	-0.2396617	-0.033619918	0.9999996	-0.24583605	-0.046834663	0.1514181	0.25277415	0.034133516	0.09574355	-0.113555685	-0.34892505	0.016902896	-0.03126876
0.2074131	0.24458669	-0.5152394	0.07567516	0.15508981	-0.39281002	-0.2163968	-0.10462183	-0.23968425	-0.24583605	0.9999999	0.27147943	0.11054115	-0.14323361	0.13872263	0.20078966	-0.11580668	0.058208853	-0.34467998	-0.14419754
0.10191757	0.22429623	-0.4941212	0.08612504	0.10713088	-0.28887796	-0.42108253	-0.19384785	-0.13578185	-0.046834663	0.27147943	0.9999999	0.19642551	-0.077396564	0.17482083	0.24272649	-0.037593678	0.012362049	-0.50651234	-0.21523495
-0.15543553	0.2462668	-0.09507046	0.2787149	0.2349706	-0.3200644	-0.46308115	-0.35142738	-0.2699792	0.1514181	0.11054115	0.19642551	0.9999999	0.12898614	0.27681932	0.27641183	-0.27277693	-0.16192046	-0.30052733	-0.51027113
-0.34457418	0.065730944	0.16232805	0.1936121	-0.018170552	-0.09456201	-0.10723521	-0.31259337	-0.23973483	0.25277415	-0.14323361	-0.077396564	0.12898614	0.9999999	0.13407527	0.094518855	0.019123476	-0.6173282	0.016874664	-0.11319482
0.031029833	0.22299983	-0.12526658	0.25873545	0.20143183	-0.19276825	-0.46082178	-0.18931277	-0.35386634	0.034133516	0.13872263	0.17482083	0.27681932	0.13407527	1.0000001	0.24079905	-0.2543028	-0.3060249	-0.2825628	-0.54864097
-0.06911427	0.27508318	-0.23799656	0.25668243	0.23321794	-0.23330091	-0.35334158	-0.47766653	-0.40515238	0.09574355	0.20078966	0.24272649	0.27641183	0.094518855	0.24079905	1.0000001	-0.25081873	-0.18428962	-0.42553365	-0.2787585
0.10087123	-0.3929411	0.045867506	-0.26988143	-0.67540425	0.22468954	0.17143817	0.18650465	0.2306473	-0.113555685	-0.11580668	-0.037593678	-0.27277693	0.019123476	-0.2543028	-0.25081873	1.0000001	0.04488823	0.15631597	0.202735
0.19874562	-0.16233219	-0.15023333	-0.27043673	-0.05757721	0.122906566	0.14530963	0.24490128	0.20969987	-0.34892505	0.058208853	0.012362049	-0.16192046	-0.6173282	-0.3060249	-0.18428962	0.04488823	0.9999999	0.057184275	0.16486153
-0.10250688	-0.38742653	0.26075286	-0.2258943	-0.19570616	0.27553964	0.29550722	0.21499781	0.23404524	0.016902896	-0.34467998	-0.50651234	-0.30052733	0.016874664	-0.2825628	-0.42553365	0.15631597	0.057184275	0.9999998	0.24322963
-0.0008736143	-0.20482522	0.07496699	-0.4162691	-0.24513721	0.2174994	0.295331	0.23600824	0.27404025	-0.03126876	-0.14419754	-0.21523495	-0.51027113	-0.11319482	-0.54864097	-0.2787585	0.202735	0.16486153	0.24322963	0.9999998
