0.09492974444785718
0.7114116198254712
1.801944867241257
1.38917538565687
1.3254458160871876
1.0100145029016625
0.33520552940530624
0.8848328428432493
1.5580383651807193
0.013825913046225713
0.8676657623006441
0.6142126014547644
1.242600635278653
0.6570765941607999
1.8104087234862725
1.6696574194365166
0.6228299400521249
0.7118083349659583
0.3633112865889201
1.313914853104512
0.6138906196945491
0.8134165460694514
1.420990060011557
0.5157154289291654
0.04826422184195822
1.5918854113113812
0.9937902690957814
0.5153010973588417
0.11575990945083925
1.8971637665563121
1.6120915693050772
0.3060203498435605
0.8674902711379064
0.6355446799917206
0.6571745726832097
1.7039675604398823
0.15714466820230255
1.6121162086459242
1.1517979147833681
1.1367383010584902
1.1988004145617752
1.9620952132385239
1.7233764639433802
0.8409234908693324
1.0186200363105429
1.9692907642474806
0.059636009638220466
0.7845901820185557
1.2542629515964998
0.3355439033087311
1.2390274557338432
0.5389828085617583
1.0714880673246576
0.741585946602533
1.8202727065629738
0.5790042430919193
1.6177151382309602
1.5875966216441666
1.3088050317004953
1.073516386265963
1.1934673946268193
1.450234206584043
0.12459786689689478
0.2426320573151184
0.30044267163169347
1.2576483977552393
1.0744512526958285
0.2238126185287368
1.715510219349463
0.22626412299450127
0.17883656418063731
0.08888222081340791
1.3679930459740774
1.17634432013221
0.558301925782585
1.0216828046161017
0.989760289418049
0.39475112481570096
1.1884791958645546
0.6065999815306145
0.48714827042187414
1.2521925285231184
0.29316189190921804
0.6754414691258093
0.28827418849234077
0.09688581379170436
1.822928251340322
1.3502313588023995
0.8661052315824325
0.6632042674316314
0.09415944201013993
1.562610159224498
0.7675780210388277
1.1522974384148963
1.8379017171216419
1.5862574536894731
0.2512648583891526
0.6363291920516967
1.0403226402784205
0.038422086025329705
1.2704542323723533
0.32659057858684304
0.664559191184561
0.18619217657624554
1.311522491187956
1.655434906762163
1.1624872980955898
0.06705191676314937
0.04408699808725913
0.8423026313272541
0.5321356492018265
1.6788917103230918
1.9151522140465957
0.9833716517257873
1.146978390152526
1.6939235574340668
1.5356623786288208
0.10816472878379724
0.5622049580658786
1.2788877431060703
1.3055828864655927
0.9761674256962514
0.34084703564136154
0.5834034881483565
1.5643970309031514
0.5841626211224562
1.8389723204040258
0.3707334651201857
0.7940091633479358
1.045344878465516
1.238738616406754
0.9065318144160919
0.0022244211672313163
1.3267357963214002
1.0296529041227789
1.0647371181781848
0.7792609698931103
0.1942910773022959
0.9161638262668004
0.7789454106371863
0.6882227099015934
0.5706458077780749
0.18516443575494068
1.3832336604684194
1.3260638495786652
1.5480411856184642
1.3104034777316769
0.8063500616488206
1.7094884308441227
1.8904695372856577
0.30432398412142136
0.13554619092154185
1.669492049254032
1.2184650104717878
0.33596217101731174
0.036577671421718305
0.48066368347119015
1.6219316860086246
0.3338076766096767
1.956128675011313
1.1002008638487317
1.2503518001184268
1.54437141529564
1.9028427128307195
0.7084879006730656
1.521793157466656
0.5372270616317727
1.7988762621506438
0.8623904261930655
1.4393213004061247
1.7419188668338021
1.5081919401568102
0.5415704927485301
0.3438305844886058
1.1726265439562422
1.4488465249803397
1.8000891938724441
0.5537677421384657
1.6558064041193368
1.5754303111369945
0.33144909622137386
0.5244683972139075
0.4012024121552433
1.1620010146944917
0.7286246221557673
1.4755585627923729
1.7227861848708936
0.35088124689812883
0.5280442989380683
1.282809256951142
