1.0000001	-0.20787393	0.15997878	0.24315912	-0.0077048847	-0.3056884	-0.102837175	0.1726788	-0.28769764	-0.48442972	-0.047541816	-0.3912996	0.2780027	-0.06603251	-0.23632735	-0.12720563	0.22428559	0.30405143	-0.20763317	0.09011557
-0.20787393	1.0	-0.410475	-0.22186911	0.2733353	0.09799215	0.09329467	-0.55043495	0.26198146	0.205197	0.21464235	0.011139326	-0.24948768	-0.19572464	0.3015966	-0.32843217	0.0003346103	-0.2119892	-0.07416404	-0.009062792
0.15997878	-0.410475	1.0	0.21254654	-0.4073115	-0.25323963	-0.26191205	0.29724282	-0.35559645	-0.14416665	-0.26291358	-0.06928294	0.24651195	0.074630134	-0.47583067	0.17524397	0.104221344	0.1932027	0.0131611535	0.16398951
0.24315912	-0.22186911	0.21254654	0.9999999	-0.116921596	-0.41847065	-0.4741613	0.1950171	-0.1476353	-0.3237416	-0.009085203	-0.23248899	0.22280401	-0.10077687	-0.19731338	-0.031642515	0.20837234	0.24341449	-0.28043643	0.22922975
-0.0077048847	0.2733353	-0.4073115	-0.116921596	0.99999976	0.06145358	0.088607505	-0.4186712	0.23490909	0.10402585	0.2122053	-0.18067357	-0.105451524	-0.12364447	0.2702881	-0.5055803	-0.022245033	-0.10656333	-0.1708378	-0.07921955
-0.3056884	0.09799215	-0.25323963	-0.41847065	0.06145358	0.9999995	0.24041587	-0.1435621	0.21650442	0.23142461	0.04540898	0.14662926	-0.34609663	0.10877604	0.18118306	0.0902971	-0.43904218	-0.2760077	0.14502886	-0.38300604
-0.102837175	0.09329467	-0.26191205	-0.4741613	0.088607505	0.24041587	0.99999964	-0.15847676	0.090151735	0.051403616	0.016770149	0.09046089	-0.16706575	0.12019407	0.13485752	0.039709255	-0.12669621	-0.15028645	0.12945536	-0.6538846
0.1726788	-0.55043495	0.29724282	0.1950171	-0.4186712	-0.1435621	-0.15847676	0.99999964	-0.34592268	-0.26835644	-0.21995044	-0.051233027	0.19315644	0.13369651	-0.38697976	0.21878004	0.037254557	0.19499911	0.06749819	0.03326419
-0.28769764	0.26198146	-0.35559645	-0.1476353	0.23490909	0.21650442	0.090151735	-0.34592268	0.9999996	0.2538267	0.19174561	0.06750618	-0.44022462	-0.08733442	0.31242806	-0.22388251	-0.2719339	-0.2831453	-0.060168188	-0.12551163
-0.48442972	0.205197	-0.14416665	-0.3237416	0.10402585	0.23142461	0.051403616	-0.26835644	0.2538267	0.9999996	0.1112132	0.16253477	-0.23219588	-0.035248276	0.20985794	-0.050421093	-0.28958234	-0.45583823	-0.008564639	-0.036938094
-0.047541816	0.21464235	-0.26291358	-0.009085203	0.2122053	0.04540898	0.016770149	-0.21995044	0.19174561	0.1112132	0.9999997	-0.23357151	-0.11011805	-0.50730914	0.21153279	-0.2261878	0.10455846	-0.048426937	-0.42960265	-0.013369144
-0.3912996	0.011139326	-0.06928294	-0.23248899	-0.18067357	0.14662926	0.09046089	-0.051233027	0.06750618	0.16253477	-0.23357151	0.9999997	-0.29451212	0.1828148	0.018253027	0.1969404	-0.119000226	-0.46315444	0.22654504	-0.06760683
0.2780027	-0.24948768	0.24651195	0.22280401	-0.105451524	-0.34609663	-0.16706575	0.19315644	-0.44022462	-0.23219588	-0.11011805	-0.29451212	0.9999995	-0.1250046	-0.38547516	0.012209286	0.23796812	0.26573175	-0.1781454	0.17739366
-0.06603251	-0.19572464	0.074630134	-0.10077687	-0.12364447	0.10877604	0.12019407	0.13369651	-0.08733442	-0.035248276	-0.50730914	0.1828148	-0.1250046	0.99999946	-0.1454877	0.22661833	-0.31861883	-0.15496857	0.28075382	-0.26733312
-0.23632735	0.3015966	-0.47583067	-0.19731338	0.2702881	0.18118306	0.13485752	-0.38697976	0.31242806	0.20985794	0.21153279	0.018253027	-0.38547516	-0.1454877	0.9999994	-0.3042598	-0.14799476	-0.18821388	-0.05549353	-0.1166205
-0.12720563	-0.32843217	0.17524397	-0.031642515	-0.5055803	0.0902971	0.039709255	0.21878004	-0.22388251	-0.050421093	-0.2261878	0.1969404	0.012209286	0.22661833	-0.3042598	0.9999995	-0.1767047	-0.087565176	0.21923825	-0.117154405
0.22428559	0.0003346103	0.104221344	0.20837234	-0.022245033	-0.43904218	-0.12669621	0.037254557	-0.2719339	-0.28958234	0.10455846	-0.119000226	0.23796812	-0.31861883	-0.14799476	-0.1767047	0.99999946	0.19309865	-0.38129237	0.18301752
0.30405143	-0.2119892	0.1932027	0.24341449	-0.10656333	-0.2760077	-0.15028645	0.19499911	-0.2831453	-0.45583823	-0.048426937	-0.46315444	0.26573175	-0.15496857	-0.18821388	-0.087565176	0.19309865	0.99999946	-0.09818866	0.12985033
-0.20763317	-0.07416404	0.0131611535	-0.28043643	-0.1708378	0.14502886	0.12945536	0.06749819	-0.060168188	-0.008564639	-0.42960265	0.22654504	-0.1781454	0.28075382	-0.05549353	0.21923825	-0.38129237	-0.09818866	0.99999946	-0.13715328
0.09011557	-0.009062792	0.16398951	0.22922975	-0.07921955	-0.38300604	-0.6538846	0.03326419	-0.12551163	-0.036938094	-0.013369144	-0.06760683	0.17739366	-0.26733312	-0.1166205	-0.117154405	0.18301752	0.12985033	-0.13715328	0.99999946
