1.0	-0.2807114	-0.31329563	-0.06684769	0.22886355	0.20677894	-0.44697875	-0.38105926	0.039773345	0.23904687	-0.23844086	-0.03473123	0.2912435	0.07219742	-0.13588293	-0.16385333	0.29347837	0.20916614	-0.19193894	-0.32680753
-0.2807114	0.99999976	0.12747742	-0.17103356	-0.09058006	-0.057518918	0.17274478	0.24161541	0.11013098	-0.43088776	0.07738893	-0.079722285	-0.34624618	0.13948049	0.03560425	0.036183245	-0.4585033	-0.29395458	0.11350041	0.15503237
-0.31329563	0.12747742	0.9999997	0.17101601	-0.3977195	-0.2368153	0.25626945	0.15905434	-0.40426037	-0.17078453	-0.14929599	-0.23033674	-0.3121933	-0.19111541	0.2622756	0.28054288	-0.14954475	-0.23157266	0.23211451	0.2981842
-0.06684769	-0.17103356	0.17101601	0.9999996	-0.21712661	-0.20370498	0.13069583	-0.07347515	-0.39973974	0.07167223	-0.14040935	-0.10609216	-0.010780164	-0.7396392	0.20447978	0.23855172	0.03047839	0.01033326	0.13262749	0.13899416
0.22886355	-0.09058006	-0.3977195	-0.21712661	0.9999996	0.3121647	-0.35274467	-0.24416898	0.22192666	0.05224639	0.06768075	0.20641826	0.24554561	0.19451487	-0.43928146	-0.35592204	0.17725068	0.2455491	-0.40938345	-0.4452327
0.20677894	-0.057518918	-0.2368153	-0.20370498	0.3121647	0.99999946	-0.44560945	-0.26765096	0.19608283	0.039307747	0.059294835	0.20268281	0.2438769	0.18102156	-0.352511	-0.4097754	0.1696218	0.24862275	-0.4857263	-0.40014136
-0.44697875	0.17274478	0.25626945	0.13069583	-0.35274467	-0.44560945	0.9999996	0.24635352	-0.16439135	-0.12949885	0.02152545	-0.14460848	-0.3951668	-0.18302271	0.21627684	0.26504	-0.38598806	-0.22060232	0.26187286	0.29783288
-0.38105926	0.24161541	0.15905434	-0.07347515	-0.24416898	-0.26765096	0.24635352	0.99999964	0.038402867	-0.09004199	-0.011675023	-0.10590339	-0.41741663	0.058718454	0.11919014	0.13680926	-0.34969068	-0.53329116	0.24019243	0.23403706
0.039773345	0.11013098	-0.40426037	-0.39973974	0.22192666	0.19608283	-0.16439135	0.038402867	0.99999964	-0.10074572	0.1857687	0.1843047	0.030610234	0.27250195	-0.36369425	-0.43083468	-0.074952476	0.055205505	-0.12660025	-0.26948792
0.23904687	-0.43088776	-0.17078453	0.07167223	0.05224639	0.039307747	-0.12949885	-0.09004199	-0.10074572	0.99999964	-0.49984676	-0.25134864	0.17542528	-0.07074933	0.02140309	0.006806663	0.23972107	0.07547429	-0.013881681	-0.16331807
-0.23844086	0.07738893	-0.14929599	-0.14040935	0.06768075	0.059294835	0.02152545	-0.011675023	0.1857687	-0.49984676	0.99999976	0.27826598	-0.057470888	0.086831756	-0.20108876	-0.16455662	-0.23205365	0.07537493	-0.13278307	-0.02450981
-0.03473123	-0.079722285	-0.23033674	-0.10609216	0.20641826	0.20268281	-0.14460848	-0.10590339	0.1843047	-0.25134864	0.27826598	0.99999976	0.0956076	0.10656119	-0.41241983	-0.2251173	-0.03325476	0.18871899	-0.39091802	-0.24810591
0.2912435	-0.34624618	-0.3121933	-0.010780164	0.24554561	0.2438769	-0.3951668	-0.41741663	0.030610234	0.17542528	-0.057470888	0.0956076	0.9999996	0.018122824	-0.1034598	-0.27779618	0.2801776	0.27607602	-0.35271785	-0.383437
0.07219742	0.13948049	-0.19111541	-0.7396392	0.19451487	0.18102156	-0.18302271	0.058718454	0.27250195	-0.07074933	0.086831756	0.10656119	0.018122824	0.9999995	-0.23526764	-0.31645814	-0.038426433	-0.030292397	-0.17171568	-0.15326269
-0.13588293	0.03560425	0.2622756	0.20447978	-0.43928146	-0.352511	0.21627684	0.11919014	-0.36369425	0.02140309	-0.20108876	-0.41241983	-0.1034598	-0.23526764	0.99999934	0.29320526	-0.13318072	-0.3153248	0.26841792	0.27125877
-0.16385333	0.036183245	0.28054288	0.23855172	-0.35592204	-0.4097754	0.26504	0.13680926	-0.43083468	0.006806663	-0.16455662	-0.2251173	-0.27779618	-0.31645814	0.29320526	0.99999905	-0.21085082	-0.2446116	0.25981903	0.282819
0.29347837	-0.4585033	-0.14954475	0.03047839	0.17725068	0.1696218	-0.38598806	-0.34969068	-0.074952476	0.23972107	-0.23205365	-0.03325476	0.2801776	-0.038426433	-0.13318072	-0.21085082	0.9999991	0.22378089	-0.14149578	-0.20656644
0.20916614	-0.29395458	-0.23157266	0.01033326	0.2455491	0.24862275	-0.22060232	-0.53329116	0.055205505	0.07547429	0.07537493	0.18871899	0.27607602	-0.030292397	-0.3153248	-0.2446116	0.22378089	0.9999991	-0.386373	-0.35227838
-0.19193894	0.11350041	0.23211451	0.13262749	-0.40938345	-0.4857263	0.26187286	0.24019243	-0.12660025	-0.013881681	-0.13278307	-0.39091802	-0.35271785	-0.17171568	0.26841792	0.25981903	-0.14149578	-0.386373	0.9999991	0.29499033
-0.32680753	0.15503237	0.2981842	0.13899416	-0.4452327	-0.40014136	0.29783288	0.23403706	-0.26948792	-0.16331807	-0.02450981	-0.24810591	-0.383437	-0.15326269	0.27125877	0.282819	-0.20656644	-0.35227838	0.29499033	0.9999991
