1.0000001	-0.49308372	0.16014896	-0.29275206	0.22556448	-0.30408373	-0.02570902	0.23736136	-0.2490332	-0.24474907	0.28172034	0.21134084	0.20378011	0.09201675	-0.46709985	-0.17238379	0.027599249	-0.34536615	-0.093970075	0.24870141
-0.49308372	1.0000001	-0.25637135	0.22774205	-0.3251656	0.21786022	-0.026589533	-0.23634088	0.19578195	0.18151765	-0.46599925	-0.20314053	-0.12673984	-0.016628174	0.2983872	0.14238295	-0.052166495	0.23778383	0.026473166	-0.3257013
0.16014896	-0.25637135	1.0000001	-0.29952294	-0.09348181	-0.393592	0.2800499	0.2882021	-0.0072862697	-0.27220887	0.11856856	0.23623219	-0.06959796	-0.33542058	-0.25181663	-0.49845666	0.27639475	-0.041432843	0.23294327	-0.07334989
-0.29275206	0.22774205	-0.29952294	1.0000001	-0.023963531	0.3061491	-0.27657115	-0.35924086	0.045089222	0.28104246	-0.20220098	-0.51527566	-0.030916061	0.10860971	0.26860017	0.26370072	-0.31776223	0.15211739	-0.22987288	-0.104970224
0.22556448	-0.3251656	-0.09348181	-0.023963531	1.0000005	-0.0281062	-0.24782492	0.02662052	-0.34589538	-0.008137935	0.22631013	-0.043029085	0.2575416	0.25219402	-0.199888	0.10509347	-0.25424543	-0.3967449	-0.40308782	0.27624947
-0.30408373	0.21786022	-0.393592	0.3061491	-0.0281062	1.0000006	-0.28737465	-0.5119107	0.07491806	0.27770075	-0.17054094	-0.3547801	-0.07576213	0.14138645	0.26296198	0.27291065	-0.26802942	0.13363373	-0.2595947	-0.03374441
-0.02570902	-0.026589533	0.2800499	-0.27657115	-0.24782492	-0.28737465	1.0000005	0.20987342	0.11652219	-0.16265644	-0.040425777	0.17910239	-0.28467694	-0.41587466	-0.085919656	-0.3826715	0.3089565	0.11734702	0.30425975	-0.27981514
0.23736136	-0.23634088	0.2882021	-0.35924086	0.02662052	-0.5119107	0.20987342	1.0000004	-0.14826001	-0.39988258	0.19754736	0.29375595	0.054443903	-0.14196108	-0.42031893	-0.3175639	0.19510348	-0.19046399	0.15838042	0.06465693
-0.2490332	0.19578195	-0.0072862697	0.045089222	-0.34589538	0.07491806	0.11652219	-0.14826001	1.0000001	0.13742784	-0.5744004	-0.083836034	-0.49159613	-0.19455741	0.19900423	-0.048870493	0.12734747	0.25688678	0.13804995	-0.14729011
-0.24474907	0.18151765	-0.27220887	0.28104246	-0.008137935	0.27770075	-0.16265644	-0.39988258	0.13742784	1.0000001	-0.17221296	-0.5511518	-0.25805587	0.0078743035	0.26286772	0.19995274	-0.12609152	0.20197664	-0.1702116	-0.18499921
0.28172034	-0.46599925	0.11856856	-0.20220098	0.22631013	-0.17054094	-0.040425777	0.19754736	-0.5744004	-0.17221296	1.0	0.14065114	0.2199954	0.07525787	-0.368136	-0.06681988	-0.034950174	-0.29369295	-0.057619836	0.1869513
0.21134084	-0.20314053	0.23623219	-0.51527566	-0.043029085	-0.3547801	0.17910239	0.29375595	-0.083836034	-0.5511518	0.14065114	0.99999994	0.086372495	-0.077677004	-0.32237613	-0.2223212	0.17068273	-0.1968491	0.17051244	0.081789196
0.20378011	-0.12673984	-0.06959796	-0.030916061	0.2575416	-0.07576213	-0.28467694	0.054443903	-0.49159613	-0.25805587	0.2199954	0.086372495	1.0	0.24860013	-0.18331693	0.0646513	-0.22689411	-0.3965853	-0.24020982	0.24896915
0.09201675	-0.016628174	-0.33542058	0.10860971	0.25219402	0.14138645	-0.41587466	-0.14196108	-0.19455741	0.0078743035	0.07525787	-0.077677004	0.24860013	1.0	-0.07269154	0.20313665	-0.25492328	-0.34791437	-0.5050276	0.23360288
-0.46709985	0.2983872	-0.25181663	0.26860017	-0.199888	0.26296198	-0.085919656	-0.42031893	0.19900423	0.26286772	-0.368136	-0.32237613	-0.18331693	-0.07269154	0.9999997	0.17924744	-0.08519079	0.26478356	0.007156655	-0.2862519
-0.17238379	0.14238295	-0.49845666	0.26370072	0.10509347	0.27291065	-0.3826715	-0.3175639	-0.048870493	0.19995274	-0.06681988	-0.2223212	0.0646513	0.20313665	0.17924744	0.99999964	-0.54845977	0.0006801382	-0.21221805	0.038012262
0.027599249	-0.052166495	0.27639475	-0.31776223	-0.25424543	-0.26802942	0.3089565	0.19510348	0.12734747	-0.12609152	-0.034950174	0.17068273	-0.22689411	-0.25492328	-0.08519079	-0.54845977	0.99999946	0.08119284	0.25928137	-0.27784202
-0.34536615	0.23778383	-0.041432843	0.15211739	-0.3967449	0.13363373	0.11734702	-0.19046399	0.25688678	0.20197664	-0.29369295	-0.1968491	-0.3965853	-0.34791437	0.26478356	0.0006801382	0.08119284	0.99999934	0.15118745	-0.38853624
-0.093970075	0.026473166	0.23294327	-0.22987288	-0.40308782	-0.2595947	0.30425975	0.15838042	0.13804995	-0.1702116	-0.057619836	0.17051244	-0.24020982	-0.5050276	0.007156655	-0.21221805	0.25928137	0.15118745	0.99999946	-0.27642894
0.24870141	-0.3257013	-0.07334989	-0.104970224	0.27624947	-0.03374441	-0.27981514	0.06465693	-0.14729011	-0.18499921	0.1869513	0.081789196	0.24896915	0.23360288	-0.2862519	0.038012262	-0.27784202	-0.38853624	-0.27642894	0.99999946
