1.7346737060083774
0.5913617993437819
1.9453401416319325
1.8624858787153544
0.6439740029698389
0.4006249077196504
1.5474871523877798
0.8991492294467269
0.8465855429125448
1.2506798945087365
0.4457737598456728
1.6449022160412512
0.04232658288485691
1.3515934727833696
1.5134289988217051
0.5801090603289707
1.4391327062078088
1.785139066926527
1.8038254899168535
0.4905134303432781
0.4716506969119816
0.590468941191576
0.45217069167790447
0.811157590592468
0.6055682110124374
0.1543525186398238
0.8319502578082745
0.43161666949709465
0.9690922284279793
0.18078017348884212
1.204335495696893
1.4258175155266177
1.9241718927859328
1.9150658188838763
1.7822613146073047
1.8827562615870088
0.8470699265486452
0.26861785690840434
0.9018550696841738
1.506168261300424
1.1348427536071166
0.9209526238936507
0.0546812280259219
1.2710519546758454
0.1534581655942271
1.8884561594203928
1.6869317151710834
1.6272372884910367
0.10048635198707045
0.8032404096952184
0.37468582435355624
0.18808412291996524
1.9186212085219836
1.3594880030114163
0.7084314198736821
1.6395177137714365
0.5647497729680064
1.0190656840574672
0.10834143470379343
0.5751062987152138
1.4943717906181482
1.6349608176808195
1.535754350018446
0.6406944221642215
1.790893766708478
1.3818924160615165
1.9729825573178825
0.012242981278657528
0.22368841427593456
1.5288858808511674
1.46188457252066
1.9666724578747792
1.7614045866402983
0.7265730089629132
1.0460449550334858
1.1470335623868368
1.116623312099567
1.7186381647116127
1.5381602276031396
1.0766089714568106
1.2600715343934816
0.9072478870681959
1.271239706897251
0.6471779644560649
0.4189747370334016
0.7594648688961263
0.980502229380571
1.4337992382060272
0.06905491623678417
1.6284584499683634
0.45396789793354175
1.2220196695842744
0.5998441519115782
1.3352025197708997
0.44600476354523133
0.3614753904118997
0.7860476546162145
1.973811969988335
0.32655972164361047
1.4205133341600298
0.3506967365806688
0.6906523005260512
1.4601620483223094
1.7725296125782202
0.295724145968441
0.5149485080973375
1.6410339605721413
1.7872962068593037
0.8397818513033497
1.4578340986701679
1.8166246429644015
0.32728049004839765
0.5839139945456118
1.5246606683925703
0.7592279170639049
0.4621609090719778
1.9401310749880587
0.3443501469257966
1.987995999303116
0.868337437059173
0.25674135817583954
1.0735625551652617
0.13580115934701986
1.5806313466351005
1.919959253059394
0.6127390825280696
0.13475369990783492
0.8201997560517964
0.9100967059553369
1.8377943792054232
0.1970438979169309
0.7142578392784409
1.9088831194065685
1.4433652033752153
0.22999739700053756
1.5454853850767296
1.666514362162889
0.37728840848682
0.7632845921565798
1.7107929963913753
0.24055150035471384
0.11686299990966265
0.8283575628982274
1.4803428399597804
0.30197116990283024
0.6601254706523374
1.9724663031437897
0.4627257389168036
1.6396345059755706
1.569369711067843
1.2514067472061507
0.21382095962175707
1.7316010998887643
0.5414625674078128
1.5375823933186503
1.1755520430242603
0.9778047626097535
1.7011282771479581
1.3888729026574647
1.2171460885231167
1.0285403361632512
0.9098564276101482
0.6981176613267488
0.20758172382185247
0.9463235871802804
0.4880559749018081
0.8514745058520206
0.02561279691900009
1.4583234236453109
0.25598247958842735
1.4415172180797162
0.9488716499003318
1.4827573667389422
0.9602596256197788
0.7186651143699483
0.21771732741302396
1.7487416306078654
1.8380300764033568
1.8121808137272386
1.3479875021051293
0.7984434826751101
1.7205887900170937
1.3402838259302754
0.09970817534844034
0.9443316158650097
1.0750527481030407
1.2568903070650574
1.7840502235108955
1.6828538129987087
1.518891440177216
