1.0000001	-0.020539878	-0.029854888	0.18712986	-0.44612497	-0.3888004	0.14089824	-0.073634	-0.098445065	-0.18248431	-0.42735246	0.2531316	0.08165409	-0.27350175	0.2933894	0.25793004	0.2192926	-0.28179505	-0.41020495	0.19931194
-0.020539878	1.0000001	-0.5842748	-0.31470108	-0.093343765	-0.14866553	0.25851902	0.26152736	-0.41762242	0.23482181	-0.027926886	0.16910106	-0.28044608	0.16327143	0.035660453	0.122088514	0.12584107	-0.10925361	-0.021540591	-0.352516
-0.029854888	-0.5842748	1.0000002	0.23839831	0.0927391	0.18346572	-0.34703612	-0.25718075	0.26986176	-0.36922124	-0.008593808	-0.21899363	0.26292762	-0.261997	-0.06347365	-0.084111236	-0.105340794	0.06042172	-0.030395623	0.2526589
0.18712986	-0.31470108	0.23839831	1.0000001	-0.08945358	0.012832247	-0.10316931	-0.33013323	0.16431153	-0.4575897	-0.28028506	0.006084579	0.2763135	-0.33287716	0.1531176	0.00568102	0.05029283	-0.19961022	-0.30201244	0.3156699
-0.44612497	-0.093343765	0.0927391	-0.08945358	1.0	0.2753169	-0.17877261	-0.08669991	0.18444335	0.07982274	0.27505615	-0.509588	0.005241681	0.11279546	-0.38563272	-0.47127736	-0.1844144	0.24904509	0.2871129	-0.11626612
-0.3888004	-0.14866553	0.18346572	0.012832247	0.2753169	1.0	-0.3961595	-0.2704647	0.26434556	-0.03968427	0.21387151	-0.42399627	0.14879955	0.026828498	-0.3104642	-0.31015947	-0.3359845	0.25831217	0.23988256	0.000724207
0.14089824	0.25851902	-0.34703612	-0.10316931	-0.17877261	-0.3961595	1.0	0.23495233	-0.41403896	0.07983129	-0.22370912	0.2626527	-0.3352501	0.040755827	0.18660271	0.22972618	0.22859333	-0.3286361	-0.1482105	-0.18754917
-0.073634	0.26152736	-0.25718075	-0.33013323	-0.08669991	-0.2704647	0.23495233	1.0000002	-0.38227957	0.2588586	0.013145155	0.1572878	-0.5225215	0.24338354	-0.045576792	0.122471616	0.018869534	-0.011389915	0.0125770625	-0.34319264
-0.098445065	-0.41762242	0.26986176	0.16431153	0.18444335	0.26434556	-0.41403896	-0.38227957	1.0000004	-0.17193481	0.1083683	-0.276472	0.24310282	-0.09544006	-0.22047971	-0.31861925	-0.31540793	0.18131061	0.124386355	0.17060925
-0.18248431	0.23482181	-0.36922124	-0.4575897	0.07982274	-0.03968427	0.07983129	0.2588586	-0.17193481	1.0000005	0.1754488	0.0054027266	-0.34341207	0.30665272	-0.2279065	-0.0693734	-0.16599764	0.15421095	0.20120946	-0.46865535
-0.42735246	-0.027926886	-0.008593808	-0.28028506	0.27505615	0.21387151	-0.22370912	0.013145155	0.1083683	0.1754488	1.0000005	-0.25640082	-0.0618101	0.16499475	-0.23100106	-0.52711725	-0.15254416	0.23361629	0.2817408	-0.26950142
0.2531316	0.16910106	-0.21899363	0.006084579	-0.509588	-0.42399627	0.2626527	0.1572878	-0.276472	0.0054027266	-0.25640082	1.0000002	-0.13637659	-0.040891405	0.2636916	0.27666405	0.23562622	-0.39147	-0.369162	-0.0062918137
0.08165409	-0.28044608	0.26292762	0.2763135	0.005241681	0.14879955	-0.3352501	-0.5225215	0.24310282	-0.34341207	-0.0618101	-0.13637659	1.0000004	-0.3900289	0.05858923	-0.12348139	-0.012568857	-0.058802817	-0.09762135	0.2856908
-0.27350175	0.16327143	-0.261997	-0.33287716	0.11279546	0.026828498	0.040755827	0.24338354	-0.09544006	0.30665272	0.16499475	-0.040891405	-0.3900289	1.0000005	-0.33080956	-0.0731905	-0.33255967	0.2027155	0.22498302	-0.35508496
0.2933894	0.035660453	-0.06347365	0.1531176	-0.38563272	-0.3104642	0.18660271	-0.045576792	-0.22047971	-0.2279065	-0.23100106	0.2636916	0.05858923	-0.33080956	1.0000004	0.23262088	0.29631215	-0.42508078	-0.4285557	0.14899641
0.25793004	0.122088514	-0.084111236	0.00568102	-0.47127736	-0.31015947	0.22972618	0.122471616	-0.31861925	-0.0693734	-0.52711725	0.27666405	-0.12348139	-0.0731905	0.23262088	1.0000002	0.18625191	-0.20883434	-0.3047642	0.05749404
0.2192926	0.12584107	-0.105340794	0.05029283	-0.1844144	-0.3359845	0.22859333	0.018869534	-0.31540793	-0.16599764	-0.15254416	0.23562622	-0.012568857	-0.33255967	0.29631215	0.18625191	1.0000001	-0.47150257	-0.3338899	0.04913076
-0.28179505	-0.10925361	0.06042172	-0.19961022	0.24904509	0.25831217	-0.3286361	-0.011389915	0.18131061	0.15421095	0.23361629	-0.39147	-0.058802817	0.2027155	-0.42508078	-0.20883434	-0.47150257	1.0000001	0.30121845	-0.15447544
-0.41020495	-0.021540591	-0.030395623	-0.30201244	0.2871129	0.23988256	-0.1482105	0.0125770625	0.124386355	0.20120946	0.2817408	-0.369162	-0.09762135	0.22498302	-0.4285557	-0.3047642	-0.3338899	0.30121845	1.0	-0.22675332
0.19931194	-0.352516	0.2526589	0.3156699	-0.11626612	0.000724207	-0.18754917	-0.34319264	0.17060925	-0.46865535	-0.26950142	-0.0062918137	0.2856908	-0.35508496	0.14899641	0.05749404	0.04913076	-0.15447544	-0.22675332	1.0
