0.98848222092276
1.4658835324677937
0.298150846856035
1.4543712344285158
1.8034322221881731
1.2169001548727019
1.849491245363763
1.4871400183826546
0.9103054052269322
0.6271944693407412
1.1074244105574353
0.528192170002159
1.3957627848521021
1.9633678424639325
0.18974661463972375
1.357946007637249
1.042994487536803
1.344618093827265
1.7829567311823762
1.4773509447615911
1.701414842352249
0.3410002816780633
1.7133376603829105
1.7400699038005591
1.2394757626645103
0.6263909518275987
0.1935206098339155
1.9550124526992825
0.9860259789521986
1.7768144581455403
1.1707034245223495
1.010786457683645
0.8216923231096274
1.4058293386127318
1.6699427698848142
1.0352055015135806
0.3615923150391329
0.8453949930639444
1.5050900109423768
0.7194753851014979
0.7708919460457426
0.3405793713591241
0.7528669519303473
1.6205517222209773
1.8069224575580265
1.6478697381670118
1.1420341223118762
0.6600138710042105
1.7554958805158642
0.0501746479814178
0.7751385023434338
1.973401703538172
1.025638075863435
1.009497181720306
0.8606580737996428
0.27530908417738464
1.7516118299378574
1.3624128830603075
0.06556723302699496
0.63843745367764
1.0214314694360778
1.7778934366240406
1.248899334966521
0.6866445900085656
1.2655394871718135
1.0034285188096868
1.0124027146830084
1.824823781287007
1.072175149123974
0.6049743966194101
0.3623885247878498
0.9346473230086791
0.3837093659366131
1.2713511635766246
0.5507202053646418
0.9346058360399008
1.2209675809270941
0.17228082933311195
1.0326477017524125
1.716556931187033
1.8671603902057738
1.6804423166761897
1.7056835367535965
1.4340755180863283
0.6643234676408885
1.198907620032072
0.7384914592724292
1.60410398267055
1.555957058610137
0.9711257669871605
0.6837916590552637
1.605145138943708
0.5220468181836486
1.0966782063076557
0.15814620689312364
0.5268089237675584
0.5698311375756577
0.2047368176881159
0.034849445269027335
1.1637922925232758
0.04173911977017419
0.01783095925205269
1.8840103089322955
0.6112579170653363
0.3146281584031445
0.1955677556022979
0.29565941342757873
0.7682552471753312
0.1871614482759396
1.199329976711648
0.3936764123582557
0.7717515837139493
1.070750835181284
0.49609232157057437
0.6566312332479558
0.04054546981756224
0.5444308221975993
1.406116729657135
0.10357879583304985
0.07088953922361019
1.0996039992831808
0.9559170460475679
0.4328329132830995
0.3595795434180571
1.6070738519229426
1.3751568182684533
0.6945846819140358
0.9336470885197301
1.5671408067652444
0.8189482631057496
0.23746587569028077
1.1119252948091822
0.4971451490613308
0.2207084922956375
0.9823663693518667
1.958211816232845
1.9256935897571337
1.940187298144401
0.5713987039654906
0.7397247873442256
1.0588179553353474
0.9608314649063447
1.534011022927956
0.1368595029508448
0.5377695354892913
0.932686327690097
1.6432501249264373
1.7124428081191239
0.8078537374196735
1.5878660430495373
0.5159503373319816
0.5889494866535019
0.9722736176618405
0.2622161723567844
1.3883552649131914
0.6146109544738061
1.677358669463097
1.8069704504731119
1.2347863720133263
0.9887825091286544
0.8646807790748559
0.6138948857397346
1.334408817418036
1.818378117579334
0.34442878586707604
0.984215331009034
0.03303686692248142
1.3096328461544475
0.22414630885105247
1.3235887349528732
0.5794927686966582
1.8498204525701554
0.5751273218315449
1.5325362534725473
0.630046680673551
1.8447288956996046
0.22346862591748362
0.49190383639096935
1.146509089545874
0.4072738650124348
1.4348938896973107
0.8694753262020707
1.6024088458718704
1.2428865556019524
1.0654716884026736
1.224868236921053
1.1916747907779492
0.5762807466537161
0.8538248209222312
1.7645576188577183
