1.0000001	-0.38334757	0.25440836	-0.3158131	-0.26719636	-0.1743907	0.15438306	0.21551861	-0.031516522	-0.2383906	-0.5552232	-0.15303804	0.20481195	0.25299123	-0.20159803	0.112112865	-0.17100416	-0.17976002	0.24249808	0.23455481
-0.38334757	1.0000002	-0.46471512	0.2631386	0.2726895	0.16437624	-0.10627665	-0.32675913	-0.048503116	0.028650936	0.2946888	0.15983334	-0.34165695	-0.34475625	0.26187515	-0.1679078	0.28088182	0.23410803	-0.3610241	-0.4152956
0.25440836	-0.46471512	0.99999994	-0.35039744	-0.34431762	-0.13878228	0.079276405	0.2661159	0.07368467	-0.0069351634	-0.3344013	-0.25374216	0.21252674	0.3170329	-0.35046035	0.16249938	-0.3322969	-0.3690722	0.28614458	0.29343218
-0.3158131	0.2631386	-0.35039744	0.9999999	0.19631289	0.031750556	-0.0361474	-0.54350644	0.07432192	0.015074041	0.26807585	0.080604054	-0.059299454	-0.3472243	0.15076624	-0.06334704	0.28182876	0.09028675	-0.31716898	-0.4192553
-0.26719636	0.2726895	-0.34431762	0.19631289	0.9999998	0.17456655	0.11269767	-0.18975587	-0.19111288	-0.17204913	0.22045806	0.22030646	-0.23311564	-0.3502667	0.2575121	-0.14573658	0.19158678	0.11508223	-0.4045394	-0.4631217
-0.1743907	0.16437624	-0.13878228	0.031750556	0.17456655	0.9999998	0.013706557	-0.03106712	-0.36632892	0.019298889	0.11786589	0.18278433	-0.32643673	-0.2438278	0.24017988	-0.5914027	0.12466895	0.2361928	-0.30816004	-0.12499417
0.15438306	-0.10627665	0.079276405	-0.0361474	0.11269767	0.013706557	0.99999976	0.0656563	-0.27696997	-0.56728876	-0.19086517	0.14737825	0.18738855	0.080078	-0.05733529	-0.09017621	-0.17627595	-0.32144296	0.00605776	-0.02384403
0.21551861	-0.32675913	0.2661159	-0.54350644	-0.18975587	-0.03106712	0.0656563	1.0	0.0015609835	0.017101714	-0.3639301	-0.18559366	0.07385405	0.26328793	-0.22528575	0.06561781	-0.5268902	-0.09899588	0.23542173	0.2876493
-0.031516522	-0.048503116	0.07368467	0.07432192	-0.19111288	-0.36632892	-0.27696997	0.0015609835	1.0	0.20575108	-0.041130718	-0.43594617	-0.020238714	0.10564386	-0.36267385	0.24534039	0.031677626	-0.102414615	0.09885202	0.040003
-0.2383906	0.028650936	-0.0069351634	0.015074041	-0.17204913	0.019298889	-0.56728876	0.017101714	0.20575108	1.0	0.049456447	-0.2568488	-0.3195506	-0.046012852	-0.07164311	0.03736844	0.046699993	0.15909782	0.038183372	0.06203643
-0.5552232	0.2946888	-0.3344013	0.26807585	0.22045806	0.11786589	-0.19086517	-0.3639301	-0.041130718	0.049456447	1.0000001	0.13203488	-0.14313942	-0.3064321	0.23283948	-0.08433347	0.24891908	0.18339613	-0.41904122	-0.309238
-0.15303804	0.15983334	-0.25374216	0.080604054	0.22030646	0.18278433	0.14737825	-0.18559366	-0.43594617	-0.2568488	0.13203488	1.0000001	0.0051473444	-0.2518877	0.23049958	-0.42874897	0.103545904	0.06318172	-0.10015687	-0.25935355
0.20481195	-0.34165695	0.21252674	-0.059299454	-0.23311564	-0.32643673	0.18738855	0.07385405	-0.020238714	-0.3195506	-0.14313942	0.0051473444	1.0000002	0.2232414	-0.27169165	0.16531725	-0.2173715	-0.47731307	0.2012449	0.1362814
0.25299123	-0.34475625	0.3170329	-0.3472243	-0.3502667	-0.2438278	0.080078	0.26328793	0.10564386	-0.046012852	-0.3064321	-0.2518877	0.2232414	1.0000002	-0.41291368	0.20750766	-0.40142927	-0.33106115	0.29849488	0.28753376
-0.20159803	0.26187515	-0.35046035	0.15076624	0.2575121	0.24017988	-0.05733529	-0.22528575	-0.36267385	-0.07164311	0.23283948	0.23049958	-0.27169165	-0.41291368	1.0000004	-0.2550045	0.21469401	0.25012267	-0.39772242	-0.2321608
0.112112865	-0.1679078	0.16249938	-0.06334704	-0.14573658	-0.5914027	-0.09017621	0.06561781	0.24534039	0.03736844	-0.08433347	-0.42874897	0.16531725	0.20750766	-0.2550045	1.0000004	-0.19596468	-0.2992878	0.17350222	0.15264358
-0.17100416	0.28088182	-0.3322969	0.28182876	0.19158678	0.12466895	-0.17627595	-0.5268902	0.031677626	0.046699993	0.24891908	0.103545904	-0.2173715	-0.40142927	0.21469401	-0.19596468	1.0	0.21011192	-0.31033513	-0.40304706
-0.17976002	0.23410803	-0.3690722	0.09028675	0.11508223	0.2361928	-0.32144296	-0.09899588	-0.102414615	0.15909782	0.18339613	0.06318172	-0.47731307	-0.33106115	0.25012267	-0.2992878	0.21011192	1.0	-0.24032971	-0.12190254
0.24249808	-0.3610241	0.28614458	-0.31716898	-0.4045394	-0.30816004	0.00605776	0.23542173	0.09885202	0.038183372	-0.41904122	-0.10015687	0.2012449	0.29849488	-0.39772242	0.17350222	-0.31033513	-0.24032971	1.0	0.27807832
0.23455481	-0.4152956	0.29343218	-0.4192553	-0.4631217	-0.12499417	-0.02384403	0.2876493	0.040003	0.06203643	-0.309238	-0.25935355	0.1362814	0.28753376	-0.2321608	0.15264358	-0.40304706	-0.12190254	0.27807832	1.0
