1.0000001	0.17400134	0.12146273	0.17588088	-0.12729552	-0.53534216	-0.21753529	0.004687943	-0.47918302	0.23796505	0.15001166	-0.1818651	-0.1255692	-0.38672316	0.29516208	0.17142548	-0.1427317	-0.32058513	-0.026780862	0.21301767
0.17400134	1.0000001	-0.14786196	0.24106804	-0.42110905	-0.14859706	0.028064832	-0.29176185	-0.24143784	0.21407485	0.11637255	-0.10817427	0.074969724	0.021411376	0.1118001	-0.14636143	-0.43228123	-0.3240729	0.20803624	0.0718621
0.12146273	-0.14786196	1.0000005	-0.030529343	0.053447425	-0.17431636	-0.10924193	0.2568216	-0.084999226	0.03753169	0.16169961	-0.24160771	-0.7017132	-0.27841923	0.12706827	0.22399276	0.080839075	-0.041798517	-0.33845183	0.08607939
0.17588088	0.24106804	-0.030529343	1.0000001	-0.51240027	-0.13764933	-0.13565451	-0.06641059	-0.31921124	0.2806387	-0.10063945	0.10056037	-0.0013324958	-0.05603015	0.15703544	-0.06307304	-0.37597156	-0.38301778	0.07181773	0.1549206
-0.12729552	-0.42110905	0.053447425	-0.51240027	1.0000002	0.00064054586	-0.14680171	0.19766173	0.118456654	-0.20500219	-0.027431237	-0.021890339	-0.0050606723	-0.115190744	-0.025554512	0.18312757	0.18965028	0.14813277	-0.32474247	0.041364975
-0.53534216	-0.14859706	-0.17431636	-0.13764933	0.00064054586	1.0000002	0.2667126	-0.15555567	0.27574396	-0.22307558	-0.18492436	0.14367048	0.15662879	0.29885885	-0.37548646	-0.3614452	0.13312656	0.2552631	0.13302273	-0.36727157
-0.21753529	0.028064832	-0.10924193	-0.13565451	-0.14680171	0.2667126	1.0000005	-0.24596734	0.22836483	-0.24032539	-0.01333442	-0.00096804934	0.11171682	0.29186028	-0.4362107	-0.47199565	0.10483557	0.21887217	0.21062577	-0.44301367
0.004687943	-0.29176185	0.2568216	-0.06641059	0.19766173	-0.15555567	-0.24596734	1.0000004	-0.023037486	0.027371667	-0.025675837	0.008361539	-0.36179143	-0.20805047	0.08315722	0.2442733	0.036323067	-0.0009930114	-0.6405803	0.16116777
-0.47918302	-0.24143784	-0.084999226	-0.31921124	0.118456654	0.27574396	0.22836483	-0.023037486	1.0000001	-0.47574517	-0.04246395	0.03949436	0.08030227	0.23799382	-0.40447965	-0.17219938	0.24287668	0.31852922	0.02947813	-0.32847914
0.23796505	0.21407485	0.03753169	0.2806387	-0.20500219	-0.22307558	-0.24032539	0.027371667	-0.47574517	1.0000001	-0.0010965253	0.017311232	-0.061273746	-0.2132641	0.2577473	0.083825946	-0.48814324	-0.46954954	-0.05141488	0.27242804
0.15001166	0.11637255	0.16169961	-0.10063945	-0.027431237	-0.18492436	-0.01333442	-0.025675837	-0.04246395	-0.0010965253	1.0000001	-0.80484325	-0.2787863	-0.11172116	0.11891963	0.048198257	0.032558303	-0.074198715	0.058568917	-0.021210158
-0.1818651	-0.10817427	-0.24160771	0.10056037	-0.021890339	0.14367048	-0.00096804934	0.008361539	0.03949436	0.017311232	-0.80484325	1.0000001	0.20076337	0.11337191	-0.1309633	-0.060469154	-0.0856622	0.04267331	-0.05132097	0.021560187
-0.1255692	0.074969724	-0.7017132	-0.0013324958	-0.0050606723	0.15662879	0.11171682	-0.36179143	0.08030227	-0.061273746	-0.2787863	0.20076337	1.0000002	0.20354567	-0.13224946	-0.28480616	-0.053460944	0.046814885	0.19938198	-0.06807814
-0.38672316	0.021411376	-0.27841923	-0.05603015	-0.115190744	0.29885885	0.29186028	-0.20805047	0.23799382	-0.2132641	-0.11172116	0.11337191	0.20354567	1.0000001	-0.47562784	-0.4693751	0.051537834	0.19960387	0.18463087	-0.2884082
0.29516208	0.1118001	0.12706827	0.15703544	-0.025554512	-0.37548646	-0.4362107	0.08315722	-0.40447965	0.2577473	0.11891963	-0.1309633	-0.13224946	-0.47562784	1.0	0.23586656	-0.1823541	-0.40476882	-0.09665633	0.27759853
0.17142548	-0.14636143	0.22399276	-0.06307304	0.18312757	-0.3614452	-0.47199565	0.2442733	-0.17219938	0.083825946	0.048198257	-0.060469154	-0.28480616	-0.4693751	0.23586656	1.0	0.044947628	-0.1317323	-0.28028136	0.20608522
-0.1427317	-0.43228123	0.080839075	-0.37597156	0.18965028	0.13312656	0.10483557	0.036323067	0.24287668	-0.48814324	0.032558303	-0.0856622	-0.053460944	0.051537834	-0.1823541	0.044947628	1.0000002	0.2797495	-0.060390994	-0.37544474
-0.32058513	-0.3240729	-0.041798517	-0.38301778	0.14813277	0.2552631	0.21887217	-0.0009930114	0.31852922	-0.46954954	-0.074198715	0.04267331	0.046814885	0.19960387	-0.40476882	-0.1317323	0.2797495	1.0000004	0.015158942	-0.3740769
-0.026780862	0.20803624	-0.33845183	0.07181773	-0.32474247	0.13302273	0.21062577	-0.6405803	0.02947813	-0.05141488	0.058568917	-0.05132097	0.19938198	0.18463087	-0.09665633	-0.28028136	-0.060390994	0.015158942	1.0000004	-0.2400979
0.21301767	0.0718621	0.08607939	0.1549206	0.041364975	-0.36727157	-0.44301367	0.16116777	-0.32847914	0.27242804	-0.021210158	0.021560187	-0.06807814	-0.2884082	0.27759853	0.20608522	-0.37544474	-0.3740769	-0.2400979	1.0000004
