0.36173989024461006
1.6868318986192525
1.4906206133689743
1.7679817192309113
0.26374742794771766
0.7835062657451879
0.9804889787322173
1.0350326663757468
0.0826208668043582
0.178119808777238
0.21660906214016085
0.7718351119893747
1.1276588566667531
0.9618497775185482
0.5121041911340611
1.0847097075218504
1.570927911581709
0.10757113923119621
1.2803812030846733
0.37669905027760686
0.028574083930800187
1.0664183892018728
0.8978044838773283
0.9166490877854325
0.9664973046002368
1.3041859737401271
0.38508885445535257
0.7559204050172887
1.4350921691219416
1.7286951116656815
1.0310524509628662
1.1127992455264841
0.027296135360126872
0.5082473934632694
1.7672600434430124
0.39499227284461735
1.2681088750542164
0.3370434282142536
1.9590123710907104
1.6668071402830573
0.9129765303506139
1.3495020094559462
1.3831275410289487
1.206327114087213
0.7980858475618953
1.1999074289406577
1.0185151342503482
0.18915999249384008
1.6141649557141158
0.9212288469146677
0.5496633807725368
1.9141928163583817
1.5119073029991807
0.6569221322711978
0.14972498420182045
1.1518316696245068
0.8619933824371724
0.1585248949767013
0.3719141764647389
1.3623151291722204
0.8059903337199681
1.5335465721492973
0.8463473934146466
1.6908532974954678
1.5031401981367059
0.35648127616251113
0.5233162615295395
1.8495578379211022
1.630517752576205
0.16112249727158634
1.874539634709291
1.0730477928092277
1.347002062294779
0.05857440233287803
0.8687837676267858
1.0758372130658118
0.6849114327405046
1.6599602912343794
0.7361126081942542
0.4171164727597434
0.2648986891227585
1.3744725541128324
0.424208757944047
0.35834080983642247
0.7511249699816787
0.9947010630839348
1.1273340313844786
1.7888623334093852
1.3374727683213223
0.219518072534866
0.35671485507450873
1.7783424248182043
0.48562398720040667
1.4518320782773504
1.4646041954857683
0.887202215912579
0.8724903737781367
1.8335164665373718
0.04683066512125178
1.5342567748805327
0.6077412037225067
0.01532863396361206
1.8641362821185312
1.4461492422691753
1.926974382645788
1.5280187895240924
0.7684479535289142
0.06587933828871728
1.6599669277157447
0.6379288134148857
1.2734934883853115
0.17298174799836175
1.7470215151211124
1.779553162339448
0.3791952679918289
0.7598302580045722
0.8007545693958513
0.03009944738824699
0.43197991046560835
1.299770848145507
0.08195378019051258
0.4490899613583066
1.6709911603288299
0.6656080289484245
1.6093314734955861
1.179727030939157
1.7142181473313696
1.6234355175648718
1.5949320371276294
1.5936545655265548
1.8787651156060896
1.6622676811026245
1.8570661575098115
1.2019396319348923
1.8885025827906738
0.17853211225338894
0.29568773378139257
1.5942616153477431
1.7534567961572718
0.7139903282681743
1.0983197881687912
1.1607371546492937
1.9711226126046242
0.4561446460592691
0.44552450337071114
1.784522957949509
1.2325288708611322
1.4035510140965795
1.3099529028198778
1.4720224607126557
1.4537262280452026
0.5445713738061673
0.26559390643577085
0.4124940170045257
1.4987831657629225
1.8220479504580849
0.022504254484350117
1.9832599771489117
0.5100787988426807
0.158158596650801
0.3786449353703629
0.20108660054615202
0.9781857906455387
1.7332739570068871
0.8820567265919876
1.19946394595863
0.77819795422235
0.6535584122153668
0.6768712286810898
0.4859109577314522
0.059083543420227924
1.2037084979703692
1.6678001837678706
0.19894194362216888
1.904296497421986
1.8331465436693548
1.5894203183878324
1.624663521367887
0.6899114329501845
0.2506937808051042
0.2732140316907543
0.0385790500365808
0.5158694696564998
1.3138100061037659
1.239924016818987
1.301037961057261
1.727768445238304
0.28148371618861256
1.0216999871094352
1.379114327299311
