1.0000001	0.25709662	0.26808023	0.09723583	-0.31789857	0.063876756	0.15200177	0.24924207	-0.15793173	0.117178015	-0.13531683	-0.18971302	-0.33211413	0.058940724	0.055800207	-0.40588135	0.26345047	-0.4199521	-0.4112693	-0.21282554
0.25709662	1.0000002	0.104825966	0.10022118	-0.22505265	0.10799464	0.22293466	0.13684514	-0.10427352	-0.004460051	-0.4182134	-0.055094663	-0.12611996	-0.05273461	0.034606535	-0.508117	0.19426611	-0.38366613	-0.17294605	-0.10811286
0.26808023	0.104825966	1.0000004	-0.076478235	-0.25584286	-0.0140035795	-0.019211262	0.28423035	-0.013984753	0.17065147	0.07873948	-0.16038966	-0.43629685	0.15257956	0.07562544	-0.2754422	0.24695556	-0.3490813	-0.5597079	-0.22124921
0.09723583	0.10022118	-0.076478235	1.0000005	-0.26893276	0.31076008	0.23671931	-0.18280357	-0.60522777	-0.13972497	-0.286796	0.17757101	0.1272931	-0.386492	-0.30704197	-0.07557808	0.1418604	-0.0118469745	0.0076502897	0.14161083
-0.31789857	-0.22505265	-0.25584286	-0.26893276	1.0000004	-0.27053815	-0.20234518	-0.10478958	0.2299969	0.08319805	0.16452383	-0.13148732	0.08020038	0.09478806	0.17403457	0.19169733	-0.60685784	0.2315119	0.1935486	-0.059754625
0.063876756	0.10799464	-0.0140035795	0.31076008	-0.27053815	1.0000002	0.23123987	-0.16589348	-0.5203581	-0.24465543	-0.26928237	0.22395411	0.12989764	-0.47748306	-0.38481417	-0.03025837	0.13177913	-0.03534187	0.020482998	0.19264287
0.15200177	0.22293466	-0.019211262	0.23671931	-0.20234518	0.23123987	1.0000001	-0.0154864825	-0.30982107	-0.30740196	-0.52688944	0.09363849	0.08002842	-0.25074068	-0.18019928	-0.1559959	0.16630882	-0.270673	-0.104739845	0.16063248
0.24924207	0.13684514	0.28423035	-0.18280357	-0.10478958	-0.16589348	-0.0154864825	1.0000004	0.10461479	0.21727546	0.09404293	-0.28656137	-0.37923685	0.23427644	0.19603933	-0.41290566	0.15411271	-0.37604466	-0.38925186	-0.3577056
-0.15793173	-0.10427352	-0.013984753	-0.60522777	0.2299969	-0.5203581	-0.30982107	0.10461479	1.0000004	0.14208579	0.2228723	-0.12586674	-0.13372502	0.24193743	0.2000426	0.06949775	-0.20617343	0.045236148	0.026441734	-0.105363585
0.117178015	-0.004460051	0.17065147	-0.13972497	0.08319805	-0.24465543	-0.30740196	0.21727546	0.14208579	1.0000004	0.22014496	-0.37106517	-0.44270235	0.2599694	0.24584553	-0.1185857	-0.0406819	-0.04505032	-0.19024166	-0.5517791
-0.13531683	-0.4182134	0.07873948	-0.286796	0.16452383	-0.26928237	-0.52688944	0.09404293	0.2228723	0.22014496	1.0000005	-0.17881712	-0.13474824	0.23450379	0.15357675	0.09105554	-0.13982326	0.10566426	-0.025461301	-0.24977618
-0.18971302	-0.055094663	-0.16038966	0.17757101	-0.13148732	0.22395411	0.09363849	-0.28656137	-0.12586674	-0.37106517	-0.17881712	1.0000004	0.2202733	-0.41133997	-0.5898967	0.1586266	0.04095787	0.1113826	0.17886327	0.29496405
-0.33211413	-0.12611996	-0.43629685	0.1272931	0.08020038	0.12989764	0.08002842	-0.37923685	-0.13372502	-0.44270235	-0.13474824	0.2202733	1.0000004	-0.30167973	-0.13653193	0.22755124	-0.20668681	0.21750374	0.27129915	0.2757944
0.058940724	-0.05273461	0.15257956	-0.386492	0.09478806	-0.47748306	-0.25074068	0.23427644	0.24193743	0.2599694	0.23450379	-0.41133997	-0.30167973	1.0000002	0.27387443	-0.13402763	-0.0030090755	-0.098116525	-0.10747424	-0.32777244
0.055800207	0.034606535	0.07562544	-0.30704197	0.17403457	-0.38481417	-0.18019928	0.19603933	0.2000426	0.24584553	0.15357675	-0.5898967	-0.13653193	0.27387443	1.0000001	-0.09652505	-0.1580076	-0.045811787	-0.16028462	-0.35033217
-0.40588135	-0.508117	-0.2754422	-0.07557808	0.19169733	-0.03025837	-0.1559959	-0.41290566	0.06949775	-0.1185857	0.09105554	0.1586266	0.22755124	-0.13402763	-0.09652505	1.0000001	-0.26981488	0.30470562	0.26411015	0.17588744
0.26345047	0.19426611	0.24695556	0.1418604	-0.60685784	0.13177913	0.16630882	0.15411271	-0.20617343	-0.0406819	-0.13982326	0.04095787	-0.20668681	-0.0030090755	-0.1580076	-0.26981488	0.9999999	-0.37657395	-0.32779807	-0.0042641633
-0.4199521	-0.38366613	-0.3490813	-0.0118469745	0.2315119	-0.03534187	-0.270673	-0.37604466	0.045236148	-0.04505032	0.10566426	0.1113826	0.21750374	-0.098116525	-0.045811787	0.30470562	-0.37657395	0.99999994	0.28776488	0.10838962
-0.4112693	-0.17294605	-0.5597079	0.0076502897	0.1935486	0.020482998	-0.104739845	-0.38925186	0.026441734	-0.19024166	-0.025461301	0.17886327	0.27129915	-0.10747424	-0.16028462	0.26411015	-0.32779807	0.28776488	1.0	0.19901384
-0.21282554	-0.10811286	-0.22124921	0.14161083	-0.059754625	0.19264287	0.16063248	-0.3577056	-0.105363585	-0.5517791	-0.24977618	0.29496405	0.2757944	-0.32777244	-0.35033217	0.17588744	-0.0042641633	0.10838962	0.19901384	1.0
