1.0000001	-0.3789467	0.17228465	0.0049330164	0.14492357	-0.52266794	-0.33615425	0.24921761	-0.41998163	-0.017619835	0.16643439	-0.13973382	0.06504219	-0.042091206	0.033422355	-0.2543897	0.015257869	-0.16901293	0.13654721	0.2925349
-0.3789467	1.0000008	-0.42765203	0.17024429	0.028169734	0.21101238	0.25794807	-0.1984522	0.25684682	0.13750865	-0.44929054	0.25812086	-0.330787	-0.09155791	0.13183862	0.23391679	-0.13878536	-0.04206181	-0.3332498	-0.29482272
0.17228465	-0.42765203	1.0000005	-0.25536853	-0.1382939	-0.1359704	-0.40486985	0.22679389	-0.30199236	-0.26108292	0.30014023	-0.38299766	0.20544322	0.18106611	-0.19211148	-0.43395036	0.25604957	0.09508095	0.2773851	0.22004525
0.0049330164	0.17024429	-0.25536853	1.0000005	0.2048887	-0.03335059	0.10250369	-0.010635008	0.07201971	0.105431594	-0.4013111	0.23330902	-0.56179565	-0.36545372	0.2826577	0.0786965	-0.13656078	-0.24617709	-0.13503191	-0.108999416
0.14492357	0.028169734	-0.1382939	0.2048887	1.0000006	-0.2114419	-0.0321517	0.06895837	-0.15609291	-0.023026116	-0.18076977	0.16572033	-0.1610772	-0.07092639	0.12669785	0.016122315	-0.13509847	-0.74385977	-0.047093328	0.1443507
-0.52266794	0.21101238	-0.1359704	-0.03335059	-0.2114419	1.0000005	0.25345957	-0.47060052	0.29717547	0.11446691	-0.1820818	0.11773579	-0.020346235	-0.09375295	-0.006915677	0.19856676	-0.03181523	0.18135393	-0.22904786	-0.43577993
-0.33615425	0.25794807	-0.40486985	0.10250369	-0.0321517	0.25345957	1.0000004	-0.4521144	0.28279448	0.21003112	-0.22336984	0.25667998	-0.13544828	-0.16439171	0.1322891	0.29862905	-0.3249689	0.018312417	-0.33889264	-0.4002858
0.24921761	-0.1984522	0.22679389	-0.010635008	0.06895837	-0.47060052	-0.4521144	1.0000004	-0.4244651	-0.26680303	0.19703354	-0.3131926	0.023839226	0.1468409	-0.07699689	-0.32252046	0.18626492	-0.08682258	0.2355536	0.28810024
-0.41998163	0.25684682	-0.30199236	0.07201971	-0.15609291	0.29717547	0.28279448	-0.4244651	1.0000005	0.12505145	-0.30923545	0.1952609	-0.12436264	-0.09953991	0.07391659	0.20943744	-0.10015753	0.122830346	-0.15321754	-0.5462883
-0.017619835	0.13750865	-0.26108292	0.105431594	-0.023026116	0.11446691	0.21003112	-0.26680303	0.12505145	1.0000004	-0.20549485	0.18867783	-0.057305105	-0.4852037	0.22808498	0.27321246	-0.49417683	0.041495085	-0.47413638	-0.13911127
0.16643439	-0.44929054	0.30014023	-0.4013111	-0.18076977	-0.1820818	-0.22336984	0.19703354	-0.30923545	-0.20549485	1.0000001	-0.4110279	0.26529506	0.20749737	-0.2585783	-0.27966	0.20705944	0.104497656	0.23944016	0.21342154
-0.13973382	0.25812086	-0.38299766	0.23330902	0.16572033	0.11773579	0.25667998	-0.3131926	0.1952609	0.18867783	-0.4110279	0.99999994	-0.37407112	-0.18190017	0.22778162	0.2343048	-0.38851723	-0.22465435	-0.25694433	-0.20455174
0.06504219	-0.330787	0.20544322	-0.56179565	-0.1610772	-0.020346235	-0.13544828	0.023839226	-0.12436264	-0.057305105	0.26529506	-0.37407112	1.0	0.18092553	-0.4463192	-0.037694506	0.12546918	0.15616004	0.11993097	0.10710149
-0.042091206	-0.09155791	0.18106611	-0.36545372	-0.07092639	-0.09375295	-0.16439171	0.1468409	-0.09953991	-0.4852037	0.20749737	-0.18190017	0.18092553	0.9999999	-0.54578006	-0.25072736	0.25890166	0.041567944	0.26249495	0.112030745
0.033422355	0.13183862	-0.19211148	0.2826577	0.12669785	-0.006915677	0.1322891	-0.07699689	0.07391659	0.22808498	-0.2585783	0.22778162	-0.4463192	-0.54578006	0.9999997	0.14645803	-0.33354044	-0.13094084	-0.32271975	-0.06924388
-0.2543897	0.23391679	-0.43395036	0.0786965	0.016122315	0.19856676	0.29862905	-0.32252046	0.20943744	0.27321246	-0.27966	0.2343048	-0.037694506	-0.25072736	0.14645803	0.9999998	-0.43422005	0.022449158	-0.45095453	-0.24767599
0.015257869	-0.13878536	0.25604957	-0.13656078	-0.13509847	-0.03181523	-0.3249689	0.18626492	-0.10015753	-0.49417683	0.20705944	-0.38851723	0.12546918	0.25890166	-0.33354044	-0.43422005	0.9999997	0.0934337	0.28478852	0.09061631
-0.16901293	-0.04206181	0.09508095	-0.24617709	-0.74385977	0.18135393	0.018312417	-0.08682258	0.122830346	0.041495085	0.104497656	-0.22465435	0.15616004	0.041567944	-0.13094084	0.022449158	0.0934337	0.99999976	-0.013530945	-0.22012067
0.13654721	-0.3332498	0.2773851	-0.13503191	-0.047093328	-0.22904786	-0.33889264	0.2355536	-0.15321754	-0.47413638	0.23944016	-0.25694433	0.11993097	0.26249495	-0.32271975	-0.45095453	0.28478852	-0.013530945	0.99999976	0.1986788
0.2925349	-0.29482272	0.22004525	-0.108999416	0.1443507	-0.43577993	-0.4002858	0.28810024	-0.5462883	-0.13911127	0.21342154	-0.20455174	0.10710149	0.112030745	-0.06924388	-0.24767599	0.09061631	-0.22012067	0.1986788	0.99999976
