1.3404783387863057
1.2234669748636364
0.4890103310731455
0.3492041027459247
1.4317325946049102
1.200272897816058
1.7100415342291406
0.7859325317910701
1.741557911147145
1.8508083944123443
0.6475173774037244
0.4839156873587054
0.5319582236099893
1.6764122199555753
0.5306433918910216
0.500853963163912
0.1696603811937416
1.2167369469354763
0.8271453014690469
1.4717901212671525
1.4167301367368275
0.529010595994327
0.0994123544681269
0.9603494852209735
0.833755541966622
1.2244578149003766
1.0879477008618956
1.9392252356524458
1.9936614515181579
0.22378241370571694
1.8325929316193281
0.02101544048330073
0.9396673972621692
1.2124205023893775
1.677043532780259
1.532846143288303
0.5664170648057198
0.18722905829508618
1.904696626451759
0.11180433271556778
1.7772960339244683
1.1494321891939918
0.43686753145053303
1.8970185314266732
1.0856614209009936
1.9572451893547227
0.5154738094004347
1.3858517621672295
0.18271202562758004
0.7703414764405059
0.5405079457288888
1.1974870805138427
0.0069124273691913984
0.9398749045791741
0.4686734724684438
1.3841609235886774
1.5554824195047985
0.3745728838956339
1.3394561908570366
1.5310274553707603
1.19052730657636
1.9303500753527247
1.4782343370033486
1.229563010814102
0.888417295006612
1.3809043649460606
0.26773032401241537
1.4937760876276565
1.9802270282598047
1.975922261356321
0.538271093747654
0.6286841996048023
1.2455518795228993
1.0970886962098405
1.7972960307667072
0.44983093986174105
1.194983072899855
0.4177299302077886
1.2731161236656598
0.9995729166093958
0.9990210664433403
1.8587830304187127
1.3382996216172585
0.6815280900568861
0.3870844274104841
0.29914296264484475
1.4409671340800216
0.41166544454794574
1.2621896306222165
0.9181144703751567
1.0979116313223192
0.00883489312207586
0.28630047135216374
1.8910281804683842
1.7080987505533909
1.8725732025810866
1.6991823313177916
1.9804615357999522
1.8290015768746468
1.4569035923249414
1.2895847308907336
1.1963141506188693
0.2238974216809757
1.6552263654600596
0.040961825727052315
1.5804018951813634
1.8303896189728983
1.4163907184812374
0.07069755318384563
0.17405650977625386
1.7837279575689133
0.551453967171833
0.9653926044271617
1.9262490435793516
0.631746416091868
0.08205802716150723
1.0159190515553342
1.1587302022309263
0.5598805010209713
0.9268667798302876
0.2010014593190821
0.197202938086513
0.5706420162692505
0.23647621702238775
0.3640663798118735
0.023046604696668416
0.10505290604111206
0.2982439846626148
0.15073364531540667
1.0120914038962825
1.7446715570143014
0.19592735545645668
1.1880088972603746
1.9308175587146121
1.6330249401079522
1.8946868313636187
0.9467759754851464
1.4087872081725852
0.3091895726758147
1.8710613974318016
1.8428181923625266
0.2599932957284081
1.293192729533706
0.3210003116370792
1.1149998029890844
1.992806789742833
0.44686897012186555
1.2817634169716496
1.7817247198104227
1.9154321547928608
1.658297206905554
0.07290977651540098
1.3001825243736824
0.3468896907792476
1.9247460714803517
1.558987445586109
1.3703896680775205
0.44476283089078006
0.7268308468895264
1.9052549528334153
0.4947119022890394
1.1798448488601716
0.3741649409079657
1.747146317742125
0.031446293096667244
0.949630097334514
1.038329459209959
1.1497087968768374
0.8761906586216666
1.5326515686228008
1.4234078225234708
0.17776072338034998
1.9712957459441185
1.4361293317164683
1.1481606678981084
0.6268059557637629
0.8057231552755975
1.1096526068480241
1.327804084002358
0.2734410539982939
1.1146650221950014
1.0177992197142594
1.2572197687094355
1.72039370580557
1.6213293673489015
1.558651482718098
0.40149968523599533
1.6468133854044398
0.3370626296636592
0.11207985933738951
