1.5687883344309534
0.8720019137500765
1.7114246954359844
1.3184965385494931
0.7754096033751265
0.04503652744674147
0.1577906020798383
1.1222178996745245
1.1232129461228582
0.9167860346788148
0.9667355894893943
1.403595130748071
1.6314952232212467
1.1098023906638248
0.9980382766851095
0.28215409655699575
1.086618816044621
1.5020280720891688
1.6383518913032664
0.30431393752582214
1.2274656115210525
0.0035829628472952013
0.4308155684780681
0.7247487963949104
0.9673444267482199
0.4714829111708312
0.828533224143533
1.5536582168077828
0.9523194075171044
1.1191460190599114
1.652744912475083
1.8315123457845497
0.8987172446389935
0.6996530185005931
1.3541221379041593
1.560904692191267
0.2966106425895869
1.1204621582892533
0.6133244834025475
1.4240476165932778
0.5896688512869865
0.10066415591856992
1.3014201193622994
1.9124356316147173
1.5378328241992574
1.5177611190673297
0.4730280540410605
1.574395434374815
0.8591320554700219
1.9042254387313733
0.26572067559313606
1.3428773333420658
0.06410364737349039
0.051604476320253445
0.002491942877638209
1.0316831172253167
1.6322598105908743
0.5642090360499088
0.460553365940809
1.2428539415869997
0.8580490550835094
1.1771918799269363
0.7827136418861729
1.397319000641475
1.1713432584516743
1.7919566425410192
0.15839961185741358
0.32938909283088
1.5286119325046155
1.2087454181281985
0.15906473872629756
1.5106399827780792
1.7439375300222772
1.5113615525887338
0.6752882858735221
1.4695142849188192
1.3016911171418515
1.6846798739229196
0.4729759086225962
1.1856403663886248
1.5964210768583291
0.3820124706441408
1.3891753190807388
0.7342572137133363
1.8428113204827297
0.4362779485995485
1.2913591459824798
1.1071088211316737
1.551422683554442
1.1062921399568522
0.45470758639098063
1.7498911129215475
0.7524801372009664
1.1106544739897317
1.7152346557384768
0.029677535540776345
1.436012463004271
0.4384277563340022
0.8130051564075154
1.0626194197299466
0.7617488581149541
1.4907814153208057
0.16482033853642264
1.028704903487354
1.9664391682771771
1.7095357476411066
0.518328983946712
0.42257694610004815
1.6950869889880251
0.15386753010518017
0.05905863820068458
0.4757447747401744
1.0590303376542582
1.5682270495677864
1.6772942382877418
0.9245239878356011
1.7723813421580465
1.2578229751253527
0.45374250924488524
1.1669221349498455
1.8290758909905074
1.2945518715847002
1.8835858178814318
0.8853958115574139
0.02645704756350975
0.7234030226163162
1.8253423370172335
0.3651867659646171
1.5366693518181669
0.2550607708657393
0.9086600679860808
0.8904998530341535
0.8500667335046646
1.7228140375607395
0.2722968085150639
0.672157722446282
0.26255300424899697
0.6749815585866166
1.0192885870083634
0.8788147229562269
1.0383428776522368
1.358498773637446
0.731095161169554
1.1923205188608608
1.435270041593906
1.933330641745727
1.0104158259589004
1.3459363374474813
0.29255231997711184
0.05426925713581543
1.7484544490691414
0.627157527548307
1.3329768107996816
0.6350603032651867
1.0381219624711169
0.8792305608174049
1.8435769865071159
1.9060583297586091
1.65342194121748
1.3813509506938733
0.03982831301757561
1.7349941102687108
0.9715621403234882
0.4098149498879107
0.08163933222818165
1.952386733900656
1.7659088820616247
0.4512574606820732
0.0412885651810484
0.5384217750696132
0.8970894488805252
1.903947894453287
1.2947715637693369
0.07636945310134746
1.3102216846464083
0.9096596040494549
0.9259794760059115
0.932471642952883
0.33384842974356865
1.127739359709108
1.8053542712073416
1.22402232973967
0.378414281049807
0.704522965581303
1.9939186095774364
1.1998523862808101
0.6182009315559467
1.9708174405479533
1.5251985700868438
1.7985239836189242
