0.4654149157394165
0.35838069926128724
0.7555772337800231
1.9180585138930857
0.2150103933281109
1.57095894388672
0.5314171278227713
0.7614145734248916
1.9072997130737566
0.9034520665774655
0.29769649508012175
0.4015586667060991
0.07953631205604772
1.1373853409633232
0.30167603018049327
0.5375913178924361
0.5705141667510214
0.9227877149297548
0.6949915191109166
1.1694337779066004
1.2920841245966503
0.0807232781632381
1.3001921187699186
1.8650477730362884
0.5644350456989222
1.6599840691955983
0.09437061009735559
0.1181981800620957
0.4275561614119461
0.6791677200736879
0.22430091993605217
1.4392567158859269
1.2256719784739936
1.6693985731785266
0.19192484520055775
1.2496286997635078
0.5408457667292139
0.39809134396122925
1.939947184379674
1.7410309028495512
0.49460998167035264
1.2385427053082212
0.8053713394006963
1.3282901509165852
1.2395381435600121
0.3271334368767429
0.41774299630603995
1.7618403847677544
1.2408759534857141
0.5843680380559726
1.4532525710323123
0.7936142327150106
0.9368842525115593
0.5544460278916374
1.756006355004175
0.46862624876789627
1.9323376787725801
0.36979288081753703
1.6806354340402165
1.5074940161708248
0.01596944420294344
1.5548879208410848
0.5447496478351297
0.7430188391524921
1.4310490686039838
0.9079190629572815
1.8702401771826747
1.928322178553241
1.9846319494422437
1.6273696338698782
0.5844979220869084
1.6916235453025132
0.6592704965314966
0.6003147010460612
1.2101629165794363
1.416579715987732
1.1696753271549147
0.08102785413620262
1.25354628498765
1.052105039850846
0.3500963321310113
1.9204016229706542
0.8348759283378819
0.31012699338448635
0.6539150762235988
0.3639984517811936
0.4781181809968009
0.8682364474280828
1.2356681528604094
1.9664670332324627
0.4295740346333652
0.5735224991397767
0.03236458520554564
0.6612517207997692
1.0250726574865865
0.22877192245457478
1.056752530080934
0.5987088522875854
0.3893240107240472
1.3571589316021726
1.4514345631936372
1.065503929660948
1.3347329415022466
0.6815909665949731
1.0099838590619281
0.030155689542102238
1.9392464246595782
0.04203044328653238
1.7729448206652618
1.1565554986178794
1.7185575161125444
1.7722386259228247
1.1068212209540942
0.7171413525752974
0.511091008142335
1.9683840098583643
0.831915238569749
0.9365205676238033
1.834548335732938
1.4312570734147716
1.7002126153971593
1.0355459374453264
0.4629483331902349
0.3111885643520391
0.7184488151043362
0.0727163316050412
0.585392412658996
0.034143062376887245
0.7167319708749296
0.9862213832683573
1.6002834077524188
0.18538771611437665
0.9770410637010738
1.4345012887630282
1.4722781908757792
0.9671519948114173
1.303939166254921
0.21323191618767656
0.1985180734929577
0.2861600793503922
0.2540097424896275
0.2490821385254227
1.658574641031682
0.9129797712379824
1.7059791146710632
0.7790628180225929
0.20882566473623165
0.07928312678154903
0.6057561917624659
0.3382706120540604
1.849889105901302
1.1450435661079985
1.770980858102355
1.685371745780636
0.4639701575142865
0.8768897796851067
1.0485264225005513
1.870029521346847
1.5001625369523768
0.7128448795344842
0.6773623343676849
0.3390934558021599
1.6230361075160369
0.2943206148067419
0.3890974814467276
1.783427159860724
1.0779445233904053
1.2140449778484221
1.817401244470032
1.0923194813103134
1.4417262293156297
0.8772858305440909
1.5042633625440374
1.948963226466988
0.6477194346872106
0.8829004636741504
0.06078327220343338
0.21011783756034563
1.6200425027194196
0.04887126515956508
0.03348789726636081
1.5232368227547612
1.3284521372235463
1.5704870534468864
1.3083740754901965
1.255533366486137
1.7026817527271692
1.4068618925241883
1.400389359389477
1.5672824584176144
