1.0000001	0.14748557	-0.026290951	0.19325581	0.17203386	0.20918553	-0.25383866	-0.20176187	-0.080211766	0.17401858	-0.031209948	-0.11571342	-0.31974742	0.19269095	0.17703561	-0.39829358	0.21106175	-0.22975016	-0.38865915	-0.43128997
0.14748557	1.0000001	0.13360359	0.030307498	0.20210621	-0.009646346	-0.34443775	-0.103040226	-0.04854842	-0.043040168	-0.041303717	-0.4465582	-0.43051624	0.07734144	0.17202169	-0.055725325	0.2727666	0.068710975	-0.4490179	-0.13250892
-0.026290951	0.13360359	1.0	-0.24449639	0.22668065	0.068349876	-0.304148	0.09103503	0.25330138	-0.20728996	-0.3786793	0.007267635	-0.1356259	-0.28453246	-0.23273621	0.1904162	0.17548557	-0.1684868	0.0010854118	-0.16493931
0.19325581	0.030307498	-0.24449639	1.0000001	-0.07870776	0.17341141	-0.0395028	-0.4816235	-0.45412365	0.26738852	0.15024489	-0.16332887	-0.19798356	0.28791085	0.20736474	-0.26023084	0.084186845	-0.1947418	-0.15485623	-0.12447505
0.17203386	0.20210621	0.22668065	-0.07870776	1.0	0.16009028	-0.532949	-0.052624047	0.11208386	-0.038439944	-0.4070565	-0.11016307	-0.2351266	-0.000866805	0.03582505	0.008191335	0.23617063	-0.10164815	-0.19627988	-0.39931956
0.20918553	-0.009646346	0.068349876	0.17341141	0.16009028	0.9999998	-0.26304445	-0.28880322	-0.011642681	0.16504851	-0.2065086	-0.08990621	-0.03231797	0.16619982	0.025417574	-0.11933627	0.067463	-0.6572313	-0.05921733	-0.29751083
-0.25383866	-0.34443775	-0.304148	-0.0395028	-0.532949	-0.26304445	0.9999998	0.12541477	-0.09702978	-0.015235162	0.21408235	0.1407221	0.2249191	-0.06126968	-0.037827294	0.01716023	-0.32642454	0.13006088	0.15578666	0.26756102
-0.20176187	-0.103040226	0.09103503	-0.4816235	-0.052624047	-0.28880322	0.12541477	0.9999998	0.20027252	-0.41161597	-0.10103426	0.20357916	0.15924078	-0.47289675	-0.137909	0.22591871	-0.23077881	0.16534472	0.11728223	0.1939996
-0.080211766	-0.04854842	0.25330138	-0.45412365	0.11208386	-0.011642681	-0.09702978	0.20027252	0.9999998	-0.36714602	-0.36965618	0.20082146	0.08843442	-0.3190782	-0.40382743	0.25635618	-0.014795944	-0.07368682	0.14356905	-0.015091681
0.17401858	-0.043040168	-0.20728996	0.26738852	-0.038439944	0.16504851	-0.015235162	-0.41161597	-0.36714602	0.9999999	0.15521695	-0.2222549	-0.006848725	0.2998354	0.19594933	-0.46796632	0.01490743	-0.15364051	-0.0749396	-0.263947
-0.031209948	-0.041303717	-0.3786793	0.15024489	-0.4070565	-0.2065086	0.21408235	-0.10103426	-0.36965618	0.15521695	0.99999994	-0.16339606	0.0437908	0.16457468	0.17878251	-0.26145872	-0.1379133	0.148726	-0.086037405	0.12883575
-0.11571342	-0.4465582	0.007267635	-0.16332887	-0.11016307	-0.08990621	0.1407221	0.20357916	0.20082146	-0.2222549	-0.16339606	0.99999994	0.22161871	-0.3363265	-0.46827337	0.2006666	-0.22458126	0.0065203556	0.2518257	0.10748013
-0.31974742	-0.43051624	-0.1356259	-0.19798356	-0.2351266	-0.03231797	0.2249191	0.15924078	0.08843442	-0.006848725	0.0437908	0.22161871	1.0	-0.14204337	-0.21071976	0.09388005	-0.5364146	-0.06791822	0.28231004	0.2010684
0.19269095	0.07734144	-0.28453246	0.28791085	-0.000866805	0.16619982	-0.06126968	-0.47289675	-0.3190782	0.2998354	0.16457468	-0.3363265	-0.14204337	0.99999976	0.22112678	-0.40274176	0.060720254	-0.15031269	-0.12592408	-0.17440733
0.17703561	0.17202169	-0.23273621	0.20736474	0.03582505	0.025417574	-0.037827294	-0.137909	-0.40382743	0.19594933	0.17878251	-0.46827337	-0.21071976	0.22112678	0.9999995	-0.37303033	0.110681444	0.037945848	-0.42182052	-0.0760059
-0.39829358	-0.055725325	0.1904162	-0.26023084	0.008191335	-0.11933627	0.01716023	0.22591871	0.25635618	-0.46796632	-0.26145872	0.2006666	0.09388005	-0.40274176	-0.37303033	0.9999996	-0.06705991	0.061419632	0.18927425	0.16256014
0.21106175	0.2727666	0.17548557	0.084186845	0.23617063	0.067463	-0.32642454	-0.23077881	-0.014795944	0.01490743	-0.1379133	-0.22458126	-0.5364146	0.060720254	0.110681444	-0.06705991	0.9999995	0.010432141	-0.36295667	-0.34294978
-0.22975016	0.068710975	-0.1684868	-0.1947418	-0.10164815	-0.6572313	0.13006088	0.16534472	-0.07368682	-0.15364051	0.148726	0.0065203556	-0.06791822	-0.15031269	0.037945848	0.061419632	0.010432141	0.99999934	-0.007054174	0.17531067
-0.38865915	-0.4490179	0.0010854118	-0.15485623	-0.19627988	-0.05921733	0.15578666	0.11728223	0.14356905	-0.0749396	-0.086037405	0.2518257	0.28231004	-0.12592408	-0.42182052	0.18927425	-0.36295667	-0.007054174	0.9999992	0.18563044
-0.43128997	-0.13250892	-0.16493931	-0.12447505	-0.39931956	-0.29751083	0.26756102	0.1939996	-0.015091681	-0.263947	0.12883575	0.10748013	0.2010684	-0.17440733	-0.0760059	0.16256014	-0.34294978	0.17531067	0.18563044	0.9999992
