0.6925270263627721
0.18370309157543918
0.791595788248034
0.6442103170285849
0.24806531603014048
0.10129748251924031
1.657044093607864
1.6417244644408848
1.4314782680281064
0.410149518010293
0.5567001780760201
0.16342954787356923
0.19638448372168615
0.5474735545130933
1.5776775617634544
0.3687305955331657
0.13245844963337605
0.8192699311502147
0.35391052097933007
0.09621044177300586
1.8959204195677701
1.6126046476085658
1.7985584392371827
1.7745061142784435
0.40352536997703425
0.5318327827042311
1.6963250276064215
1.6363277331478938
1.862357276339242
0.3560423040751486
0.014915364610985193
0.5457765409364463
0.6237617838576472
0.7454105925213319
0.5147952070530115
0.7928038183893296
0.42408631148611864
1.3662191033949054
1.757267623314768
0.9769031240246944
1.4787409116333874
1.4443569752432395
0.5546013874057067
1.7042395169143971
0.3826420956723937
1.0083433175186403
1.5399480545468458
0.7493282359745117
1.5117621545177333
1.3612992356524312
0.922886910794575
0.7044712087260085
1.612637783345248
1.4328150769605765
0.43734752187730663
1.8384744219493627
0.18938233143138494
1.3742748578871797
1.9949493180130458
1.5437196161556115
0.8727258712698287
0.18973286590520289
0.9351738845789388
0.7826575879776791
1.1515576517097137
0.21991185377440003
1.9924769016804176
1.7666339475578505
1.2892411769695744
0.8595667819880459
1.081868424722278
1.3795260939373295
1.6496622300799912
0.0322827867066251
1.668597684754035
0.03833656027520371
1.647042356993774
1.8226696675816056
1.311765184927012
1.0350426579348793
1.561915328869113
0.05920296188098484
1.1565565247978447
1.3862069374076593
0.8485772119463917
1.3897556189850673
1.9355875634824014
1.1040289303995736
0.7917154325950106
1.95151030102814
0.19359549942655674
1.1191552383541477
0.5306308451008819
1.0300695591161142
1.695817716196558
1.709378791706292
1.1095375782634918
1.8678429623288657
1.713376751181582
0.6117858652561614
0.24511150927386804
1.5898950785337873
0.6624071432180048
0.11680441801241703
1.7556968310702628
0.8094086537527374
0.9608047811513216
1.6819283131340985
1.1337772737021776
0.7390887663278036
0.5573913868854699
1.8326370582908693
0.9864525655745524
1.6220796837591487
1.9321766345889886
0.8020494371205338
0.11385720511611952
1.1948277468388155
1.313655222376063
1.7698484660806126
1.8475831312391846
1.6514866543965798
0.981653934816983
1.9844859842273141
0.5732777940938458
1.5752340217345693
1.7429905747560515
0.7078737393231807
0.719182339340757
0.7428993074852688
0.32579049755503675
0.05952398668678893
0.3608251108594551
1.601954635499357
0.7980632544723978
1.637186917876011
1.9786801403236745
0.8411824565436672
0.04558641763506133
0.749360800911161
1.38517761822309
0.0008041038276822565
1.6642926517669232
0.5721701508050401
0.1319492049006925
1.965091366703125
0.7832643834809752
0.10339296217703242
1.5583038188280183
1.4186728903741124
1.4957480343133127
1.8228109104788532
0.9166217750297645
0.42390955174862177
0.2773879007324831
1.715093821414333
0.4347748278230634
1.7908703592001005
1.4757259950615913
1.2983572956126392
1.251561180316266
0.15477723507374508
0.4251968068453511
1.768338836222985
0.7791258480841763
1.7344629568756964
0.5048308906551291
1.8924003362951411
1.4069237375820929
0.8390114432154465
0.603343271007799
1.0422444586472879
1.1573365503242476
0.21626470873810644
1.7572205700746066
0.1662648617180873
1.0023574752600772
1.4536852822044566
0.2885997185473399
0.599640196745846
1.502705354371692
0.10654492634144508
1.6874668449264212
0.3166872282949529
1.932554818526814
1.684677560162032
1.8723416415036387
1.7972903815564385
1.1906506060734092
1.4744175522228995
