1.0000002	-0.014898244	0.24500696	-0.33326286	-0.07797321	0.2734107	-0.14709994	-0.21226329	0.13659047	-0.11577752	-0.49186477	0.19786486	0.19530539	-0.22362374	-0.15513614	-0.06265546	-0.17674373	-0.3638565	0.19757597	0.12940039
-0.014898244	1.0000002	-0.24317093	-0.24759942	0.30727106	-0.13546252	0.30726466	0.12573501	0.22251508	-0.40933603	-0.08808234	-0.23236135	0.20263071	-0.28247866	-0.3574007	-0.43400916	-0.3061717	0.16343413	0.1599971	0.2621223
0.24500696	-0.24317093	1.0000004	-0.050010134	-0.29261157	0.2945185	-0.36159086	-0.43726626	-0.050575763	0.018502273	-0.11170343	0.2765763	0.07061317	-0.048847985	-0.022434732	0.07741056	-0.031004572	-0.44983461	0.14130019	-0.024877282
-0.33326286	-0.24759942	-0.050010134	1.0000004	-0.24892956	-0.19147299	-0.19528633	0.08669829	-0.43708187	0.18253796	0.27911988	-0.047618423	-0.19739193	0.29155236	0.2964203	0.2675869	0.29488447	0.05623529	-0.38342628	-0.42295563
-0.07797321	0.30727106	-0.29261157	-0.24892956	1.0000004	-0.12413724	0.30932397	0.12014674	0.2450126	-0.24545361	-0.116268866	-0.16635491	0.16123769	-0.19997764	-0.4020797	-0.42204952	-0.39464277	0.1551554	0.1560895	0.23624076
0.2734107	-0.13546252	0.2945185	-0.19147299	-0.12413724	1.0000005	-0.25284487	-0.49198264	0.0410588	-0.037613016	-0.23820424	0.29239458	0.118443295	-0.02131382	-0.10386666	0.02671249	-0.045931328	-0.50918186	0.13152017	-0.026047682
-0.14709994	0.30726466	-0.36159086	-0.19528633	0.30932397	-0.25284487	1.0000004	0.19382732	0.19993712	-0.24384183	-0.091436245	-0.2982193	0.1107701	-0.18265525	-0.26097643	-0.40527904	-0.23418263	0.2347494	0.08623628	0.23130311
-0.21226329	0.12573501	-0.43726626	0.08669829	0.12014674	-0.49198264	0.19382732	1.0000005	-0.073479295	-0.060991816	0.13359842	-0.58263016	-0.06135302	0.0008251092	0.06876023	-0.024603115	0.03569082	0.30640328	-0.1829279	0.05581191
0.13659047	0.22251508	-0.050575763	-0.43708187	0.2450126	0.0410588	0.19993712	-0.073479295	1.0000006	-0.1438417	-0.36973447	0.024360068	0.20706677	-0.45199805	-0.4081984	-0.3393087	-0.40177318	0.0384037	0.2722002	0.2888457
-0.11577752	-0.40933603	0.018502273	0.18253796	-0.24545361	-0.037613016	-0.24384183	-0.060991816	-0.1438417	1.0000007	0.18740852	0.1393374	-0.6274283	0.24733265	0.23315851	0.23887073	0.21683183	-0.09201834	-0.15431966	-0.33335844
-0.49186477	-0.08808234	-0.11170343	0.27911988	-0.116268866	-0.23820424	-0.091436245	0.13359842	-0.36973447	0.18740852	1.000001	-0.17208451	-0.37152907	0.25327256	0.2204675	0.17635526	0.20602688	0.122343056	-0.18108782	-0.34659705
0.19786486	-0.23236135	0.2765763	-0.047618423	-0.16635491	0.29239458	-0.2982193	-0.58263016	0.024360068	0.1393374	-0.17208451	1.0000012	-0.034851205	0.03985183	-0.004580601	0.06799631	0.020636639	-0.4859805	0.088915825	-0.12325401
0.19530539	0.20263071	0.07061317	-0.19739193	0.16123769	0.118443295	0.1107701	-0.06135302	0.20706677	-0.6274283	-0.37152907	-0.034851205	1.000001	-0.38695306	-0.29572117	-0.2392724	-0.27719298	-0.045371156	0.20939006	0.26160607
-0.22362374	-0.28247866	-0.048847985	0.29155236	-0.19997764	-0.02131382	-0.18265525	0.0008251092	-0.45199805	0.24733265	0.25327256	0.03985183	-0.38695306	1.0000011	0.28574187	0.2770007	0.297337	-0.026796456	-0.3782731	-0.4899974
-0.15513614	-0.3574007	-0.022434732	0.2964203	-0.4020797	-0.10386666	-0.26097643	0.06876023	-0.4081984	0.23315851	0.2204675	-0.004580601	-0.29572117	0.28574187	1.0000011	0.3097137	0.32350639	-0.0063616307	-0.43783998	-0.28317338
-0.06265546	-0.43400916	0.07741056	0.2675869	-0.42204952	0.02671249	-0.40527904	-0.024603115	-0.3393087	0.23887073	0.17635526	0.06799631	-0.2392724	0.2770007	0.3097137	1.0000011	0.30718276	-0.07540642	-0.35832372	-0.38792294
-0.17674373	-0.3061717	-0.031004572	0.29488447	-0.39464277	-0.045931328	-0.23418263	0.03569082	-0.40177318	0.21683183	0.20602688	0.020636639	-0.27719298	0.297337	0.32350639	0.30718276	1.0000012	0.00712658	-0.5133587	-0.328223
-0.3638565	0.16343413	-0.44983461	0.05623529	0.1551554	-0.50918186	0.2347494	0.30640328	0.0384037	-0.09201834	0.122343056	-0.4859805	-0.045371156	-0.026796456	-0.0063616307	-0.07540642	0.00712658	1.0000012	-0.09189462	0.06285008
0.19757597	0.1599971	0.14130019	-0.38342628	0.1560895	0.13152017	0.08623628	-0.1829279	0.2722002	-0.15431966	-0.18108782	0.088915825	0.20939006	-0.3782731	-0.43783998	-0.35832372	-0.5133587	-0.09189462	1.0000012	0.23822539
0.12940039	0.2621223	-0.024877282	-0.42295563	0.23624076	-0.026047682	0.23130311	0.05581191	0.2888457	-0.33335844	-0.34659705	-0.12325401	0.26160607	-0.4899974	-0.28317338	-0.38792294	-0.328223	0.06285008	0.23822539	1.0000012
