1.0	0.09871483	-0.26860502	-0.31458983	0.2808257	-0.008614824	0.26418674	0.051295698	-0.43368796	-0.41087207	-0.15939091	0.27948016	-0.2785109	0.25906643	0.1669	-0.0693237	0.24616988	0.020295398	-0.2380137	-0.48532584
0.09871483	1.0000002	-0.24082835	-0.23392987	0.07887195	-0.2868727	0.19606702	-0.38883415	0.021697378	-0.081896596	-0.34566745	0.072613105	-0.42975715	0.08870386	-0.124603584	0.16067587	0.20078191	0.28117853	0.088585705	-0.15550108
-0.26860502	-0.24082835	1.0000005	0.25216362	-0.37391654	0.07717255	-0.3577317	-0.017659817	0.24525632	0.2722723	0.18303414	-0.2975557	0.24529879	-0.26886323	-0.1959976	0.0030679412	-0.5587882	-0.06794945	0.10313061	0.26649913
-0.31458983	-0.23392987	0.25216362	1.0000002	-0.30425754	0.0044961977	-0.17892228	-0.032655757	0.24842042	0.19019128	0.07169621	-0.44546074	0.19594973	-0.48138505	-0.3527319	0.12583537	-0.1650669	-0.043262266	0.15405735	0.3094517
0.2808257	0.07887195	-0.37391654	-0.30425754	1.0000002	-0.11882202	0.25167122	0.06219714	-0.4384792	-0.5646908	-0.1853056	0.21286452	-0.08732294	0.21263093	0.14778449	-0.0045520007	0.25631163	-0.055749692	-0.09097817	-0.27908292
-0.008614824	-0.2868727	0.07717255	0.0044961977	-0.11882202	1.0000004	-0.13024643	0.2622167	0.0113149015	0.05240822	0.24368256	0.0376341	0.057214957	0.07739743	0.14707048	-0.48364958	-0.13786672	-0.28619117	-0.5180737	-0.0002704616
0.26418674	0.19606702	-0.3577317	-0.17892228	0.25167122	-0.13024643	1.0000004	-0.023295362	-0.2673454	-0.3975316	-0.43109444	0.21432574	-0.39638358	0.13301024	-0.035459932	0.0726906	0.3130845	0.091348715	-0.056192745	-0.26218155
0.051295698	-0.38883415	-0.017659817	-0.032655757	0.06219714	0.2622167	-0.023295362	1.0000005	-0.14109324	-0.04030806	0.18813774	0.10598563	0.08454369	0.10835076	0.1517796	-0.32822588	-0.029472625	-0.61186737	-0.3762963	-0.024798
-0.43368796	0.021697378	0.24525632	0.24842042	-0.4384792	0.0113149015	-0.2673454	-0.14109324	1.0000004	0.2626714	0.014577284	-0.33603317	0.08089255	-0.2640906	-0.38467664	0.109010875	-0.2380858	0.09869417	0.1467147	0.2642416
-0.41087207	-0.081896596	0.2722723	0.19019128	-0.5646908	0.05240822	-0.3975316	-0.04030806	0.2626714	1.0000002	0.14508623	-0.135879	0.15132126	-0.24491136	-0.09823345	-0.05162547	-0.40469798	0.03402066	0.09655796	0.226117
-0.15939091	-0.34566745	0.18303414	0.07169621	-0.1853056	0.24368256	-0.43109444	0.18813774	0.014577284	0.14508623	1.0000002	-0.17743208	0.22412132	-0.0005610841	0.12145388	-0.1586325	-0.30313033	-0.3245273	-0.23314527	0.12709786
0.27948016	0.072613105	-0.2975557	-0.44546074	0.21286452	0.0376341	0.21432574	0.10598563	-0.33603317	-0.135879	-0.17743208	1.0000002	-0.23263286	0.28206438	0.2062088	-0.21957514	0.19263066	-0.021485312	-0.25564763	-0.48210564
-0.2785109	-0.42975715	0.24529879	0.19594973	-0.08732294	0.057214957	-0.39638358	0.08454369	0.08089255	0.15132126	0.22412132	-0.23263286	1.0000002	-0.24862468	0.0275145	-0.032614596	-0.3952395	-0.28632984	0.091222554	0.2293368
0.25906643	0.08870386	-0.26886323	-0.48138505	0.21263093	0.07739743	0.13301024	0.10835076	-0.2640906	-0.24491136	-0.0005610841	0.28206438	-0.24862468	1.0	0.25106955	-0.29739383	0.15607578	-0.095426135	-0.23035774	-0.43675557
0.1669	-0.124603584	-0.1959976	-0.3527319	0.14778449	0.14707048	-0.035459932	0.1517796	-0.38467664	-0.09823345	0.12145388	0.2062088	0.0275145	0.25106955	1.0	-0.46140215	0.012993336	-0.101496905	-0.23322049	-0.24495187
-0.0693237	0.16067587	0.0030679412	0.12583537	-0.0045520007	-0.48364958	0.0726906	-0.32822588	0.109010875	-0.05162547	-0.1586325	-0.21957514	-0.032614596	-0.29739383	-0.46140215	0.9999998	0.07679984	0.1942079	0.26039737	0.10430908
0.24616988	0.20078191	-0.5587882	-0.1650669	0.25631163	-0.13786672	0.3130845	-0.029472625	-0.2380858	-0.40469798	-0.30313033	0.19263066	-0.3952395	0.15607578	0.012993336	0.07679984	0.9999997	0.06777221	-0.045232195	-0.2450392
0.020295398	0.28117853	-0.06794945	-0.043262266	-0.055749692	-0.28619117	0.091348715	-0.61186737	0.09869417	0.03402066	-0.3245273	-0.021485312	-0.28632984	-0.095426135	-0.101496905	0.1942079	0.06777221	0.9999997	0.17715044	-0.07038222
-0.2380137	0.088585705	0.10313061	0.15405735	-0.09097817	-0.5180737	-0.056192745	-0.3762963	0.1467147	0.09655796	-0.23314527	-0.25564763	0.091222554	-0.23035774	-0.23322049	0.26039737	-0.045232195	0.17715044	0.99999976	0.15934147
-0.48532584	-0.15550108	0.26649913	0.3094517	-0.27908292	-0.0002704616	-0.26218155	-0.024798	0.2642416	0.226117	0.12709786	-0.48210564	0.2293368	-0.43675557	-0.24495187	0.10430908	-0.2450392	-0.07038222	0.15934147	0.99999976
