1.0000001	-0.5101466	-0.4409512	-0.17729002	0.21884675	0.28649333	0.26074114	0.27051768	0.108259484	0.271091	-0.15141748	-0.4424418	-0.2166794	-0.31872928	-0.25230506	0.2656573	-0.2878683	-0.040379837	0.2646975	-0.10809462
-0.5101466	0.99999964	0.27499312	0.21021536	-0.20303257	-0.41359657	-0.3464128	-0.24316719	-0.25475687	-0.31957495	0.21586995	0.27139953	0.09945887	0.26850787	0.22322525	-0.30663338	0.21158203	0.14354227	-0.25083387	-0.070638835
-0.4409512	0.27499312	0.9999999	0.17209649	-0.25173372	-0.46372473	-0.37985566	-0.3069818	-0.043138936	-0.33957234	0.16113712	0.2600609	0.20675297	0.26233009	0.17385016	-0.28317654	0.2952192	0.0063640317	-0.41714725	0.11347852
-0.17729002	0.21021536	0.17209649	1.0	-0.43220863	-0.06714541	-0.44185874	-0.3238594	-0.33708456	-0.058961794	0.3004021	0.27401668	-0.13813446	0.2949343	0.26730293	-0.36593303	0.13425665	0.2604673	-0.34909374	-0.22212136
0.21884675	-0.20303257	-0.25173372	-0.43220863	0.99999976	0.14383438	0.29970035	0.28563413	0.24066691	0.12310704	-0.45645103	-0.3999239	0.01576789	-0.35564172	-0.4252636	0.31118914	-0.24398907	-0.24732018	0.2705302	0.10628824
0.28649333	-0.41359657	-0.46372473	-0.06714541	0.14383438	0.9999999	0.21013096	0.23583844	-0.02098517	0.30608934	-0.13889064	-0.16938747	-0.3931028	-0.2231569	-0.16895093	0.20418394	-0.3743937	0.05791076	0.22000137	-0.23114774
0.26074114	-0.3464128	-0.37985566	-0.44185874	0.29970035	0.21013096	0.9999996	0.30163327	0.20867786	0.17609115	-0.30179173	-0.2683365	-0.04912327	-0.44841623	-0.35320565	0.3155534	-0.32987654	-0.17755789	0.28195506	0.041952454
0.27051768	-0.24316719	-0.3069818	-0.3238594	0.28563413	0.23583844	0.30163327	0.9999995	0.16206852	0.2301361	-0.21725874	-0.38474777	-0.16951881	-0.41929492	-0.3463728	0.3163015	-0.44676852	-0.18550244	0.27753574	-0.03619231
0.108259484	-0.25475687	-0.043138936	-0.33708456	0.24066691	-0.02098517	0.20867786	0.16206852	0.99999934	-0.024285033	-0.2369731	-0.22931986	0.16039965	-0.32560268	-0.4684331	0.22108848	0.013726543	-0.50201887	0.12174425	0.20596749
0.271091	-0.31957495	-0.33957234	-0.058961794	0.12310704	0.30608934	0.17609115	0.2301361	-0.024285033	0.9999993	-0.07009744	-0.2576387	-0.51226586	-0.1678217	-0.082775675	0.16783358	-0.41533777	0.05276188	0.21798955	-0.29676762
-0.15141748	0.21586995	0.16113712	0.3004021	-0.45645103	-0.13889064	-0.30179173	-0.21725874	-0.2369731	-0.07009744	0.9999993	0.2631598	-0.1369063	0.2559458	0.20646776	-0.27662843	0.079212494	0.25684768	-0.39566448	-0.3569626
-0.4424418	0.27139953	0.2600609	0.27401668	-0.3999239	-0.16938747	-0.2683365	-0.38474777	-0.22931986	-0.2576387	0.2631598	0.9999992	0.052353095	0.30437323	0.2453564	-0.3804736	0.21988371	0.17398761	-0.44259113	-0.08972936
-0.2166794	0.09945887	0.20675297	-0.13813446	0.01576789	-0.3931028	-0.04912327	-0.16951881	0.16039965	-0.51226586	-0.1369063	0.052353095	0.9999993	0.056272704	-0.015898816	-0.058986533	0.24504666	-0.3131145	-0.1292941	0.29697376
-0.31872928	0.26850787	0.26233009	0.2949343	-0.35564172	-0.2231569	-0.44841623	-0.41929492	-0.32560268	-0.1678217	0.2559458	0.30437323	0.056272704	0.9999994	0.2828088	-0.40026468	0.22534733	0.18169715	-0.41931957	-0.053968918
-0.25230506	0.22322525	0.17385016	0.26730293	-0.4252636	-0.16895093	-0.35320565	-0.3463728	-0.4684331	-0.082775675	0.20646776	0.2453564	-0.015898816	0.2828088	0.9999995	-0.48182222	0.16341093	0.1941688	-0.12088996	-0.040672794
0.2656573	-0.30663338	-0.28317654	-0.36593303	0.31118914	0.20418394	0.3155534	0.3163015	0.22108848	0.16783358	-0.27662843	-0.3804736	-0.058986533	-0.40026468	-0.48182222	0.9999995	-0.35276118	-0.1953036	0.26037163	0.039804794
-0.2878683	0.21158203	0.2952192	0.13425665	-0.24398907	-0.3743937	-0.32987654	-0.44676852	0.013726543	-0.41533777	0.079212494	0.21988371	0.24504666	0.22534733	0.16341093	-0.35276118	0.9999995	-0.06339412	-0.25011167	0.17681575
-0.040379837	0.14354227	0.0063640317	0.2604673	-0.24732018	0.05791076	-0.17755789	-0.18550244	-0.50201887	0.05276188	0.25684768	0.17398761	-0.3131145	0.18169715	0.1941688	-0.1953036	-0.06339412	0.9999996	-0.13402514	-0.46913046
0.2646975	-0.25083387	-0.41714725	-0.34909374	0.2705302	0.22000137	0.28195506	0.27753574	0.12174425	0.21798955	-0.39566448	-0.44259113	-0.1292941	-0.41931957	-0.12088996	0.26037163	-0.25011167	-0.13402514	0.9999995	-0.005853895
-0.10809462	-0.070638835	0.11347852	-0.22212136	0.10628824	-0.23114774	0.041952454	-0.03619231	0.20596749	-0.29676762	-0.3569626	-0.08972936	0.29697376	-0.053968918	-0.040672794	0.039804794	0.17681575	-0.46913046	-0.005853895	0.9999995
