1.0000001	-0.0058583585	0.21710439	-0.07836772	0.30222917	-0.24376154	-0.35194784	-0.0028366155	-0.60847545	-0.088833354	0.13751432	0.2295594	-0.20986381	0.092374444	-0.204406	0.010575682	-0.09162467	0.22175853	-0.4767935	0.15165432
-0.0058583585	1.0000004	-0.21017197	-0.01514086	-0.0627956	0.073026	-0.014752037	0.0049656695	-0.040789038	-0.12669371	-0.51992476	0.13682896	-0.14426762	0.074979305	-0.33099824	-0.46018335	0.3066238	0.1197912	-0.008265653	0.22362824
0.21710439	-0.21017197	1.0000004	-0.3012915	0.23126334	-0.5243178	-0.41664106	0.08947738	-0.18693337	0.14275561	0.2534831	0.11885518	-0.10887123	-0.021581287	-0.028499307	0.06952026	-0.26962692	0.1598732	-0.23941869	0.025022091
-0.07836772	-0.01514086	-0.3012915	1.0000004	-0.07497369	0.23521246	0.21521275	-0.4628668	-0.075158685	-0.51066434	-0.21925493	-0.04984585	-0.030487904	0.21766935	0.009946619	0.10790522	0.016235081	-0.089760065	0.06389662	0.04173621
0.30222917	-0.0627956	0.23126334	-0.07497369	1.0	-0.34002948	-0.36185968	0.030239936	-0.42822203	-0.08998742	0.18346427	0.24599217	-0.37664688	0.039762456	-0.14731504	0.026892228	-0.0723502	0.21741831	-0.45920435	0.13612379
-0.24376154	0.073026	-0.5243178	0.23521246	-0.34002948	1.0000001	0.31602323	-0.1661927	0.1514807	-0.18961535	-0.24200954	-0.27281988	0.15859397	0.032586433	0.104027174	-0.013915344	0.11347734	-0.33445048	0.22981554	-0.087129205
-0.35194784	-0.014752037	-0.41664106	0.21521275	-0.36185968	0.31602323	1.0000001	-0.13095592	0.202407	-0.11984017	-0.16880882	-0.3270067	0.18471739	0.014441616	0.17058724	0.06948782	0.02930979	-0.4311548	0.2600754	-0.13929392
-0.0028366155	0.0049656695	0.08947738	-0.4628668	0.030239936	-0.1661927	-0.13095592	0.99999994	0.084339805	0.28390777	0.10786898	-0.14556703	0.10640012	-0.61634123	0.10934113	-0.0871254	-0.014714168	-0.07768512	0.024087388	-0.13634187
-0.60847545	-0.040789038	-0.18693337	-0.075158685	-0.42822203	0.1514807	0.202407	0.084339805	0.99999994	0.17465022	-0.080338724	-0.25773966	0.23791154	-0.21396843	0.18451725	0.004966692	0.031137243	-0.22304499	0.28949863	-0.2462367
-0.088833354	-0.12669371	0.14275561	-0.51066434	-0.08998742	-0.18961535	-0.11984017	0.28390777	0.17465022	0.9999997	0.15471335	-0.1233372	0.14694557	-0.44396856	0.154919	-0.0033079775	-0.15369506	-0.12216646	0.067240655	-0.15302055
0.13751432	-0.51992476	0.2534831	-0.21925493	0.18346427	-0.24200954	-0.16880882	0.10786898	-0.080338724	0.15471335	0.9999995	0.00392199	-0.008024054	-0.13935706	0.091007784	0.18777823	-0.37954864	0.04480017	-0.19674432	-0.21053913
0.2295594	0.13682896	0.11885518	-0.04984585	0.24599217	-0.27281988	-0.3270067	-0.14556703	-0.25773966	-0.1233372	0.00392199	0.99999946	-0.4831821	0.18689536	-0.37474424	-0.19973777	0.11531159	0.2939527	-0.37553918	0.2782039
-0.20986381	-0.14426762	-0.10887123	-0.030487904	-0.37664688	0.15859397	0.18471739	0.10640012	0.23791154	0.14694557	-0.008024054	-0.4831821	0.9999994	-0.23897243	0.26006714	0.16753039	-0.18720086	-0.25114882	0.27432087	-0.49781913
0.092374444	0.074979305	-0.021581287	0.21766935	0.039762456	0.032586433	0.014441616	-0.61634123	-0.21396843	-0.44396856	-0.13935706	0.18689536	-0.23897243	0.9999995	-0.29065666	-0.036161784	0.09067555	0.14621572	-0.09070143	0.19611038
-0.204406	-0.33099824	-0.028499307	0.009946619	-0.14731504	0.104027174	0.17058724	0.10934113	0.18451725	0.154919	0.091007784	-0.37474424	0.26006714	-0.29065666	0.99999934	0.2313596	-0.25984752	-0.5217139	0.18699627	-0.34458572
0.010575682	-0.46018335	0.06952026	0.10790522	0.026892228	-0.013915344	0.06948782	-0.0871254	0.004966692	-0.0033079775	0.18777823	-0.19973777	0.16753039	-0.036161784	0.2313596	0.9999992	-0.5797299	-0.188721	0.020323304	-0.32745412
-0.09162467	0.3066238	-0.26962692	0.016235081	-0.0723502	0.11347734	0.02930979	-0.014714168	0.031137243	-0.15369506	-0.37954864	0.11531159	-0.18720086	0.09067555	-0.25984752	-0.5797299	0.99999917	0.07485229	0.013789616	0.21692795
0.22175853	0.1197912	0.1598732	-0.089760065	0.21741831	-0.33445048	-0.4311548	-0.07768512	-0.22304499	-0.12216646	0.04480017	0.2939527	-0.25114882	0.14621572	-0.5217139	-0.188721	0.07485229	0.99999905	-0.24760245	0.20878859
-0.4767935	-0.008265653	-0.23941869	0.06389662	-0.45920435	0.22981554	0.2600754	0.024087388	0.28949863	0.067240655	-0.19674432	-0.37553918	0.27432087	-0.09070143	0.18699627	0.020323304	0.013789616	-0.24760245	0.99999917	-0.3357725
0.15165432	0.22362824	0.025022091	0.04173621	0.13612379	-0.087129205	-0.13929392	-0.13634187	-0.2462367	-0.15302055	-0.21053913	0.2782039	-0.49781913	0.19611038	-0.34458572	-0.32745412	0.21692795	0.20878859	-0.3357725	0.99999917
