1.0000001	0.13502868	-0.3930824	-0.42753413	-0.31345293	0.16234775	-0.17360394	0.19090977	0.31418163	-0.26932985	0.18045282	-0.42505482	0.12873644	0.13323167	-0.08967299	0.19565263	0.09648209	-0.17443326	-0.16339593	-0.10746313
0.13502868	1.0000004	-0.15502898	0.02279325	0.10605214	0.28547272	0.10987516	0.28334218	0.12961751	-0.26439986	-0.19569093	-0.0006449264	0.2947686	-0.21760826	-0.3288845	0.21708755	-0.12837604	-0.43917918	-0.37479606	-0.47942814
-0.3930824	-0.15502898	1.0000001	0.23810159	0.1751782	-0.12907426	0.10461847	-0.23241732	-0.5184595	0.08367195	-0.088837534	0.20868064	-0.07001315	-0.028367957	-0.07233383	-0.0517391	-0.3138591	0.196352	0.03167353	0.01493709
-0.42753413	0.02279325	0.23810159	1.0000001	0.27999064	-0.02438521	0.23482427	-0.04698585	-0.44003808	0.09852917	-0.4398872	0.30393562	-0.0041768965	-0.20235138	-0.14364465	-0.087974295	-0.29230314	0.04358263	-0.017974095	-0.09450167
-0.31345293	0.10605214	0.1751782	0.27999064	1.0	0.083387114	0.27773538	0.037641108	-0.3611371	0.032052997	-0.32676312	0.27695522	0.12663765	-0.47405076	-0.18263459	0.0015669385	-0.31897393	-0.044914242	-0.18083212	-0.19443786
0.16234775	0.28547272	-0.12907426	-0.02438521	0.083387114	1.0	-0.038035844	0.29284427	0.1374804	-0.43005264	-0.02216266	-0.05478195	0.29779583	-0.054403204	-0.4229727	0.2986772	-0.21380493	-0.3253267	-0.3714142	-0.47158998
-0.17360394	0.10987516	0.10461847	0.23482427	0.27773538	-0.038035844	0.99999976	-0.009309747	-0.17759942	0.11784566	-0.4220671	0.26368877	0.07701566	-0.6018267	-0.08161829	-0.09942553	-0.30604714	-0.09460729	-0.11006549	-0.07139636
0.19090977	0.28334218	-0.23241732	-0.04698585	0.037641108	0.29284427	-0.009309747	0.9999998	0.1738839	-0.31346107	-0.015230275	-0.124761626	0.2963898	-0.10625081	-0.33076766	0.22552896	-0.19658896	-0.5512837	-0.32020643	-0.25327572
0.31418163	0.12961751	-0.5184595	-0.44003808	-0.3611371	0.1374804	-0.17759942	0.1738839	0.99999964	-0.19689424	0.15660122	-0.26960912	0.10979217	0.12714519	-0.03523753	0.13300762	0.11107722	-0.16454141	-0.13753413	-0.09173578
-0.26932985	-0.26439986	0.08367195	0.09852917	0.032052997	-0.43005264	0.11784566	-0.31346107	-0.19689424	0.9999996	-0.08840886	0.13392743	-0.29337808	-0.12807329	0.2599902	-0.5611621	0.13300279	0.18364441	0.254054	0.24844192
0.18045282	-0.19569093	-0.088837534	-0.4398872	-0.32676312	-0.02216266	-0.4220671	-0.015230275	0.15660122	-0.08840886	0.9999995	-0.51872563	-0.15646733	0.26957121	0.13539091	0.012690202	0.21938772	0.014164475	0.1458266	0.140156
-0.42505482	-0.0006449264	0.20868064	0.30393562	0.27695522	-0.05478195	0.26368877	-0.124761626	-0.26960912	0.13392743	-0.51872563	0.99999946	-0.0022313956	-0.29621089	-0.07949151	-0.10014285	-0.25663477	0.10404868	-0.07075968	-0.09218659
0.12873644	0.2947686	-0.07001315	-0.0041768965	0.12663765	0.29779583	0.07701566	0.2963898	0.10979217	-0.29337808	-0.15646733	-0.0022313956	0.9999996	-0.11336131	-0.3651999	0.24978836	-0.31056833	-0.4244174	-0.50269645	-0.33841345
0.13323167	-0.21760826	-0.028367957	-0.20235138	-0.47405076	-0.054403204	-0.6018267	-0.10625081	0.12714519	-0.12807329	0.26957121	-0.29621089	-0.11336131	0.99999964	0.085493915	0.061192963	0.18439372	0.12864044	0.10907916	0.12375659
-0.08967299	-0.3288845	-0.07233383	-0.14364465	-0.18263459	-0.4229727	-0.08161829	-0.33076766	-0.03523753	0.2599902	0.13539091	-0.07949151	-0.3651999	0.085493915	0.9999995	-0.42570567	0.2706128	0.1877846	0.3063834	0.31250826
0.19565263	0.21708755	-0.0517391	-0.087974295	0.0015669385	0.2986772	-0.09942553	0.22552896	0.13300762	-0.5611621	0.012690202	-0.10014285	0.24978836	0.061192963	-0.42570567	0.9999995	-0.19188407	-0.12703332	-0.36680073	-0.38332397
0.09648209	-0.12837604	-0.3138591	-0.29230314	-0.31897393	-0.21380493	-0.30604714	-0.19658896	0.11107722	0.13300279	0.21938772	-0.25663477	-0.31056833	0.18439372	0.2706128	-0.19188407	0.9999994	0.056026563	0.2357915	0.22226663
-0.17443326	-0.43917918	0.196352	0.04358263	-0.044914242	-0.3253267	-0.09460729	-0.5512837	-0.16454141	0.18364441	0.014164475	0.10404868	-0.4244174	0.12864044	0.1877846	-0.12703332	0.056026563	0.99999934	0.22473718	0.20675626
-0.16339593	-0.37479606	0.03167353	-0.017974095	-0.18083212	-0.3714142	-0.11006549	-0.32020643	-0.13753413	0.254054	0.1458266	-0.07075968	-0.50269645	0.10907916	0.3063834	-0.36680073	0.2357915	0.22473718	0.9999993	0.30893067
-0.10746313	-0.47942814	0.01493709	-0.09450167	-0.19443786	-0.47158998	-0.07139636	-0.25327572	-0.09173578	0.24844192	0.140156	-0.09218659	-0.33841345	0.12375659	0.31250826	-0.38332397	0.22226663	0.20675626	0.30893067	0.9999993
