0.9075622680467772
0.07172978547151354
1.2335320076016194
1.8750134109339078
1.8651533613371396
0.9827100832937987
0.14263547768220253
1.8052003161514927
1.5373728720795663
0.2615250721943696
1.2107825462630994
0.22976400265181263
0.7173256741154495
0.1556513312400527
0.16281548272662194
0.8044458531219514
1.0775570233598644
0.988434581719916
0.7661273517355556
0.3108452580633343
1.23894502054708
0.35811496974746837
0.9254722043822792
0.8064367360842282
0.9237558033628193
1.3324638644452786
1.2799342103662412
1.0030050200539533
0.7008714050887517
0.3539540970871369
1.221983638787828
0.019141771620573733
0.7888465758825558
0.35038529849800293
1.174444560765024
0.8612900425030348
0.7508770987546711
0.9217913322159361
1.1275627868311922
0.9107249141301654
1.7785086677626891
0.08987441832947818
1.717532136393675
0.23736300790511722
1.6331255997611656
1.2866337007361115
1.876528655739304
0.5630580933780682
1.8821175097097425
0.5130593103730519
0.669932622805063
0.975468860168158
1.1641484762905097
1.3219268835429976
0.7089813323488809
1.682673424379748
0.6326784615667984
1.9118864592520146
0.7205019354450142
0.41340014309802897
0.8417397302629221
1.1059647564138426
0.7141361465131923
0.47634953490573095
1.9301233281087038
1.4034799772196076
1.0017845478981242
0.11083815861314927
1.6462567549352642
0.4095447725219603
1.5987715437770718
1.6254063685674796
0.9570238522197059
1.1676663565741598
0.8123222618740324
0.6736592741792051
0.6069290842898689
1.168821918454732
0.17598241176115637
0.916922644151398
0.031548179501926565
0.17423819500082693
1.8543373879457692
1.1516332793047508
1.8272030424590415
1.2858442206403522
1.5683998623626625
1.8526293395439102
1.9735937771771366
0.4848356371450493
0.45474405235497484
0.5860835039038521
1.4039162600474437
1.6078204578737723
0.7721957251922262
0.31730492671942834
0.30437133911636405
1.849068975690849
1.2283852191954259
0.010450488628785726
0.32956484529375585
0.742993683106141
0.8488723734401775
1.0033242430706868
1.4258832337439653
1.5872889457670776
1.1387549390821996
1.038269760325581
1.27457440151782
1.9908315241465382
1.2020176737738346
0.9308763339426396
1.6037340092504955
0.533976505522431
0.22588114008362936
1.4067441651562678
0.21328446195637007
1.9976358246953796
0.021021702324434344
1.4570365261111915
1.5205044581739224
1.233262383899919
1.7942985791549784
1.336420743058496
0.08146995822265679
0.01285554822457069
0.3206812372942889
1.3069608867033227
0.9311824032762865
0.6198479973359008
1.9154484992323684
0.08222017142369364
0.9807681303679932
0.6097883579586982
0.6965331441525355
0.09685151183865504
0.09039857304787136
0.2031445354341339
0.678541174335981
0.561827450578569
0.45177658605565063
0.8532026850681804
1.7423824762078106
1.3132781818678947
1.2099539340738752
0.6838476308226111
0.5307467464941378
1.7147910457024025
0.9903356348912264
1.7811412011443006
1.1785361428408767
1.2585671670058198
1.2416303691510675
1.1996852532241837
1.4879043568423165
1.6849074267331483
1.9862508254206743
0.4941182146628782
1.3431646424166304
1.2047434132226074
1.895694065390354
0.39262067374880893
1.4900115544760966
1.3639027005930333
0.22245467109493422
0.10642108851061449
0.2792813280611992
0.9470424940609916
0.6939948494175594
1.7766084173734338
1.771139644144424
1.6497088670246343
1.9776724604774445
1.3434175654445641
0.8775731493264494
1.2983196967150592
0.29078058780041016
0.9245112501849351
0.4767982368379593
1.6121907616984452
0.6886804319995425
0.7025330730322148
1.1638535583193204
1.7805658903886001
0.7770845153188204
0.472578391531395
1.0055154401695154
1.787456551599849
0.18085497786542293
0.539657363651266
