1.3781280443030455
1.4639245965352914
0.6417957116082409
1.9483525014963845
1.8034771871534432
0.9259824181379146
1.9053518545514632
0.8290778312256213
0.9629077948783211
1.6208359204393668
1.6418408038543741
1.5387475960353367
1.9406961397208053
0.6133579939384737
0.43845116418544783
0.8465185084175075
0.9879239962686974
1.1361953323568623
0.2671062909001778
0.3228351654770587
1.466925597864287
0.24461320372794249
1.6749479092753574
0.24471086580663726
0.47152648824363874
1.7906902688858728
0.677119634466651
1.3256654165075619
1.6345712685161233
1.7274900605225019
0.3166091836630416
0.44317276612532597
0.21545565906898512
0.7866833421930384
1.3697396465945013
1.8084339935570273
1.8182741554788877
0.5164084079188973
1.1946215721845521
0.4261916024240171
0.6592477798087326
0.7107202782267226
1.465411422860128
1.975406566546062
0.6878478450889929
1.5068587542496947
1.8914393715962194
0.7347601138387938
1.51266029418397
1.0334563061261426
0.6965999175489768
1.8581801411103753
1.0618338098412379
1.4577710898196037
0.9923548074831905
0.9558441941542395
1.0478609461120953
1.9414990947810735
1.4944872485257958
1.9431899149701715
1.8221566260264555
0.6186095977185428
0.45022999524901963
0.7827066233109001
0.0624843481737547
1.680599163595862
1.441854135359156
1.8858491156357327
1.3346728575490034
0.6594593852206281
0.588414497125574
1.4988112861961442
0.1526335132554506
0.08013117839051698
1.726993605965308
1.7844436368647096
1.4272909421546303
0.6743865416294543
0.316417092522129
0.9937637890474764
1.214869725915183
1.0122569763408134
0.07865108093357676
0.10570503725645919
0.5626835979715854
0.5050541777886066
1.750423004910969
1.246664835091057
0.33416974226139584
0.7980923459001732
1.5683170445427101
1.5523702157145847
0.4464929192970195
1.253151007957105
1.8188070042545395
0.9829438209904464
1.854860595763927
0.8263171310044652
1.3450291715452973
0.8937203597298993
1.2549297285667609
1.5439479944855132
1.2676554946185903
1.3028128138415738
0.42311739924529035
1.829146528382941
0.0031471317854661063
1.1439426435909537
1.546319587663387
0.9852327854700753
1.7480883654946469
1.616850953998425
1.1865158718804771
0.5991702271896173
0.3147235046226282
1.5329380333869769
0.7801139093883642
0.8755115383454315
1.275408304295098
1.9981802148640295
1.0977018314085405
0.34438103542373977
0.8327384167495695
1.3258517143176909
1.0114365061340205
0.035020340052771104
0.34150720281754965
1.5942447354197566
0.776284076706397
0.9371871535530694
0.9318207070463531
0.11921398058554789
1.998795300894921
0.42741407923698316
0.07955202886721335
0.3629960438671578
1.0395707754410615
0.49897445994650536
1.558727658069621
0.6401900653382071
1.1777071347697594
1.452757229185973
0.05996693943271714
1.8262461365983278
0.8804969025684084
1.764035290342886
0.9257052130717012
1.9195485520870335
0.676218290577725
0.7747013697163585
0.872282587531465
0.22877679586642707
0.2417305080413823
0.9257938077540069
1.9444875003357414
0.3139728705624425
1.8777387251699664
1.455093404658586
0.5333223250836854
0.5140949558448047
1.2625737670727692
0.5713293635221168
1.3989413055635143
0.9484836980992746
1.428839697537185
1.239769554107419
0.6529897927420021
0.23242931407508127
0.5797027653158706
1.2062216040537588
1.9547019329318132
1.3670070960030236
1.2382705357678683
0.35541329764524066
0.622622936393098
0.144970116200428
0.6047956400614627
1.0442249519219746
0.676790209657909
0.6927576479299324
0.37940329717733423
1.30622523074301
1.3391700632703576
0.597359406347781
0.6442263843752718
0.32992041982162656
1.5706511376306986
0.8388968207429319
1.3636559919241829
0.38616715702273074
