1.0	0.26975763	0.28830022	-0.36504194	-0.5512868	0.10889616	0.27237964	0.014679372	-0.05611387	-0.035820242	0.07230725	0.12542655	-0.40321413	0.16255417	-0.29676843	-0.2890661	-0.10169353	-0.21498343	0.25836706	-0.25867635
0.26975763	0.9999997	0.24089317	-0.23505208	-0.39000827	-0.07875769	0.24620491	0.09539429	0.107981145	0.030499918	0.14167021	0.101296686	-0.34721494	0.21084079	-0.34642664	-0.31302136	-0.14249922	-0.33445522	0.2796616	-0.5367615
0.28830022	0.24089317	0.9999998	-0.4089368	-0.38005266	0.093064465	0.30815268	0.07479098	-0.07431543	-0.1398113	0.06813862	0.14843856	-0.3547262	0.1417615	-0.40958482	-0.19480717	-0.049252175	-0.41936252	0.27755314	-0.21024182
-0.36504194	-0.23505208	-0.4089368	0.9999998	0.19612342	-0.21264297	-0.34555152	0.08810038	0.17945334	0.07431867	0.0870926	-0.279753	0.13158059	0.018486004	0.15020576	0.103848234	-0.11213753	0.12150262	-0.30449605	0.112903394
-0.5512868	-0.39000827	-0.38005266	0.19612342	0.9999999	-0.020607289	-0.39936364	-0.1957106	-0.04846527	0.108578354	-0.13974005	-0.17426738	0.305767	-0.28164175	0.2955476	0.25136086	0.14408262	0.26363507	-0.2357993	0.25185156
0.10889616	-0.07875769	0.093064465	-0.21264297	-0.020607289	0.9999999	-0.025041064	-0.49234894	-0.55511594	0.1488735	-0.34430152	-0.14302658	0.06706606	-0.23044519	0.08419199	0.093755215	0.27259362	0.11830742	-0.020917777	0.13645911
0.27237964	0.24620491	0.30815268	-0.34555152	-0.39936364	-0.025041064	0.99999994	0.1625717	0.03259709	-0.2777492	0.14400887	0.23107624	-0.37395594	0.21567959	-0.44535297	-0.2904201	-0.11476766	-0.3748243	0.29239172	-0.25803313
0.014679372	0.09539429	0.07479098	0.08810038	-0.1957106	-0.49234894	0.1625717	1.0000001	0.26590085	-0.33464608	0.2880935	0.1925292	-0.24476284	0.26899797	-0.3030139	-0.21788521	-0.35407418	-0.28963464	0.11066231	-0.12964106
-0.05611387	0.107981145	-0.07431543	0.17945334	-0.04846527	-0.55511594	0.03259709	0.26590085	1.0	-0.14432989	0.27220345	0.09139079	-0.09736109	0.2305152	-0.14672385	-0.14247312	-0.50319636	-0.19517253	0.043808527	-0.26058006
-0.035820242	0.030499918	-0.1398113	0.07431867	0.108578354	0.1488735	-0.2777492	-0.33464608	-0.14432989	1.0000002	-0.30300978	-0.61752254	0.1242221	-0.29111013	0.15409996	0.1643464	0.20384198	0.13472159	-0.11582174	0.11632053
0.07230725	0.14167021	0.06813862	0.0870926	-0.13974005	-0.34430152	0.14400887	0.2880935	0.27220345	-0.30300978	1.0000002	0.1842014	-0.31676486	0.31109604	-0.19580093	-0.39571017	-0.5119038	-0.29786387	0.15972032	-0.22343399
0.12542655	0.101296686	0.14843856	-0.279753	-0.17426738	-0.14302658	0.23107624	0.1925292	0.09139079	-0.61752254	0.1842014	1.0	-0.15265684	0.22027054	-0.19959629	-0.23671517	-0.20321506	-0.15278475	0.17975977	-0.3148495
-0.40321413	-0.34721494	-0.3547262	0.13158059	0.305767	0.06706606	-0.37395594	-0.24476284	-0.09736109	0.1242221	-0.31676486	-0.15265684	0.99999994	-0.3756894	0.3119485	0.30472994	0.20194651	0.30754983	-0.3560273	0.26756504
0.16255417	0.21084079	0.1417615	0.018486004	-0.28164175	-0.23044519	0.21567959	0.26899797	0.2305152	-0.29111013	0.31109604	0.22027054	-0.3756894	0.9999998	-0.29338932	-0.42028967	-0.43654957	-0.30599496	0.2197411	-0.36482957
-0.29676843	-0.34642664	-0.40958482	0.15020576	0.2955476	0.08419199	-0.44535297	-0.3030139	-0.14672385	0.15409996	-0.19580093	-0.19959629	0.3119485	-0.29338932	0.99999976	0.2840346	0.17878155	0.32127884	-0.40904298	0.26561394
-0.2890661	-0.31302136	-0.19480717	0.103848234	0.25136086	0.093755215	-0.2904201	-0.21788521	-0.14247312	0.1643464	-0.39571017	-0.23671517	0.30472994	-0.42028967	0.2840346	0.9999997	0.22379163	0.29036295	-0.49575344	0.2799144
-0.10169353	-0.14249922	-0.049252175	-0.11213753	0.14408262	0.27259362	-0.11476766	-0.35407418	-0.50319636	0.20384198	-0.5119038	-0.20321506	0.20194651	-0.43654957	0.17878155	0.22379163	0.9999997	0.20482814	-0.10403762	0.20346333
-0.21498343	-0.33445522	-0.41936252	0.12150262	0.26363507	0.11830742	-0.3748243	-0.28963464	-0.19517253	0.13472159	-0.29786387	-0.15278475	0.30754983	-0.30599496	0.32127884	0.29036295	0.20482814	0.99999994	-0.43991643	0.26280835
0.25836706	0.2796616	0.27755314	-0.30449605	-0.2357993	-0.020917777	0.29239172	0.11066231	0.043808527	-0.11582174	0.15972032	0.17975977	-0.3560273	0.2197411	-0.40904298	-0.49575344	-0.10403762	-0.43991643	0.9999998	-0.33985004
-0.25867635	-0.5367615	-0.21024182	0.112903394	0.25185156	0.13645911	-0.25803313	-0.12964106	-0.26058006	0.11632053	-0.22343399	-0.3148495	0.26756504	-0.36482957	0.26561394	0.2799144	0.20346333	0.26280835	-0.33985004	0.9999998
