0.44432477684311555
1.0205265537159915
1.3187354785078083
0.14037125983887067
1.3933792496377806
1.0893136880260754
1.3354512227832978
0.053619916870267126
0.16449183136157863
1.4811589361300894
0.5900553250519365
0.2826679907994325
1.3635883533838824
0.9984260585237517
0.9894245330835181
1.3225422610021207
0.6328423904823446
0.20805268830566304
0.5768549085921586
0.7382643088899927
1.3981134309838055
0.2992303510281673
0.3816871430227735
1.6272682824556388
1.7464898474807118
1.0977105134799736
1.1281844264412526
0.7146837759582156
1.2418631600235623
1.992666296363642
1.4554188167217563
0.7571918685575514
0.7441538276109911
0.7545395645157349
0.1364514856401995
1.2070899972906433
0.6487790368748696
1.6516337322816501
0.1495549239269185
0.47159997457641745
0.28254857724432725
0.6723134738533558
1.4460963848004111
0.9131166959333588
1.5340861097314635
0.44934527696230186
1.8999129409256985
1.3945252704014017
1.1943889256534541
0.1489346155480349
0.9366504018540007
1.9216213443934294
0.5223825574850871
1.4458061807311933
0.36212267029595124
1.8860978203390852
0.5017666685219742
0.26482407470364056
1.2506894031967581
1.8513439899522754
1.2471329849514887
1.5161546285143586
1.4497168262235889
0.7728312738496699
1.8249428929281926
0.24692538993514468
1.2200490131704438
1.268399192090228
1.9631332126677254
0.6186773438801527
0.571085861000802
1.6359501018992073
1.2322097389184368
0.5209694740005932
1.2959060941287965
0.7344698555161822
0.0962547515818295
1.5136883847236353
1.2715163258110334
0.8838986421242501
0.8071888192134604
0.32431648485062237
1.6784347509139608
0.18778816263602405
1.6114179812682827
1.028257199689188
1.4221306667720113
1.559057733143901
1.7085608249142972
1.1199176748558368
0.9362157063393601
0.60615289302642
0.19667628364260414
1.3566669188144698
0.44389151456869946
1.8715441725549755
0.6533479778143381
1.385467209411152
1.1378858703395556
1.966689323965614
0.6870004673664469
1.7529170072601759
0.8048373375706774
0.44529570211184755
0.6281481466028991
1.5049079044697875
1.4235818529756155
1.4095677898844379
0.1367405064374987
1.751760555175234
0.34396760932268844
1.855953887855985
0.004438914264919491
1.8239045321666032
1.2827331225155654
0.426148164683098
1.2384694877636322
1.7228330617236212
1.2159285148330286
0.8608170302518341
0.5745787587041629
1.8133752636155678
1.4732679349276463
1.6949520688026618
0.4642967144546022
1.0907681114162495
0.3409230092889315
0.7510514373306412
1.6446143002067077
1.5525393505409297
1.689549594870349
0.8451668024828702
1.2629409212496456
0.26744784272124034
0.019001768989663548
1.0114319922111579
1.346440425772453
1.745030621149757
1.3686478435200173
0.5779170836768506
0.6289192553812701
0.943578445163127
0.20157285941030123
1.122654649673034
1.3268901122696166
1.345759994221114
1.735533111172717
0.19944188167343158
0.09666497888756131
1.991568470851427
0.39796269312693155
1.5012008583408103
1.7951993863758253
0.4278744814087898
1.6056352432702385
0.9512066031192328
0.7711068316731367
0.8362568662757717
1.7966872359083212
0.8300514912651114
0.20065552659300412
0.036493427933517175
1.924145091402131
0.755269615247893
1.6292986196523653
0.8515181638161098
1.3518143418679565
1.7119011529581263
1.9251138815698043
1.0679438890306006
0.9334741379819798
1.159689363055275
0.2773862362480344
0.7698181804123325
1.0406391349412034
1.6507680582925528
1.087312281379199
0.7526195406207605
0.6520490493646722
1.3009904413004854
1.0513761317596504
0.22015802573728127
1.885559747897519
0.21919003752144262
0.4481930879051972
1.842218711347497
0.435085203412124
0.25730683138256016
1.1933292916077387
1.8489530620882215
