1.0000001	-0.38944715	-0.3354504	0.22506079	0.21733156	0.2673745	-0.3346608	0.03272196	0.24727115	-0.1016695	-0.30271688	0.14515561	0.28748068	-0.57174957	-0.26841044	-0.18962604	0.21101537	-0.2468232	-0.15648957	0.2636339
-0.38944715	1.0000001	0.25749832	-0.4751968	-0.24350546	-0.44242144	0.2747012	-0.061810333	-0.30834088	0.15899478	0.2652588	-0.16043071	-0.470838	0.23929495	0.24691963	0.0672605	-0.02422242	0.043238737	0.23998116	-0.21693262
-0.3354504	0.25749832	1.0000001	-0.2998478	-0.5185667	-0.25784102	0.31282073	-0.21967848	-0.4647185	0.2524861	0.31593075	-0.1449922	-0.2641762	0.2221151	0.26311937	0.025069134	-0.09610289	0.03752392	0.18167682	-0.26686314
0.22506079	-0.4751968	-0.2998478	0.9999997	0.236998	0.28297114	-0.31860265	-0.0855068	0.2846717	-0.0918429	-0.3771961	0.22463492	0.28803515	-0.19368249	-0.22516268	-0.19228894	0.11209493	-0.11222928	-0.5233495	0.24044225
0.21733156	-0.24350546	-0.5185667	0.236998	0.9999996	0.23840104	-0.45893642	0.15709558	0.30978885	-0.34439132	-0.48027217	0.08434432	0.22985806	-0.21314383	-0.30519396	0.0042983103	0.050791193	-0.0061206752	-0.21409926	0.25532565
0.2673745	-0.44242144	-0.25784102	0.28297114	0.23840104	0.99999946	-0.3351449	-0.023918746	0.29252452	-0.1978719	-0.2789626	0.185828	0.28666645	-0.33927992	-0.48887992	-0.16814904	0.10182337	-0.08329954	-0.32857504	0.2887578
-0.3346608	0.2747012	0.31282073	-0.31860265	-0.45893642	-0.3351449	0.99999946	-0.08982122	-0.42974246	0.19764382	0.32406265	-0.16992092	-0.35858053	0.26243165	0.29534703	0.068270996	-0.1632679	0.103119895	0.23535314	-0.41507074
0.03272196	-0.061810333	-0.21967848	-0.0855068	0.15709558	-0.023918746	-0.08982122	0.9999994	0.05869499	-0.57557863	-0.14547218	-0.35463566	-0.04921786	-0.014505071	-0.10924914	0.22020325	-0.06892446	0.16526401	0.15727897	0.007062326
0.24727115	-0.30834088	-0.4647185	0.2846717	0.30978885	0.29252452	-0.42974246	0.05869499	0.99999934	-0.2830629	-0.37791076	0.15390815	0.27392414	-0.24168774	-0.3870993	-0.06780153	0.109887734	-0.09150888	-0.3652211	0.2864258
-0.1016695	0.15899478	0.2524861	-0.0918429	-0.34439132	-0.1978719	0.19764382	-0.57557863	-0.2830629	0.9999996	0.21670304	0.08598139	-0.08378791	0.07222225	0.20155282	-0.24530572	0.07169699	-0.17776398	-0.028119553	-0.12788439
-0.30271688	0.2652588	0.31593075	-0.3771961	-0.48027217	-0.2789626	0.32406265	-0.14547218	-0.37791076	0.21670304	0.9999995	-0.1878869	-0.29604575	0.22675394	0.28550452	0.07273894	-0.12358693	0.08114386	0.21808904	-0.43613288
0.14515561	-0.16043071	-0.1449922	0.22463492	0.08434432	0.185828	-0.16992092	-0.35463566	0.15390815	0.08598139	-0.1878869	0.99999934	0.14787062	-0.073196985	-0.09018201	-0.5419165	0.23029743	-0.4101548	-0.2928478	0.1681471
0.28748068	-0.470838	-0.2641762	0.28803515	0.22985806	0.28666645	-0.35858053	-0.04921786	0.27392414	-0.08378791	-0.29604575	0.14787062	0.99999934	-0.46612686	-0.25819787	-0.072875254	0.15111205	-0.1836872	-0.4169627	0.25555196
-0.57174957	0.23929495	0.2221151	-0.19368249	-0.21314383	-0.33927992	0.26243165	-0.014505071	-0.24168774	0.07222225	0.22675394	-0.073196985	-0.46612686	0.99999917	0.23056993	0.114576265	-0.32864335	0.18855986	0.19973667	-0.31424242
-0.26841044	0.24691963	0.26311937	-0.22516268	-0.30519396	-0.48887992	0.29534703	-0.10924914	-0.3870993	0.20155282	0.28550452	-0.09018201	-0.25819787	0.23056993	0.9999988	0.037462357	-0.06503778	0.015603544	0.19519283	-0.5738557
-0.18962604	0.0672605	0.025069134	-0.19228894	0.0042983103	-0.16814904	0.068270996	0.22020325	-0.06780153	-0.24530572	0.07273894	-0.5419165	-0.072875254	0.114576265	0.037462357	0.99999887	-0.47742963	0.30568585	0.1967713	-0.15694101
0.21101537	-0.02422242	-0.09610289	0.11209493	0.050791193	0.10182337	-0.1632679	-0.06892446	0.109887734	0.07169699	-0.12358693	0.23029743	0.15111205	-0.32864335	-0.06503778	-0.47742963	0.9999987	-0.6331285	-0.22942814	0.17105667
-0.2468232	0.043238737	0.03752392	-0.11222928	-0.0061206752	-0.08329954	0.103119895	0.16526401	-0.09150888	-0.17776398	0.08114386	-0.4101548	-0.1836872	0.18855986	0.015603544	0.30568585	-0.6331285	0.9999988	0.18203628	-0.17745654
-0.15648957	0.23998116	0.18167682	-0.5233495	-0.21409926	-0.32857504	0.23535314	0.15727897	-0.3652211	-0.028119553	0.21808904	-0.2928478	-0.4169627	0.19973667	0.19519283	0.1967713	-0.22942814	0.18203628	0.9999988	-0.2510205
0.2636339	-0.21693262	-0.26686314	0.24044225	0.25532565	0.2887578	-0.41507074	0.007062326	0.2864258	-0.12788439	-0.43613288	0.1681471	0.25555196	-0.31424242	-0.5738557	-0.15694101	0.17105667	-0.17745654	-0.2510205	0.9999988
