1.0000001	-0.2945832	0.3006227	-0.29212692	-0.06350108	-0.30257866	0.19887003	-0.13727973	-0.27813524	0.25567964	-0.028206503	0.03160024	0.22037868	-0.018678002	-0.06681306	-0.52089363	0.16895925	0.25269496	-0.41771135	-0.008298276
-0.2945832	0.9999999	-0.2508034	0.0029375975	-0.09827779	0.075756	-0.063014366	0.24008846	0.31591317	-0.10193681	-0.24174148	0.05834245	-0.5771775	-0.1868095	-0.08683024	0.1494743	-0.3785427	-0.08716133	0.29320115	0.23116504
0.3006227	-0.2508034	1.0000001	-0.19882683	-0.18517028	-0.40319374	0.2368711	-0.047200434	-0.24023008	0.2720299	-0.11999185	0.135708	0.23673952	-0.06782705	-0.21674298	-0.43414626	0.17096063	0.23550078	-0.39855096	-0.025749004
-0.29212692	0.0029375975	-0.19882683	1.0000002	0.22192004	0.28710315	-0.42097193	-0.07033445	-0.016324446	-0.4940098	0.24069469	-0.30065438	-0.03730933	0.24229157	0.2244618	0.23856455	-0.0778867	-0.42398614	0.12853286	-0.25407574
-0.06350108	-0.09827779	-0.18517028	0.22192004	1.0000004	0.18540747	-0.40269578	-0.30123502	-0.19132897	-0.27387425	0.2799422	-0.55489916	0.001252726	0.28570855	0.3223495	0.07810597	0.07941196	-0.07145677	-0.03610114	-0.27555877
-0.30257866	0.075756	-0.40319374	0.28710315	0.18540747	1.0000001	-0.3087771	-0.113456264	0.0016279022	-0.3653526	0.22109614	-0.24929577	-0.0819629	0.18353419	0.20638765	0.26252514	-0.07974118	-0.5739368	0.18766047	-0.13280345
0.19887003	-0.063014366	0.2368711	-0.42097193	-0.40269578	-0.3087771	1.0000002	0.12845525	0.026911529	0.31261572	-0.36155415	0.25518137	0.080775395	-0.37575716	-0.30648148	-0.34749532	0.0356824	0.24174964	-0.11188961	0.18152459
-0.13727973	0.24008846	-0.047200434	-0.07033445	-0.30123502	-0.113456264	0.12845525	1.0000004	0.2799269	0.06655883	-0.38479447	0.21681704	-0.2053221	-0.3809108	-0.37933105	0.0154456105	-0.43252912	0.018831043	0.19957878	0.28669164
-0.27813524	0.31591317	-0.24023008	-0.016324446	-0.19132897	0.0016279022	0.026911529	0.2799269	1.0000005	-0.046133418	-0.26173183	0.115606934	-0.4729119	-0.25411928	-0.15000802	0.08576124	-0.44024774	-0.020982247	0.27976957	0.2666358
0.25567964	-0.10193681	0.2720299	-0.4940098	-0.27387425	-0.3653526	0.31261572	0.06655883	-0.046133418	1.0000006	-0.23993346	0.21900155	0.10887744	-0.29127628	-0.29401523	-0.3748723	0.099869594	0.27737272	-0.259219	0.1286176
-0.028206503	-0.24174148	-0.11999185	0.24069469	0.2799422	0.22109614	-0.36155415	-0.38479447	-0.26173183	-0.23993346	1.0000005	-0.3230409	0.11460671	0.31802154	0.28161496	0.09359632	0.14425626	-0.27241325	-0.0752184	-0.38520306
0.03160024	0.05834245	0.135708	-0.30065438	-0.55489916	-0.24929577	0.25518137	0.21681704	0.115606934	0.21900155	-0.3230409	1.0000004	0.0059433794	-0.32387933	-0.5479559	-0.028776048	-0.028203817	0.10235509	0.010632182	0.20551692
0.22037868	-0.5771775	0.23673952	-0.03730933	0.001252726	-0.0819629	0.080775395	-0.2053221	-0.4729119	0.10887744	0.11460671	0.0059433794	1.0000002	0.117451325	-0.016379561	-0.15954566	0.28119326	0.050472073	-0.36268178	-0.3044
-0.018678002	-0.1868095	-0.06782705	0.24229157	0.28570855	0.18353419	-0.37575716	-0.3809108	-0.25411928	-0.29127628	0.31802154	-0.32387933	0.117451325	1.0000001	0.2806342	0.10022265	0.14662011	-0.18119092	-0.09835553	-0.49568042
-0.06681306	-0.08683024	-0.21674298	0.2244618	0.3223495	0.20638765	-0.30648148	-0.37933105	-0.15000802	-0.29401523	0.28161496	-0.5479559	-0.016379561	0.2806342	1.0000001	0.08999232	0.05081429	-0.10349953	-0.02606214	-0.26213568
-0.52089363	0.1494743	-0.43414626	0.23856455	0.07810597	0.26252514	-0.34749532	0.0154456105	0.08576124	-0.3748723	0.09359632	-0.028776048	-0.15954566	0.10022265	0.08999232	1.0000001	-0.016925892	-0.36916083	0.21925284	-0.08112514
0.16895925	-0.3785427	0.17096063	-0.0778867	0.07941196	-0.07974118	0.0356824	-0.43252912	-0.44024774	0.099869594	0.14425626	-0.028203817	0.28119326	0.14662011	0.05081429	-0.016925892	1.0000001	0.05020579	-0.41616645	-0.35773006
0.25269496	-0.08716133	0.23550078	-0.42398614	-0.07145677	-0.5739368	0.24174964	0.018831043	-0.020982247	0.27737272	-0.27241325	0.10235509	0.050472073	-0.18119092	-0.10349953	-0.36916083	0.05020579	1.0000001	-0.26233697	0.13694264
-0.41771135	0.29320115	-0.39855096	0.12853286	-0.03610114	0.18766047	-0.11188961	0.19957878	0.27976957	-0.259219	-0.0752184	0.010632182	-0.36268178	-0.09835553	-0.02606214	0.21925284	-0.41616645	-0.26233697	1.0000001	0.14566532
-0.008298276	0.23116504	-0.025749004	-0.25407574	-0.27555877	-0.13280345	0.18152459	0.28669164	0.2666358	0.1286176	-0.38520306	0.20551692	-0.3044	-0.49568042	-0.26213568	-0.08112514	-0.35773006	0.13694264	0.14566532	1.0000001
