0.11702512426481748
0.8903047829995556
0.746262854823043
1.8418530611026447
1.5545266820360597
1.2539346862284402
1.7581762589751833
0.8582021711219168
0.4743188503839051
0.8120317931118848
0.5250998284537896
1.5846964787167057
0.8327463540330917
1.7896855058179348
0.6383464043081022
1.7794392082466468
1.711381626460732
1.4578754856817224
0.765131581909064
0.8095470486386658
0.40400174021316504
0.47638100439701225
1.8742641816678718
0.9056499521010213
0.24538111357232495
1.4930029095513395
1.5177226206012882
1.939027950361067
0.6634359989122716
1.8523658900533793
1.8863707711395266
1.883731141827444
1.038740449911614
0.08641072927170734
1.6918907150015075
1.5192407182940264
0.6823836523200799
0.8547135956085778
1.1517489884053904
1.8995435692417686
1.4679110066834509
0.14555229760101573
0.6037187063489402
0.018466412321616055
1.3478327107877308
0.23069948482028235
1.4242615047255451
1.0277216520680348
1.4856184209135308
0.9598195561895273
1.1965521089229338
0.5787113884108295
0.7431549534470008
0.5320300659906272
0.40360052974096616
0.5846502123579906
0.5122269177710752
1.7829941103185332
1.6251639369695698
0.1787233488674369
0.3013438657872418
1.4087903817371428
1.3715323064002325
0.8709761271492911
0.2915374547287395
1.625614954252758
0.31839468570658647
0.9967885591181957
1.1973074315176853
1.3984900445175654
1.0154211209208257
1.2815560784158082
1.6591934972117524
1.5542421888699833
0.6557671700174277
0.844301097582475
0.9040577891313111
1.1275850997562145
0.6905329524070241
1.7363448602029574
1.7306313293418272
1.986895552174205
0.4080130551567338
0.5484021926518698
1.6020308008759443
1.1574333262257988
0.9399434708606427
1.2004601709696097
0.530277095514313
0.48782225758702036
1.9813694230748633
1.1634897431205806
0.25752290605639727
1.1398664854739196
0.7498505915633533
1.840806655104935
0.4191996952452799
1.5115856457816714
0.9395552696192628
0.4981616932089039
1.3573867276926728
1.724169503556852
0.6733910187098293
0.7826308318544068
1.2771265293772098
1.346773716599907
0.4651762826059187
1.963681433103805
0.7074804772099013
0.8156937646124132
0.646265203626446
1.4583724630523807
0.13517569961959786
0.3849584750417181
0.057214976819708774
0.703411018312349
1.547518042087881
1.6964758469924197
0.833429365742155
1.716401564019917
0.020927109331051907
1.2500645078189123
0.41318174208855796
0.6742402516772117
1.5934464364856962
0.1457795575167251
0.9660560558074727
0.5095965356326955
0.046351486059856395
1.3116875723580639
0.3291480341887514
1.481132530485771
0.6835383674543405
0.8853831781210877
0.6772724895155995
0.7992961367131841
0.9861393245862011
1.4309023141662636
0.9838074012781026
1.923655360323013
0.716737205469872
0.36833233619229766
1.7053810046193876
1.8849495285967284
0.8385314238705426
0.12128023322467363
1.4214468040292376
1.7093213533325753
1.2359691006111697
1.745996572739756
1.1836113816658251
1.3340321246069615
1.505943807044114
0.9363274412094449
1.9448638593136376
1.942967499129639
1.258236947833435
0.436199144594664
1.3302481505764692
0.43720623020118654
1.1508987539096474
0.6515080600249572
0.9090343001855816
0.5447334143614682
1.6165388929091116
1.5293841459464157
1.581918433553207
0.8541093486123954
1.7414744737858812
1.6292334613997048
0.9674499352221271
0.07452653970947609
1.065312873828688
1.2385025196332202
0.377253239169391
1.2421629037359034
1.3965626582071162
1.1715381793573587
0.7366735329809406
0.14252005402998758
1.738968038767327
1.7468651524867946
0.16891187335374092
0.2952071169713417
0.8817654400699362
1.9843803556482498
0.6501579380267386
1.4424714867803246
0.6930496733141003
0.9813746732620376
