1.7646840388986937
0.8508113568841449
1.360927137025026
1.3806797938257993
0.07858808722263966
0.6695799774271893
1.8305918666317258
1.0465063312225007
1.8554046993083642
0.34056196401502214
1.7286769192819433
0.7547299165070416
1.4989562737116686
1.6164919653048615
1.8263891937621402
0.7896108673780786
0.6276815133382334
1.0599321624698244
0.7806385210730182
1.6234416652985015
1.2479521140560905
0.5450352468687023
0.12115983952818854
0.02393217574210338
0.07779431062888231
1.5943107282851126
0.11760338886068644
1.965975363568746
0.34421385469477817
1.1293383784482327
1.3368704339905366
1.1752706601549157
1.7768060223197035
0.38304593102062
1.5791505412700568
0.7332828598554839
1.4684397347586018
1.374454862791661
0.3091488945003851
1.5602261207132155
1.7570218803674924
1.9680396889303076
0.5695967814982368
0.21820178564084225
1.2036295477298327
0.21737365952311705
0.024783968870402795
1.0234096998199231
0.5419421691956818
0.7248189159985821
0.1464515775788724
0.3558217446179406
1.895809170363889
1.9870658995579664
0.8203868439627595
1.5206432895078117
0.003946545432667259
0.034358281904426136
1.16776235644383
0.8570441252351755
1.4751737561834743
0.3394356679010706
0.7019609071236745
0.32324857421953146
0.07767183878017292
0.47541513804046187
0.6703025604547335
0.9238608097555123
1.598905265726415
0.4774738822808462
1.1916242291629164
1.833047003918416
1.3298422792725695
1.0617420935827684
0.15228303078577987
1.9385240788828508
0.8484419013955171
0.5439820290524782
1.8528945494142575
1.1751609610534295
0.9372810961307927
1.3174461364016188
0.3681727680990743
0.4596676205446739
0.6658981763321878
0.7646304467854566
0.07294667634535301
0.6067000725668388
1.12731489802599
0.5256569295761331
0.5373125055461463
0.04994715219185175
0.08266608818612431
0.2696135583141057
0.09881895309224742
0.5410205945191098
1.5977482095609643
0.9772004092014084
0.7902825489779206
0.8602486208433013
0.7028354065885698
1.298540720877159
1.2392454909960602
0.7431081696865702
0.9710745259363165
0.9613975813822211
1.5097591330251952
1.754544327215714
0.4830089747390969
1.7133587094885818
0.9867330930964551
0.8242253096962595
0.08345683723820718
1.2467698444767523
1.6186883484353654
1.5284037593612394
1.8217527225530412
1.150941354536448
0.47485963081515914
1.6659595232835613
1.9641001589684532
0.7229449391989919
0.6158017546626431
1.9772064057403549
1.14505572324506
1.099973444779892
1.641633769405014
1.144688416255753
0.698963152027769
0.17771474282490174
1.5738754287704702
0.12347288622029717
0.38983244493689595
0.5097221343989138
0.776596361577337
0.3242449524761768
1.7996747905800128
1.6016176021509683
0.5542420235450867
0.21188445823820468
1.1867331441995292
1.0987990533190346
1.3774363826540892
0.35843543007044953
1.5404088338377144
1.6747663260932484
1.5594507328874658
1.0967822274293493
0.8941996206921627
1.4263778450601952
1.763356089323193
1.366213105855713
1.307178463835544
0.8875386367031144
1.464014288340797
0.678391429186197
1.5794692341501249
0.60302883535822
1.1268934185725532
1.8901327414795894
0.45174853169226803
1.5720123734190714
1.8600028704772633
0.032935206947744655
1.2166635558825591
1.2261374705070869
1.801582234737135
0.19690835006946972
1.3808615131663209
0.7445553973355707
1.8967105111930636
1.7341414595492404
1.1063613016287461
0.3360076575785238
1.7820844212764984
0.5971137745571673
0.05274961978596138
1.831448748890454
1.8681728351869176
1.5691135136257994
0.7705201819310723
1.8167917931184083
0.7840515880926444
0.44168192111802584
1.2933847080165273
1.7990313178730288
1.8077124551844233
1.133521708088913
1.1732952267599694
0.364988426729985
