0.286862681759664
0.7070321572806288
1.3429147663743635
1.9708347463655167
0.6796728727606989
0.7914554019474098
0.028406981237355078
0.040312498666551067
0.22178162592047235
0.6554549297609855
1.9060582141114433
0.3395661628777571
0.1634085647417094
1.4800785582571965
0.26199188961819164
1.035468878094773
0.2933217111210433
1.5626407140823904
0.6625231394409861
0.10813767175195221
1.7019826630319719
1.2226578648659874
0.4221817516597872
1.5185490742497234
1.1654663045787363
0.7656903533722763
0.6687955674870099
1.7206033191100991
1.7896305673889543
1.2121069341444801
0.5406657267882182
1.1279568348417208
0.7333499739451734
1.8479955754313029
0.5770582825168256
0.8220593831817484
0.5539929820761709
1.3734901419678625
0.8273422442914902
1.9488241663784094
0.8325973675608365
0.6308945853067092
1.2280173150174183
1.3957109718318885
1.284720382250148
1.3185251197164187
1.5232112965218283
1.028511626838628
1.4364435339302666
0.44718612318000805
0.3059332535028536
0.8549410822809322
0.679610310615216
0.3731889773893651
1.8485543250701675
0.5285718889163717
1.4594728646201787
1.023693329974437
1.1451089458143733
1.9894962915319925
1.940833450459585
1.6926965463625254
1.2172763379577443
0.7692484377583879
0.0454904608241844
0.4918275633548781
1.1927136771461624
0.902285406728139
1.276352367240098
1.451375856053393
1.3202819277071687
1.1904621281323566
0.9860810850222668
0.7949897404509656
1.362984080272776
1.7112502156881015
1.5607042546242833
1.0387098908617698
0.890523784564504
1.2613158139525742
1.0360638710205115
1.7746479861398718
0.0855557009238983
1.0822375483881654
0.07630196306338877
1.4401751259096216
1.8852660310959815
1.2246719727730782
1.2081211166331602
0.9829198120068372
0.42881312984090725
0.4812916963248499
1.1928761846660738
0.5863683196977585
0.4287271852160601
1.2235759287688925
0.5878950606951909
1.4036237089834847
1.385846148629201
0.7253906725203583
0.010498868334826161
0.4555982362417377
1.1986103713286032
0.1910369652471926
0.8954992619464679
1.4442819754588774
0.43325570894616816
0.827335893620335
0.9363022963013403
1.2038058830974439
1.9264512953671356
1.0461437489808578
0.5126021683132242
1.1695181672876525
0.40493861390587615
0.8285225790563537
1.9485684280054596
1.0787348013579094
1.207401326820952
1.5528571508367501
1.6437287659398252
0.1784957868817303
1.8012570028155086
1.9025099454128944
0.43250029854365013
0.19552658154270675
1.8724097830341022
0.2074060763950154
0.8818931183984673
1.900503584887693
0.20161742982725994
0.7029864841268194
1.1134631280795722
0.27328868848580656
1.5089779996825945
1.5765604476053368
0.5099708291715537
1.4818541436043327
1.2659511078766514
0.935914936645051
1.1351321129736587
1.8558184435805147
0.7320341531830934
1.487475500607199
1.5981301805607333
0.4828050806517512
1.1619473505507323
0.8260891059656119
1.7479481624613251
0.2323987999339041
0.4426443810443488
0.9144029299339727
0.6225625263826695
0.4508579132627124
0.9279701674945746
1.6058956690248545
0.33350079360210616
0.016032362557420354
0.6069054229771298
1.9948552139318354
1.883871551819356
0.830036545079113
1.3055634438959578
1.895759963624621
0.9215628837193564
0.3807992119197814
1.2451464832283154
1.240361153723606
0.90368401154413
1.12354242273162
1.145983731334157
1.5602214990129113
1.171415559233029
0.33217495077802384
0.10096040405446738
0.37516920300166423
0.46134955163360947
0.23213538421722824
0.7159860154480908
1.1060819002201026
0.6114542830039582
1.6375166931649616
1.4913374390379002
1.7040463940258184
0.13556812573457266
0.5106533732427911
1.9366296863015116
1.23305151499518
0.03750009808915844
1.5754032154783049
