1.0000001	0.25405464	-0.4239087	-0.17840305	0.066655755	0.26577282	0.0060268496	-0.47918394	0.07922804	-0.17946911	-0.09435358	0.2506807	0.06837482	0.022817109	-0.35933083	-0.09165905	0.097981706	-0.059722483	0.29343408	-0.5389955
0.25405464	1.0000001	-0.3891874	-0.20350231	0.19300978	0.28858966	-0.26710576	-0.34306848	-0.13560718	-0.29853585	-0.07124576	0.21764468	0.2114833	-0.18150134	-0.48232383	0.088668756	0.06182565	0.15990373	0.23482265	-0.3379246
-0.4239087	-0.3891874	1.0000002	0.21549644	-0.07988011	-0.30393198	0.051220234	0.30122527	-0.06645511	0.112677455	0.038887653	-0.5041251	-0.13339378	0.05467981	0.28850976	0.024113268	-0.032603614	0.0030852985	-0.4368386	0.28042912
-0.17840305	-0.20350231	0.21549644	1.0000002	-0.20934752	-0.43544388	0.1983765	0.23090018	0.066474736	0.20378578	0.099397264	-0.48860598	-0.15819353	0.13028365	0.2592071	-0.05260201	-0.20463178	-0.3338546	-0.31153557	0.17219849
0.066655755	0.19300978	-0.07988011	-0.20934752	1.0000002	0.16048485	-0.27498305	-0.007458311	-0.34394372	-0.43068722	-0.46825013	0.03611802	0.28428617	-0.24088912	-0.21778473	0.18071927	0.23926955	0.16899948	-4.879949e-5	-0.056269635
0.26577282	0.28858966	-0.30393198	-0.43544388	0.16048485	1.0000002	-0.22010373	-0.39949828	-0.057092797	-0.2450006	-0.1496677	0.27196142	0.17068273	-0.10582418	-0.41187266	-0.014223747	0.13753885	0.16152601	0.282787	-0.39668348
0.0060268496	-0.26710576	0.051220234	0.1983765	-0.27498305	-0.22010373	1.0	0.045078326	0.28888986	0.1939809	0.009886233	-0.07962011	-0.39768887	0.29064935	0.15202817	-0.3528281	-0.030859467	-0.56936157	-0.05027732	0.006691517
-0.47918394	-0.34306848	0.30122527	0.23090018	-0.007458311	-0.39949828	0.045078326	1.0000001	-0.055375926	0.10933738	0.071618244	-0.39498067	-0.10680229	-0.012540729	0.28872186	0.09863999	-0.14781258	-0.047906406	-0.45477855	0.30388492
0.07922804	-0.13560718	-0.06645511	0.066474736	-0.34394372	-0.057092797	0.28888986	-0.055375926	0.9999999	0.1825844	0.09446448	0.08779262	-0.4984117	0.29109752	0.049217932	-0.4267632	-0.091197826	-0.41641483	0.0630983	-0.11158547
-0.17946911	-0.29853585	0.112677455	0.20378578	-0.43068722	-0.2450006	0.1939809	0.10933738	0.1825844	0.99999976	0.25777626	-0.09577476	-0.3593049	0.18683633	0.15937681	-0.15090346	-0.48868093	-0.18569373	-0.02420657	0.051901888
-0.09435358	-0.07124576	0.038887653	0.099397264	-0.46825013	-0.1496677	0.009886233	0.071618244	0.09446448	0.25777626	0.99999976	-0.031978343	-0.25723886	0.05412843	0.065968014	-0.006423639	-0.67291534	0.029281344	-0.03950716	0.070172645
0.2506807	0.21764468	-0.5041251	-0.48860598	0.03611802	0.27196142	-0.07962011	-0.39498067	0.08779262	-0.09577476	-0.031978343	0.9999996	0.036026157	-0.023336168	-0.3534097	-0.12123972	0.08032197	0.055076297	0.2963679	-0.23891857
0.06837482	0.2114833	-0.13339378	-0.15819353	0.28428617	0.17068273	-0.39768887	-0.10680229	-0.4984117	-0.3593049	-0.25723886	0.036026157	0.99999964	-0.39779168	-0.11684437	0.24115826	0.17362896	0.24071151	0.03941589	-0.040097248
0.022817109	-0.18150134	0.05467981	0.13028365	-0.24088912	-0.10582418	0.29064935	-0.012540729	0.29109752	0.18683633	0.05412843	-0.023336168	-0.39779168	0.99999946	0.04693318	-0.6560608	-0.053060897	-0.3431965	0.020962888	-0.084186554
-0.35933083	-0.48232383	0.28850976	0.2592071	-0.21778473	-0.41187266	0.15202817	0.28872186	0.049217932	0.15937681	0.065968014	-0.3534097	-0.11684437	0.04693318	0.99999946	0.011516223	-0.06709759	-0.1713033	-0.42476395	0.28325236
-0.09165905	0.088668756	0.024113268	-0.05260201	0.18071927	-0.014223747	-0.3528281	0.09863999	-0.4267632	-0.15090346	-0.006423639	-0.12123972	0.24115826	-0.6560608	0.011516223	0.99999964	-0.024641652	0.23772347	-0.11824307	0.13304967
0.097981706	0.06182565	-0.032603614	-0.20463178	0.23926955	0.13753885	-0.030859467	-0.14781258	-0.091197826	-0.48868093	-0.67291534	0.08032197	0.17362896	-0.053060897	-0.06709759	-0.024641652	0.99999976	0.012369863	0.048247237	-0.03768188
-0.059722483	0.15990373	0.0030852985	-0.3338546	0.16899948	0.16152601	-0.56936157	-0.047906406	-0.41641483	-0.18569373	0.029281344	0.055076297	0.24071151	-0.3431965	-0.1713033	0.23772347	0.012369863	0.99999976	0.049538977	0.009237696
0.29343408	0.23482265	-0.4368386	-0.31153557	-4.879949e-5	0.282787	-0.05027732	-0.45477855	0.0630983	-0.02420657	-0.03950716	0.2963679	0.03941589	0.020962888	-0.42476395	-0.11824307	0.048247237	0.049538977	0.99999976	-0.4684751
-0.5389955	-0.3379246	0.28042912	0.17219849	-0.056269635	-0.39668348	0.006691517	0.30388492	-0.11158547	0.051901888	0.070172645	-0.23891857	-0.040097248	-0.084186554	0.28325236	0.13304967	-0.03768188	0.009237696	-0.4684751	0.99999976
