1.0	-0.3767073	0.20512931	0.18071409	-0.25458682	0.28380758	-0.33434966	0.23711768	0.20414333	-0.11253185	0.22462283	0.23113649	-0.38261127	0.2877664	-0.23278943	-0.3067548	0.2268649	-0.38763717	-0.3810632	-0.31227025
-0.3767073	1.0000002	-0.104557596	-0.07211854	0.2601736	-0.28783122	0.30263275	-0.24404386	-0.121228874	0.022409417	-0.3103429	-0.23929363	0.20753817	-0.4774477	0.08285155	0.14477725	-0.51820785	0.28742358	0.21990873	0.22406481
0.20512931	-0.104557596	1.0000001	0.2477093	-0.44859114	0.26784992	-0.23883304	0.20565975	0.29468533	-0.2843881	-0.020395571	0.22670764	-0.4285778	0.22235554	-0.39789593	-0.39144045	0.12141002	-0.32292932	0.020833531	-0.17473069
0.18071409	-0.07211854	0.2477093	0.9999999	-0.20134592	0.22082694	-0.11507075	0.17171697	0.26147953	-0.6637478	0.007772488	0.27779284	-0.34082466	0.16635571	-0.33384895	-0.22475035	0.006476244	-0.21922474	-0.04538409	-0.32452735
-0.25458682	0.2601736	-0.44859114	-0.20134592	0.99999994	-0.37330392	0.28309715	-0.21224624	-0.29156926	0.15797162	-0.18982555	-0.35347515	0.28623816	-0.39410976	0.20902725	0.2304657	-0.37238896	0.3096253	0.12444372	0.23040013
0.28380758	-0.28783122	0.26784992	0.22082694	-0.37330392	0.99999976	-0.4398943	0.26500285	0.26562387	-0.22715248	0.10158887	0.21356888	-0.232567	0.2984706	-0.29975167	-0.44908434	0.21856342	-0.3977296	-0.14806181	-0.27992553
-0.33434966	0.30263275	-0.23883304	-0.11507075	0.28309715	-0.4398943	0.99999976	-0.23144521	-0.13264276	0.042445254	-0.15404582	-0.15675102	0.21085496	-0.50181866	0.12174559	0.19625042	-0.5087229	0.30136114	0.14550358	0.20968354
0.23711768	-0.24404386	0.20565975	0.17171697	-0.21224624	0.26500285	-0.23144521	0.99999994	0.25946546	-0.07728685	0.017385185	0.1682692	-0.17294624	0.22028686	-0.40357515	-0.4355422	0.17642218	-0.31371462	-0.04517223	-0.5853524
0.20414333	-0.121228874	0.29468533	0.26147953	-0.29156926	0.26562387	-0.13264276	0.25946546	0.9999998	-0.29945302	-0.044987585	0.19255753	-0.22738789	0.18785478	-0.5776571	-0.4639465	0.059775896	-0.31625584	0.020534275	-0.27099013
-0.11253185	0.022409417	-0.2843881	-0.6637478	0.15797162	-0.22715248	0.042445254	-0.07728685	-0.29945302	0.9999997	0.02920184	-0.42957303	0.23172463	-0.13017063	0.21117632	0.17126924	0.0633481	0.123434186	-0.009375118	0.18069829
0.22462283	-0.3103429	-0.020395571	0.007772488	-0.18982555	0.10158887	-0.15404582	0.017385185	-0.044987585	0.02920184	0.99999964	0.14647883	-0.19115357	0.15863809	0.059871756	0.035297602	0.17647403	-0.21791637	-0.7595132	-0.06915037
0.23113649	-0.23929363	0.22670764	0.27779284	-0.35347515	0.21356888	-0.15675102	0.1682692	0.19255753	-0.42957303	0.14647883	0.9999997	-0.5284098	0.22984183	-0.16617624	-0.12879197	0.12847732	-0.23946378	-0.17459215	-0.39830312
-0.38261127	0.20753817	-0.4285778	-0.34082466	0.28623816	-0.232567	0.21085496	-0.17294624	-0.22738789	0.23172463	-0.19115357	-0.5284098	0.9999997	-0.31909427	0.20310159	0.1927992	-0.1716081	0.26723024	0.15289965	0.24279386
0.2877664	-0.4774477	0.22235554	0.16635571	-0.39410976	0.2984706	-0.50181866	0.22028686	0.18785478	-0.13017063	0.15863809	0.22984183	-0.31909427	0.99999946	-0.1474665	-0.25941828	0.2893856	-0.39636582	-0.16244654	-0.2726164
-0.23278943	0.08285155	-0.39789593	-0.33384895	0.20902725	-0.29975167	0.12174559	-0.40357515	-0.5776571	0.21117632	0.059871756	-0.16617624	0.20310159	-0.1474665	0.99999934	0.3094076	-0.05090321	0.22465871	-0.05387106	0.24209544
-0.3067548	0.14477725	-0.39144045	-0.22475035	0.2304657	-0.44908434	0.19625042	-0.4355422	-0.4639465	0.17126924	0.035297602	-0.12879197	0.1927992	-0.25941828	0.3094076	0.99999934	-0.08435622	0.24681517	-0.021412654	0.23841622
0.2268649	-0.51820785	0.12141002	0.006476244	-0.37238896	0.21856342	-0.5087229	0.17642218	0.059775896	0.0633481	0.17647403	0.12847732	-0.1716081	0.2893856	-0.05090321	-0.08435622	0.99999917	-0.38417047	-0.14609541	-0.23074377
-0.38763717	0.28742358	-0.32292932	-0.21922474	0.3096253	-0.3977296	0.30136114	-0.31371462	-0.31625584	0.123434186	-0.21791637	-0.23946378	0.26723024	-0.39636582	0.22465871	0.24681517	-0.38417047	0.99999917	0.17363328	0.26122698
-0.3810632	0.21990873	0.020833531	-0.04538409	0.12444372	-0.14806181	0.14550358	-0.04517223	0.020534275	-0.009375118	-0.7595132	-0.17459215	0.15289965	-0.16244654	-0.05387106	-0.021412654	-0.14609541	0.17363328	0.99999917	0.08923157
-0.31227025	0.22406481	-0.17473069	-0.32452735	0.23040013	-0.27992553	0.20968354	-0.5853524	-0.27099013	0.18069829	-0.06915037	-0.39830312	0.24279386	-0.2726164	0.24209544	0.23841622	-0.23074377	0.26122698	0.08923157	0.99999917
