1.0000002	-0.028652618	-0.05691869	-0.05822046	-0.4918926	-0.12661837	0.009699779	-0.41201994	0.12496623	0.18450364	0.07580095	0.26368907	-0.48712283	0.11312276	-0.11906208	-0.18340065	0.0487295	-0.20792377	0.295181	0.056138903
-0.028652618	1.0000005	-0.26035073	-0.64413375	-0.050671786	0.23724213	0.2437946	0.16331227	0.070143774	-0.26702225	0.2699542	-0.11706269	-0.15544797	-0.18857835	-0.16959216	-0.25304583	0.06843746	-0.078955874	-0.11945044	0.28007954
-0.05691869	-0.26035073	1.0000007	0.19890256	0.09509157	-0.24937825	-0.5481282	-0.057598557	-0.36110517	0.019384379	-0.19245908	0.021531248	0.13428809	0.23080148	0.25640288	0.29176092	-0.33782065	0.2549985	-0.03264129	-0.40676153
-0.05822046	-0.64413375	0.19890256	1.0000007	0.07883744	-0.25190634	-0.32995468	-0.15651985	-0.07390108	0.16800444	-0.3776163	0.037944555	0.14289905	0.12885386	0.1370838	0.19099836	-0.0069570118	0.09887831	0.04844219	-0.33163574
-0.4918926	-0.050671786	0.09509157	0.07883744	1.0000007	0.1163625	-0.05635263	0.24596736	-0.14674474	-0.20594242	-0.053671878	-0.44678205	0.2924066	-0.16561048	0.11995956	0.104804374	-0.050860543	0.18815544	-0.49708495	-0.07597134
-0.12661837	0.23724213	-0.24937825	-0.25190634	0.1163625	1.0000007	0.24429327	0.17903754	0.14416358	-0.26999268	0.24074624	-0.27134982	0.02260028	-0.5405109	-0.22154696	-0.27362204	0.15942705	-0.14620754	-0.2527014	0.25996125
0.009699779	0.2437946	-0.5481282	-0.32995468	-0.05635263	0.24429327	1.0000006	0.08117594	0.2357187	-0.051636204	0.24428888	-0.0509348	-0.13829866	-0.26522055	-0.35636497	-0.3536735	0.23391642	-0.36288744	-0.033585995	0.2541497
-0.41201994	0.16331227	-0.057598557	-0.15651985	0.24596736	0.17903754	0.08117594	1.0000005	-0.198922	-0.43301037	0.040980123	-0.49431214	0.20664513	-0.09247137	0.007035013	0.0336281	-0.022507476	0.14866969	-0.33647838	0.09738844
0.12496623	0.070143774	-0.36110517	-0.07390108	-0.14674474	0.14416358	0.2357187	-0.198922	1.0000006	0.10195219	0.17809244	0.10588931	-0.20172961	-0.28006193	-0.20476736	-0.44646186	0.24331215	-0.53672034	0.08806709	0.1581083
0.18450364	-0.26702225	0.019384379	0.16800444	-0.20594242	-0.26999268	-0.051636204	-0.43301037	0.10195219	1.0000006	-0.20250978	0.27859178	-0.2060646	0.092413165	-0.093950406	0.04702595	0.11407057	-0.1924866	0.25017807	-0.33350945
0.07580095	0.2699542	-0.19245908	-0.3776163	-0.053671878	0.24074624	0.24428888	0.040980123	0.17809244	-0.20250978	1.0000008	-0.13348539	-0.2640219	-0.2249597	-0.39091092	-0.38322315	0.17358561	-0.20621726	-0.07166766	0.2772939
0.26368907	-0.11706269	0.021531248	0.037944555	-0.44678205	-0.27134982	-0.0509348	-0.49431214	0.10588931	0.27859178	-0.13348539	1.0000008	-0.24606028	0.14243221	-0.05476004	0.015848221	-0.005569469	-0.18770944	0.30346337	-0.16136456
-0.48712283	-0.15544797	0.13428809	0.14289905	0.2924066	0.02260028	-0.13829866	0.20664513	-0.20172961	-0.2060646	-0.2640219	-0.24606028	1.0000008	-0.055436183	0.20259428	0.18350941	-0.14452638	0.23676412	-0.38834903	-0.13465035
0.11312276	-0.18857835	0.23080148	0.12885386	-0.16561048	-0.5405109	-0.26522055	-0.09247137	-0.28006193	0.092413165	-0.2249597	0.14243221	-0.055436183	1.0000006	0.19920568	0.22965005	-0.37396777	0.14651133	0.18181832	-0.27799237
-0.11906208	-0.16959216	0.25640288	0.1370838	0.11995956	-0.22154696	-0.35636497	0.007035013	-0.20476736	-0.093950406	-0.39091092	-0.05476004	0.20259428	0.19920568	1.0000007	0.2683266	-0.5671566	0.25796482	-0.081925325	-0.18853658
-0.18340065	-0.25304583	0.29176092	0.19099836	0.104804374	-0.27362204	-0.3536735	0.0336281	-0.44646186	0.04702595	-0.38322315	0.015848221	0.18350941	0.22965005	0.2683266	1.0000007	-0.340392	0.2613271	-0.035523653	-0.35753718
0.0487295	0.06843746	-0.33782065	-0.0069570118	-0.050860543	0.15942705	0.23391642	-0.022507476	0.24331215	0.11407057	0.17358561	-0.005569469	-0.14452638	-0.37396777	-0.5671566	-0.340392	1.0000008	-0.31744194	0.010807292	0.11491305
-0.20792377	-0.078955874	0.2549985	0.09887831	0.18815544	-0.14620754	-0.36288744	0.14866969	-0.53672034	-0.1924866	-0.20621726	-0.18770944	0.23676412	0.14651133	0.25796482	0.2613271	-0.31744194	1.0000007	-0.22759756	-0.12912224
0.295181	-0.11945044	-0.03264129	0.04844219	-0.49708495	-0.2527014	-0.033585995	-0.33647838	0.08806709	0.25017807	-0.07166766	0.30346337	-0.38834903	0.18181832	-0.081925325	-0.035523653	0.010807292	-0.22759756	1.0000008	-0.10095246
0.056138903	0.28007954	-0.40676153	-0.33163574	-0.07597134	0.25996125	0.2541497	0.09738844	0.1581083	-0.33350945	0.2772939	-0.16136456	-0.13465035	-0.27799237	-0.18853658	-0.35753718	0.11491305	-0.12912224	-0.10095246	1.0000008
