1.0	0.140183	0.13757205	0.12996995	-0.43828315	-0.3296181	-0.1446339	0.25336868	0.27372643	0.25195578	0.11975946	-0.5718413	-0.32844716	-0.40667832	-0.15020116	-0.18803985	-0.10691329	-0.17698188	0.31535116	0.21975234
0.140183	1.0000002	0.24150269	0.036511563	-0.1476549	-0.27349302	-0.4918238	0.2162692	0.19160786	0.12381566	0.3000305	-0.16967341	-0.2175521	-0.14447804	0.022485944	-0.21717933	-0.51019293	-0.5246309	0.1434786	0.28079453
0.13757205	0.24150269	1.0000004	-0.101496175	-0.26051137	-0.5975856	-0.35359365	0.1523753	0.13358986	0.032199223	0.22212179	-0.23158826	-0.024007102	-0.0853641	0.14778696	-0.111852385	-0.25933552	-0.3701264	0.10092728	0.2273859
0.12996995	0.036511563	-0.101496175	1.0000001	-0.12726733	0.025185423	-0.088348925	0.17260197	0.2229599	0.25813723	0.029370014	-0.073855504	-0.36759073	-0.15484293	-0.68183225	-0.40755758	-0.0005148822	-0.117972545	0.14211184	0.10443204
-0.43828315	-0.1476549	-0.26051137	-0.12726733	1.0000001	0.23898485	0.21248148	-0.42604887	-0.36852846	-0.3553253	-0.21358897	0.30990803	0.26160026	0.3075281	0.120745674	0.2375393	0.17427346	0.22393328	-0.46684426	-0.28294215
-0.3296181	-0.27349302	-0.5975856	0.025185423	0.23898485	1.0	0.24293788	-0.25935513	-0.21892092	-0.087795526	-0.20996657	0.22605142	0.1141538	0.18709978	-0.10592716	0.14414392	0.22485812	0.27600506	-0.17310981	-0.42364854
-0.1446339	-0.4918238	-0.35359365	-0.088348925	0.21248148	0.24293788	0.9999998	-0.3274167	-0.28194892	-0.18868984	-0.5299394	0.17803647	0.18883651	0.1754371	0.04166193	0.24312705	0.3080602	0.30636802	-0.1637109	-0.32684058
0.25336868	0.2162692	0.1523753	0.17260197	-0.42604887	-0.25935513	-0.3274167	0.99999976	0.28034547	0.2654578	0.23134646	-0.23308618	-0.23145819	-0.5042663	-0.19548011	-0.3544776	-0.252345	-0.35359475	0.26890442	0.29686052
0.27372643	0.19160786	0.13358986	0.2229599	-0.36852846	-0.21892092	-0.28194892	0.28034547	0.99999946	0.30373827	0.19944158	-0.38778928	-0.44056672	-0.26949593	-0.25647536	-0.44555914	-0.14362867	-0.32208076	0.27969578	0.24989004
0.25195578	0.12381566	0.032199223	0.25813723	-0.3553253	-0.087795526	-0.18868984	0.2654578	0.30373827	0.9999992	0.15146458	-0.3052789	-0.49234483	-0.37379968	-0.33955058	-0.4529289	-0.14070283	-0.1543307	0.2855672	0.21841213
0.11975946	0.3000305	0.22212179	0.029370014	-0.21358897	-0.20996657	-0.5299394	0.23134646	0.19944158	0.15146458	0.99999917	-0.1805399	-0.17023209	-0.17028867	0.014226979	-0.3357613	-0.5888883	-0.28518683	0.15344316	0.26318836
-0.5718413	-0.16967341	-0.23158826	-0.073855504	0.30990803	0.22605142	0.17803647	-0.23308618	-0.38778928	-0.3052789	-0.1805399	0.99999905	0.25027946	0.27148208	0.08073133	0.19450907	0.14310251	0.1883509	-0.5024512	-0.18634616
-0.32844716	-0.2175521	-0.024007102	-0.36759073	0.26160026	0.1141538	0.18883651	-0.23145819	-0.44056672	-0.49234483	-0.17023209	0.25027946	0.99999917	0.26677483	0.24686685	0.28921178	0.12604831	0.19234073	-0.39144105	-0.27247155
-0.40667832	-0.14447804	-0.0853641	-0.15484293	0.3075281	0.18709978	0.1754371	-0.5042663	-0.26949593	-0.37379968	-0.17028867	0.27148208	0.26677483	0.9999993	0.1488001	0.23772414	0.1656355	0.2005792	-0.4800556	-0.3717903
-0.15020116	0.022485944	0.14778696	-0.68183225	0.120745674	-0.10592716	0.04166193	-0.19548011	-0.25647536	-0.33955058	0.014226979	0.08073133	0.24686685	0.1488001	0.9999992	0.2177967	-0.059734356	0.035639655	-0.19328192	-0.09425827
-0.18803985	-0.21717933	-0.111852385	-0.40755758	0.2375393	0.14414392	0.24312705	-0.3544776	-0.44555914	-0.4529289	-0.3357613	0.19450907	0.28921178	0.23772414	0.2177967	0.9999991	0.19473544	0.23755296	-0.20288478	-0.28009862
-0.10691329	-0.51019293	-0.25933552	-0.0005148822	0.17427346	0.22485812	0.3080602	-0.252345	-0.14362867	-0.14070283	-0.5888883	0.14310251	0.12604831	0.1656355	-0.059734356	0.19473544	0.99999887	0.2804984	-0.14780268	-0.4071524
-0.17698188	-0.5246309	-0.3701264	-0.117972545	0.22393328	0.27600506	0.30636802	-0.35359475	-0.32208076	-0.1543307	-0.28518683	0.1883509	0.19234073	0.2005792	0.035639655	0.23755296	0.2804984	0.99999887	-0.1945461	-0.4418162
0.31535116	0.1434786	0.10092728	0.14211184	-0.46684426	-0.17310981	-0.1637109	0.26890442	0.27969578	0.2855672	0.15344316	-0.5024512	-0.39144105	-0.4800556	-0.19328192	-0.20288478	-0.14780268	-0.1945461	0.999999	0.22664995
0.21975234	0.28079453	0.2273859	0.10443204	-0.28294215	-0.42364854	-0.32684058	0.29686052	0.24989004	0.21841213	0.26318836	-0.18634616	-0.27247155	-0.3717903	-0.09425827	-0.28009862	-0.4071524	-0.4418162	0.22664995	0.999999
