1.0	-0.4295042	-0.2324079	0.20795505	-0.15980962	0.19908628	0.18231703	0.26168996	-0.2567207	0.23047261	-0.43643415	-0.23679379	-0.3556884	-0.24461353	0.2228499	-0.25896463	0.20832808	0.11636203	0.25084245	-0.2689659
-0.4295042	1.0	0.18860024	-0.22800642	0.27355173	-0.39891747	-0.08132904	-0.5117613	0.123950616	-0.38791406	0.21131025	0.24303286	0.2062289	0.14763856	-0.22385524	0.24986413	-0.068685055	-0.18136093	-0.29056513	0.15772133
-0.2324079	0.18860024	1.0000001	-0.17740777	0.21687856	-0.112343416	-0.43377653	-0.26111752	0.2250058	-0.27711317	0.2505651	0.14581531	0.09305372	0.10523894	-0.26943353	0.18975563	-0.17814465	-0.43690547	-0.29998472	0.26372167
0.20795505	-0.22800642	-0.17740777	1.0000004	-0.27527153	0.27823272	0.057620827	0.2263064	0.08464584	0.28463393	-0.2773205	-0.5017046	-0.3364558	-0.4722679	0.29979038	-0.42006272	0.28790957	-0.08136002	0.28495273	-0.24218935
-0.15980962	0.27355173	0.21687856	-0.27527153	1.0000002	-0.49037153	-0.06976197	-0.41818702	0.0580831	-0.36990502	0.22404039	0.2622514	0.22935443	0.20562376	-0.4299264	0.27352443	-0.14951895	-0.13590918	-0.38030404	0.13565734
0.19908628	-0.39891747	-0.112343416	0.27823272	-0.49037153	1.0000004	-0.023142321	0.25586587	0.06607444	0.28073633	-0.2765076	-0.41388926	-0.41334468	-0.30747646	0.28231362	-0.27085328	0.21396981	-0.034670852	0.2511301	-0.085891984
0.18231703	-0.08132904	-0.43377653	0.057620827	-0.06976197	-0.023142321	1.0000004	0.13655621	-0.39685303	0.099361435	-0.2406989	-0.0654043	0.010919487	-0.002965097	0.08862698	-0.12915152	0.06396	0.2327747	0.15490536	-0.5839593
0.26168996	-0.5117613	-0.26111752	0.2263064	-0.41818702	0.25586587	0.13655621	1.0000004	-0.18119343	0.3074738	-0.22452217	-0.3418604	-0.2808137	-0.12327977	0.24452122	-0.39919	0.14715411	0.13326633	0.2522849	-0.22319336
-0.2567207	0.123950616	0.2250058	0.08464584	0.0580831	0.06607444	-0.39685303	-0.18119343	1.0000002	-0.049791653	0.07348288	-0.057584397	-0.11585413	-0.16481882	0.028164165	-0.00025540608	0.08647276	-0.6280255	-0.032701496	0.13791956
0.23047261	-0.38791406	-0.27711317	0.28463393	-0.36990502	0.28073633	0.099361435	0.3074738	-0.049791653	1.0000002	-0.20523475	-0.47224948	-0.32030338	-0.23627226	0.2826641	-0.51603836	0.19653717	0.05508863	0.26080835	-0.16295382
-0.43643415	0.21131025	0.2505651	-0.2773205	0.22404039	-0.2765076	-0.2406989	-0.22452217	0.07348288	-0.20523475	1.0	0.23608637	0.25234598	0.26173797	-0.38506085	0.2502768	-0.43112782	-0.11563552	-0.43765995	0.27035677
-0.23679379	0.24303286	0.14581531	-0.5017046	0.2622514	-0.41388926	-0.0654043	-0.3418604	-0.057584397	-0.47224948	0.23608637	0.9999998	0.29811776	0.27725396	-0.28432798	0.31097457	-0.33295342	0.047276273	-0.28294334	0.16890265
-0.3556884	0.2062289	0.09305372	-0.3364558	0.22935443	-0.41334468	0.010919487	-0.2808137	-0.11585413	-0.32030338	0.25234598	0.29811776	0.9999996	0.29535124	-0.3823779	0.2781976	-0.45250556	0.101310655	-0.23169094	0.12415521
-0.24461353	0.14763856	0.10523894	-0.4722679	0.20562376	-0.30747646	-0.002965097	-0.12327977	-0.16481882	-0.23627226	0.26173797	0.27725396	0.29535124	0.9999994	-0.41569677	0.26072046	-0.46371177	0.10822406	-0.3916531	0.16096728
0.2228499	-0.22385524	-0.26943353	0.29979038	-0.4299264	0.28231362	0.08862698	0.24452122	0.028164165	0.2826641	-0.38506085	-0.28432798	-0.3823779	-0.41569677	0.99999946	-0.43228984	0.27371508	0.008132661	0.30441555	-0.21222462
-0.25896463	0.24986413	0.18975563	-0.42006272	0.27352443	-0.27085328	-0.12915152	-0.39919	-0.00025540608	-0.51603836	0.2502768	0.31097457	0.2781976	0.26072046	-0.43228984	0.99999946	-0.26204067	0.0075873956	-0.3343567	0.20230272
0.20832808	-0.068685055	-0.17814465	0.28790957	-0.14951895	0.21396981	0.06396	0.14715411	0.08647276	0.19653717	-0.43112782	-0.33295342	-0.45250556	-0.46371177	0.27371508	-0.26204067	0.99999934	-0.115197256	0.2603275	-0.28448823
0.11636203	-0.18136093	-0.43690547	-0.08136002	-0.13590918	-0.034670852	0.2327747	0.13326633	-0.6280255	0.05508863	-0.11563552	0.047276273	0.101310655	0.10822406	0.008132661	0.0075873956	-0.115197256	0.9999994	0.06953656	-0.15049389
0.25084245	-0.29056513	-0.29998472	0.28495273	-0.38030404	0.2511301	0.15490536	0.2522849	-0.032701496	0.26080835	-0.43765995	-0.28294334	-0.23169094	-0.3916531	0.30441555	-0.3343567	0.2603275	0.06953656	0.99999934	-0.4073434
-0.2689659	0.15772133	0.26372167	-0.24218935	0.13565734	-0.085891984	-0.5839593	-0.22319336	0.13791956	-0.16295382	0.27035677	0.16890265	0.12415521	0.16096728	-0.21222462	0.20230272	-0.28448823	-0.15049389	-0.4073434	0.99999934
