1.0	-0.02880814	0.2698989	-0.23501582	0.2563251	0.15311919	-0.11939334	0.046681758	-0.24763949	-0.105885506	0.18586692	0.0434186	-0.5765578	0.12281046	-0.33948526	-0.16626441	0.24228196	-0.3647379	-0.21623476	0.07961989
-0.02880814	1.0	-0.16348518	0.16209787	0.025661847	0.23004426	-0.32278508	-0.5665699	-0.36111647	0.28405634	0.22547859	0.30764943	-0.018711891	-0.28153682	-0.16858785	-0.2557377	0.17704424	-0.10218518	-0.39176092	0.24925259
0.2698989	-0.16348518	1.0000001	-0.5217077	0.28742746	0.015283754	0.010861941	0.09357077	-0.07200381	-0.27552137	0.07802026	-0.05964744	-0.30278385	0.19938014	-0.13221161	-0.04205018	0.16229652	-0.38152254	-0.12796879	-0.03783704
-0.23501582	0.16209787	-0.5217077	1.0000001	-0.39391613	0.091768876	-0.10473058	-0.14568587	-0.0962806	0.25326243	-0.0075002704	0.13010827	0.1612212	-0.4687206	0.034797356	-0.06467203	-0.106758825	0.19449598	-0.015297427	0.13253368
0.2563251	0.025661847	0.28742746	-0.39391613	1.0000002	0.04745998	-0.108242415	-0.060190406	-0.115783826	-0.11218163	0.11149084	0.054758187	-0.32068837	0.090201534	-0.19123788	0.005101006	0.23843004	-0.5834188	-0.23996022	0.008764085
0.15311919	0.23004426	0.015283754	0.091768876	0.04745998	1.0	-0.45606333	-0.20971549	-0.39043483	0.21623862	0.3036093	0.2876308	-0.28869373	-0.24319655	-0.43969613	-0.42020997	0.26238507	-0.10730154	-0.3695499	0.31732187
-0.11939334	-0.32278508	0.010861941	-0.10473058	-0.108242415	-0.45606333	1.0	0.2542268	0.30433014	-0.34373665	-0.44608817	-0.30534333	0.16433537	0.22415483	0.28282133	0.294916	-0.3761407	0.1422642	0.29118717	-0.38657448
0.046681758	-0.5665699	0.09357077	-0.14568587	-0.060190406	-0.20971549	0.2542268	1.0	0.2324257	-0.42325407	-0.31952628	-0.47575966	-0.0022082399	0.2450836	0.16817208	0.2189601	-0.12754822	0.06742631	0.23495129	-0.23104048
-0.24763949	-0.36111647	-0.07200381	-0.0962806	-0.115783826	-0.39043483	0.30433014	0.2324257	0.9999999	-0.19933407	-0.37025657	-0.41379356	0.22393873	0.1836199	0.30050677	0.29631516	-0.35835123	0.17233081	0.3156149	-0.4040878
-0.105885506	0.28405634	-0.27552137	0.25326243	-0.11218163	0.21623862	-0.34373665	-0.42325407	-0.19933407	1.0	0.175005	0.26955974	0.029852083	-0.5489617	-0.12694483	-0.26079738	0.102605656	0.03235427	-0.21340238	0.24708577
0.18586692	0.22547859	0.07802026	-0.0075002704	0.11149084	0.3036093	-0.44608817	-0.31952628	-0.37025657	0.175005	0.99999994	0.2766178	-0.25265077	-0.10904433	-0.46994138	-0.46982756	0.2676468	-0.1952981	-0.26307362	0.27947208
0.0434186	0.30764943	-0.05964744	0.13010827	0.054758187	0.2876308	-0.30534333	-0.47575966	-0.41379356	0.26955974	0.2766178	0.99999994	-0.13880403	-0.3042448	-0.34299606	-0.34555808	0.22052814	-0.10299816	-0.39663845	0.29551306
-0.5765578	-0.018711891	-0.30278385	0.1612212	-0.32068837	-0.28869373	0.16433537	-0.0022082399	0.22393873	0.029852083	-0.25265077	-0.13880403	0.9999999	-0.07498458	0.28005192	0.19236864	-0.3330347	0.25925103	0.225064	-0.22696505
0.12281046	-0.28153682	0.19938014	-0.4687206	0.090201534	-0.24319655	0.22415483	0.2450836	0.1836199	-0.5489617	-0.10904433	-0.3042448	-0.07498458	0.99999976	0.07647444	0.17560217	-0.12644461	-0.021319818	0.16705729	-0.3059303
-0.33948526	-0.16858785	-0.13221161	0.034797356	-0.19123788	-0.43969613	0.28282133	0.16817208	0.30050677	-0.12694483	-0.46994138	-0.34299606	0.28005192	0.07647444	0.99999976	0.27761418	-0.41021717	0.20831825	0.28577444	-0.2932124
-0.16626441	-0.2557377	-0.04205018	-0.06467203	0.005101006	-0.42020997	0.294916	0.2189601	0.29631516	-0.26079738	-0.46982756	-0.34555808	0.19236864	0.17560217	0.27761418	0.99999976	-0.22310862	0.05510995	0.26261187	-0.5303728
0.24228196	0.17704424	0.16229652	-0.106758825	0.23843004	0.26238507	-0.3761407	-0.12754822	-0.35835123	0.102605656	0.2676468	0.22052814	-0.3330347	-0.12644461	-0.41021717	-0.22310862	0.99999976	-0.4337876	-0.39718708	0.21936081
-0.3647379	-0.10218518	-0.38152254	0.19449598	-0.5834188	-0.10730154	0.1422642	0.06742631	0.17233081	0.03235427	-0.1952981	-0.10299816	0.25925103	-0.021319818	0.20831825	0.05510995	-0.4337876	0.99999934	0.21136779	-0.050348263
-0.21623476	-0.39176092	-0.12796879	-0.015297427	-0.23996022	-0.3695499	0.29118717	0.23495129	0.3156149	-0.21340238	-0.26307362	-0.39663845	0.225064	0.16705729	0.28577444	0.26261187	-0.39718708	0.21136779	0.9999994	-0.36255458
0.07961989	0.24925259	-0.03783704	0.13253368	0.008764085	0.31732187	-0.38657448	-0.23104048	-0.4040878	0.24708577	0.27947208	0.29551306	-0.22696505	-0.3059303	-0.2932124	-0.5303728	0.21936081	-0.050348263	-0.36255458	0.9999994
