1.0	-0.14290234	-0.015046565	-0.20828436	0.2206158	0.17541161	-0.004005216	0.051991902	-0.48244342	-0.15744124	-0.3221887	0.24414136	-0.17043203	-0.14819597	-0.047131985	0.25017166	-0.35702693	0.085800156	-0.21533339	0.24229988
-0.14290234	1.0000001	0.2682522	-0.09658683	0.033770476	0.13357785	-0.21549395	-0.4611823	-0.044896692	0.27347136	0.20878863	-0.3281678	-0.1877339	0.2560642	0.22053586	-0.33700916	0.25578234	-0.3524571	-0.30869168	-0.17512071
-0.015046565	0.2682522	0.99999994	-0.24874935	0.10156195	0.21974589	-0.53008497	-0.35475853	-0.1519572	0.24572867	0.16153425	-0.20610446	-0.18200833	0.20383811	0.24565414	-0.10880846	0.20642804	-0.39085713	-0.3333934	-0.13097449
-0.20828436	-0.09658683	-0.24874935	0.9999999	-0.22978847	-0.6560904	0.112618476	0.08455016	0.25874117	-0.11329275	0.12813672	-0.091548406	0.16710298	0.04836568	-0.042031564	-0.23123932	0.017421886	0.10788194	0.20955333	-0.21676037
0.2206158	0.033770476	0.10156195	-0.22978847	0.99999994	0.22442894	-0.082953624	-0.24675107	-0.35920876	-0.045519873	-0.060446873	0.11731572	-0.5744646	0.03663539	-0.013971611	0.16151576	-0.12364815	-0.12601401	-0.11837388	0.08529724
0.17541161	0.13357785	0.21974589	-0.6560904	0.22442894	0.9999998	-0.18929799	-0.18647394	-0.32349688	0.08257021	-0.12156823	0.027809149	-0.28125927	0.03435295	0.07996157	0.103887945	0.013781705	-0.2229593	-0.21268953	0.09830793
-0.004005216	-0.21549395	-0.53008497	0.112618476	-0.082953624	-0.18929799	0.99999976	0.22409552	0.045552067	-0.2705957	-0.31835395	0.21088521	0.199839	-0.3192741	-0.46267602	0.13813967	-0.23161125	0.28852075	0.21290356	0.19179294
0.051991902	-0.4611823	-0.35475853	0.08455016	-0.24675107	-0.18647394	0.22409552	0.99999976	0.08636181	-0.17191897	-0.28906086	0.1961107	0.23421107	-0.41856936	-0.10329238	0.11165058	-0.31093833	0.27780268	0.12098586	0.15518595
-0.48244342	-0.044896692	-0.1519572	0.25874117	-0.35920876	-0.32349688	0.045552067	0.08636181	0.9999998	0.06066549	0.18048811	-0.2378703	0.17581315	0.07625832	0.048118353	-0.30393943	0.13179663	-0.006366649	0.1636752	-0.3172906
-0.15744124	0.27347136	0.24572867	-0.11329275	-0.045519873	0.08257021	-0.2705957	-0.17191897	0.06066549	0.99999976	0.20674208	-0.22013183	-0.11943765	0.19947082	0.2737103	-0.3891435	0.23971505	-0.40985546	-0.397318	-0.2874185
-0.3221887	0.20878863	0.16153425	0.12813672	-0.060446873	-0.12156823	-0.31835395	-0.28906086	0.18048811	0.20674208	0.9999999	-0.360468	-0.09593427	0.2898429	0.1950218	-0.33623552	0.27970296	-0.2547473	0.0040935366	-0.49534693
0.24414136	-0.3281678	-0.20610446	-0.091548406	0.11731572	0.027809149	0.21088521	0.1961107	-0.2378703	-0.22013183	-0.360468	0.9999999	0.031299017	-0.43819785	-0.3287947	0.27129763	-0.45956445	0.24499759	0.031509537	0.29548234
-0.17043203	-0.1877339	-0.18200833	0.16710298	-0.5744646	-0.28125927	0.199839	0.23421107	0.17581315	-0.11943765	-0.09593427	0.031299017	0.9999997	-0.25519818	-0.2589174	-0.035878986	-0.1092521	0.21942867	0.17545457	0.06736881
-0.14819597	0.2560642	0.20383811	0.04836568	0.03663539	0.03435295	-0.3192741	-0.41856936	0.07625832	0.19947082	0.2898429	-0.43819785	-0.25519818	0.9999998	0.2125422	-0.32768825	0.2685994	-0.3748042	-0.018118633	-0.32592314
-0.047131985	0.22053586	0.24565414	-0.042031564	-0.013971611	0.07996157	-0.46267602	-0.10329238	0.048118353	0.2737103	0.1950218	-0.3287947	-0.2589174	0.2125422	0.99999964	-0.22294778	0.2333165	-0.32025316	-0.38279817	-0.32604572
0.25017166	-0.33700916	-0.10880846	-0.23123932	0.16151576	0.103887945	0.13813967	0.11165058	-0.30393943	-0.3891435	-0.33623552	0.27129763	-0.035878986	-0.32768825	-0.22294778	0.9999995	-0.17836808	0.18193938	-0.024155397	0.27681187
-0.35702693	0.25578234	0.20642804	0.017421886	-0.12364815	0.013781705	-0.23161125	-0.31093833	0.13179663	0.23971505	0.27970296	-0.45956445	-0.1092521	0.2685994	0.2333165	-0.17836808	0.9999996	-0.37031278	-0.12898079	-0.37684137
0.085800156	-0.3524571	-0.39085713	0.10788194	-0.12601401	-0.2229593	0.28852075	0.27780268	-0.006366649	-0.40985546	-0.2547473	0.24499759	0.21942867	-0.3748042	-0.32025316	0.18193938	-0.37031278	0.9999997	0.20237933	0.21987693
-0.21533339	-0.30869168	-0.3333934	0.20955333	-0.11837388	-0.21268953	0.21290356	0.12098586	0.1636752	-0.397318	0.0040935366	0.031509537	0.17545457	-0.018118633	-0.38279817	-0.024155397	-0.12898079	0.20237933	0.9999997	0.019298293
0.24229988	-0.17512071	-0.13097449	-0.21676037	0.08529724	0.09830793	0.19179294	0.15518595	-0.3172906	-0.2874185	-0.49534693	0.29548234	0.06736881	-0.32592314	-0.32604572	0.27681187	-0.37684137	0.21987693	0.019298293	0.9999997
