1.0000001	-0.20906806	-0.29489335	-0.2988039	0.05308042	-0.20055704	0.14827295	-0.34813148	0.023219962	-0.3314395	-0.57391334	0.28518182	0.15317346	0.07042068	-0.11352152	0.12790434	0.07532864	0.279338	0.099750035	0.054657497
-0.20906806	1.0000001	0.048662003	0.28027245	-0.4972968	0.26316184	0.023905767	0.19019306	-0.16510828	0.14526747	0.16183415	-0.16347773	-0.20862833	0.1659719	0.24029717	-0.4866608	-0.35200953	-0.26727661	0.19692859	-0.3669674
-0.29489335	0.048662003	1.0000001	0.07113618	0.05269206	0.038881976	-0.353742	0.27508628	0.025664771	0.24178043	0.24511045	-0.50437945	-0.095833644	-0.19986778	-0.099249475	-0.005135851	0.026366334	-0.3350131	-0.24403892	0.10677362
-0.2988039	0.28027245	0.07113618	1.0	-0.26306474	0.27568826	-0.030415518	0.20337485	-0.39497784	0.19108044	0.17932816	-0.18425097	-0.2566722	0.1778227	0.25727323	-0.37413982	-0.39754698	-0.21692336	0.17101134	-0.39019156
0.05308042	-0.4972968	0.05269206	-0.26306474	1.0000001	-0.5403207	-0.07866979	-0.17016098	0.2565795	-0.08648544	-0.068389714	0.079360664	0.19281188	-0.21568982	-0.20413482	0.26114726	0.22098775	0.13567181	-0.39132053	0.26320162
-0.20055704	0.26316184	0.038881976	0.27568826	-0.5403207	1.0000001	-0.0030356727	0.21048258	-0.45757082	0.1369507	0.1461547	-0.2668597	-0.26138785	0.15510203	0.22504799	-0.25545198	-0.21396749	-0.1928399	0.21066028	-0.27013865
0.14827295	0.023905767	-0.353742	-0.030415518	-0.07866979	-0.0030356727	1.0000002	-0.27244115	-0.006953031	-0.294714	-0.08239621	0.121716484	-0.20259161	0.22587265	0.16550826	-0.046327338	-0.24637364	0.025083246	0.17038907	-0.2630884
-0.34813148	0.19019306	0.27508628	0.20337485	-0.17016098	0.21048258	-0.27244115	1.0000002	-0.12116901	0.27996296	0.26916122	-0.46911818	-0.24119475	-0.10792367	0.048189946	-0.15358041	-0.114988	-0.40976402	-0.00843429	-0.059544314
0.023219962	-0.16510828	0.025664771	-0.39497784	0.2565795	-0.45757082	-0.006953031	-0.12116901	1.0000002	-0.06833089	-0.009093108	0.08566032	0.18341796	-0.37501252	-0.3501905	0.25388318	0.22302522	0.0767331	-0.4271706	0.24739219
-0.3314395	0.14526747	0.24178043	0.19108044	-0.08648544	0.1369507	-0.294714	0.27996296	-0.06833089	1.0000001	0.24067885	-0.2488276	-0.3615767	-0.02745608	0.040639315	-0.08947347	-0.258306	-0.38495463	-0.10370315	-0.0210921
-0.57391334	0.16183415	0.24511045	0.17932816	-0.068389714	0.1461547	-0.08239621	0.26916122	-0.009093108	0.24067885	0.9999999	-0.42258778	-0.19513379	-0.011444512	0.08001658	-0.116921395	-0.111814864	-0.49794146	-0.119194105	-0.11345321
0.28518182	-0.16347773	-0.50437945	-0.18425097	0.079360664	-0.2668597	0.121716484	-0.46911818	0.08566032	-0.2488276	-0.42258778	0.99999976	0.18700412	0.04845443	-0.079658836	0.08115118	0.08656489	0.28442162	0.060946908	0.018698063
0.15317346	-0.20862833	-0.095833644	-0.2566722	0.19281188	-0.26138785	-0.20259161	-0.24119475	0.18341796	-0.3615767	-0.19513379	0.18700412	0.9999996	-0.31635427	-0.37889847	0.21778046	0.2786414	0.25059256	-0.17381266	0.22866274
0.07042068	0.1659719	-0.19986778	0.1778227	-0.21568982	0.15510203	0.22587265	-0.10792367	-0.37501252	-0.02745608	-0.011444512	0.04845443	-0.31635427	0.9999998	0.27258965	-0.29148844	-0.43159756	-0.08613334	0.27998057	-0.3332461
-0.11352152	0.24029717	-0.099249475	0.25727323	-0.20413482	0.22504799	0.16550826	0.048189946	-0.3501905	0.040639315	0.08001658	-0.079658836	-0.37889847	0.27258965	0.99999976	-0.5059626	-0.26866034	-0.1475504	0.25868967	-0.44042432
0.12790434	-0.4866608	-0.005135851	-0.37413982	0.26114726	-0.25545198	-0.046327338	-0.15358041	0.25388318	-0.08947347	-0.116921395	0.08115118	0.21778046	-0.29148844	-0.5059626	0.99999976	0.25280735	0.17195068	-0.3382278	0.2967457
0.07532864	-0.35200953	0.026366334	-0.39754698	0.22098775	-0.21396749	-0.24637364	-0.114988	0.22302522	-0.258306	-0.111814864	0.08656489	0.2786414	-0.43159756	-0.26866034	0.25280735	0.99999946	0.19373535	-0.2382662	0.27607423
0.279338	-0.26727661	-0.3350131	-0.21692336	0.13567181	-0.1928399	0.025083246	-0.40976402	0.0767331	-0.38495463	-0.49794146	0.28442162	0.25059256	-0.08613334	-0.1475504	0.17195068	0.19373535	0.99999946	-0.024628796	0.14549981
0.099750035	0.19692859	-0.24403892	0.17101134	-0.39132053	0.21066028	0.17038907	-0.00843429	-0.4271706	-0.10370315	-0.119194105	0.060946908	-0.17381266	0.27998057	0.25868967	-0.3382278	-0.2382662	-0.024628796	0.9999994	-0.3795587
0.054657497	-0.3669674	0.10677362	-0.39019156	0.26320162	-0.27013865	-0.2630884	-0.059544314	0.24739219	-0.0210921	-0.11345321	0.018698063	0.22866274	-0.3332461	-0.44042432	0.2967457	0.27607423	0.14549981	-0.3795587	0.9999994
