0.8548420727367603
1.6649752868158636
0.8972522472029503
0.5840610111938795
0.325453410020051
1.295195568968025
1.1460895203803214
1.1142020459582564
1.9041420432839549
0.01522789105895006
1.0205796532163496
1.6795678595229877
1.5864571718855478
0.7356925767492726
0.5652399119155405
0.5957277788369935
1.3886699818908428
0.07059684711369418
1.3729299307497769
0.11757157949154928
1.199646148925356
1.3105911467255507
0.7135651165260457
0.8709718880190211
1.280188741866858
1.524132677641355
1.9885547683269011
1.4524013656559749
1.8809044946808133
1.8723109274446668
0.635763382995379
1.2379779719450625
1.1294694188029857
1.8160735906800287
0.2392053351423531
1.9021714587883727
1.056077172693267
1.86309204651309
1.6089391850378643
1.9888206999224929
1.1014439211936418
0.0569923003624222
0.9145516563595817
1.253317917519486
1.105516279417763
1.700733658662131
1.9970364676421997
1.0981478999600915
1.484275696334774
1.795207072962781
0.34352249251296296
0.2932077345123105
1.1686871743150724
0.413256347415327
1.6180646568657289
1.3974686463508423
1.0725000912249811
1.9012541698611738
1.4396010399384922
1.9400747293886629
0.24839624218048995
1.9381302165934624
1.950203872657386
1.85237653986543
1.3588764931391084
0.614537694113541
0.24368961713451465
1.5330204894518924
0.012401650699852107
1.053176305879562
0.5860281573400239
0.7605764895666827
1.8250545451178168
0.8886057319327603
0.8450270612180966
0.46720168078657665
0.5354933997125406
0.16150770901186817
1.066091134604331
0.992611351863534
1.6734487531819788
0.5312927921908219
0.7331672455851885
1.2858997539016928
1.6795124826810972
0.6939958245864692
0.6060359290009893
1.0178942705700218
0.0013338551588208958
0.8503989992568921
0.25616716446933596
1.4941412312126952
1.4489817290510374
0.4668238303592678
0.6473451844519846
1.954763108526479
1.4015811175701314
0.1470093738286622
0.5178381578590021
0.5022683694401722
0.3133807930153516
0.1944576318574749
1.7324686200782815
0.06627931980768986
0.8646540869533488
1.4124582012351055
0.13584941572247122
1.780583854290076
0.2746980748647905
0.3461133306577586
0.6308484795197193
1.0712706917462298
0.7403086703369595
1.0480257330623597
0.06517977876780745
0.17388458149141828
1.3939859073320244
0.41033803538456914
1.181007499990977
0.8980128281104487
1.8770897989299282
1.7574736958318133
0.366608563870108
1.0780600433969691
0.247406601412286
0.874482135524943
1.3260753360270274
1.0901054513113657
0.1863335383699689
0.49404207312066295
0.059041500197482
0.16451074768063956
1.2267625827931663
0.7674360426701563
1.3841746305382259
1.6349395024612001
1.5301074746142524
1.8010801081256331
1.4511310271869027
0.4270660569066993
1.1384619778234704
0.012285470419339806
1.110859592565282
1.9123916483335348
1.1654846910310046
1.604031529643531
0.40017859881647055
0.08099571744140666
1.1150126134712686
1.3474993896350875
0.08391934276961277
0.3828710118818015
0.9108654842381241
0.9518280194363955
0.1728828095069359
0.030932651993104132
0.26502319814084885
1.5377171643520928
1.606104295044526
1.9339746252644527
1.6262181122250159
1.2711041202005355
1.1573212174800254
0.7470328934515713
1.2014402663681385
1.223462853423823
0.7095756574235159
1.6688971798727017
1.4363215848927917
0.8394125127046437
1.9762372259106846
0.3142532127358906
1.0397618586654154
1.8556682972997018
0.48898803033570615
1.408796841502611
0.6310976375232873
0.05049429593992949
0.5756514977099612
1.3552875974608913
0.09925843394906231
1.9881650535683884
0.23187296091527365
1.361901207326355
1.701235901420013
0.46860887868093726
0.0014794217815627952
0.6553228359470367
0.08957821097904461
1.206167685835207
