0.99999994	-0.17145959	0.0987276	-0.13986515	0.25740272	0.13392034	-0.3787752	-0.10960242	0.2564411	-0.106394045	-0.18945637	0.11577008	-0.17690538	0.20808737	-0.19807756	-0.29440922	-0.32393822	-0.43276608	0.2153972	0.23590513
-0.17145959	0.9999998	-0.24743901	0.27947646	-0.22861324	0.102038465	-0.07413364	-0.3578071	-0.3027664	0.3040502	0.28382957	-0.3864681	0.2841576	-0.38177854	0.28572056	-0.22181438	0.23916373	0.0055484916	-0.34742486	-0.06427752
0.0987276	-0.24743901	0.9999997	-0.45398092	0.17621501	-0.17696679	0.13500479	0.18311247	0.21058346	-0.39728492	-0.4800186	0.27824745	-0.39819902	0.25942606	-0.2440691	0.12960474	-0.38864747	0.004616942	0.2917653	0.019304417
-0.13986515	0.27947646	-0.45398092	0.9999995	-0.2199749	0.1444524	-0.18711282	-0.18650062	-0.41430438	0.27647826	0.26574716	-0.25198767	0.28333858	-0.24992003	0.2537995	-0.25224942	0.23489918	-0.02780761	-0.30416548	-0.050319955
0.25740272	-0.22861324	0.17621501	-0.2199749	0.99999946	0.10314769	-0.1352047	-0.059658293	0.27810296	-0.33270535	-0.17325372	0.13837387	-0.34343275	0.29373366	-0.46885365	-0.16495973	-0.2662225	-0.36752245	0.23722148	0.27620596
0.13392034	0.102038465	-0.17696679	0.1444524	0.10314769	0.99999964	-0.62474936	-0.22347619	0.0062612803	0.07422214	0.15122172	-0.36956447	0.09537799	-0.010913672	-0.0156046655	-0.19212106	0.06259231	-0.2893313	-0.12652102	0.15601683
-0.3787752	-0.07413364	0.13500479	-0.18711282	-0.1352047	-0.62474936	0.9999997	0.18408816	-0.120987855	-0.09115727	-0.14801921	0.1361472	-0.05696071	0.006056241	0.025839757	0.20626006	-0.0015245519	0.23274425	0.042998377	-0.15051106
-0.10960242	-0.3578071	0.18311247	-0.18650062	-0.059658293	-0.22347619	0.18408816	0.9999996	-0.009148742	-0.31605172	-0.3308007	0.20205554	-0.11843181	0.05834273	-0.12602712	0.28056738	-0.037003476	0.19752026	0.11880149	-0.34997734
0.2564411	-0.3027664	0.21058346	-0.41430438	0.27810296	0.0062612803	-0.120987855	-0.009148742	0.99999946	-0.17281507	-0.18800072	0.20377098	-0.43105334	0.27707592	-0.3909247	-0.120483495	-0.36080587	-0.17995103	0.2669868	0.19202167
-0.106394045	0.3040502	-0.39728492	0.27647826	-0.33270535	0.07422214	-0.09115727	-0.31605172	-0.17281507	0.99999946	0.28113756	-0.32628044	0.27587232	-0.38820744	0.2846919	-0.24025328	0.2194528	0.020954039	-0.2781135	-0.08759354
-0.18945637	0.28382957	-0.4800186	0.26574716	-0.17325372	0.15122172	-0.14801921	-0.3308007	-0.18800072	0.28113756	0.99999946	-0.3349411	0.2785211	-0.3265589	0.2333803	-0.09494289	0.27154207	0.04146987	-0.47856238	-0.062292337
0.11577008	-0.3864681	0.27824745	-0.25198767	0.13837387	-0.36956447	0.1361472	0.20205554	0.20377098	-0.32628044	-0.3349411	0.99999934	-0.38764554	0.23675591	-0.3073356	0.12675492	-0.37193304	0.021361476	0.28000602	-0.0030852805
-0.17690538	0.2841576	-0.39819902	0.28333858	-0.34343275	0.09537799	-0.05696071	-0.11843181	-0.43105334	0.27587232	0.2785211	-0.38764554	0.99999934	-0.424534	0.30414742	-0.047355276	0.3049356	0.10496079	-0.39014298	-0.15664792
0.20808737	-0.38177854	0.25942606	-0.24992003	0.29373366	-0.010913672	0.006056241	0.05834273	0.27707592	-0.38820744	-0.3265589	0.23675591	-0.424534	0.9999992	-0.42110834	-0.027644325	-0.41487065	-0.1962618	0.30305225	0.19926982
-0.19807756	0.28572056	-0.2440691	0.2537995	-0.46885365	-0.0156046655	0.025839757	-0.12602712	-0.3909247	0.2846919	0.2333803	-0.3073356	0.30414742	-0.42110834	0.9999994	-0.044259857	0.25681332	0.15723018	-0.30295116	-0.28240922
-0.29440922	-0.22181438	0.12960474	-0.25224942	-0.16495973	-0.19212106	0.20626006	0.28056738	-0.120483495	-0.24025328	-0.09494289	0.12675492	-0.047355276	-0.027644325	-0.044259857	0.9999995	0.053459793	0.26379934	-0.0075967275	-0.35235435
-0.32393822	0.23916373	-0.38864747	0.23489918	-0.2662225	0.06259231	-0.0015245519	-0.037003476	-0.36080587	0.2194528	0.27154207	-0.37193304	0.3049356	-0.41487065	0.25681332	0.053459793	0.9999993	0.13253413	-0.4873398	-0.12310506
-0.43276608	0.0055484916	0.004616942	-0.02780761	-0.36752245	-0.2893313	0.23274425	0.19752026	-0.17995103	0.020954039	0.04146987	0.021361476	0.10496079	-0.1962618	0.15723018	0.26379934	0.13253413	0.9999993	-0.16317871	-0.5259182
0.2153972	-0.34742486	0.2917653	-0.30416548	0.23722148	-0.12652102	0.042998377	0.11880149	0.2669868	-0.2781135	-0.47856238	0.28000602	-0.39014298	0.30305225	-0.30295116	-0.0075967275	-0.4873398	-0.16317871	0.9999992	0.12977038
0.23590513	-0.06427752	0.019304417	-0.050319955	0.27620596	0.15601683	-0.15051106	-0.34997734	0.19202167	-0.08759354	-0.062292337	-0.0030852805	-0.15664792	0.19926982	-0.28240922	-0.35235435	-0.12310506	-0.5259182	0.12977038	0.9999992
