1.9916607961058617
0.3293853607028723
1.085744921118021
0.5724610630422831
1.325182467699051
0.20114622451364994
0.6854445934295654
0.7812345623970032
1.702902527526021
0.542812367901206
1.2561280839145184
1.9927442111074924
0.01611276902258396
1.340909793972969
0.6747281067073345
1.9682126101106405
0.9397946987301111
1.4872768763452768
1.1977067589759827
0.7479144148528576
1.6770774889737368
0.3977555576711893
0.7133288439363241
0.4336183797568083
0.9558363799005747
1.7852085940539837
1.3532194308936596
1.8655382208526134
0.7097306698560715
0.8640218768268824
1.6015966925770044
1.239280752837658
1.2476003039628267
1.8098592069000006
1.0192740447819233
1.4766004644334316
0.22418050095438957
0.05801432207226753
1.7307185120880604
1.574798833578825
1.9235713966190815
0.7884039301425219
1.5072659626603127
1.1343923769891262
0.09979127906262875
0.17041566409170628
1.9288270249962807
1.3345239274203777
0.0728330947458744
0.6751422975212336
1.0988545641303062
0.7260664384812117
1.5013410113751888
0.3556090537458658
0.430621899664402
0.752731915563345
1.0931122526526451
1.0634760595858097
