1.336470251902938
1.3122216556221247
0.5649794265627861
0.4673181138932705
0.09882412292063236
1.0152050834149122
0.81562658585608
0.5730889867991209
1.1930837575346231
1.5270437579602003
1.6199583895504475
1.7294000033289194
0.8989662062376738
1.8484956193715334
1.8378266356885433
0.24097468703985214
1.3741468116641045
1.4039550423622131
0.9141483902931213
1.467645712196827
1.3511081393808126
0.020498299971222878
0.2550869043916464
1.1449332032352686
1.404567465186119
1.914682162925601
0.9826438426971436
1.3788457456976175
1.058941351249814
0.5880232509225607
1.3201788794249296
0.9686578083783388
1.9904797468334436
1.1046338770538568
0.5900338087230921
0.4734214097261429
0.9263072367757559
1.9922542870044708
0.49008408561348915
1.1876953057944775
0.7384967803955078
1.6825678907334805
1.2578667663037777
0.7028878834098577
1.7379801832139492
0.049661703407764435
1.4375977106392384
1.059882614761591
1.8520789593458176
0.17879587598145008
0.27882665023207664
1.141869829967618
0.7859068606048822
1.6341348644345999
1.4593432154506445
0.7973847556859255
1.8786225859075785
1.3832024279981852
