1.0	-0.5797904	0.27425608	-0.071718596	0.06603172	-0.6259052	0.3174532	-0.21846545	0.12550342	-0.1578259	0.21628088	-0.19259372	0.168265	-0.13250847	0.10264141	-0.024212267	0.10893259	-0.16985022	0.12409824	-0.1176339	0.01897318	-0.10163404	0.11630789	-0.13318485	0.10454269	-0.022380786	0.07682608	-0.12456576	0.09669826	-0.1261194	0.027156075	-0.0646944	0.100423	-0.114541136	0.12998825
-0.5797904	0.9999999	-0.5253007	0.066185914	-0.06159921	0.30091104	-0.5031627	0.2090633	-0.11712182	0.1385089	-0.20134312	0.17973888	-0.16100188	0.11615615	-0.09033679	0.020377384	-0.095849976	0.14648002	-0.10883645	0.10092519	-0.016024392	0.08694122	-0.100640945	0.11164269	-0.08904686	0.018839352	-0.06507577	0.10439993	-0.08140645	0.105253726	-0.022886058	0.054360222	-0.085018456	0.09547342	-0.10915707
0.27425608	-0.5253007	0.9999999	-0.13140349	0.11680992	-0.26571974	0.2830971	-0.45197654	0.22022206	-0.27425247	0.21493565	-0.20144267	0.24068335	-0.22060461	0.16919602	-0.03613305	0.15719473	-0.2485427	0.19669552	-0.19012459	0.028253192	-0.14762403	0.17283072	-0.2049868	0.16311225	-0.033686113	0.116613366	-0.18773554	0.14787507	-0.19582386	0.04090672	-0.09824243	0.15289867	-0.17510608	0.19992164
-0.071718596	0.066185914	-0.13140349	1.0000001	-0.9276058	0.06113496	-0.08081472	0.1393592	-0.24014466	0.20272134	-0.077225916	0.0635503	-0.096649475	0.13074024	-0.11572487	0.01222108	-0.05984714	0.083719656	-0.11090355	0.096204214	-0.00970114	0.050734606	-0.064773	0.07535408	-0.071623586	0.011633461	-0.04286362	0.06306184	-0.054213878	0.07083393	-0.014281657	0.034287073	-0.056666456	0.059177026	-0.07143811
0.06603172	-0.06159921	0.11680992	-0.9276058	1.0000001	-0.0575656	0.07478291	-0.14096977	0.1945516	-0.2556227	0.07216793	-0.060442816	0.09132549	-0.13645568	0.11666569	-0.011906997	0.057537667	-0.08252115	0.10732704	-0.10114742	0.009440229	-0.04952951	0.062850975	-0.075404234	0.07094387	-0.011324368	0.041581474	-0.062348176	0.05360555	-0.071398295	0.013880646	-0.033487014	0.055122185	-0.058502913	0.0689983
-0.6259052	0.30091104	-0.26571974	0.06113496	-0.0575656	1.0000004	-0.5578299	0.1920271	-0.111468375	0.13137211	-0.37205628	0.23916747	-0.18214709	0.11344298	-0.088415824	0.021096967	-0.10419614	0.1568878	-0.10945652	0.09919814	-0.016657509	0.09268728	-0.10595969	0.1122221	-0.08920281	0.01932305	-0.066423826	0.10677406	-0.08241288	0.10470788	-0.0234779	0.05522472	-0.0865415	0.09603938	-0.109472066
0.3174532	-0.5031627	0.2830971	-0.08081472	0.07478291	-0.5578299	1.0000004	-0.28104576	0.14843012	-0.17910704	0.28070593	-0.37283298	0.22176734	-0.1516753	0.116510674	-0.026866227	0.12885647	-0.20575517	0.14138287	-0.1313523	0.02115374	-0.11857957	0.1338349	-0.1469002	0.1157549	-0.024692122	0.084696144	-0.13887118	0.10692435	-0.13750622	0.029923078	-0.071035385	0.11067174	-0.12500398	0.14026229
-0.21846545	0.2090633	-0.45197654	0.1393592	-0.14096977	0.1920271	-0.28104576	1.0000004	-0.48749933	0.27554393	-0.25281036	0.21924719	-0.46498865	0.237693	-0.19223969	0.030783651	-0.16673392	0.24876684	-0.222376	0.17845286	-0.024542503	0.13740356	-0.17475726	0.17193134	-0.15153861	0.02882258	-0.1040127	0.15788363	-0.1275848	0.15822984	-0.03523398	0.0835036	-0.13616578	0.14148065	-0.16938114
0.12550342	-0.11712182	0.22022206	-0.24014466	0.1945516	-0.111468375	0.14843012	-0.48749933	1.0000005	-0.6034346	0.14358297	-0.12500568	0.20373006	-0.4388236	0.25402775	-0.022227881	0.112002835	-0.16970167	0.23231332	-0.20796546	0.017678106	-0.095659554	0.12235929	-0.14581671	0.13694976	-0.02108492	0.07756657	-0.11844771	0.10227827	-0.1345898	0.02581189	-0.062361658	0.10318319	-0.109158136	0.12673956
-0.1578259	0.1385089	-0.27425247	0.20272134	-0.2556227	0.13137211	-0.17910704	0.27554393	-0.6034346	1.0000004	-0.17404465	0.1394385	-0.21877162	0.30340737	-0.45559907	0.026938872	-0.13497639	0.18185744	-0.28390548	0.24885887	-0.021447288	0.111690626	-0.14610751	0.17008583	-0.17755827	0.025781445	-0.09641451	0.13861491	-0.122798316	0.16030087	-0.031731214	0.07620322	-0.12792237	0.13051113	-0.16109417
0.21628088	-0.20134312	0.21493565	-0.077225916	0.07216793	-0.37205628	0.28070593	-0.25281036	0.14358297	-0.17404465	1.0000006	-0.7229018	0.27634597	-0.1559197	0.118558764	-0.030288996	0.153155	-0.2624726	0.15025237	-0.1361137	0.023942662	-0.14302668	0.15350299	-0.1595055	0.12243731	-0.027118362	0.09114159	-0.156377	0.11640779	-0.1457738	0.032742955	-0.07675405	0.118876226	-0.13446997	0.14478126
-0.19259372	0.17973888	-0.20144267	0.0635503	-0.060442816	0.23916747	-0.37283298	0.21924719	-0.12500568	0.1394385	-0.7229018	1.0000008	-0.4414788	0.12771896	-0.09793091	0.024268353	-0.1511951	0.2245215	-0.1269821	0.1089149	-0.01941003	0.12310952	-0.13497382	0.12523541	-0.098438226	0.021770883	-0.07401804	0.124047734	-0.09289671	0.113369465	-0.026302759	0.061257962	-0.09625834	0.1051813	-0.1153902
0.168265	-0.16100188	0.24068335	-0.096649475	0.09132549	-0.18214709	0.22176734	-0.46498865	0.20373006	-0.21877162	0.27634597	-0.4414788	1.0000005	-0.2129322	0.15252374	-0.03368679	0.19792292	-0.54911256	0.20052952	-0.16749951	0.02699565	-0.17736843	0.21078795	-0.18748575	0.14561515	-0.030664867	0.10625483	-0.19030552	0.13807936	-0.16514736	0.036917165	-0.088093266	0.13923031	-0.15237318	0.16103455
-0.13250847	0.11615615	-0.22060461	0.13074024	-0.13645568	0.11344298	-0.1516753	0.237693	-0.4388236	0.30340737	-0.1559197	0.12771896	-0.2129322	1.0000004	-0.5173519	0.026531998	-0.13435759	0.1924413	-0.5470075	0.3002452	-0.02115759	0.112292685	-0.1505401	0.19554344	-0.1936068	0.025481258	-0.09630306	0.14370432	-0.13416691	0.1713433	-0.031297352	0.07640275	-0.12989643	0.13446221	-0.155921
0.10264141	-0.09033679	0.16919602	-0.11572487	0.11666569	-0.088415824	0.116510674	-0.19223969	0.25402775	-0.45559907	0.118558764	-0.09793091	0.15252374	-0.5173519	1.0000004	-0.022065017	0.10638868	-0.15184894	0.3025287	-0.60554945	0.017541194	-0.09159943	0.12177902	-0.17530574	0.19577445	-0.021270765	0.080465965	-0.12367621	0.11714072	-0.17695566	0.026093367	-0.064551115	0.10937267	-0.11777443	0.13152863
-0.024212267	0.020377384	-0.03613305	0.01222108	-0.011906997	0.021096967	-0.026866227	0.030783651	-0.022227881	0.026938872	-0.030288996	0.024268353	-0.03368679	0.026531998	-0.022065017	1.0000004	-0.059605908	0.042016592	-0.03149348	0.026883623	-0.83165413	0.060745765	-0.04959041	0.04359548	-0.032383744	0.29708546	-0.108711384	0.050250404	-0.037339095	0.03892471	-0.446456	0.0907721	-0.063759975	0.052561674	-0.047116887
0.10893259	-0.095849976	0.15719473	-0.05984714	0.057537667	-0.10419614	0.12885647	-0.16673392	0.112002835	-0.13497639	0.153155	-0.1511951	0.19792292	-0.13435759	0.10638868	-0.059605908	1.0000002	-0.38651386	0.156362	-0.12981546	0.05137275	-0.77713597	0.29230705	-0.1982376	0.13734151	-0.04595072	0.12538975	-0.23844695	0.15253259	-0.16324884	0.05166257	-0.105560884	0.15239947	-0.16589646	0.15450576
-0.16985022	0.14648002	-0.2485427	0.083719656	-0.08252115	0.1568878	-0.20575517	0.24876684	-0.16970167	0.18185744	-0.2624726	0.2245215	-0.54911256	0.1924413	-0.15184894	0.042016592	-0.38651386	1.0000002	-0.27941674	0.17629899	-0.034587026	0.25773224	-0.43129385	0.21455859	-0.16871789	0.038013924	-0.13545255	0.23542705	-0.17079407	0.18033195	-0.045753147	0.107397035	-0.17680305	0.17492038	-0.18795922
0.12409824	-0.10883645	0.19669552	-0.11090355	0.10732704	-0.10945652	0.14138287	-0.222376	0.23231332	-0.28390548	0.15025237	-0.1269821	0.20052952	-0.5470075	0.3025287	-0.03149348	0.156362	-0.27941674	1.0000001	-0.52648616	0.025099985	-0.13851836	0.18606867	-0.3444293	0.24328803	-0.030272275	0.11453085	-0.19124208	0.18451904	-0.23854807	0.036948875	-0.092978016	0.15793899	-0.17689592	0.17758824
-0.1176339	0.10092519	-0.19012459	0.096204214	-0.10114742	0.09919814	-0.1313523	0.17845286	-0.20796546	0.24885887	-0.1361137	0.1089149	-0.16749951	0.3002452	-0.60554945	0.026883623	-0.12981546	0.17629899	-0.52648616	1.0	-0.021414708	0.10953465	-0.15112543	0.22317201	-0.37047526	0.026172658	-0.10115354	0.15042543	-0.1519547	0.2252248	-0.03221511	0.080009416	-0.13871379	0.14471093	-0.16769418
0.01897318	-0.016024392	0.028253192	-0.00970114	0.009440229	-0.016657509	0.02115374	-0.024542503	0.017678106	-0.021447288	0.023942662	-0.01941003	0.02699565	-0.02115759	0.017541194	-0.83165413	0.05137275	-0.034587026	0.025099985	-0.021414708	0.99999994	-0.058160514	0.041515127	-0.03492741	0.02565028	-0.46180767	0.08132064	-0.04064299	0.029724421	-0.030935328	0.29194406	-0.07093075	0.048301566	-0.041478284	0.03627013
-0.10163404	0.08694122	-0.14762403	0.050734606	-0.04952951	0.09268728	-0.11857957	0.13740356	-0.095659554	0.111690626	-0.14302668	0.12310952	-0.17736843	0.112292685	-0.09159943	0.060745765	-0.77713597	0.25773224	-0.13851836	0.10953465	-0.058160514	0.9999998	-0.4664732	0.1709933	-0.12458007	0.04698067	-0.13222213	0.21822461	-0.14486746	0.13983063	-0.052793	0.10201929	-0.15224996	0.14743079	-0.14506328
0.11630789	-0.100640945	0.17283072	-0.064773	0.062850975	-0.10595969	0.1338349	-0.17475726	0.12235929	-0.14610751	0.15350299	-0.13497382	0.21078795	-0.1505401	0.12177902	-0.04959041	0.29230705	-0.43129385	0.18606867	-0.15112543	0.041515127	-0.4664732	0.9999995	-0.30428165	0.18050559	-0.04444228	0.15686977	-0.5474583	0.24047038	-0.2137291	0.051891	-0.1316378	0.20835486	-0.2257644	0.18655941
-0.13318485	0.11164269	-0.2049868	0.07535408	-0.075404234	0.1122221	-0.1469002	0.17193134	-0.14581671	0.17008583	-0.1595055	0.12523541	-0.18748575	0.19554344	-0.17530574	0.04359548	-0.1982376	0.21455859	-0.3444293	0.22317201	-0.03492741	0.1709933	-0.30428165	0.99999976	-0.43962795	0.04408592	-0.1856631	0.28909945	-0.54797375	0.306104	-0.0544627	0.14314966	-0.27751482	0.27344835	-0.267443
0.10454269	-0.08904686	0.16311225	-0.071623586	0.07094387	-0.08920281	0.1157549	-0.15153861	0.13694976	-0.17755827	0.12243731	-0.098438226	0.14561515	-0.1936068	0.19577445	-0.032383744	0.13734151	-0.16871789	0.24328803	-0.37047526	0.02565028	-0.12458007	0.18050559	-0.43962795	0.9999999	-0.03223186	0.12828358	-0.2162818	0.2535705	-0.6919428	0.03955496	-0.104228765	0.18447146	-0.21794222	0.21388541
-0.022380786	0.018839352	-0.033686113	0.011633461	-0.011324368	0.01932305	-0.024692122	0.02882258	-0.02108492	0.025781445	-0.027118362	0.021770883	-0.030664867	0.025481258	-0.021270765	0.29708546	-0.04595072	0.038013924	-0.030272275	0.026172658	-0.46180767	0.04698067	-0.04444228	0.04408592	-0.03223186	0.9999999	-0.14842258	0.051698044	-0.038451623	0.039456096	-0.81451786	0.12218088	-0.07114631	0.057527717	-0.046697263
0.07682608	-0.06507577	0.116613366	-0.04286362	0.041581474	-0.066423826	0.084696144	-0.1040127	0.07756657	-0.09641451	0.09114159	-0.07401804	0.10625483	-0.09630306	0.080465965	-0.108711384	0.12538975	-0.13545255	0.11453085	-0.10115354	0.08132064	-0.13222213	0.15686977	-0.1856631	0.12828358	-0.14842258	0.9999995	-0.24563596	0.16542067	-0.16386338	0.1497553	-0.81072986	0.28353146	-0.27015194	0.17220564
-0.12456576	0.10439993	-0.18773554	0.06306184	-0.062348176	0.10677406	-0.13887118	0.15788363	-0.11844771	0.13861491	-0.156377	0.124047734	-0.19030552	0.14370432	-0.12367621	0.050250404	-0.23844695	0.23542705	-0.19124208	0.15042543	-0.04064299	0.21822461	-0.5474583	0.28909945	-0.2162818	0.051698044	-0.24563596	0.9999996	-0.49956295	0.23480363	-0.062487878	0.1806055	-0.3561193	0.2821423	-0.235871
0.09669826	-0.08140645	0.14787507	-0.054213878	0.05360555	-0.08241288	0.10692435	-0.1275848	0.10227827	-0.122798316	0.11640779	-0.09289671	0.13807936	-0.13416691	0.11714072	-0.037339095	0.15253259	-0.17079407	0.18451904	-0.1519547	0.029724421	-0.14486746	0.24047038	-0.54797375	0.2535705	-0.038451623	0.16542067	-0.49956295	0.9999995	-0.3699805	0.046985272	-0.13617899	0.26537466	-0.46289057	0.2159126
-0.1261194	0.105253726	-0.19582386	0.07083393	-0.071398295	0.10470788	-0.13750622	0.15822984	-0.1345898	0.16030087	-0.1457738	0.113369465	-0.16514736	0.1713433	-0.17695566	0.03892471	-0.16324884	0.18033195	-0.23854807	0.2252248	-0.030935328	0.13983063	-0.2137291	0.306104	-0.6919428	0.039456096	-0.16386338	0.23480363	-0.3699805	0.99999946	-0.048916593	0.12698244	-0.23835787	0.24086064	-0.32609922
0.027156075	-0.022886058	0.04090672	-0.014281657	0.013880646	-0.0234779	0.029923078	-0.03523398	0.02581189	-0.031731214	0.032742955	-0.026302759	0.036917165	-0.031297352	0.026093367	-0.446456	0.05166257	-0.045753147	0.036948875	-0.03221511	0.29194406	-0.052793	0.051891	-0.0544627	0.03955496	-0.81451786	0.1497553	-0.062487878	0.046985272	-0.048916593	0.9999993	-0.16545446	0.08585509	-0.0720238	0.057344843
-0.0646944	0.054360222	-0.09824243	0.034287073	-0.033487014	0.05522472	-0.071035385	0.0835036	-0.062361658	0.07620322	-0.07675405	0.061257962	-0.088093266	0.07640275	-0.064551115	0.0907721	-0.105560884	0.107397035	-0.092978016	0.080009416	-0.07093075	0.10201929	-0.1316378	0.14314966	-0.104228765	0.12218088	-0.81072986	0.1806055	-0.13617899	0.12698244	-0.16545446	0.9999996	-0.43796572	0.21792895	-0.14939617
0.100423	-0.085018456	0.15289867	-0.056666456	0.055122185	-0.0865415	0.11067174	-0.13616578	0.10318319	-0.12792237	0.118876226	-0.09625834	0.13923031	-0.12989643	0.10937267	-0.063759975	0.15239947	-0.17680305	0.15793899	-0.13871379	0.048301566	-0.15224996	0.20835486	-0.27751482	0.18447146	-0.07114631	0.28353146	-0.3561193	0.26537466	-0.23835787	0.08585509	-0.43796572	0.99999934	-0.62017345	0.23915446
-0.114541136	0.09547342	-0.17510608	0.059177026	-0.058502913	0.09603938	-0.12500398	0.14148065	-0.109158136	0.13051113	-0.13446997	0.1051813	-0.15237318	0.13446221	-0.11777443	0.052561674	-0.16589646	0.17492038	-0.17689592	0.14471093	-0.041478284	0.14743079	-0.2257644	0.27344835	-0.21794222	0.057527717	-0.27015194	0.2821423	-0.46289057	0.24086064	-0.0720238	0.21792895	-0.62017345	0.9999993	-0.35751536
0.12998825	-0.10915707	0.19992164	-0.07143811	0.0689983	-0.109472066	0.14026229	-0.16938114	0.12673956	-0.16109417	0.14478126	-0.1153902	0.16103455	-0.155921	0.13152863	-0.047116887	0.15450576	-0.18795922	0.17758824	-0.16769418	0.03627013	-0.14506328	0.18655941	-0.267443	0.21388541	-0.046697263	0.17220564	-0.235871	0.2159126	-0.32609922	0.057344843	-0.14939617	0.23915446	-0.35751536	0.9999993
