0.99999994	-0.67120665	0.23714454	-0.073898315	0.064270936	-0.56629664	0.3096586	-0.15236372	0.14032502	-0.05659798	0.20106381	-0.19453998	0.11266788	-0.10108665	0.059798017	-0.14690548	0.14353976	-0.112242155	0.09099401	-0.16029486	0.11898636	-0.13157612	0.07372739	-0.08518768	0.10675588	-0.04798335	0.062076073	-0.066122085	0.07060382	-0.056197092	0.031562205	-0.049665973	0.056881737	-0.05050562	0.0669164
-0.67120665	0.99999994	-0.4348893	0.08458028	-0.075031474	0.29609403	-0.4537094	0.18645641	-0.17576008	0.06106027	-0.18925302	0.17731555	-0.11912039	0.105249114	-0.06514595	0.13233887	-0.14454432	0.11376832	-0.09487391	0.15717825	-0.11699294	0.1257415	-0.073158115	0.08463918	-0.10628046	0.04649276	-0.06073981	0.06525935	-0.07033358	0.05573912	-0.030704618	0.048143025	-0.056506407	0.050001457	-0.066513486
0.23714454	-0.4348893	0.99999976	-0.18805307	0.14547212	-0.21864285	0.26389572	-0.48375005	0.2945298	-0.12091031	0.18149066	-0.20108822	0.18557665	-0.1887976	0.123654865	-0.17077409	0.19223528	-0.18510817	0.16241966	-0.31573826	0.16866347	-0.20449656	0.12492203	-0.14816417	0.19535396	-0.07887351	0.105187386	-0.11376208	0.12319662	-0.10103005	0.052151065	-0.08430283	0.09978016	-0.08877318	0.12070696
-0.073898315	0.08458028	-0.18805307	0.9999999	-0.8800293	0.06760229	-0.095307305	0.13991491	-0.2143693	0.21579543	-0.069777936	0.07440609	-0.08242837	0.097356625	-0.250054	0.0661275	-0.08160717	0.07699594	-0.08646706	0.14647639	-0.07158177	0.082802795	-0.05730063	0.06791404	-0.09783695	0.03223535	-0.04445182	0.05122848	-0.057815365	0.047878705	-0.021463301	0.034272265	-0.046563778	0.040802702	-0.058288597
0.064270936	-0.075031474	0.14547212	-0.8800293	0.9999998	-0.060863394	0.083368436	-0.12388188	0.15852197	-0.3075489	0.0639396	-0.06909091	0.07487213	-0.09188832	0.21767934	-0.062243734	0.07567042	-0.0720473	0.07944322	-0.15378702	0.067592	-0.08023254	0.05449406	-0.065106444	0.09325447	-0.031295616	0.04298452	-0.049143713	0.054991756	-0.04592125	0.020814033	-0.03344806	0.04440461	-0.039114464	0.055585112
-0.56629664	0.29609403	-0.21864285	0.06760229	-0.060863394	1.0	-0.6034044	0.15060438	-0.14718232	0.05280102	-0.3861631	0.24064954	-0.12507819	0.10129111	-0.05670851	0.17395552	-0.17176233	0.120131396	-0.0926494	0.1440139	-0.13668121	0.13476105	-0.0741292	0.08440946	-0.10183913	0.048153754	-0.06149061	0.06539709	-0.069711395	0.054125786	-0.03170425	0.04862919	-0.055781685	0.049320284	-0.06436496
0.3096586	-0.4537094	0.26389572	-0.095307305	0.083368436	-0.6034044	1.0000001	-0.24690275	0.19759017	-0.07500748	0.2666841	-0.34256864	0.16329119	-0.1410301	0.079258494	-0.20123485	0.20506741	-0.16200264	0.12563427	-0.21183062	0.16172332	-0.18046638	0.100533254	-0.1162536	0.14268734	-0.06486124	0.0836428	-0.08977929	0.09558224	-0.07548332	0.04261605	-0.06698108	0.076757446	-0.068194464	0.08967037
-0.15236372	0.18645641	-0.48375005	0.13991491	-0.12388188	0.15060438	-0.24690275	1.0	-0.73295665	0.098483495	-0.1356734	0.15404613	-0.2307251	0.17557925	-0.10412043	0.12203574	-0.15071218	0.17247936	-0.1495425	0.18904518	-0.11839892	0.1372254	-0.090660125	0.10757591	-0.12848075	0.05090244	-0.06813366	0.07890846	-0.0867574	0.067199014	-0.033680417	0.053567402	-0.06828513	0.060261205	-0.07984745
0.14032502	-0.17576008	0.2945298	-0.2143693	0.15852197	-0.14718232	0.19759017	-0.73295665	1.0000001	-0.143351	0.14320381	-0.16624334	0.19907396	-0.25944355	0.13683937	-0.13981119	0.16668142	-0.19084296	0.18305561	-0.2602604	0.14082342	-0.17191882	0.11348476	-0.13852076	0.16582772	-0.064354494	0.08649825	-0.100370154	0.109644026	-0.08655881	0.042572737	-0.06850799	0.08671101	-0.07702537	0.10253742
-0.05659798	0.06106027	-0.12091031	0.21579543	-0.3075489	0.05280102	-0.07500748	0.098483495	-0.143351	0.9999995	-0.059713867	0.06310276	-0.075799055	0.10772074	-0.8881037	0.057891943	-0.07382336	0.069571815	-0.096041255	0.16063367	-0.0661117	0.075490706	-0.057160866	0.0680084	-0.10653082	0.029674161	-0.041863304	0.0505464	-0.05859302	0.049520425	-0.01983088	0.031540684	-0.047049783	0.04091961	-0.060970776
0.20106381	-0.18925302	0.18149066	-0.069777936	0.0639396	-0.3861631	0.2666841	-0.1356734	0.14320381	-0.059713867	0.99999976	-0.63647735	0.18601672	-0.13616909	0.06474324	-0.45627788	0.28786328	-0.18819518	0.124916896	-0.17863731	0.22564389	-0.2182851	0.10734865	-0.120059334	0.13355121	-0.072139084	0.08801035	-0.0933735	0.096854396	-0.07287053	0.046808645	-0.07026847	0.076906435	-0.06824734	0.085766524
-0.19453998	0.17731555	-0.20108822	0.07440609	-0.06909091	0.24064954	-0.34256864	0.15404613	-0.16624334	0.06310276	-0.63647735	0.9999996	-0.30158076	0.15452433	-0.06922128	0.28085673	-0.4721233	0.23334277	-0.14582609	0.17504705	-0.21849471	0.19655703	-0.10868269	0.1214137	-0.13620353	0.067944825	-0.08588328	0.09291978	-0.099084325	0.07364485	-0.044805825	0.06672793	-0.07809873	0.068604834	-0.087206066
0.11266788	-0.11912039	0.18557665	-0.08242837	0.07487213	-0.12507819	0.16329119	-0.2307251	0.19907396	-0.075799055	0.18601672	-0.30158076	0.99999946	-0.34676674	0.08260785	-0.18868227	0.26584142	-0.7539182	0.23689048	-0.19003104	0.15859939	-0.18508577	0.12669463	-0.15131088	0.14512601	-0.061752953	0.08111508	-0.10410054	0.11140065	-0.07952791	0.04058092	-0.06337422	0.08455247	-0.07479722	0.09234348
-0.10108665	0.105249114	-0.1887976	0.097356625	-0.09188832	0.10129111	-0.1410301	0.17557925	-0.25944355	0.10772074	-0.13616909	0.15452433	-0.34676674	0.9999996	-0.13239667	0.13562825	-0.19033659	0.2423309	-0.7667188	0.21573366	-0.15313375	0.17738433	-0.1798847	0.22200586	-0.19113213	0.06332058	-0.089112625	0.133736	-0.16035172	0.102807194	-0.042100184	0.066267215	-0.112517886	0.09682772	-0.11907511
0.059798017	-0.06514595	0.123654865	-0.250054	0.21767934	-0.05670851	0.079258494	-0.10412043	0.13683937	-0.8881037	0.06474324	-0.06922128	0.08260785	-0.13239667	0.99999946	-0.06378218	0.080428295	-0.07765786	0.10603877	-0.21905842	0.072576284	-0.08476753	0.0633031	-0.076519996	0.11643642	-0.03309798	0.04645113	-0.056228504	0.06454666	-0.054673485	0.02208767	-0.035284463	0.05173452	-0.045262087	0.066641234
-0.14690548	0.13233887	-0.17077409	0.0661275	-0.062243734	0.17395552	-0.20123485	0.12203574	-0.13981119	0.057891943	-0.45627788	0.28085673	-0.18868227	0.13562825	-0.06378218	0.9999995	-0.511872	0.19165601	-0.13387434	0.17395788	-0.56943744	0.26426366	-0.12595163	0.13221896	-0.14515868	0.09386019	-0.10896095	0.10567713	-0.110168174	0.07994304	-0.062075563	0.08259932	-0.087301806	0.07616898	-0.0946973
0.14353976	-0.14454432	0.19223528	-0.08160717	0.07567042	-0.17176233	0.20506741	-0.15071218	0.16668142	-0.07382336	0.28786328	-0.4721233	0.26584142	-0.19033659	0.080428295	-0.511872	0.99999964	-0.41696373	0.1767623	-0.22980677	0.27129412	-0.31595525	0.15010192	-0.1684546	0.17473954	-0.094126716	0.11535623	-0.12876818	0.13140112	-0.09696314	0.060838092	-0.09287714	0.10335402	-0.09218901	0.11298543
-0.112242155	0.11376832	-0.18510817	0.07699594	-0.0720473	0.120131396	-0.16200264	0.17247936	-0.19084296	0.069571815	-0.18819518	0.23334277	-0.7539182	0.2423309	-0.07765786	0.19165601	-0.41696373	0.9999996	-0.27779466	0.1777086	-0.17038365	0.18040515	-0.13793269	0.15141599	-0.14739394	0.061583538	-0.08179566	0.10619341	-0.116324425	0.08042007	-0.040684223	0.0625233	-0.087366864	0.07603717	-0.09407085
0.09099401	-0.09487391	0.16241966	-0.08646706	0.07944322	-0.0926494	0.12563427	-0.1495425	0.18305561	-0.096041255	0.124916896	-0.14582609	0.23689048	-0.7667188	0.10603877	-0.13387434	0.1767623	-0.27779466	0.9999994	-0.25710696	0.14887896	-0.19633828	0.19238354	-0.35355458	0.1924494	-0.064496726	0.08978904	-0.14904635	0.16479014	-0.107602715	0.0426434	-0.068027675	0.114305496	-0.10241636	0.11978969
-0.16029486	0.15717825	-0.31573826	0.14647639	-0.15378702	0.1440139	-0.21183062	0.18904518	-0.2602604	0.16063367	-0.17863731	0.17504705	-0.19003104	0.21573366	-0.21905842	0.17395788	-0.22980677	0.1777086	-0.25710696	0.999999	-0.22361286	0.24014406	-0.19831175	0.2304388	-0.58308846	0.10162714	-0.15144171	0.1838127	-0.22472224	0.22362448	-0.06868587	0.10832364	-0.18938401	0.16265467	-0.28673795
0.11898636	-0.11699294	0.16866347	-0.07158177	0.067592	-0.13668121	0.16172332	-0.11839892	0.14082342	-0.0661117	0.22564389	-0.21849471	0.15859939	-0.15313375	0.072576284	-0.56943744	0.27129412	-0.17038365	0.14887896	-0.22361286	0.999999	-0.5880351	0.18951489	-0.19446005	0.18688844	-0.17096686	0.16477938	-0.15887378	0.15233064	-0.10761591	0.10030581	-0.13214552	0.11989138	-0.10675372	0.124346785
-0.13157612	0.1257415	-0.20449656	0.082802795	-0.08023254	0.13476105	-0.18046638	0.1372254	-0.17191882	0.075490706	-0.2182851	0.19655703	-0.18508577	0.17738433	-0.08476753	0.26426366	-0.31595525	0.18040515	-0.19633828	0.24014406	-0.5880351	0.9999989	-0.39633757	0.25482967	-0.27026153	0.1378466	-0.20023188	0.22269134	-0.23611353	0.15053576	-0.09303297	0.13120902	-0.18358923	0.15022416	-0.18151939
0.07372739	-0.073158115	0.12492203	-0.05730063	0.05449406	-0.0741292	0.100533254	-0.090660125	0.11348476	-0.057160866	0.10734865	-0.10868269	0.12669463	-0.1798847	0.0633031	-0.12595163	0.15010192	-0.13793269	0.19238354	-0.19831175	0.18951489	-0.39633757	0.9999992	-0.6247763	0.2130542	-0.085115984	0.12421635	-0.5139166	0.2860794	-0.14746523	0.055477668	-0.090418756	0.19381768	-0.17330332	0.15298766
-0.08518768	0.08463918	-0.14816417	0.06791404	-0.065106444	0.08440946	-0.1162536	0.10757591	-0.13852076	0.0680084	-0.120059334	0.1214137	-0.15131088	0.22200586	-0.076519996	0.13221896	-0.1684546	0.15141599	-0.35355458	0.2304388	-0.19446005	0.25482967	-0.6247763	0.99999887	-0.3294467	0.08512609	-0.12677065	0.29037264	-0.40433848	0.17799146	-0.05643326	0.090454295	-0.21048187	0.18080293	-0.18827133
0.10675588	-0.10628046	0.19535396	-0.09783695	0.09325447	-0.10183913	0.14268734	-0.12848075	0.16582772	-0.10653082	0.13355121	-0.13620353	0.14512601	-0.19113213	0.11643642	-0.14515868	0.17473954	-0.14739394	0.1924494	-0.58308846	0.18688844	-0.27026153	0.2130542	-0.3294467	0.99999887	-0.10041541	0.13846977	-0.21556032	0.23757362	-0.41892824	0.06639408	-0.110691346	0.18224142	-0.18418993	0.2790154
-0.04798335	0.04649276	-0.07887351	0.03223535	-0.031295616	0.048153754	-0.06486124	0.05090244	-0.064354494	0.029674161	-0.072139084	0.067944825	-0.061752953	0.06332058	-0.03309798	0.09386019	-0.094126716	0.061583538	-0.064496726	0.10162714	-0.17096686	0.1378466	-0.085115984	0.08512609	-0.10041541	0.9999987	-0.57787615	0.097355984	-0.09385133	0.06152665	-0.69867665	0.33058694	-0.07775939	0.06490128	-0.07343408
0.062076073	-0.06073981	0.105187386	-0.04445182	0.04298452	-0.06149061	0.0836428	-0.06813366	0.08649825	-0.041863304	0.08801035	-0.08588328	0.08111508	-0.089112625	0.04645113	-0.10896095	0.11535623	-0.08179566	0.08978904	-0.15144171	0.16477938	-0.20023188	0.12421635	-0.12677065	0.13846977	-0.57787615	0.9999988	-0.1675967	0.1349717	-0.08912763	0.31502196	-0.65699196	0.111609444	-0.097823635	0.10231094
-0.066122085	0.06525935	-0.11376208	0.05122848	-0.049143713	0.06539709	-0.08977929	0.07890846	-0.100370154	0.0505464	-0.0933735	0.09291978	-0.10410054	0.133736	-0.056228504	0.10567713	-0.12876818	0.10619341	-0.14904635	0.1838127	-0.15887378	0.22269134	-0.5139166	0.29037264	-0.21556032	0.097355984	-0.1675967	0.9999989	-0.6067514	0.1871194	-0.06304945	0.107605815	-0.39545846	0.2620039	-0.20412757
0.07060382	-0.07033358	0.12319662	-0.057815365	0.054991756	-0.069711395	0.09558224	-0.0867574	0.109644026	-0.05859302	0.096854396	-0.099084325	0.11140065	-0.16035172	0.06454666	-0.110168174	0.13140112	-0.116324425	0.16479014	-0.22472224	0.15233064	-0.23611353	0.2860794	-0.40433848	0.23757362	-0.09385133	0.1349717	-0.6067514	0.99999887	-0.31411457	0.06067012	-0.104643494	0.28787965	-0.40357193	0.2431148
-0.056197092	0.05573912	-0.10103005	0.047878705	-0.04592125	0.054125786	-0.07548332	0.067199014	-0.08655881	0.049520425	-0.07287053	0.07364485	-0.07952791	0.102807194	-0.054673485	0.07994304	-0.09696314	0.08042007	-0.107602715	0.22362448	-0.10761591	0.15053576	-0.14746523	0.17799146	-0.41892824	0.06152665	-0.08912763	0.1871194	-0.31411457	0.9999992	-0.04071904	0.06849901	-0.20148896	0.21007004	-0.7798808
0.031562205	-0.030704618	0.052151065	-0.021463301	0.020814033	-0.03170425	0.04261605	-0.033680417	0.042572737	-0.01983088	0.046808645	-0.044805825	0.04058092	-0.042100184	0.02208767	-0.062075563	0.060838092	-0.040684223	0.0426434	-0.06868587	0.10030581	-0.09303297	0.055477668	-0.05643326	0.06639408	-0.69867665	0.31502196	-0.06304945	0.06067012	-0.04071904	0.9999992	-0.6288173	0.051859345	-0.04367546	0.04841409
-0.049665973	0.048143025	-0.08430283	0.034272265	-0.03344806	0.04862919	-0.06698108	0.053567402	-0.06850799	0.031540684	-0.07026847	0.06672793	-0.06337422	0.066267215	-0.035284463	0.08259932	-0.09287714	0.0625233	-0.068027675	0.10832364	-0.13214552	0.13120902	-0.090418756	0.090454295	-0.110691346	0.33058694	-0.65699196	0.107605815	-0.104643494	0.06849901	-0.6288173	0.9999994	-0.09052158	0.074059695	-0.08235608
0.056881737	-0.056506407	0.09978016	-0.046563778	0.04440461	-0.055781685	0.076757446	-0.06828513	0.08671101	-0.047049783	0.076906435	-0.07809873	0.08455247	-0.112517886	0.05173452	-0.087301806	0.10335402	-0.087366864	0.114305496	-0.18938401	0.11989138	-0.18358923	0.19381768	-0.21048187	0.18224142	-0.07775939	0.111609444	-0.39545846	0.28787965	-0.20148896	0.051859345	-0.09052158	0.9999994	-0.7887876	0.21370696
-0.05050562	0.050001457	-0.08877318	0.040802702	-0.039114464	0.049320284	-0.068194464	0.060261205	-0.07702537	0.04091961	-0.06824734	0.068604834	-0.07479722	0.09682772	-0.045262087	0.07616898	-0.09218901	0.07603717	-0.10241636	0.16265467	-0.10675372	0.15022416	-0.17330332	0.18080293	-0.18418993	0.06490128	-0.097823635	0.2620039	-0.40357193	0.21007004	-0.04367546	0.074059695	-0.7887876	0.9999994	-0.30986577
0.0669164	-0.066513486	0.12070696	-0.058288597	0.055585112	-0.06436496	0.08967037	-0.07984745	0.10253742	-0.060970776	0.085766524	-0.087206066	0.09234348	-0.11907511	0.066641234	-0.0946973	0.11298543	-0.09407085	0.11978969	-0.28673795	0.124346785	-0.18151939	0.15298766	-0.18827133	0.2790154	-0.07343408	0.10231094	-0.20412757	0.2431148	-0.7798808	0.04841409	-0.08235608	0.21370696	-0.30986577	0.9999994
