1.0000001	-0.637732	0.2320348	-0.16905308	0.14667147	-0.58425933	0.28694555	-0.27350265	0.18628709	-0.1351855	0.19751492	-0.17112425	0.17362227	-0.14496154	0.12570916	-0.139368	0.13987458	-0.111767314	0.1000475	-0.095594496	0.14864781	-0.116804846	0.112579	-0.08963351	0.10358413	-0.15719415	0.11326827	-0.08002441	0.09859936	-0.12617825	0.06375071	-0.060752466	0.098733075	-0.056224078	0.059237123
-0.637732	1.0	-0.38712728	0.19316526	-0.16610482	0.29984093	-0.49279094	0.26854524	-0.21144712	0.14147413	-0.17070895	0.15225086	-0.17651244	0.14229284	-0.12743372	0.11706498	-0.12950036	0.102688625	-0.0967095	0.092956476	-0.13692884	0.10524308	-0.105522215	0.08517273	-0.100971356	0.13779926	-0.103676386	0.073212646	-0.09113462	0.11371283	-0.05793174	0.05486218	-0.09055588	0.05108233	-0.05407917
0.2320348	-0.38712728	1.0	-0.63976675	0.26632512	-0.25394338	0.2188456	-0.27427194	0.28697315	-0.24527179	0.16276179	-0.16333118	0.18461919	-0.19306158	0.17014866	-0.12589844	0.14439532	-0.1251971	0.12414676	-0.12750131	0.14855146	-0.12482384	0.12696125	-0.111954205	0.13220145	-0.18958618	0.12977342	-0.09575065	0.11975717	-0.168117	0.0778601	-0.07363618	0.12429334	-0.07220249	0.076503456
-0.16905308	0.19316526	-0.63976675	0.99999976	-0.49045733	0.16807897	-0.15860513	0.19176422	-0.45163283	0.26823512	-0.12379384	0.12593862	-0.1530282	0.17658833	-0.16722208	0.09467396	-0.11230357	0.098502226	-0.10637028	0.112294815	-0.11399157	0.09548442	-0.100448735	0.093177274	-0.11499067	0.13818078	-0.098320216	0.07263776	-0.09121923	0.1238463	-0.057911377	0.05473649	-0.0931009	0.05363893	-0.05711918
0.14667147	-0.16610482	0.26632512	-0.49045733	0.9999999	-0.17730214	0.14659293	-0.20093432	0.3104997	-0.65909964	0.13775265	-0.14667375	0.17229848	-0.22370596	0.22647186	-0.10953992	0.13169247	-0.12053801	0.13319014	-0.15519677	0.1319888	-0.114649534	0.12133674	-0.11938209	0.14535062	-0.17395066	0.1197001	-0.090038605	0.11290797	-0.1616996	0.07209372	-0.06823915	0.11688407	-0.06841415	0.07279914
-0.58425933	0.29984093	-0.25394338	0.16807897	-0.17730214	0.9999997	-0.41511574	0.2733292	-0.23462546	0.15512016	-0.39947242	0.22673841	-0.24040219	0.17688617	-0.160031	0.20146316	-0.19785394	0.14512166	-0.12865739	0.11846012	-0.22836354	0.15607648	-0.15086262	0.11299435	-0.13190278	0.1848721	-0.1476841	0.10054733	-0.12419915	0.14442456	-0.07837165	0.07438494	-0.12024885	0.06672892	-0.07040164
0.28694555	-0.49279094	0.2188456	-0.15860513	0.14659293	-0.41511574	0.9999999	-0.64516306	0.20630442	-0.13821883	0.18796949	-0.19827145	0.2131347	-0.1591781	0.132245	-0.13044846	0.14311226	-0.11286227	0.10166774	-0.09747525	0.14461923	-0.11474836	0.11260845	-0.089912325	0.10466492	-0.14623679	0.10939863	-0.07682787	0.09463386	-0.11795094	0.060293883	-0.05746565	0.09351318	-0.05294167	0.055859316
-0.27350265	0.26854524	-0.27427194	0.19176422	-0.20093432	0.2733292	-0.64516306	0.9999999	-0.34257194	0.18452103	-0.2238791	0.22464862	-0.37968433	0.21813586	-0.18762772	0.1526832	-0.18311173	0.14346305	-0.13703352	0.13035782	-0.184413	0.14242803	-0.14709921	0.11810058	-0.14188947	0.1756088	-0.1382163	0.096770525	-0.1205654	0.14465235	-0.07528456	0.07127518	-0.11773682	0.06580131	-0.06980733
0.18628709	-0.21144712	0.28697315	-0.45163283	0.3104997	-0.23462546	0.20630442	-0.34257194	0.99999976	-0.4725702	0.17821358	-0.19602633	0.23875432	-0.36617893	0.2564631	-0.13990021	0.16724415	-0.15064788	0.162376	-0.1771248	0.16594407	-0.14346464	0.15023737	-0.14417723	0.17211041	-0.2116224	0.14698125	-0.10942469	0.13660379	-0.19121212	0.087225884	-0.08274761	0.14025226	-0.08167842	0.08677523
-0.1351855	0.14147413	-0.24527179	0.26823512	-0.65909964	0.15512016	-0.13821883	0.18452103	-0.4725702	0.99999964	-0.1327111	0.14222594	-0.18451512	0.24545623	-0.39486313	0.10350978	-0.1285555	0.119008794	-0.15212859	0.17915279	-0.1261439	0.10893152	-0.121518314	0.12763172	-0.17401856	0.1522599	-0.11142266	0.08385148	-0.10592223	0.14172462	-0.06492423	0.061439484	-0.106349796	0.061173774	-0.0657723
0.19751492	-0.17070895	0.16276179	-0.12379384	0.13775265	-0.39947242	0.18796949	-0.2238791	0.17821358	-0.1327111	0.9999996	-0.4915341	0.24863379	-0.1874378	0.14914717	-0.5529465	0.26956066	-0.1858593	0.13315158	-0.12002602	0.2882999	-0.2156679	0.17338395	-0.12174392	0.12998007	-0.23282623	0.17155504	-0.114613846	0.13345958	-0.15922041	0.08725937	-0.085729346	0.1279926	-0.072824635	0.07533422
-0.17112425	0.15225086	-0.16333118	0.12593862	-0.14667375	0.22673841	-0.19827145	0.22464862	-0.19602633	0.14222594	-0.4915341	0.9999996	-0.5511192	0.22812499	-0.18387151	0.25434998	-0.4441094	0.20685482	-0.15313193	0.13444845	-0.26281118	0.21856694	-0.1988094	0.13299501	-0.14651935	0.20929164	-0.17990974	0.114957124	-0.13605973	0.15217139	-0.08495802	0.08256029	-0.12654826	0.07067553	-0.073569655
0.17362227	-0.17651244	0.18461919	-0.1530282	0.17229848	-0.24040219	0.2131347	-0.37968433	0.23875432	-0.18451512	0.24863379	-0.5511192	0.9999999	-0.4892879	0.2358297	-0.18991727	0.23922047	-0.21033034	0.1701152	-0.1695133	0.19822423	-0.18285827	0.18093382	-0.1493845	0.16627678	-0.21456191	0.15986323	-0.11286848	0.13550436	-0.17192496	0.08547546	-0.08283937	0.13189848	-0.07590796	0.07968711
-0.14496154	0.14229284	-0.19306158	0.17658833	-0.22370596	0.17688617	-0.1591781	0.21813586	-0.36617893	0.24545623	-0.1874378	0.22812499	-0.4892879	0.9999999	-0.5808112	0.1403186	-0.18669097	0.16891901	-0.25035754	0.24226843	-0.16695277	0.14609727	-0.16832426	0.18272676	-0.2417271	0.18183888	-0.14134993	0.10472457	-0.13126491	0.16489772	-0.07779535	0.07418339	-0.12683769	0.07227241	-0.077836916
0.12570916	-0.12743372	0.17014866	-0.16722208	0.22647186	-0.160031	0.132245	-0.18762772	0.2564631	-0.39486313	0.14914717	-0.18387151	0.2358297	-0.5808112	0.9999995	-0.12066147	0.15387163	-0.15794633	0.22506072	-0.47742876	0.14279234	-0.13187191	0.15176034	-0.19729738	0.25388914	-0.17995659	0.13032453	-0.10099913	0.12570362	-0.17909361	0.07534318	-0.07210037	0.12492821	-0.0737793	0.07939565
-0.139368	0.11706498	-0.12589844	0.09467396	-0.10953992	0.20146316	-0.13044846	0.1526832	-0.13990021	0.10350978	-0.5529465	0.25434998	-0.18991727	0.1403186	-0.12066147	0.99999964	-0.37107804	0.18203884	-0.11970465	0.10072027	-0.6358247	0.24231924	-0.18238191	0.10923764	-0.11237566	0.20877081	-0.18010175	0.10933033	-0.12519258	0.13444547	-0.08036199	0.07910403	-0.11467878	0.063799776	-0.06545572
0.13987458	-0.12950036	0.14439532	-0.11230357	0.13169247	-0.19785394	0.14311226	-0.18311173	0.16724415	-0.1285555	0.26956066	-0.4441094	0.23922047	-0.18669097	0.15387163	-0.37107804	0.9999996	-0.42356616	0.17286892	-0.13868555	0.2918729	-0.4898718	0.28157428	-0.16064619	0.15058288	-0.28922167	0.24452174	-0.15334587	0.16480029	-0.17901067	0.10608773	-0.108013056	0.14985575	-0.08469098	0.08592265
-0.111767314	0.102688625	-0.1251971	0.098502226	-0.12053801	0.14512166	-0.11286227	0.14346305	-0.15064788	0.119008794	-0.1858593	0.20685482	-0.21033034	0.16891901	-0.15794633	0.18203884	-0.42356616	0.9999994	-0.31215328	0.16621102	-0.22423193	0.26446152	-0.71898377	0.22853619	-0.18830658	0.21624646	-0.20610662	0.13990311	-0.16222645	0.1599568	-0.09018433	0.08865236	-0.13760981	0.07601735	-0.07836582
0.1000475	-0.0967095	0.12414676	-0.10637028	0.13319014	-0.12865739	0.10166774	-0.13703352	0.162376	-0.15212859	0.13315158	-0.15313193	0.1701152	-0.25035754	0.22506072	-0.11970465	0.17286892	-0.31215328	0.9999997	-0.4404772	0.1441387	-0.15578224	0.23905805	-0.6862641	0.3139684	-0.18654785	0.14350234	-0.12476667	0.15410803	-0.18130001	0.0775569	-0.075734064	0.13044062	-0.07703412	0.08156547
-0.095594496	0.092956476	-0.12750131	0.112294815	-0.15519677	0.11846012	-0.09747525	0.13035782	-0.1771248	0.17915279	-0.12002602	0.13444845	-0.1695133	0.24226843	-0.47742876	0.10072027	-0.13868555	0.16621102	-0.4404772	0.99999976	-0.124273755	0.12079168	-0.1688238	0.28716475	-0.63266164	0.15332273	-0.11982127	0.09910849	-0.12722306	0.16911413	-0.06823989	0.065140575	-0.120481424	0.06988183	-0.07857644
0.14864781	-0.13692884	0.14855146	-0.11399157	0.1319888	-0.22836354	0.14461923	-0.184413	0.16594407	-0.1261439	0.2882999	-0.26281118	0.19822423	-0.16695277	0.14279234	-0.6358247	0.2918729	-0.22423193	0.1441387	-0.124273755	0.99999976	-0.42419007	0.21514854	-0.1373581	0.13776295	-0.32867488	0.2385537	-0.15083739	0.16451646	-0.18549475	0.11104036	-0.11230609	0.15385161	-0.08733775	0.088656984
-0.116804846	0.10524308	-0.12482384	0.09548442	-0.114649534	0.15607648	-0.11474836	0.14242803	-0.14346464	0.10893152	-0.2156679	0.21856694	-0.18285827	0.14609727	-0.13187191	0.24231924	-0.4898718	0.26446152	-0.15578224	0.12079168	-0.42419007	0.99999976	-0.38347733	0.14988813	-0.13945994	0.286829	-0.5198326	0.18803248	-0.19758147	0.17016412	-0.12103171	0.12215292	-0.16230728	0.086569324	-0.0862608
0.112579	-0.105522215	0.12696125	-0.100448735	0.12133674	-0.15086262	0.11260845	-0.14709921	0.15023737	-0.121518314	0.17338395	-0.1988094	0.18093382	-0.16832426	0.15176034	-0.18238191	0.28157428	-0.71898377	0.23905805	-0.1688238	0.21514854	-0.38347733	0.9999995	-0.29688707	0.1873814	-0.26248467	0.22189064	-0.16876912	0.17401358	-0.1829772	0.10001251	-0.101438195	0.15011561	-0.08554697	0.08665336
-0.08963351	0.08517273	-0.111954205	0.093177274	-0.11938209	0.11299435	-0.089912325	0.11810058	-0.14417723	0.12763172	-0.12174392	0.13299501	-0.1493845	0.18272676	-0.19729738	0.10923764	-0.16064619	0.22853619	-0.6862641	0.28716475	-0.1373581	0.14988813	-0.29688707	0.9999992	-0.52048135	0.17145991	-0.1431813	0.13172352	-0.18713129	0.17274787	-0.07498732	0.07295809	-0.13210252	0.075843774	-0.08175641
0.10358413	-0.100971356	0.13220145	-0.11499067	0.14535062	-0.13190278	0.10466492	-0.14188947	0.17211041	-0.17401856	0.12998007	-0.14651935	0.16627678	-0.2417271	0.25388914	-0.11237566	0.15058288	-0.18830658	0.3139684	-0.63266164	0.13776295	-0.13945994	0.1873814	-0.52048135	0.99999934	-0.18655448	0.13914265	-0.12222492	0.15361093	-0.25704342	0.08195606	-0.07873089	0.14804594	-0.09058149	0.10191163
-0.15719415	0.13779926	-0.18958618	0.13818078	-0.17395066	0.1848721	-0.14623679	0.1756088	-0.2116224	0.1522599	-0.23282623	0.20929164	-0.21456191	0.18183888	-0.17995659	0.20877081	-0.28922167	0.21624646	-0.18654785	0.15332273	-0.32867488	0.286829	-0.26248467	0.17145991	-0.18655448	0.9999993	-0.5452923	0.26198053	-0.34630594	0.24865423	-0.26934147	0.21266265	-0.29677892	0.14258009	-0.14872956
0.11326827	-0.103676386	0.12977342	-0.098320216	0.1197001	-0.1476841	0.10939863	-0.1382163	0.14698125	-0.11142266	0.17155504	-0.17990974	0.15986323	-0.14134993	0.13032453	-0.18010175	0.24452174	-0.20610662	0.14350234	-0.11982127	0.2385537	-0.5198326	0.22189064	-0.1431813	0.13914265	-0.5452923	0.9999993	-0.40158653	0.27117932	-0.22304168	0.18557258	-0.22399214	0.22313973	-0.12115349	0.11434641
-0.08002441	0.073212646	-0.09575065	0.07263776	-0.090038605	0.10054733	-0.07682787	0.096770525	-0.10942469	0.08385148	-0.114613846	0.114957124	-0.11286848	0.10472457	-0.10099913	0.10933033	-0.15334587	0.13990311	-0.12476667	0.09910849	-0.15083739	0.18803248	-0.16876912	0.13172352	-0.12222492	0.26198053	-0.40158653	0.9999993	-0.7423949	0.22829515	-0.1290063	0.13537745	-0.38532358	0.15232219	-0.13326198
0.09859936	-0.09113462	0.11975717	-0.09121923	0.11290797	-0.12419915	0.09463386	-0.1205654	0.13660379	-0.10592223	0.13345958	-0.13605973	0.13550436	-0.13126491	0.12570362	-0.12519258	0.16480029	-0.16222645	0.15410803	-0.12722306	0.16451646	-0.19758147	0.17401358	-0.18713129	0.15361093	-0.34630594	0.27117932	-0.7423949	0.99999964	-0.31426874	0.13847378	-0.14855194	0.2738856	-0.17503381	0.14827587
-0.12617825	0.11371283	-0.168117	0.1238463	-0.1616996	0.14442456	-0.11795094	0.14465235	-0.19121212	0.14172462	-0.15922041	0.15217139	-0.17192496	0.16489772	-0.17909361	0.13444547	-0.17901067	0.1599568	-0.18130001	0.16911413	-0.18549475	0.17016412	-0.1829772	0.17274787	-0.25704342	0.24865423	-0.22304168	0.22829515	-0.31426874	0.9999996	-0.18670788	0.16495363	-0.4985461	0.2890976	-0.50322
0.06375071	-0.05793174	0.0778601	-0.057911377	0.07209372	-0.07837165	0.060293883	-0.07528456	0.087225884	-0.06492423	0.08725937	-0.08495802	0.08547546	-0.07779535	0.07534318	-0.08036199	0.10608773	-0.09018433	0.0775569	-0.06823989	0.11104036	-0.12103171	0.10001251	-0.07498732	0.08195606	-0.26934147	0.18557258	-0.1290063	0.13847378	-0.18670788	0.9999993	-0.8992276	0.19208549	-0.106497794	0.09518075
-0.060752466	0.05486218	-0.07363618	0.05473649	-0.06823915	0.07438494	-0.05746565	0.07127518	-0.08274761	0.061439484	-0.085729346	0.08256029	-0.08283937	0.07418339	-0.07210037	0.07910403	-0.108013056	0.08865236	-0.075734064	0.065140575	-0.11230609	0.12215292	-0.101438195	0.07295809	-0.07873089	0.21266265	-0.22399214	0.13537745	-0.14855194	0.16495363	-0.8992276	0.9999989	-0.24185349	0.10494667	-0.09711152
0.098733075	-0.09055588	0.12429334	-0.0931009	0.11688407	-0.12024885	0.09351318	-0.11773682	0.14025226	-0.106349796	0.1279926	-0.12654826	0.13189848	-0.12683769	0.12492821	-0.11467878	0.14985575	-0.13760981	0.13044062	-0.120481424	0.15385161	-0.16230728	0.15011561	-0.13210252	0.14804594	-0.29677892	0.22313973	-0.38532358	0.2738856	-0.4985461	0.19208549	-0.24185349	0.9999987	-0.4955423	0.28429234
-0.056224078	0.05108233	-0.07220249	0.05363893	-0.06841415	0.06672892	-0.05294167	0.06580131	-0.08167842	0.061173774	-0.072824635	0.07067553	-0.07590796	0.07227241	-0.0737793	0.063799776	-0.08469098	0.07601735	-0.07703412	0.06988183	-0.08733775	0.086569324	-0.08554697	0.075843774	-0.09058149	0.14258009	-0.12115349	0.15232219	-0.17503381	0.2890976	-0.106497794	0.10494667	-0.4955423	0.99999857	-0.7691887
0.059237123	-0.05407917	0.076503456	-0.05711918	0.07279914	-0.07040164	0.055859316	-0.06980733	0.08677523	-0.0657723	0.07533422	-0.073569655	0.07968711	-0.077836916	0.07939565	-0.06545572	0.08592265	-0.07836582	0.08156547	-0.07857644	0.088656984	-0.0862608	0.08665336	-0.08175641	0.10191163	-0.14872956	0.11434641	-0.13326198	0.14827587	-0.50322	0.09518075	-0.09711152	0.28429234	-0.7691887	0.99999857
