1.0	-0.50712746	0.21924329	-0.08723012	0.09864718	-0.68542534	0.30919108	-0.20792103	0.10925958	-0.10173214	0.25091156	-0.21671182	0.18734537	-0.14987925	0.14425923	-0.076709904	0.073355876	-0.19201484	0.11156859	-0.09369747	0.10027395	-0.103043795	0.090205885	-0.11743808	0.086698025	-0.069225706	0.13350363	-0.10065028	0.07906099	-0.07237142	0.10269666	-0.13106646	0.08591099	-0.068388276	0.07568379
-0.50712746	0.99999994	-0.35111895	0.084452145	-0.0929183	0.31515574	-0.6781155	0.2471707	-0.10990045	0.09377544	-0.23870575	0.20967767	-0.20055534	0.13390574	-0.13048044	0.06424156	-0.06428105	0.14230315	-0.09631218	0.077523544	-0.07639723	0.07684996	-0.06888137	0.09484317	-0.071469374	0.052276623	-0.10131949	0.07665401	-0.0615995	0.056517962	-0.07763249	0.09547108	-0.06594266	0.052601248	-0.05923744
0.21924329	-0.35111895	0.99999994	-0.15607214	0.13887241	-0.23862697	0.25835288	-0.7498663	0.1834535	-0.15481606	0.21812074	-0.24265058	0.2567567	-0.20358622	0.17455932	-0.07682149	0.07401498	-0.20764154	0.13345715	-0.110579945	0.102245726	-0.108313136	0.09632698	-0.13664477	0.09861717	-0.07043575	0.13537358	-0.10675785	0.0852371	-0.078559205	0.1037627	-0.1324864	0.08988617	-0.072727375	0.08099647
-0.08723012	0.084452145	-0.15607214	0.9999998	-0.5915816	0.081739955	-0.08297101	0.14979033	-0.6977326	0.2929935	-0.11300487	0.103062905	-0.13285011	0.18612362	-0.20926681	0.038171925	-0.037480526	0.112223625	-0.11702285	0.09552358	-0.061968967	0.063898034	-0.05801878	0.10620974	-0.08124611	0.04293791	-0.08542922	0.07078126	-0.059724838	0.056467608	-0.063462384	0.0824506	-0.060357936	0.049903482	-0.057391293
0.09864718	-0.0929183	0.13887241	-0.5915816	0.9999998	-0.09425119	0.086911	-0.14094335	0.3177178	-0.6278037	0.13170417	-0.12154515	0.1434043	-0.22564697	0.2550418	-0.047902826	0.046484165	-0.1506446	0.13837259	-0.12989852	0.081857435	-0.08615451	0.07718837	-0.14324972	0.10479817	-0.05706512	0.11279859	-0.09559266	0.0793453	-0.07560795	0.08413547	-0.11304783	0.080025084	-0.06684948	0.07555942
-0.68542534	0.31515574	-0.23862697	0.081739955	-0.09425119	0.9999997	-0.49969673	0.20336549	-0.106186934	0.094208464	-0.3479194	0.22113955	-0.19833918	0.13813438	-0.13711618	0.07294422	-0.072063416	0.15583804	-0.10169814	0.082643166	-0.08449014	0.08461993	-0.07538055	0.101642005	-0.07673519	0.05786006	-0.1121115	0.084013246	-0.06716405	0.0615289	-0.08600439	0.10577563	-0.07240569	0.057559047	-0.06466478
0.30919108	-0.6781155	0.25835288	-0.08297101	0.086911	-0.49969673	0.99999934	-0.3249081	0.106939934	-0.09027928	0.22816816	-0.28289914	0.20195119	-0.13296127	0.12125582	-0.065147385	0.06441509	-0.13819647	0.09165867	-0.07364757	0.071785145	-0.07350674	0.06584166	-0.09067128	0.0673087	-0.0491417	0.09465263	-0.072508	0.05814654	-0.05333973	0.072674826	-0.090087816	0.06192375	-0.049591787	0.05565622
-0.20792103	0.2471707	-0.7498663	0.14979033	-0.14094335	0.20336549	-0.3249081	0.99999934	-0.2349449	0.14603342	-0.21680173	0.2264583	-0.3706052	0.19281337	-0.17225681	0.067290835	-0.066763036	0.16932674	-0.12586609	0.098370194	-0.08659994	0.089117855	-0.0812784	0.11896728	-0.08835606	0.05923842	-0.11475433	0.089795396	-0.07312739	0.06737469	-0.087583825	0.108644225	-0.07654522	0.06180115	-0.06987475
0.10925958	-0.10990045	0.1834535	-0.6977326	0.3177178	-0.106186934	0.106939934	-0.2349449	0.9999994	-0.4441068	0.14135578	-0.13689777	0.17187537	-0.30138215	0.24253666	-0.04946019	0.048281997	-0.14794052	0.15108228	-0.12497074	0.07974345	-0.08358024	0.07569973	-0.1423878	0.10317274	-0.05533267	0.109488055	-0.09217584	0.07743075	-0.07309325	0.08155836	-0.10718592	0.07758246	-0.06463286	0.07354783
-0.10173214	0.09377544	-0.15481606	0.2929935	-0.6278037	0.094208464	-0.09027928	0.14603342	-0.4441068	0.9999994	-0.13716306	0.12210366	-0.15390478	0.2309754	-0.4994064	0.047117278	-0.046196733	0.14265296	-0.15091617	0.14050479	-0.08002852	0.082490206	-0.07486899	0.14175823	-0.117106065	0.055597506	-0.11127931	0.093326956	-0.07940706	0.07643431	-0.08217186	0.10769738	-0.079796314	0.06635184	-0.077319324
0.25091156	-0.23870575	0.21812074	-0.11300487	0.13170417	-0.3479194	0.22816816	-0.21680173	0.14135578	-0.13716306	0.99999946	-0.58893454	0.2943175	-0.23715463	0.20412485	-0.17091323	0.14881052	-0.3105298	0.16741413	-0.14026617	0.1519999	-0.16259648	0.14142367	-0.17935367	0.12881856	-0.10483574	0.19791315	-0.15272088	0.11905162	-0.10869933	0.15353483	-0.1974013	0.12834619	-0.10276834	0.112940334
-0.21671182	0.20967767	-0.24265058	0.103062905	-0.12154515	0.22113955	-0.28289914	0.2264583	-0.13689777	0.12210366	-0.58893454	0.99999887	-0.58931994	0.22016552	-0.19360179	0.13928533	-0.15903404	0.21131013	-0.15204383	0.11317136	-0.11069886	0.11212377	-0.10296498	0.13885756	-0.10450855	0.07485173	-0.14254487	0.10894924	-0.08840276	0.08065963	-0.11018696	0.13220455	-0.09341816	0.074669905	-0.08456441
0.18734537	-0.20055534	0.2567567	-0.13285011	0.1434043	-0.19833918	0.20195119	-0.3706052	0.17187537	-0.15390478	0.2943175	-0.58931994	0.99999875	-0.42261285	0.2278289	-0.10973873	0.10716345	-0.30579042	0.19578613	-0.14498657	0.12842147	-0.13845089	0.12909548	-0.18264337	0.12846817	-0.08726748	0.1661976	-0.13282284	0.10788145	-0.09844956	0.12787794	-0.15663093	0.111150526	-0.09029882	0.10150473
-0.14987925	0.13390574	-0.20358622	0.18612362	-0.22564697	0.13813438	-0.13296127	0.19281337	-0.30138215	0.2309754	-0.23715463	0.22016552	-0.42261285	0.9999987	-0.49191466	0.075771056	-0.075930126	0.2182051	-0.48891228	0.22049484	-0.12409683	0.12636842	-0.119785	0.25654802	-0.19447514	0.08543589	-0.17333758	0.1461735	-0.13198613	0.1218491	-0.12608653	0.1586355	-0.12705967	0.10560968	-0.12485241
0.14425923	-0.13048044	0.17455932	-0.20926681	0.2550418	-0.13711618	0.12125582	-0.17225681	0.24253666	-0.4994064	0.20412485	-0.19360179	0.2278289	-0.49191466	0.9999983	-0.07717768	0.07471682	-0.2528909	0.25993547	-0.31952196	0.13739349	-0.14712769	0.1324429	-0.27336538	0.21224304	-0.09613722	0.1907974	-0.16895792	0.14282094	-0.14030471	0.14118643	-0.1933706	0.13977145	-0.11935823	0.1364267
-0.076709904	0.06424156	-0.07682149	0.038171925	-0.047902826	0.07294422	-0.065147385	0.067290835	-0.04946019	0.047117278	-0.17091323	0.13928533	-0.10973873	0.075771056	-0.07717768	0.99999833	-0.9562879	0.122661814	-0.06251507	0.050334428	-0.09645029	0.09051734	-0.07662701	0.06499391	-0.049227443	0.0589191	-0.08781444	0.063553125	-0.048757557	0.042804193	-0.07740497	0.07856726	-0.053372033	0.041428354	-0.045997716
0.073355876	-0.06428105	0.07401498	-0.037480526	0.046484165	-0.072063416	0.06441509	-0.066763036	0.048281997	-0.046196733	0.14881052	-0.15903404	0.10716345	-0.075930126	0.07471682	-0.9562879	0.99999833	-0.13410266	0.061663106	-0.04987697	0.08893543	-0.098597646	0.07825742	-0.065079816	0.04849292	-0.05691008	0.08497207	-0.063628465	0.048317473	-0.042421587	0.07354331	-0.07814256	0.052496135	-0.04102857	0.045283623
-0.19201484	0.14230315	-0.20764154	0.112223625	-0.1506446	0.15583804	-0.13819647	0.16932674	-0.14794052	0.14265296	-0.3105298	0.21131013	-0.30579042	0.2182051	-0.2528909	0.122661814	-0.13410266	0.999998	-0.22369646	0.16889398	-0.3256193	0.29269087	-0.461267	0.22256605	-0.17652331	0.1990217	-0.3608074	0.23831181	-0.18776214	0.15616134	-0.30177784	0.25927928	-0.20615657	0.15342632	-0.17591675
0.11156859	-0.09631218	0.13345715	-0.11702285	0.13837259	-0.10169814	0.09165867	-0.12586609	0.15108228	-0.15091617	0.16741413	-0.15204383	0.19578613	-0.48891228	0.25993547	-0.06251507	0.061663106	-0.22369646	0.9999981	-0.40794492	0.12675181	-0.14322385	0.13920584	-0.6125865	0.27310514	-0.08855834	0.18245868	-0.18787116	0.18122278	-0.1646124	0.1281568	-0.17243084	0.14879036	-0.13646397	0.15485917
-0.09369747	0.077523544	-0.110579945	0.09552358	-0.12989852	0.082643166	-0.07364757	0.098370194	-0.12497074	0.14050479	-0.14026617	0.11317136	-0.14498657	0.22049484	-0.31952196	0.050334428	-0.04987697	0.16889398	-0.40794492	0.9999982	-0.11046679	0.1122147	-0.10795003	0.29275155	-0.7438282	0.07770116	-0.16815557	0.15882456	-0.1640005	0.19240665	-0.11427735	0.15213844	-0.14728487	0.12954411	-0.19135927
0.10027395	-0.07639723	0.102245726	-0.061968967	0.081857435	-0.08449014	0.071785145	-0.08659994	0.07974345	-0.08002852	0.1519999	-0.11069886	0.12842147	-0.12409683	0.13739349	-0.09645029	0.08893543	-0.3256193	0.12675181	-0.11046679	0.9999985	-0.36526582	0.21894126	-0.15539163	0.11243432	-0.65553814	0.26080486	-0.19982702	0.13642234	-0.11903431	0.31784925	-0.33637008	0.15789457	-0.123812	0.124702595
-0.103043795	0.07684996	-0.108313136	0.063898034	-0.08615451	0.08461993	-0.07350674	0.089117855	-0.08358024	0.082490206	-0.16259648	0.11212377	-0.13845089	0.12636842	-0.14712769	0.09051734	-0.098597646	0.29269087	-0.14322385	0.1122147	-0.36526582	0.9999986	-0.7624928	0.1664042	-0.12281463	0.18432301	-0.25579944	0.20776066	-0.15212806	0.1167889	-0.23010457	0.19771795	-0.15421931	0.116898336	-0.12991756
0.090205885	-0.06888137	0.09632698	-0.05801878	0.07718837	-0.07538055	0.06584166	-0.0812784	0.07569973	-0.07486899	0.14142367	-0.10296498	0.12909548	-0.119785	0.1324429	-0.07662701	0.07825742	-0.461267	0.13920584	-0.10795003	0.21894126	-0.7624928	0.99999857	-0.18913943	0.11761402	-0.14194529	0.21675381	-0.26557824	0.15317835	-0.11466167	0.17106731	-0.17518802	0.14130354	-0.113527395	0.1217825
-0.11743808	0.09484317	-0.13664477	0.10620974	-0.14324972	0.101642005	-0.09067128	0.11896728	-0.1423878	0.14175823	-0.17935367	0.13885756	-0.18264337	0.25654802	-0.27336538	0.06499391	-0.065079816	0.22256605	-0.6125865	0.29275155	-0.15539163	0.1664042	-0.18913943	0.99999857	-0.4297429	0.10775145	-0.2372658	0.23206805	-0.32053563	0.21450533	-0.15623562	0.19908474	-0.2076009	0.18238015	-0.2199926
0.086698025	-0.071469374	0.09861717	-0.08124611	0.10479817	-0.07673519	0.0673087	-0.08835606	0.10317274	-0.117106065	0.12881856	-0.10450855	0.12846817	-0.19447514	0.21224304	-0.049227443	0.04849292	-0.17652331	0.27310514	-0.7438282	0.11243432	-0.12281463	0.11761402	-0.4297429	0.9999984	-0.07991043	0.1705055	-0.18611994	0.19005233	-0.2950558	0.11602195	-0.16584723	0.15437773	-0.1495209	0.203697
-0.069225706	0.052276623	-0.07043575	0.04293791	-0.05706512	0.05786006	-0.0491417	0.05923842	-0.05533267	0.055597506	-0.10483574	0.07485173	-0.08726748	0.08543589	-0.09613722	0.0589191	-0.05691008	0.1990217	-0.08855834	0.07770116	-0.65553814	0.18432301	-0.14194529	0.10775145	-0.07991043	0.99999815	-0.27981737	0.14940579	-0.10125768	0.08710169	-0.62225807	0.24822135	-0.11920622	0.09157761	-0.09221729
0.13350363	-0.10131949	0.13537358	-0.08542922	0.11279859	-0.1121115	0.09465263	-0.11475433	0.109488055	-0.11127931	0.19791315	-0.14254487	0.1661976	-0.17333758	0.1907974	-0.08781444	0.08497207	-0.3608074	0.18245868	-0.16815557	0.26080486	-0.25579944	0.21675381	-0.2372658	0.1705055	-0.27981737	0.99999803	-0.4889217	0.24362136	-0.20995435	0.27241543	-0.43493468	0.24304081	-0.21280941	0.20266476
-0.10065028	0.07665401	-0.10675785	0.07078126	-0.09559266	0.084013246	-0.072508	0.089795396	-0.09217584	0.093326956	-0.15272088	0.10894924	-0.13282284	0.1461735	-0.16895792	0.063553125	-0.063628465	0.23831181	-0.18787116	0.15882456	-0.19982702	0.20776066	-0.26557824	0.23206805	-0.18611994	0.14940579	-0.4889217	0.99999815	-0.5780432	0.247914	-0.20182927	0.25771946	-0.34126854	0.26249468	-0.28093058
0.07906099	-0.0615995	0.0852371	-0.059724838	0.0793453	-0.06716405	0.05814654	-0.07312739	0.07743075	-0.07940706	0.11905162	-0.08840276	0.10788145	-0.13198613	0.14282094	-0.048757557	0.048317473	-0.18776214	0.18122278	-0.1640005	0.13642234	-0.15212806	0.15317835	-0.32053563	0.19005233	-0.10125768	0.24362136	-0.5780432	0.9999984	-0.43870276	0.14275561	-0.22670479	0.2792373	-0.4546424	0.2931391
-0.07237142	0.056517962	-0.078559205	0.056467608	-0.07560795	0.0615289	-0.05333973	0.06737469	-0.07309325	0.07643431	-0.10869933	0.08065963	-0.09844956	0.1218491	-0.14030471	0.042804193	-0.042421587	0.15616134	-0.1646124	0.19240665	-0.11903431	0.1167889	-0.11466167	0.21450533	-0.2950558	0.08710169	-0.20995435	0.247914	-0.43870276	0.9999982	-0.12727067	0.1911904	-0.26092207	0.2705207	-0.7283514
0.10269666	-0.07763249	0.1037627	-0.063462384	0.08413547	-0.08600439	0.072674826	-0.087583825	0.08155836	-0.08217186	0.15353483	-0.11018696	0.12787794	-0.12608653	0.14118643	-0.07740497	0.07354331	-0.30177784	0.1281568	-0.11427735	0.31784925	-0.23010457	0.17106731	-0.15623562	0.11602195	-0.62225807	0.27241543	-0.20182927	0.14275561	-0.12727067	0.99999803	-0.49317518	0.18154605	-0.13804135	0.13460852
-0.13106646	0.09547108	-0.1324864	0.0824506	-0.11304783	0.10577563	-0.090087816	0.108644225	-0.10718592	0.10769738	-0.1974013	0.13220455	-0.15663093	0.1586355	-0.1933706	0.07856726	-0.07814256	0.25927928	-0.17243084	0.15213844	-0.33637008	0.19771795	-0.17518802	0.19908474	-0.16584723	0.24822135	-0.43493468	0.25771946	-0.22670479	0.1911904	-0.49317518	0.99999803	-0.4401682	0.23201154	-0.23840246
0.08591099	-0.06594266	0.08988617	-0.060357936	0.080025084	-0.07240569	0.06192375	-0.07654522	0.07758246	-0.079796314	0.12834619	-0.09341816	0.111150526	-0.12705967	0.13977145	-0.053372033	0.052496135	-0.20615657	0.14879036	-0.14728487	0.15789457	-0.15421931	0.14130354	-0.2076009	0.15437773	-0.11920622	0.24304081	-0.34126854	0.2792373	-0.26092207	0.18154605	-0.4401682	0.999998	-0.6728357	0.26018158
-0.068388276	0.052601248	-0.072727375	0.049903482	-0.06684948	0.057559047	-0.049591787	0.06180115	-0.06463286	0.06635184	-0.10276834	0.074669905	-0.09029882	0.10560968	-0.11935823	0.041428354	-0.04102857	0.15342632	-0.13646397	0.12954411	-0.123812	0.116898336	-0.113527395	0.18238015	-0.1495209	0.09157761	-0.21280941	0.26249468	-0.4546424	0.2705207	-0.13804135	0.23201154	-0.6728357	0.999998	-0.42937037
0.07568379	-0.05923744	0.08099647	-0.057391293	0.07555942	-0.06466478	0.05565622	-0.06987475	0.07354783	-0.077319324	0.112940334	-0.08456441	0.10150473	-0.12485241	0.1364267	-0.045997716	0.045283623	-0.17591675	0.15485917	-0.19135927	0.124702595	-0.12991756	0.1217825	-0.2199926	0.203697	-0.09221729	0.20266476	-0.28093058	0.2931391	-0.7283514	0.13460852	-0.23840246	0.26018158	-0.42937037	0.999998
