1.0	-0.5991916	0.1954154	-0.0992686	0.09909035	-0.65875024	0.2955466	-0.16528271	0.10922286	-0.113972425	0.26082405	-0.24454369	0.154061	-0.114953876	0.08455811	-0.15452172	0.11544038	-0.14622661	0.08219869	-0.08068806	0.06691815	-0.08717835	0.09945351	-0.09654319	0.03458358	-0.051192183	0.08342392	-0.12198996	0.04971953	-0.028295118	0.045315806	-0.03755993	0.07348745	-0.04721353	0.054755606
-0.5991916	0.99999976	-0.32492414	0.11947172	-0.12076438	0.30810305	-0.58181465	0.21782176	-0.13870169	0.1293164	-0.29032496	0.24953297	-0.19196716	0.13366294	-0.09843653	0.1510799	-0.12603968	0.1597997	-0.09352138	0.089899585	-0.073435195	0.09304465	-0.109472364	0.103614494	-0.037952438	0.05543074	-0.09191743	0.12867628	-0.054325487	0.03093269	-0.050029803	0.041243944	-0.081047125	0.05134734	-0.059948254
0.1954154	-0.32492414	0.99999964	-0.2878913	0.22987284	-0.20804423	0.266565	-0.594183	0.27398568	-0.28547725	0.2254529	-0.2636014	0.29821527	-0.29105777	0.19649842	-0.2104435	0.15991545	-0.31549245	0.1798007	-0.18311656	0.10362722	-0.13462621	0.19039673	-0.19232643	0.06703918	-0.080484286	0.13055749	-0.24306978	0.096268415	-0.055004988	0.079922386	-0.06589749	0.13825822	-0.09091387	0.10497643
-0.0992686	0.11947172	-0.2878913	0.9999995	-0.72227657	0.099070065	-0.13876332	0.21637285	-0.49988338	0.26303056	-0.1343546	0.1350415	-0.19049408	0.26235938	-0.20405596	0.1139548	-0.09244114	0.16566393	-0.14980052	0.14009574	-0.063386925	0.07804327	-0.114165984	0.11786609	-0.045024484	0.04840414	-0.08012488	0.13373578	-0.06288601	0.03645107	-0.05271233	0.042730004	-0.092947714	0.058587216	-0.07145252
0.09909035	-0.12076438	0.22987284	-0.72227657	0.9999996	-0.10248318	0.13383697	-0.20200215	0.2962104	-0.43350035	0.13839974	-0.1443747	0.18690176	-0.32928398	0.23238744	-0.13403152	0.10388026	-0.19410473	0.16919348	-0.17679383	0.0723008	-0.090126894	0.13340746	-0.14603482	0.053701285	-0.055802286	0.09145026	-0.16676041	0.075175434	-0.043809928	0.061166603	-0.049815733	0.10899132	-0.07064896	0.08620088
-0.65875024	0.30810305	-0.20804423	0.099070065	-0.10248318	0.99999964	-0.4197154	0.17068627	-0.113980815	0.11150053	-0.48982954	0.2602455	-0.16790394	0.114152975	-0.085151695	0.15863667	-0.12564515	0.14475754	-0.08272276	0.0796128	-0.0713738	0.091020375	-0.10102702	0.095548175	-0.03488983	0.053827137	-0.088995785	0.11950847	-0.050056312	0.028462203	-0.047001194	0.03886753	-0.07490462	0.047454115	-0.055202805
0.2955466	-0.58181465	0.266565	-0.13876332	0.13383697	-0.4197154	0.99999934	-0.3438274	0.16322412	-0.15189157	0.2893213	-0.45177072	0.23120181	-0.16113351	0.11394988	-0.18533155	0.15355566	-0.19621311	0.10910101	-0.10584145	0.084499136	-0.1129234	0.12807754	-0.120847136	0.043463934	-0.06458323	0.10563892	-0.15185326	0.06246829	-0.035497066	0.056963246	-0.047202405	0.09236967	-0.059050377	0.06805555
-0.16528271	0.21782176	-0.594183	0.21637285	-0.20200215	0.17068627	-0.3438274	0.99999934	-0.40793547	0.20987386	-0.20386061	0.23227146	-0.47635293	0.24267766	-0.16521388	0.15410589	-0.12958382	0.2455949	-0.14741741	0.13781261	-0.08082966	0.10361352	-0.1489834	0.1363275	-0.049671613	0.06172803	-0.101944275	0.16700967	-0.0709113	0.040394627	-0.060859524	0.049883675	-0.1038608	0.066168346	-0.0767133
0.10922286	-0.13870169	0.27398568	-0.49988338	0.2962104	-0.113980815	0.16322412	-0.40793547	0.9999993	-0.36689943	0.14602725	-0.15906022	0.22802992	-0.55294114	0.24863005	-0.12488143	0.10156494	-0.1980091	0.17809753	-0.17264728	0.067976914	-0.085381664	0.1258967	-0.12835948	0.04775365	-0.05208997	0.08592642	-0.14613871	0.06701867	-0.038736504	0.05547744	-0.04514758	0.097635314	-0.06216318	0.073338196
-0.113972425	0.1293164	-0.28547725	0.26303056	-0.43350035	0.11150053	-0.15189157	0.20987386	-0.36689943	0.99999934	-0.16272776	0.15380016	-0.21965092	0.31462124	-0.6246666	0.13445193	-0.11260137	0.19995499	-0.2612901	0.23937663	-0.080249324	0.096176244	-0.1445003	0.15272397	-0.062316395	0.060830187	-0.10171774	0.1601763	-0.085296966	0.04986568	-0.07099064	0.05691985	-0.12756556	0.07811737	-0.096260704
0.26082405	-0.29032496	0.2254529	-0.1343546	0.13839974	-0.48982954	0.2893213	-0.20386061	0.14602725	-0.16272776	0.99999917	-0.5910883	0.23523565	-0.16270357	0.121898495	-0.33478037	0.22009994	-0.23367468	0.12373746	-0.12152554	0.11870817	-0.1591667	0.16138215	-0.1549399	0.055048052	-0.09084581	0.14690916	-0.1987499	0.07954246	-0.045110844	0.07508054	-0.06267272	0.11801266	-0.07586009	0.08700007
-0.24454369	0.24953297	-0.2636014	0.1350415	-0.1443747	0.2602455	-0.45177072	0.23227146	-0.15906022	0.15380016	-0.5910883	0.9999989	-0.37698513	0.16218057	-0.12249166	0.2556122	-0.3117591	0.23225123	-0.12469104	0.116228774	-0.12724821	0.17024082	-0.16569202	0.14389975	-0.053161226	0.09439192	-0.15990366	0.18041913	-0.07656548	0.043248374	-0.07613943	0.063300155	-0.1160538	0.07239906	-0.08292326
0.154061	-0.19196716	0.29821527	-0.19049408	0.18690176	-0.16790394	0.23120181	-0.47635293	0.22802992	-0.21965092	0.23523565	-0.37698513	0.99999905	-0.27367818	0.17761005	-0.20583516	0.1766242	-0.56490016	0.19266379	-0.18248734	0.107580096	-0.14523241	0.22420995	-0.1908229	0.06579166	-0.08307075	0.13607505	-0.24834135	0.09560413	-0.053733192	0.08003021	-0.0660237	0.13718046	-0.088817805	0.098250404
-0.114953876	0.13366294	-0.29105777	0.26235938	-0.32928398	0.114152975	-0.16113351	0.24267766	-0.55294114	0.31462124	-0.16270357	0.16218057	-0.27367818	0.99999887	-0.4993904	0.1335383	-0.11263391	0.21630311	-0.31484526	0.24522209	-0.07755897	0.09506789	-0.14596571	0.14924206	-0.058065865	0.058951706	-0.09828714	0.15884545	-0.08053706	0.04666207	-0.06594764	0.053227052	-0.11772477	0.0733675	-0.0867818
0.08455811	-0.09843653	0.19649842	-0.20405596	0.23238744	-0.085151695	0.11394988	-0.16521388	0.24863005	-0.6246666	0.121898495	-0.12249166	0.17761005	-0.4993904	0.9999989	-0.10906781	0.09009046	-0.18756428	0.27068496	-0.43698135	0.06340634	-0.07820858	0.12315235	-0.13651723	0.052422676	-0.048521176	0.08050305	-0.13802503	0.07105987	-0.042402882	0.055861384	-0.045125052	0.10145665	-0.06471923	0.074554496
-0.15452172	0.1510799	-0.2104435	0.1139548	-0.13403152	0.15863667	-0.18533155	0.15410589	-0.12488143	0.13445193	-0.33478037	0.2556122	-0.20583516	0.1335383	-0.10906781	0.99999887	-0.65688545	0.20622334	-0.11685479	0.106813565	-0.2957736	0.3011389	-0.20446269	0.1716949	-0.06830046	0.1947939	-0.35463992	0.21125776	-0.09867932	0.055336747	-0.13253461	0.109867945	-0.16344853	0.09558776	-0.108117044
0.11544038	-0.12603968	0.15991545	-0.09244114	0.10388026	-0.12564515	0.15355566	-0.12958382	0.10156494	-0.11260137	0.22009994	-0.3117591	0.1766242	-0.11263391	0.09009046	-0.65688545	0.999999	-0.21341091	0.10063364	-0.09321623	0.21057978	-0.5364718	0.18725237	-0.15030204	0.053910073	-0.16773246	0.26009485	-0.19839713	0.07934381	-0.044102065	0.09520691	-0.08343701	0.12352099	-0.07654127	0.08256396
-0.14622661	0.1597997	-0.31549245	0.16566393	-0.19410473	0.14475754	-0.19621311	0.2455949	-0.1980091	0.19995499	-0.23367468	0.23225123	-0.56490016	0.21630311	-0.18756428	0.20622334	-0.21341091	0.99999934	-0.3134073	0.20851338	-0.13382584	0.17504475	-0.4544725	0.22417806	-0.083099715	0.10039064	-0.17125997	0.27574202	-0.12103537	0.06662879	-0.10171482	0.082728736	-0.17642093	0.10820901	-0.11958295
0.08219869	-0.09352138	0.1798007	-0.14980052	0.16919348	-0.08272276	0.10910101	-0.14741741	0.17809753	-0.2612901	0.12373746	-0.12469104	0.19266379	-0.31484526	0.27068496	-0.11685479	0.10063364	-0.3134073	0.9999992	-0.780502	0.07131347	-0.089925595	0.1621144	-0.20593037	0.067669176	-0.0547367	0.09112066	-0.16199481	0.09367061	-0.05481507	0.06607924	-0.05333506	0.12431961	-0.08120474	0.08496866
-0.08068806	0.089899585	-0.18311656	0.14009574	-0.17679383	0.0796128	-0.10584145	0.13781261	-0.17264728	0.23937663	-0.12152554	0.116228774	-0.18248734	0.24522209	-0.43698135	0.106813565	-0.09321623	0.20851338	-0.780502	0.9999994	-0.06713028	0.08174539	-0.14268024	0.156792	-0.067230865	0.051027246	-0.085705236	0.1394205	-0.085941195	0.05274104	-0.063089065	0.050532427	-0.118309796	0.074160315	-0.08196908
0.06691815	-0.073435195	0.10362722	-0.063386925	0.0723008	-0.0713738	0.084499136	-0.08082966	0.067976914	-0.080249324	0.11870817	-0.12724821	0.107580096	-0.07755897	0.06340634	-0.2957736	0.21057978	-0.13382584	0.07131347	-0.06713028	0.9999994	-0.40392146	0.15082525	-0.13112395	0.04568534	-0.7670327	0.31694967	-0.18191409	0.068377376	-0.03779064	0.09965119	-0.09263214	0.108573444	-0.0684064	0.0695273
-0.08717835	0.09304465	-0.13462621	0.07804327	-0.090126894	0.091020375	-0.1129234	0.10361352	-0.085381664	0.096176244	-0.1591667	0.17024082	-0.14523241	0.09506789	-0.07820858	0.3011389	-0.5364718	0.17504475	-0.089925595	0.08174539	-0.40392146	0.9999992	-0.267814	0.15641215	-0.055828173	0.26102635	-0.5636247	0.21339516	-0.08385708	0.0456848	-0.12466544	0.11075228	-0.13474208	0.081342764	-0.082444064
0.09945351	-0.109472364	0.19039673	-0.114165984	0.13340746	-0.10102702	0.12807754	-0.1489834	0.1258967	-0.1445003	0.16138215	-0.16569202	0.22420995	-0.14596571	0.12315235	-0.20446269	0.18725237	-0.4544725	0.1621144	-0.14268024	0.15082525	-0.267814	0.99999905	-0.39647144	0.10173825	-0.11953884	0.19712338	-0.6486881	0.16210023	-0.08348276	0.118008696	-0.09813582	0.21520245	-0.14220773	0.13168822
-0.09654319	0.103614494	-0.19232643	0.11786609	-0.14603482	0.095548175	-0.120847136	0.1363275	-0.12835948	0.15272397	-0.1549399	0.14389975	-0.1908229	0.14924206	-0.13651723	0.1716949	-0.15030204	0.22417806	-0.20593037	0.156792	-0.13112395	0.15641215	-0.39647144	0.99999905	-0.24447134	0.10213506	-0.1731757	0.29507077	-0.47122166	0.18828398	-0.20103204	0.1572501	-0.4528456	0.28336117	-0.24537581
0.03458358	-0.037952438	0.06703918	-0.045024484	0.053701285	-0.03488983	0.043463934	-0.049671613	0.04775365	-0.062316395	0.055048052	-0.053161226	0.06579166	-0.058065865	0.052422676	-0.06830046	0.053910073	-0.083099715	0.067669176	-0.067230865	0.04568534	-0.055828173	0.10173825	-0.24447134	0.99999905	-0.036964815	0.060452856	-0.13976213	0.24772055	-0.87986106	0.068823986	-0.059572536	0.16054873	-0.23111679	0.16225244
-0.051192183	0.05543074	-0.080484286	0.04840414	-0.055802286	0.053827137	-0.06458323	0.06172803	-0.05208997	0.060830187	-0.09084581	0.09439192	-0.08307075	0.058951706	-0.048521176	0.1947939	-0.16773246	0.10039064	-0.0547367	0.051027246	-0.7670327	0.26102635	-0.11953884	0.10213506	-0.036964815	0.99999905	-0.5350496	0.13723586	-0.055673633	0.030574562	-0.1106463	0.099010855	-0.09508133	0.05702422	-0.05553628
0.08342392	-0.09191743	0.13055749	-0.08012488	0.09145026	-0.088995785	0.10563892	-0.101944275	0.08592642	-0.10171774	0.14690916	-0.15990366	0.13607505	-0.09828714	0.08050305	-0.35463992	0.26009485	-0.17125997	0.09112066	-0.085705236	0.31694967	-0.5636247	0.19712338	-0.1731757	0.060452856	-0.5350496	0.9999991	-0.25082305	0.09138158	-0.050254654	0.16079022	-0.18293501	0.15099227	-0.09390855	0.090939954
-0.12198996	0.12867628	-0.24306978	0.13373578	-0.16676041	0.11950847	-0.15185326	0.16700967	-0.14613871	0.1601763	-0.1987499	0.18041913	-0.24834135	0.15884545	-0.13802503	0.21125776	-0.19839713	0.27574202	-0.16199481	0.1394205	-0.18191409	0.21339516	-0.6486881	0.29507077	-0.13976213	0.13723586	-0.25082305	0.99999917	-0.21518716	0.10999548	-0.17447929	0.13911834	-0.34182113	0.1828044	-0.18873736
0.04971953	-0.054325487	0.096268415	-0.06288601	0.075175434	-0.050056312	0.06246829	-0.0709113	0.06701867	-0.085296966	0.07954246	-0.07656548	0.09560413	-0.08053706	0.07105987	-0.09867932	0.07934381	-0.12103537	0.09367061	-0.085941195	0.068377376	-0.08385708	0.16210023	-0.47122166	0.24772055	-0.055673633	0.09138158	-0.21518716	0.99999905	-0.34750378	0.11240059	-0.10009925	0.28535837	-0.6738778	0.17017415
-0.028295118	0.03093269	-0.055004988	0.03645107	-0.043809928	0.028462203	-0.035497066	0.040394627	-0.038736504	0.04986568	-0.045110844	0.043248374	-0.053733192	0.04666207	-0.042402882	0.055336747	-0.044102065	0.06662879	-0.05481507	0.05274104	-0.03779064	0.0456848	-0.08348276	0.18828398	-0.87986106	0.030574562	-0.050254654	0.10999548	-0.34750378	0.9999988	-0.061401848	0.052298624	-0.15055758	0.1959951	-0.16906029
0.045315806	-0.050029803	0.079922386	-0.05271233	0.061166603	-0.047001194	0.056963246	-0.060859524	0.05547744	-0.07099064	0.07508054	-0.07613943	0.08003021	-0.06594764	0.055861384	-0.13253461	0.09520691	-0.10171482	0.06607924	-0.063089065	0.09965119	-0.12466544	0.118008696	-0.20103204	0.068823986	-0.1106463	0.16079022	-0.17447929	0.11240059	-0.061401848	0.9999984	-0.8910241	0.23611408	-0.1579698	0.10019316
-0.03755993	0.041243944	-0.06589749	0.042730004	-0.049815733	0.03886753	-0.047202405	0.049883675	-0.04514758	0.05691985	-0.06267272	0.063300155	-0.0660237	0.053227052	-0.045125052	0.109867945	-0.08343701	0.082728736	-0.05333506	0.050532427	-0.09263214	0.11075228	-0.09813582	0.1572501	-0.059572536	0.099010855	-0.18293501	0.13911834	-0.10009925	0.052298624	-0.8910241	0.9999986	-0.31857088	0.1363658	-0.081728406
0.07348745	-0.081047125	0.13825822	-0.092947714	0.10899132	-0.07490462	0.09236967	-0.1038608	0.097635314	-0.12756556	0.11801266	-0.1160538	0.13718046	-0.11772477	0.10145665	-0.16344853	0.12352099	-0.17642093	0.12431961	-0.118309796	0.108573444	-0.13474208	0.21520245	-0.4528456	0.16054873	-0.09508133	0.15099227	-0.34182113	0.28535837	-0.15055758	0.23611408	-0.31857088	0.99999875	-0.5533205	0.21071844
-0.04721353	0.05134734	-0.09091387	0.058587216	-0.07064896	0.047454115	-0.059050377	0.066168346	-0.06216318	0.07811737	-0.07586009	0.07239906	-0.088817805	0.0733675	-0.06471923	0.09558776	-0.07654127	0.10820901	-0.08120474	0.074160315	-0.0684064	0.081342764	-0.14220773	0.28336117	-0.23111679	0.05702422	-0.09390855	0.1828044	-0.6738778	0.1959951	-0.1579698	0.1363658	-0.5533205	0.99999875	-0.20250301
0.054755606	-0.059948254	0.10497643	-0.07145252	0.08620088	-0.055202805	0.06805555	-0.0767133	0.073338196	-0.096260704	0.08700007	-0.08292326	0.098250404	-0.0867818	0.074554496	-0.108117044	0.08256396	-0.11958295	0.08496866	-0.08196908	0.0695273	-0.082444064	0.13168822	-0.24537581	0.16225244	-0.05553628	0.090939954	-0.18873736	0.17017415	-0.16906029	0.10019316	-0.081728406	0.21071844	-0.20250301	0.99999875
