1.0	-0.81385684	0.09752629	-0.06537974	0.061928082	-0.4793316	0.2912124	-0.092227384	0.07004122	-0.050075844	0.098464906	-0.103130065	0.09139938	-0.06389938	0.053928606	-0.056952372	0.05690068	-0.06086027	0.049792547	-0.059443653	0.051076908	-0.047725867	0.05223701	-0.044968702	0.04847631	-0.025615767	0.026157	-0.041484345	0.030924253	-0.023354815	0.028461225	-0.02726151	0.048129227	-0.030561171	0.022929972
-0.81385684	1.0000002	-0.13429497	0.07914809	-0.07698413	0.30163667	-0.44221804	0.11078311	-0.08711582	0.060401697	-0.12310425	0.12563628	-0.11603881	0.0763664	-0.06580013	0.06874147	-0.0701499	0.073724546	-0.06029268	0.070814334	-0.06271584	0.057856422	-0.0636246	0.054127246	-0.058715504	0.031047566	-0.03169122	0.04994093	-0.03724085	0.028036775	-0.034608904	0.032836817	-0.058346204	0.03658374	-0.02759638
0.09752629	-0.13429497	1.0000004	-0.48080593	0.23268639	-0.10402423	0.11697578	-0.7415081	0.30478054	-0.19372612	0.116162606	-0.12158313	0.16328952	-0.16451766	0.15285449	-0.08781743	0.09303896	-0.11878993	0.11553817	-0.15860428	0.08334205	-0.08330644	0.10014254	-0.09826159	0.106665134	-0.045068603	0.047383036	-0.080312416	0.06456023	-0.04981913	0.050162718	-0.050050035	0.09216654	-0.06436665	0.0481667
-0.06537974	0.07914809	-0.48080593	1.0000004	-0.5517052	0.07247137	-0.08278234	0.2927976	-0.5583236	0.25509673	-0.10667921	0.10044856	-0.14189436	0.17097811	-0.19758292	0.08109868	-0.088206634	0.11057078	-0.12297988	0.1682888	-0.07996108	0.07920327	-0.09903591	0.099583164	-0.11202458	0.04336737	-0.045957882	0.078163	-0.06511248	0.05026154	-0.04863619	0.04825754	-0.09141268	0.064045526	-0.04877305
0.061928082	-0.07698413	0.23268639	-0.5517052	1.0000004	-0.07897383	0.085667364	-0.24021734	0.3026597	-0.5667022	0.13220018	-0.12178425	0.16239813	-0.21845084	0.2742437	-0.10491516	0.11254059	-0.14261281	0.15494423	-0.26952037	0.10389324	-0.10431048	0.13037936	-0.13744219	0.15253349	-0.058172807	0.061942663	-0.106548816	0.08960348	-0.07041225	0.06520382	-0.06579416	0.12341205	-0.090279736	0.06749504
-0.4793316	0.30163667	-0.10402423	0.07247137	-0.07897383	1.0000006	-0.77140117	0.10393341	-0.08920453	0.06271009	-0.18203078	0.17748865	-0.15148075	0.089925095	-0.073001765	0.092041165	-0.09222116	0.093052335	-0.072511986	0.08111983	-0.081709646	0.074260816	-0.07924591	0.065398924	-0.0702839	0.039251793	-0.039654206	0.061590116	-0.044969533	0.03367725	-0.04352181	0.040882777	-0.071396016	0.04407985	-0.033166077
0.2912124	-0.44221804	0.11697578	-0.08278234	0.085667364	-0.77140117	1.0000004	-0.13149056	0.09880799	-0.06990507	0.17544588	-0.2552943	0.16034923	-0.1011858	0.07912424	-0.09930534	0.09883926	-0.10327346	0.07948307	-0.09039515	0.08548316	-0.080773756	0.0850171	-0.071664385	0.07593924	-0.04191638	0.042365313	-0.06692431	0.048805606	-0.036736637	0.04609029	-0.04409024	0.076178566	-0.048263762	0.03597414
-0.092227384	0.11078311	-0.7415081	0.2927976	-0.24021734	0.10393341	-0.13149056	1.0000004	-0.48901892	0.18402007	-0.12475213	0.12981564	-0.21219568	0.16804418	-0.16038448	0.091040455	-0.09840593	0.12482955	-0.12235565	0.15052773	-0.08681787	0.0858696	-0.10408849	0.099042244	-0.108926214	0.045855682	-0.048111033	0.08101242	-0.06499693	0.049662955	-0.05110529	0.050344322	-0.093730964	0.06377419	-0.048326727
0.07004122	-0.08711582	0.30478054	-0.5583236	0.3026597	-0.08920453	0.09880799	-0.48901892	1.0000004	-0.37300086	0.1365434	-0.13210332	0.18359506	-0.29491612	0.23026456	-0.1072542	0.116672695	-0.15166299	0.17336145	-0.23181161	0.1046507	-0.10547882	0.13135576	-0.13674313	0.14791031	-0.057025366	0.0603997	-0.10382118	0.0865608	-0.066961706	0.06361205	-0.06363448	0.11932955	-0.08571258	0.06441682
-0.050075844	0.060401697	-0.19372612	0.25509673	-0.5667022	0.06271009	-0.06990507	0.18402007	-0.37300086	1.0000005	-0.11328144	0.10109576	-0.14132704	0.18277836	-0.6096157	0.088637516	-0.09744824	0.12171944	-0.14244092	0.24463633	-0.08962657	0.08903207	-0.115025006	0.12052709	-0.1461858	0.049190726	-0.05253	0.09032599	-0.078152396	0.061204493	-0.055363778	0.055074174	-0.106530905	0.07634739	-0.059327036
0.098464906	-0.12310425	0.116162606	-0.10667921	0.13220018	-0.18203078	0.17544588	-0.12475213	0.1365434	-0.11328144	1.0000002	-0.61799824	0.29765442	-0.22318642	0.1452803	-0.45964518	0.26123086	-0.26040563	0.17506374	-0.19036345	0.23894453	-0.22703563	0.20055512	-0.16474685	0.16401884	-0.110098496	0.10485915	-0.16247231	0.109709	-0.08262796	0.113540195	-0.110449284	0.17046958	-0.11075115	0.079741016
-0.103130065	0.12563628	-0.12158313	0.10044856	-0.12178425	0.17748865	-0.2552943	0.12981564	-0.13210332	0.10109576	-0.61799824	1.0000002	-0.56310993	0.19319007	-0.1292884	0.24236056	-0.27860928	0.23940022	-0.1621358	0.15870179	-0.20159711	0.18463393	-0.18293576	0.14137988	-0.14584544	0.08830335	-0.08707456	0.13394627	-0.09347627	0.069318615	-0.09547328	0.088495664	-0.14811131	0.09122362	-0.067642115
0.09139938	-0.11603881	0.16328952	-0.14189436	0.16239813	-0.15148075	0.16034923	-0.21219568	0.18359506	-0.14132704	0.29765442	-0.56310993	1.0	-0.3395206	0.17482552	-0.24219437	0.2536677	-0.4455084	0.2392441	-0.23130184	0.19807555	-0.21342042	0.22989787	-0.1985916	0.19341363	-0.10053888	0.102331795	-0.17645045	0.12403527	-0.09349148	0.10739905	-0.10781167	0.1837991	-0.12368058	0.08965999
-0.06389938	0.0763664	-0.16451766	0.17097811	-0.21845084	0.089925095	-0.1011858	0.16804418	-0.29491612	0.18277836	-0.22318642	0.19319007	-0.3395206	0.99999994	-0.2629164	0.17321101	-0.21496888	0.2764028	-0.6597282	0.2790372	-0.17876753	0.17706896	-0.2452153	0.25017273	-0.27831388	0.09086446	-0.096739665	0.16653879	-0.14864315	0.10810881	-0.101787195	0.09827281	-0.19622801	0.1334931	-0.106077895
0.053928606	-0.06580013	0.15285449	-0.19758292	0.2742437	-0.073001765	0.07912424	-0.16038448	0.23026456	-0.6096157	0.1452803	-0.1292884	0.17482552	-0.2629164	0.9999996	-0.11900483	0.13019523	-0.16851325	0.20154133	-0.53394455	0.11959728	-0.12189859	0.15710497	-0.17920814	0.20890118	-0.06690903	0.07157729	-0.12569235	0.110289246	-0.08844025	0.07477011	-0.075706825	0.14384313	-0.11014166	0.08344571
-0.056952372	0.06874147	-0.08781743	0.08109868	-0.10491516	0.092041165	-0.09930534	0.091040455	-0.1072542	0.088637516	-0.45964518	0.24236056	-0.24219437	0.17321101	-0.11900483	0.9999996	-0.5110755	0.24774674	-0.16053163	0.15347955	-0.5643956	0.29791367	-0.22646205	0.15196054	-0.15218021	0.14298056	-0.12580772	0.1569002	-0.09966213	0.07255553	-0.14662974	0.118185684	-0.16846608	0.09643165	-0.070637755
0.05690068	-0.0701499	0.09303896	-0.088206634	0.11254059	-0.09222116	0.09883926	-0.09840593	0.116672695	-0.09744824	0.26123086	-0.27860928	0.2536677	-0.21496888	0.13019523	-0.5110755	0.99999946	-0.4966874	0.20087256	-0.1797973	0.29979905	-0.4971099	0.2637695	-0.18311374	0.1688246	-0.1165169	0.109526165	-0.17409012	0.10910307	-0.08009267	0.1169998	-0.10935087	0.17144184	-0.106421396	0.076585844
-0.06086027	0.073724546	-0.11878993	0.11057078	-0.14261281	0.093052335	-0.10327346	0.12482955	-0.15166299	0.12171944	-0.26040563	0.23940022	-0.4455084	0.2764028	-0.16851325	0.24774674	-0.4966874	0.9999995	-0.41068232	0.22283882	-0.24021809	0.26441357	-0.40885016	0.23554027	-0.22922054	0.10776054	-0.11220799	0.19778886	-0.13666174	0.09796595	-0.11604644	0.11116958	-0.21191709	0.12670837	-0.09468236
0.049792547	-0.06029268	0.11553817	-0.12297988	0.15494423	-0.072511986	0.07948307	-0.12235565	0.17336145	-0.14244092	0.17506374	-0.1621358	0.2392441	-0.6597282	0.20154133	-0.16053163	0.20087256	-0.41068232	0.99999964	-0.37342376	0.15588649	-0.17313431	0.23647602	-0.37184045	0.26320672	-0.07985337	0.08475321	-0.15708259	0.14004016	-0.103305794	0.08691873	-0.08680003	0.16686168	-0.12919141	0.09611757
-0.059443653	0.070814334	-0.15860428	0.1682888	-0.26952037	0.08111983	-0.09039515	0.15052773	-0.23181161	0.24463633	-0.19036345	0.15870179	-0.23130184	0.2790372	-0.53394455	0.15347955	-0.1797973	0.22283882	-0.37342376	0.9999995	-0.16335851	0.16279943	-0.2340777	0.26616162	-0.46493033	0.08730182	-0.094375856	0.16617057	-0.16059962	0.12808149	-0.098524965	0.09669786	-0.1990331	0.1463586	-0.12453315
0.051076908	-0.06271584	0.08334205	-0.07996108	0.10389324	-0.081709646	0.08548316	-0.08681787	0.1046507	-0.08962657	0.23894453	-0.20159711	0.19807555	-0.17876753	0.11959728	-0.5643956	0.29979905	-0.24021809	0.15588649	-0.16335851	0.99999946	-0.58739144	0.24567802	-0.16874051	0.1553775	-0.25033733	0.16038838	-0.18906568	0.10669029	-0.07828187	0.18156669	-0.15474057	0.17801093	-0.10625071	0.07485313
-0.047725867	0.057856422	-0.08330644	0.07920327	-0.10431048	0.074260816	-0.080773756	0.0858696	-0.10547882	0.08903207	-0.22703563	0.18463393	-0.21342042	0.17706896	-0.12189859	0.29791367	-0.4971099	0.26441357	-0.17313431	0.16279943	-0.58739144	0.99999934	-0.44739893	0.19080848	-0.18000253	0.14969625	-0.14016512	0.19725294	-0.11563076	0.08208826	-0.15040307	0.12771215	-0.19756621	0.10903022	-0.079097986
0.05223701	-0.0636246	0.10014254	-0.09903591	0.13037936	-0.07924591	0.0850171	-0.10408849	0.13135576	-0.115025006	0.20055512	-0.18293576	0.22989787	-0.2452153	0.15710497	-0.22646205	0.2637695	-0.40885016	0.23647602	-0.2340777	0.24567802	-0.44739893	0.9999996	-0.42550483	0.255657	-0.13072973	0.1438194	-0.42584938	0.17155653	-0.12174776	0.13140509	-0.14331025	0.26667574	-0.16451119	0.11184139
-0.044968702	0.054127246	-0.09826159	0.099583164	-0.13744219	0.065398924	-0.071664385	0.099042244	-0.13674313	0.12052709	-0.16474685	0.14137988	-0.1985916	0.25017273	-0.17920814	0.15196054	-0.18311374	0.23554027	-0.37184045	0.26616162	-0.16874051	0.19080848	-0.42550483	0.9999995	-0.6477352	0.08883072	-0.09834192	0.19975132	-0.27829346	0.16477023	-0.09647351	0.0988995	-0.20600353	0.1962236	-0.14809766
0.04847631	-0.058715504	0.106665134	-0.11202458	0.15253349	-0.0702839	0.07593924	-0.108926214	0.14791031	-0.1461858	0.16401884	-0.14584544	0.19341363	-0.27831388	0.20890118	-0.15218021	0.1688246	-0.22922054	0.26320672	-0.46493033	0.1553775	-0.18000253	0.255657	-0.6477352	0.9999992	-0.08831105	0.09592141	-0.19433364	0.2148536	-0.2254483	0.095190756	-0.100857906	0.19161493	-0.2119971	0.16753046
-0.025615767	0.031047566	-0.045068603	0.04336737	-0.058172807	0.039251793	-0.04191638	0.045855682	-0.057025366	0.049190726	-0.110098496	0.08830335	-0.10053888	0.09086446	-0.06690903	0.14298056	-0.1165169	0.10776054	-0.07985337	0.08730182	-0.25033733	0.14969625	-0.13072973	0.08883072	-0.08831105	0.99999917	-0.54768133	0.16367139	-0.0703181	0.04881192	-0.7062731	0.3190016	-0.16599566	0.069308594	-0.047938272
0.026157	-0.03169122	0.047383036	-0.045957882	0.061942663	-0.039654206	0.042365313	-0.048111033	0.0603997	-0.05253	0.10485915	-0.08707456	0.102331795	-0.096739665	0.07157729	-0.12580772	0.109526165	-0.11220799	0.08475321	-0.094375856	0.16038838	-0.14016512	0.1438194	-0.09834192	0.09592141	-0.54768133	0.9999993	-0.27655697	0.08288227	-0.056413908	0.32245266	-0.68979895	0.21066742	-0.082421854	0.055039346
-0.041484345	0.04994093	-0.080312416	0.078163	-0.106548816	0.061590116	-0.06692431	0.08101242	-0.10382118	0.09032599	-0.16247231	0.13394627	-0.17645045	0.16653879	-0.12569235	0.1569002	-0.17409012	0.19778886	-0.15708259	0.16617057	-0.18906568	0.19725294	-0.42584938	0.19975132	-0.19433364	0.16367139	-0.27655697	0.99999976	-0.2082958	0.11909453	-0.17230467	0.21123637	-0.717339	0.17907822	-0.11724842
0.030924253	-0.03724085	0.06456023	-0.06511248	0.08960348	-0.044969533	0.048805606	-0.06499693	0.0865608	-0.078152396	0.109709	-0.09347627	0.12403527	-0.14864315	0.110289246	-0.09966213	0.10910307	-0.13666174	0.14004016	-0.16059962	0.10669029	-0.11563076	0.17155653	-0.27829346	0.2148536	-0.0703181	0.08288227	-0.2082958	0.9999997	-0.44502446	0.075959146	-0.08691744	0.1963207	-0.73648006	0.29604396
-0.023354815	0.028036775	-0.04981913	0.05026154	-0.07041225	0.03367725	-0.036736637	0.049662955	-0.066961706	0.061204493	-0.08262796	0.069318615	-0.09349148	0.10810881	-0.08844025	0.07255553	-0.08009267	0.09796595	-0.103305794	0.12808149	-0.07828187	0.08208826	-0.12174776	0.16477023	-0.2254483	0.04881192	-0.056413908	0.11909453	-0.44502446	0.9999994	-0.053990867	0.05880018	-0.13508947	0.30171254	-0.8001232
0.028461225	-0.034608904	0.050162718	-0.04863619	0.06520382	-0.04352181	0.04609029	-0.05110529	0.06361205	-0.055363778	0.113540195	-0.09547328	0.10739905	-0.101787195	0.07477011	-0.14662974	0.1169998	-0.11604644	0.08691873	-0.098524965	0.18156669	-0.15040307	0.13140509	-0.09647351	0.095190756	-0.7062731	0.32245266	-0.17230467	0.075959146	-0.053990867	0.99999946	-0.5588082	0.17058049	-0.07728354	0.05267459
-0.02726151	0.032836817	-0.050050035	0.04825754	-0.06579416	0.040882777	-0.04409024	0.050344322	-0.06363448	0.055074174	-0.110449284	0.088495664	-0.10781167	0.09827281	-0.075706825	0.118185684	-0.10935087	0.11116958	-0.08680003	0.09669786	-0.15474057	0.12771215	-0.14331025	0.0988995	-0.100857906	0.3190016	-0.68979895	0.21123637	-0.08691744	0.05880018	-0.5588082	0.9999992	-0.26590735	0.0858319	-0.058850843
0.048129227	-0.058346204	0.09216654	-0.09141268	0.12341205	-0.071396016	0.076178566	-0.093730964	0.11932955	-0.106530905	0.17046958	-0.14811131	0.1837991	-0.19622801	0.14384313	-0.16846608	0.17144184	-0.21191709	0.16686168	-0.1990331	0.17801093	-0.19756621	0.26667574	-0.20600353	0.19161493	-0.16599566	0.21066742	-0.717339	0.1963207	-0.13508947	0.17058049	-0.26590735	0.99999946	-0.24017401	0.1309395
-0.030561171	0.03658374	-0.06436665	0.064045526	-0.090279736	0.04407985	-0.048263762	0.06377419	-0.08571258	0.07634739	-0.11075115	0.09122362	-0.12368058	0.1334931	-0.11014166	0.09643165	-0.106421396	0.12670837	-0.12919141	0.1463586	-0.10625071	0.10903022	-0.16451119	0.1962236	-0.2119971	0.069308594	-0.082421854	0.17907822	-0.73648006	0.30171254	-0.07728354	0.0858319	-0.24017401	0.99999946	-0.47550705
0.022929972	-0.02759638	0.0481667	-0.04877305	0.06749504	-0.033166077	0.03597414	-0.048326727	0.06441682	-0.059327036	0.079741016	-0.067642115	0.08965999	-0.106077895	0.08344571	-0.070637755	0.076585844	-0.09468236	0.09611757	-0.12453315	0.07485313	-0.079097986	0.11184139	-0.14809766	0.16753046	-0.047938272	0.055039346	-0.11724842	0.29604396	-0.8001232	0.05267459	-0.058850843	0.1309395	-0.47550705	0.99999946
