1.0000001	-0.2153717	0.11908928	-0.09401231	0.054894082	-0.806477	0.17315145	-0.14460309	0.09736782	-0.07045674	0.2887315	-0.2901038	0.15408607	-0.15544167	0.1327429	-0.16679755	0.15204681	-0.15625165	0.12735018	-0.14303197	0.16089116	-0.14953119	0.09129642	-0.07733015	0.078498	-0.097382635	0.088452995	-0.07039854	0.06394204	-0.07099685	0.109602295	-0.098445535	0.08330504	-0.045333397	0.056317937
-0.2153717	1.0	-0.5089237	0.13067493	-0.08240725	0.14427052	-0.71313184	0.31513336	-0.129424	0.079338744	-0.18450396	0.21067369	-0.13536511	0.11504523	-0.10549063	0.09914394	-0.11131424	0.10741826	-0.09927397	0.09426633	-0.12107172	0.093224905	-0.06548274	0.05493679	-0.056182668	0.061354656	-0.058773324	0.04885042	-0.04538902	0.049004253	-0.075658105	0.06428397	-0.05815265	0.03124337	-0.03941364
0.11908928	-0.5089237	0.9999997	-0.21691693	0.10832	-0.091012456	0.29769927	-0.7544206	0.15026002	-0.09667679	0.116328135	-0.14481054	0.10420755	-0.098836355	0.087332964	-0.068182744	0.07766767	-0.08499363	0.08008842	-0.07644762	0.08377771	-0.068253525	0.05132897	-0.043767806	0.04477671	-0.04628934	0.043903593	-0.038365766	0.035927024	-0.03891997	0.058247183	-0.04942431	0.045230605	-0.024382906	0.030765658
-0.09401231	0.13067493	-0.21691693	0.9999998	-0.60210514	0.067721024	-0.117999494	0.16426404	-0.6231901	0.32413983	-0.10583965	0.11469523	-0.13642377	0.16927879	-0.15576038	0.06952809	-0.08373686	0.1114555	-0.12873314	0.115432076	-0.09293627	0.076731466	-0.073872924	0.06515196	-0.06745907	0.0572932	-0.054358374	0.054626804	-0.05289591	0.05688016	-0.07952873	0.06535453	-0.06353498	0.034317695	-0.043687887
0.054894082	-0.08240725	0.10832	-0.60210514	1.0	-0.040306136	0.07027663	-0.10733028	0.30933774	-0.7142877	0.06205311	-0.06965152	0.07943411	-0.1032059	0.09603099	-0.041343793	0.049890447	-0.06738107	0.07535328	-0.07337727	0.054749258	-0.046323806	0.044300992	-0.039319217	0.040742774	-0.034739576	0.032773938	-0.03301661	0.031869993	-0.034634493	0.048000958	-0.039675348	0.038298618	-0.020746714	0.02635659
-0.806477	0.14427052	-0.091012456	0.067721024	-0.040306136	1.0000002	-0.14836209	0.105235554	-0.072783776	0.05087932	-0.46574244	0.2218277	-0.12272306	0.11325918	-0.09935914	0.15361823	-0.13175486	0.115885	-0.09684474	0.1026983	-0.15539756	0.11670006	-0.06888392	0.057571813	-0.058432214	0.07328189	-0.06837874	0.052535273	-0.047743384	0.052445356	-0.082705475	0.07345422	-0.06260392	0.033831403	-0.042163573
0.17315145	-0.71313184	0.29769927	-0.117999494	0.07027663	-0.14836209	1.0000001	-0.48112643	0.11383819	-0.074152194	0.18264948	-0.32861274	0.14648636	-0.12421533	0.10476511	-0.10254037	0.116694406	-0.11702535	0.10173848	-0.0973052	0.118925974	-0.09945592	0.06697073	-0.056514867	0.057324667	-0.063836455	0.060670976	-0.050181836	0.04641807	-0.05036454	0.07665036	-0.066275276	0.05914125	-0.031829137	0.039951663
-0.14460309	0.31513336	-0.7544206	0.16426404	-0.10733028	0.105235554	-0.48112643	1.0	-0.16488636	0.095656	-0.15126036	0.17488325	-0.13363546	0.1152869	-0.10564985	0.08540242	-0.09798481	0.102140196	-0.097470626	0.09068806	-0.107346684	0.083250575	-0.06255229	0.052874718	-0.05420103	0.056180466	-0.053821247	0.046496253	-0.04355319	0.04691237	-0.07122384	0.05991071	-0.05514146	0.029638793	-0.037491996
0.09736782	-0.129424	0.15026002	-0.6231901	0.30933774	-0.072783776	0.11383819	-0.16488636	1.0	-0.5665799	0.11404911	-0.13567331	0.1653167	-0.29326293	0.17613898	-0.07822811	0.09579501	-0.1418152	0.15344302	-0.14753823	0.10210422	-0.09036647	0.08725269	-0.079334214	0.08065272	-0.06781858	0.06355215	-0.06548951	0.06318718	-0.069278575	0.092447415	-0.077838495	0.0745162	-0.040505916	0.05111231
-0.07045674	0.079338744	-0.09667679	0.32413983	-0.7142877	0.05087932	-0.074152194	0.095656	-0.5665799	1.0000002	-0.08202713	0.08894914	-0.1133358	0.14754762	-0.14479278	0.055355582	-0.067453474	0.09345028	-0.10950424	0.102019906	-0.07449199	0.06252716	-0.062348023	0.055498295	-0.0576142	0.047437884	-0.0448999	0.04620057	-0.044912882	0.048521467	-0.06659859	0.054712187	-0.05347775	0.028930642	-0.03682485
0.2887315	-0.18450396	0.116328135	-0.10583965	0.06205311	-0.46574244	0.18264948	-0.15126036	0.11404911	-0.08202713	1.0000004	-0.5479856	0.21693918	-0.20427504	0.16547573	-0.38839284	0.23872465	-0.21155865	0.16609034	-0.17632326	0.25865513	-0.21715103	0.11788143	-0.099035464	0.09956943	-0.12961544	0.119754545	-0.09037424	0.081622556	-0.09004691	0.14022942	-0.1276122	0.10657423	-0.057671133	0.071426965
-0.2901038	0.21067369	-0.14481054	0.11469523	-0.06965152	0.2218277	-0.32861274	0.17488325	-0.13567331	0.08894914	-0.5479856	1.0000005	-0.43434513	0.23563538	-0.19335403	0.23218115	-0.30917335	0.2366251	-0.20294958	0.1773071	-0.267181	0.20643896	-0.13048391	0.10826405	-0.108914666	0.12472052	-0.12286468	0.09624737	-0.08877469	0.095217556	-0.14675482	0.1272615	-0.11332065	0.06044313	-0.07577029
0.15408607	-0.13536511	0.10420755	-0.13642377	0.07943411	-0.12272306	0.14648636	-0.13363546	0.1653167	-0.1133358	0.21693918	-0.43434513	1.0000008	-0.59060603	0.22808546	-0.14825177	0.19176596	-0.49980673	0.2862154	-0.21658538	0.17349784	-0.16805242	0.15130827	-0.13588613	0.129294	-0.112299874	0.10635556	-0.11098126	0.10409145	-0.11283254	0.1393335	-0.12554829	0.11729618	-0.063255355	0.07802371
-0.15544167	0.11504523	-0.098836355	0.16927879	-0.1032059	0.11325918	-0.12421533	0.1152869	-0.29326293	0.14754762	-0.20427504	0.23563538	-0.59060603	1.000001	-0.39276218	0.13550326	-0.17387745	0.3013768	-0.44721547	0.24932048	-0.17705853	0.15387532	-0.16785358	0.1598879	-0.1563552	0.112308	-0.107448086	0.120867565	-0.12156125	0.12769946	-0.15160319	0.13137925	-0.1299503	0.06973654	-0.08719727
0.1327429	-0.10549063	0.087332964	-0.15576038	0.09603099	-0.09935914	0.10476511	-0.10564985	0.17613898	-0.14479278	0.16547573	-0.19335403	0.22808546	-0.39276218	1.0000008	-0.12843814	0.16421139	-0.25016564	0.26031163	-0.6302211	0.17261827	-0.16777384	0.1891838	-0.1815606	0.20150855	-0.14283094	0.13106002	-0.14946239	0.14569071	-0.1748162	0.21266328	-0.17552605	0.17024623	-0.0941752	0.11931377
-0.16679755	0.09914394	-0.068182744	0.06952809	-0.041343793	0.15361823	-0.10254037	0.08540242	-0.07822811	0.055355582	-0.38839284	0.23218115	-0.14825177	0.13550326	-0.12843814	1.0000004	-0.47233632	0.16635683	-0.13503793	0.13706364	-0.7020703	0.2612951	-0.10410444	0.08275117	-0.0830411	0.13174364	-0.13114163	0.07889187	-0.06962301	0.07546479	-0.13144793	0.12033845	-0.09627682	0.051204007	-0.06335242
0.15204681	-0.11131424	0.07766767	-0.08373686	0.049890447	-0.13175486	0.116694406	-0.09798481	0.09579501	-0.067453474	0.23872465	-0.30917335	0.19176596	-0.17387745	0.16421139	-0.47233632	1.0000005	-0.28019077	0.18638487	-0.17889133	0.30846298	-0.62564886	0.14772819	-0.115202755	0.112738036	-0.21350765	0.20998558	-0.11193602	0.09622197	-0.10378748	0.18390085	-0.17973474	0.134623	-0.071070604	0.08681791
-0.15625165	0.10741826	-0.08499363	0.1114555	-0.06738107	0.115885	-0.11702535	0.102140196	-0.1418152	0.09345028	-0.21155865	0.2366251	-0.49980673	0.3013768	-0.25016564	0.16635683	-0.28019077	1.0000005	-0.60770774	0.2395259	-0.20899655	0.19976439	-0.2568552	0.20341097	-0.18822636	0.1343856	-0.13303074	0.15975142	-0.15381522	0.15464121	-0.17330268	0.15739997	-0.15937571	0.08347904	-0.10269908
0.12735018	-0.09927397	0.08008842	-0.12873314	0.07535328	-0.09684474	0.10173848	-0.097470626	0.15344302	-0.10950424	0.16609034	-0.20294958	0.2862154	-0.44721547	0.26031163	-0.13503793	0.18638487	-0.60770774	1.0000007	-0.34080786	0.168486	-0.18100752	0.2292254	-0.33710182	0.22269543	-0.13266137	0.12417015	-0.17558056	0.17887773	-0.1953362	0.17069627	-0.16422103	0.16064498	-0.08778445	0.105078965
-0.14303197	0.09426633	-0.07644762	0.115432076	-0.07337727	0.1026983	-0.0973052	0.09068806	-0.14753823	0.102019906	-0.17632326	0.1773071	-0.21658538	0.24932048	-0.6302211	0.13706364	-0.17889133	0.2395259	-0.34080786	1.0000005	-0.19666372	0.17550316	-0.25603306	0.23367529	-0.3641242	0.15538333	-0.14966422	0.18633574	-0.19716038	0.2152595	-0.26217222	0.19798918	-0.22511783	0.11998033	-0.15923811
0.16089116	-0.12107172	0.08377771	-0.09293627	0.054749258	-0.15539756	0.118925974	-0.107346684	0.10210422	-0.07449199	0.25865513	-0.267181	0.17349784	-0.17705853	0.17261827	-0.7020703	0.30846298	-0.20899655	0.168486	-0.19666372	1.0000001	-0.3855886	0.13872881	-0.11190474	0.11263959	-0.19754373	0.17710868	-0.108587846	0.09462948	-0.1046189	0.18196052	-0.17513782	0.13266793	-0.07162567	0.08768927
-0.14953119	0.093224905	-0.068253525	0.076731466	-0.046323806	0.11670006	-0.09945592	0.083250575	-0.09036647	0.06252716	-0.21715103	0.20643896	-0.16805242	0.15387532	-0.16777384	0.2612951	-0.62564886	0.19976439	-0.18100752	0.17550316	-0.3855886	0.99999976	-0.18398947	0.12316856	-0.12248756	0.2503909	-0.4291498	0.1290137	-0.10796808	0.11199367	-0.24527837	0.21177942	-0.16814464	0.08422404	-0.10532813
0.09129642	-0.06548274	0.05132897	-0.073872924	0.044300992	-0.06888392	0.06697073	-0.06255229	0.08725269	-0.062348023	0.11788143	-0.13048391	0.15130827	-0.16785358	0.1891838	-0.10410444	0.14772819	-0.2568552	0.2292254	-0.25603306	0.13872881	-0.18398947	0.99999994	-0.4566019	0.26501954	-0.14589216	0.13982865	-0.6134788	0.2916869	-0.3060913	0.18315126	-0.24728438	0.25954175	-0.13867408	0.14223827
-0.07733015	0.05493679	-0.043767806	0.06515196	-0.039319217	0.057571813	-0.056514867	0.052874718	-0.079334214	0.055498295	-0.099035464	0.10826405	-0.13588613	0.1598879	-0.1815606	0.08275117	-0.115202755	0.20341097	-0.33710182	0.23367529	-0.11190474	0.12316856	-0.4566019	1.0	-0.5891315	0.102984525	-0.099733144	0.26378793	-0.44796637	0.31014064	-0.14200391	0.1565224	-0.18865146	0.09685907	-0.11135205
0.078498	-0.056182668	0.04477671	-0.06745907	0.040742774	-0.058432214	0.057324667	-0.05420103	0.08065272	-0.0576142	0.09956943	-0.108914666	0.129294	-0.1563552	0.20150855	-0.0830411	0.112738036	-0.18822636	0.22269543	-0.3641242	0.11263959	-0.12248756	0.26501954	-0.5891315	0.9999999	-0.1075876	0.10154658	-0.23882595	0.2988802	-0.5637783	0.14907543	-0.1639501	0.17769822	-0.099759676	0.11424195
-0.097382635	0.061354656	-0.04628934	0.0572932	-0.034739576	0.07328189	-0.063836455	0.056180466	-0.06781858	0.047437884	-0.12961544	0.12472052	-0.112299874	0.112308	-0.14283094	0.13174364	-0.21350765	0.1343856	-0.13266137	0.15538333	-0.19754373	0.2503909	-0.14589216	0.102984525	-0.1075876	0.9999997	-0.69781667	0.11862084	-0.097519085	0.10035653	-0.52359307	0.27219006	-0.18848734	0.091683716	-0.11539137
0.088452995	-0.058773324	0.043903593	-0.054358374	0.032773938	-0.06837874	0.060670976	-0.053821247	0.06355215	-0.0448999	0.119754545	-0.12286468	0.10635556	-0.107448086	0.13106002	-0.13114163	0.20998558	-0.13303074	0.12417015	-0.14966422	0.17710868	-0.4291498	0.13982865	-0.099733144	0.10154658	-0.69781667	0.99999964	-0.1208394	0.09389415	-0.09810588	0.28775027	-0.3969808	0.18433613	-0.08959721	0.106895916
-0.07039854	0.04885042	-0.038365766	0.054626804	-0.03301661	0.052535273	-0.050181836	0.046496253	-0.06548951	0.04620057	-0.09037424	0.09624737	-0.11098126	0.120867565	-0.14946239	0.07889187	-0.11193602	0.15975142	-0.17558056	0.18633574	-0.108587846	0.1290137	-0.6134788	0.26378793	-0.23882595	0.11862084	-0.1208394	0.99999976	-0.47288838	0.26050007	-0.16235375	0.21812552	-0.44878146	0.14799204	-0.15768676
0.06394204	-0.04538902	0.035927024	-0.05289591	0.031869993	-0.047743384	0.04641807	-0.04355319	0.06318718	-0.044912882	0.081622556	-0.08877469	0.10409145	-0.12156125	0.14569071	-0.06962301	0.09622197	-0.15381522	0.17887773	-0.19716038	0.09462948	-0.10796808	0.2916869	-0.44796637	0.2988802	-0.097519085	0.09389415	-0.47288838	0.9999998	-0.6407276	0.13164805	-0.16612549	0.20578118	-0.110960595	0.11718197
-0.07099685	0.049004253	-0.03891997	0.05688016	-0.034634493	0.052445356	-0.05036454	0.04691237	-0.069278575	0.048521467	-0.09004691	0.095217556	-0.11283254	0.12769946	-0.1748162	0.07546479	-0.10378748	0.15464121	-0.1953362	0.2152595	-0.1046189	0.11199367	-0.3060913	0.31014064	-0.5637783	0.10035653	-0.09810588	0.26050007	-0.6407276	0.99999964	-0.14618427	0.15715493	-0.21162799	0.111836	-0.13709426
0.109602295	-0.075658105	0.058247183	-0.07952873	0.048000958	-0.082705475	0.07665036	-0.07122384	0.092447415	-0.06659859	0.14022942	-0.14675482	0.1393335	-0.15160319	0.21266328	-0.13144793	0.18390085	-0.17330268	0.17069627	-0.26217222	0.18196052	-0.24527837	0.18315126	-0.14200391	0.14907543	-0.52359307	0.28775027	-0.16235375	0.13164805	-0.14618427	0.99999934	-0.47581062	0.23631649	-0.12778692	0.14901869
-0.098445535	0.06428397	-0.04942431	0.06535453	-0.039675348	0.07345422	-0.066275276	0.05991071	-0.077838495	0.054712187	-0.1276122	0.1272615	-0.12554829	0.13137925	-0.17552605	0.12033845	-0.17973474	0.15739997	-0.16422103	0.19798918	-0.17513782	0.21177942	-0.24728438	0.1565224	-0.1639501	0.27219006	-0.3969808	0.21812552	-0.16612549	0.15715493	-0.47581062	0.9999993	-0.5532069	0.1905949	-0.23998494
0.08330504	-0.05815265	0.045230605	-0.06353498	0.038298618	-0.06260392	0.05914125	-0.05514146	0.0745162	-0.05347775	0.10657423	-0.11332065	0.11729618	-0.1299503	0.17024623	-0.09627682	0.134623	-0.15937571	0.16064498	-0.22511783	0.13266793	-0.16814464	0.25954175	-0.18865146	0.17769822	-0.18848734	0.18433613	-0.44878146	0.20578118	-0.21162799	0.23631649	-0.5532069	0.9999993	-0.3798695	0.25928122
-0.045333397	0.03124337	-0.024382906	0.034317695	-0.020746714	0.033831403	-0.031829137	0.029638793	-0.040505916	0.028930642	-0.057671133	0.06044313	-0.063255355	0.06973654	-0.0941752	0.051204007	-0.071070604	0.08347904	-0.08778445	0.11998033	-0.07162567	0.08422404	-0.13867408	0.09685907	-0.099759676	0.091683716	-0.08959721	0.14799204	-0.110960595	0.111836	-0.12778692	0.1905949	-0.3798695	0.9999993	-0.86724174
0.056317937	-0.03941364	0.030765658	-0.043687887	0.02635659	-0.042163573	0.039951663	-0.037491996	0.05111231	-0.03682485	0.071426965	-0.07577029	0.07802371	-0.08719727	0.11931377	-0.06335242	0.08681791	-0.10269908	0.105078965	-0.15923811	0.08768927	-0.10532813	0.14223827	-0.11135205	0.11424195	-0.11539137	0.106895916	-0.15768676	0.11718197	-0.13709426	0.14901869	-0.23998494	0.25928122	-0.86724174	0.9999993
