1.0000001	-0.6515877	0.30066815	-0.18025833	0.12574989	-0.51791203	0.3142893	-0.35127506	0.1336733	-0.11755348	0.19106251	-0.2123886	0.13690452	-0.1367252	0.12784716	-0.116918996	0.11497665	-0.1129885	0.09405809	-0.092396714	0.07849892	-0.10016882	0.109406695	-0.07008367	0.06491174	-0.09503443	0.08739431	-0.07420802	0.07141598	-0.07114426	0.08507021	-0.06576182	0.08332932	-0.06685094	0.07311877
-0.6515877	1.0000002	-0.5012158	0.14350376	-0.10667162	0.30181482	-0.46599984	0.29890212	-0.11239868	0.09367427	-0.14929822	0.1520013	-0.10951972	0.10403248	-0.098565854	0.083285175	-0.08665603	0.083920605	-0.07124945	0.068964034	-0.057510585	0.072990224	-0.08270201	0.052360516	-0.04869886	0.06840287	-0.06481168	0.055316627	-0.053671848	0.05285419	-0.06382429	0.048775367	-0.0626549	0.049765497	-0.054988455
0.30066815	-0.5012158	1.0000002	-0.27984804	0.16847833	-0.3427188	0.30408943	-0.63426167	0.18620482	-0.15742262	0.1655828	-0.18310396	0.15802442	-0.16147275	0.13839431	-0.1113233	0.11357177	-0.1166233	0.09905778	-0.0975394	0.07584233	-0.0985607	0.11191015	-0.073023304	0.067942135	-0.09309606	0.086837456	-0.07531983	0.074198864	-0.074152574	0.086410075	-0.06657481	0.085008584	-0.06917077	0.07605628
-0.18025833	0.14350376	-0.27984804	1.0000001	-0.5948097	0.15122029	-0.14016213	0.21429211	-0.5574897	0.32252216	-0.12404776	0.12759589	-0.25509644	0.23502645	-0.20288712	0.10660576	-0.12406931	0.13866316	-0.1289364	0.124758944	-0.07625498	0.1042878	-0.13468982	0.09059426	-0.08603428	0.096153624	-0.09514862	0.087667994	-0.09251766	0.091317676	-0.101018935	0.07639245	-0.1009244	0.08404982	-0.0950992
0.12574989	-0.10667162	0.16847833	-0.5948097	1.0000001	-0.12429799	0.10655496	-0.17734045	0.3186301	-0.66939145	0.09588831	-0.10324196	0.17469893	-0.20389535	0.1711202	-0.09192569	0.099368356	-0.11503017	0.10459633	-0.11197847	0.06395271	-0.08766375	0.10835407	-0.07683455	0.07305057	-0.0824696	0.07842892	-0.07238648	0.076697886	-0.07997631	0.08263501	-0.063693866	0.082288474	-0.07158061	0.07897529
-0.51791203	0.30181482	-0.3427188	0.15122029	-0.12429799	1.0000001	-0.5984706	0.28920707	-0.12752928	0.10602047	-0.35010964	0.2426334	-0.1436409	0.1281925	-0.12863547	0.120543376	-0.12462617	0.113344595	-0.0953042	0.09022922	-0.08438407	0.10137604	-0.1130436	0.06949331	-0.06443499	0.09409854	-0.09067181	0.07527883	-0.0716936	0.069459654	-0.087140314	0.06602632	-0.08535272	0.06599402	-0.073101595
0.3142893	-0.46599984	0.30408943	-0.14016213	0.10655496	-0.5984706	1.0000002	-0.51675427	0.12221975	-0.098960325	0.20101942	-0.23364735	0.122034006	-0.11453321	0.10150492	-0.093444325	0.0992488	-0.0929278	0.076198585	-0.07254527	0.064145766	-0.081032775	0.087284625	-0.055310458	0.051080648	-0.074062124	0.070480175	-0.058677133	0.05640017	-0.055215746	0.0669439	-0.05131775	0.06588238	-0.05204524	0.057234287
-0.35127506	0.29890212	-0.63426167	0.21429211	-0.17734045	0.28920707	-0.51675427	0.9999999	-0.23722273	0.15702341	-0.174765	0.1723414	-0.18263453	0.16213126	-0.14109387	0.10399786	-0.11418545	0.11505264	-0.09974527	0.095309526	-0.073241144	0.09463638	-0.1121099	0.07176285	-0.06704768	0.08782004	-0.08512965	0.07407046	-0.07353485	0.072047316	-0.08557075	0.064966686	-0.08445056	0.067543685	-0.07528096
0.1336733	-0.11239868	0.18620482	-0.5574897	0.3186301	-0.12752928	0.12221975	-0.23722273	0.99999964	-0.59523165	0.10221126	-0.10944848	0.23462254	-0.3764744	0.15852314	-0.0873596	0.10209657	-0.12147342	0.10879064	-0.105696164	0.061641213	-0.08555161	0.103962965	-0.074716866	0.06968516	-0.07786649	0.0759355	-0.06897474	0.07376087	-0.074348085	0.077354446	-0.059631284	0.077832885	-0.06715427	0.07427114
-0.11755348	0.09367427	-0.15742262	0.32252216	-0.66939145	0.10602047	-0.098960325	0.15702341	-0.59523165	0.9999997	-0.09019786	0.09437668	-0.20031579	0.20517948	-0.19102648	0.08185986	-0.0944502	0.10950517	-0.10260883	0.10701364	-0.05793685	0.080092885	-0.10038673	0.072037034	-0.06900487	0.07382066	-0.07202855	0.06640987	-0.071885556	0.07367888	-0.075084254	0.057676937	-0.07547431	0.065697804	-0.07316203
0.19106251	-0.14929822	0.1655828	-0.12404776	0.09588831	-0.35010964	0.20101942	-0.174765	0.10221126	-0.09019786	0.99999964	-0.809327	0.16705567	-0.15288949	0.13243833	-0.2293869	0.19075172	-0.15927033	0.11529627	-0.10585335	0.13462085	-0.15355164	0.13394713	-0.083020434	0.07454574	-0.13713275	0.12469977	-0.09334712	0.08361743	-0.08053949	0.103113525	-0.0802925	0.101041175	-0.076917894	0.08234897
-0.2123886	0.1520013	-0.18310396	0.12759589	-0.10324196	0.2426334	-0.23364735	0.1723414	-0.10944848	0.09437668	-0.809327	0.99999964	-0.22084093	0.16102411	-0.14458384	0.18046644	-0.26396006	0.17271312	-0.1284951	0.11221274	-0.13057333	0.1584059	-0.14596377	0.088785216	-0.0800906	0.13123386	-0.13315631	0.09895539	-0.09019462	0.08516975	-0.10919377	0.083935775	-0.10829557	0.08154662	-0.08845202
0.13690452	-0.10951972	0.15802442	-0.25509644	0.17469893	-0.1436409	0.122034006	-0.18263453	0.23462254	-0.20031579	0.16705567	-0.22084093	0.9999995	-0.7688042	0.19420134	-0.14279442	0.190408	-0.32041526	0.19166209	-0.16384108	0.09993464	-0.14997503	0.15869103	-0.122188106	0.10751213	-0.12553546	0.123055235	-0.10740249	0.114378005	-0.11317866	0.11303953	-0.08985768	0.11599716	-0.10249598	0.10987403
-0.1367252	0.10403248	-0.16147275	0.23502645	-0.20389535	0.1281925	-0.11453321	0.16213126	-0.3764744	0.20517948	-0.15288949	0.16102411	-0.7688042	0.99999976	-0.21557914	0.12392894	-0.1712518	0.21375689	-0.20235877	0.15420084	-0.08994625	0.12942962	-0.15599884	0.11638328	-0.105507344	0.111600585	-0.114032224	0.10199168	-0.11324815	0.107641615	-0.11027889	0.085457005	-0.11350442	0.09826074	-0.10888247
0.12784716	-0.098565854	0.13839431	-0.20288712	0.1711202	-0.12863547	0.10150492	-0.14109387	0.15852314	-0.19102648	0.13243833	-0.14458384	0.19420134	-0.21557914	0.9999995	-0.1991599	0.19874102	-0.25894812	0.27020323	-0.54267764	0.13508204	-0.19242164	0.23467664	-0.2191053	0.22708167	-0.18513718	0.16855393	-0.1656684	0.20037869	-0.2575214	0.18082158	-0.14526731	0.18363659	-0.19434461	0.20536259
-0.116918996	0.083285175	-0.1113233	0.10660576	-0.09192569	0.120543376	-0.093444325	0.10399786	-0.0873596	0.08185986	-0.2293869	0.18046644	-0.14279442	0.12392894	-0.1991599	0.99999946	-0.28085926	0.1894834	-0.16585003	0.14576988	-0.71377474	0.24914208	-0.2590704	0.12423249	-0.11289061	0.30251154	-0.28756076	0.17723668	-0.13676575	0.12069793	-0.2246249	0.156392	-0.20353904	0.12372095	-0.13503997
0.11497665	-0.08665603	0.11357177	-0.12406931	0.099368356	-0.12462617	0.0992488	-0.11418545	0.10209657	-0.0944502	0.19075172	-0.26396006	0.190408	-0.1712518	0.19874102	-0.28085926	0.9999994	-0.56195265	0.23191644	-0.19600983	0.19448306	-0.5436889	0.23433639	-0.15585262	0.13106318	-0.23970476	0.25019744	-0.17110497	0.14572033	-0.13914518	0.16093066	-0.13454798	0.16685136	-0.1317774	0.13530779
-0.1129885	0.083920605	-0.1166233	0.13866316	-0.11503017	0.113344595	-0.0929278	0.11505264	-0.12147342	0.10950517	-0.15927033	0.17271312	-0.32041526	0.21375689	-0.25894812	0.1894834	-0.56195265	0.9999991	-0.50231266	0.24225217	-0.14544222	0.24978194	-0.27742788	0.20115998	-0.17140903	0.17826335	-0.20499459	0.16979173	-0.18790808	0.1640536	-0.16336475	0.1309763	-0.17690419	0.15152818	-0.16381349
0.09405809	-0.07124945	0.09905778	-0.1289364	0.10459633	-0.0953042	0.076198585	-0.09974527	0.10879064	-0.10260883	0.11529627	-0.1284951	0.19166209	-0.20235877	0.27020323	-0.16585003	0.23191644	-0.50231266	0.99999934	-0.5333314	0.116898015	-0.19187634	0.21074119	-0.42110255	0.25011286	-0.1560213	0.15408117	-0.15365869	0.23658903	-0.23322846	0.14229934	-0.119179234	0.15722129	-0.193263	0.19202669
-0.092396714	0.068964034	-0.0975394	0.124758944	-0.11197847	0.09022922	-0.07254527	0.095309526	-0.105696164	0.10701364	-0.10585335	0.11221274	-0.16384108	0.15420084	-0.54267764	0.14576988	-0.19600983	0.24225217	-0.5333314	0.9999993	-0.10597125	0.15826927	-0.21626608	0.26523918	-0.4147845	0.14059414	-0.14440979	0.14817093	-0.23729295	0.25494307	-0.14846483	0.118740715	-0.16348362	0.18806015	-0.22387215
0.07849892	-0.057510585	0.07584233	-0.07625498	0.06395271	-0.08438407	0.064145766	-0.073241144	0.061641213	-0.05793685	0.13462085	-0.13057333	0.09993464	-0.08994625	0.13508204	-0.71377474	0.19448306	-0.14544222	0.116898015	-0.10597125	0.99999934	-0.27872515	0.1838889	-0.09043574	0.08057289	-0.5437136	0.25311348	-0.14071819	0.09791492	-0.08781157	0.1629292	-0.123267524	0.14594698	-0.0902182	0.094696365
-0.10016882	0.072990224	-0.0985607	0.1042878	-0.08766375	0.10137604	-0.081032775	0.09463638	-0.08555161	0.080092885	-0.15355164	0.1584059	-0.14997503	0.12942962	-0.19242164	0.24914208	-0.5436889	0.24978194	-0.19187634	0.15826927	-0.27872515	0.99999934	-0.33029595	0.1375956	-0.12019462	0.28147954	-0.56614	0.22060396	-0.14736718	0.12823403	-0.19332676	0.15807474	-0.21067792	0.13069071	-0.13574931
0.109406695	-0.08270201	0.11191015	-0.13468982	0.10835407	-0.1130436	0.087284625	-0.1121099	0.103962965	-0.10038673	0.13394713	-0.14596377	0.15869103	-0.15599884	0.23467664	-0.2590704	0.23433639	-0.27742788	0.21074119	-0.21626608	0.1838889	-0.33029595	0.99999946	-0.21655346	0.16868	-0.27440298	0.26880327	-0.5733199	0.21589647	-0.19818172	0.23410986	-0.25578383	0.30104497	-0.21104026	0.19089231
-0.07008367	0.052360516	-0.073023304	0.09059426	-0.07683455	0.06949331	-0.055310458	0.07176285	-0.074716866	0.072037034	-0.083020434	0.088785216	-0.122188106	0.11638328	-0.2191053	0.12423249	-0.15585262	0.20115998	-0.42110255	0.26523918	-0.09043574	0.1375956	-0.21655346	0.99999934	-0.4859482	0.12376852	-0.12929931	0.16493744	-0.59626025	0.284864	-0.12958577	0.1118036	-0.16361903	0.2498185	-0.26520762
0.06491174	-0.04869886	0.067942135	-0.08603428	0.07305057	-0.06443499	0.051080648	-0.06704768	0.06968516	-0.06900487	0.07454574	-0.0800906	0.10751213	-0.105507344	0.22708167	-0.11289061	0.13106318	-0.17140903	0.25011286	-0.4147845	0.08057289	-0.12019462	0.16868	-0.4859482	0.9999994	-0.1106102	0.110277854	-0.13031648	0.26972258	-0.6447503	0.11493426	-0.09828773	0.13587359	-0.23279713	0.24868856
-0.09503443	0.06840287	-0.09309606	0.096153624	-0.0824696	0.09409854	-0.074062124	0.08782004	-0.07786649	0.07382066	-0.13713275	0.13123386	-0.12553546	0.111600585	-0.18513718	0.30251154	-0.23970476	0.17826335	-0.1560213	0.14059414	-0.5437136	0.28147954	-0.27440298	0.12376852	-0.1106102	0.9999993	-0.560725	0.21427627	-0.13948096	0.12029781	-0.28926685	0.1908391	-0.23120666	0.1270711	-0.13368031
0.08739431	-0.06481168	0.086837456	-0.09514862	0.07842892	-0.09067181	0.070480175	-0.08512965	0.0759355	-0.07202855	0.12469977	-0.13315631	0.123055235	-0.114032224	0.16855393	-0.28756076	0.25019744	-0.20499459	0.15408117	-0.14440979	0.25311348	-0.56614	0.26880327	-0.12929931	0.110277854	-0.560725	0.9999992	-0.33726266	0.14189628	-0.12357168	0.20633358	-0.19609903	0.22575563	-0.13156271	0.12818243
-0.07420802	0.055316627	-0.07531983	0.087667994	-0.07238648	0.07527883	-0.058677133	0.07407046	-0.06897474	0.06640987	-0.09334712	0.09895539	-0.10740249	0.10199168	-0.1656684	0.17723668	-0.17110497	0.16979173	-0.15365869	0.14817093	-0.14071819	0.22060396	-0.5733199	0.16493744	-0.13031648	0.21427627	-0.33726266	0.9999992	-0.24084978	0.14914747	-0.22972462	0.23166494	-0.60039365	0.18184637	-0.16037804
0.07141598	-0.053671848	0.074198864	-0.09251766	0.076697886	-0.0716936	0.05640017	-0.07353485	0.07376087	-0.071885556	0.08361743	-0.09019462	0.114378005	-0.11324815	0.20037869	-0.13676575	0.14572033	-0.18790808	0.23658903	-0.23729295	0.09791492	-0.14736718	0.21589647	-0.59626025	0.26972258	-0.13948096	0.14189628	-0.24084978	0.99999905	-0.3542943	0.14280632	-0.1328364	0.19483969	-0.5153674	0.28880554
-0.07114426	0.05285419	-0.074152574	0.091317676	-0.07997631	0.069459654	-0.055215746	0.072047316	-0.074348085	0.07367888	-0.08053949	0.08516975	-0.11317866	0.107641615	-0.2575214	0.12069793	-0.13914518	0.1640536	-0.23322846	0.25494307	-0.08781157	0.12823403	-0.19818172	0.284864	-0.6447503	0.12029781	-0.12357168	0.14914747	-0.3542943	0.9999988	-0.13551936	0.11309816	-0.16380425	0.26996884	-0.4835904
0.08507021	-0.06382429	0.086410075	-0.101018935	0.08263501	-0.087140314	0.0669439	-0.08557075	0.077354446	-0.075084254	0.103113525	-0.10919377	0.11303953	-0.11027889	0.18082158	-0.2246249	0.16093066	-0.16336475	0.14229934	-0.14846483	0.1629292	-0.19332676	0.23410986	-0.12958577	0.11493426	-0.28926685	0.20633358	-0.22972462	0.14280632	-0.13551936	0.9999988	-0.748737	0.2811035	-0.15136792	0.14219204
-0.06576182	0.048775367	-0.06657481	0.07639245	-0.063693866	0.06602632	-0.05131775	0.064966686	-0.059631284	0.057676937	-0.0802925	0.083935775	-0.08985768	0.085457005	-0.14526731	0.156392	-0.13454798	0.1309763	-0.119179234	0.118740715	-0.123267524	0.15807474	-0.25578383	0.1118036	-0.09828773	0.1908391	-0.19609903	0.23166494	-0.1328364	0.11309816	-0.748737	0.99999875	-0.49032676	0.13626547	-0.13101856
0.08332932	-0.0626549	0.085008584	-0.1009244	0.082288474	-0.08535272	0.06588238	-0.08445056	0.077832885	-0.07547431	0.101041175	-0.10829557	0.11599716	-0.11350442	0.18363659	-0.20353904	0.16685136	-0.17690419	0.15722129	-0.16348362	0.14594698	-0.21067792	0.30104497	-0.16361903	0.13587359	-0.23120666	0.22575563	-0.60039365	0.19483969	-0.16380425	0.2811035	-0.49032676	0.9999988	-0.23963867	0.18015699
-0.06685094	0.049765497	-0.06917077	0.08404982	-0.07158061	0.06599402	-0.05204524	0.067543685	-0.06715427	0.065697804	-0.076917894	0.08154662	-0.10249598	0.09826074	-0.19434461	0.12372095	-0.1317774	0.15152818	-0.193263	0.18806015	-0.0902182	0.13069071	-0.21104026	0.2498185	-0.23279713	0.1270711	-0.13156271	0.18184637	-0.5153674	0.26996884	-0.15136792	0.13626547	-0.23963867	0.9999989	-0.6868811
0.07311877	-0.054988455	0.07605628	-0.0950992	0.07897529	-0.073101595	0.057234287	-0.07528096	0.07427114	-0.07316203	0.08234897	-0.08845202	0.10987403	-0.10888247	0.20536259	-0.13503997	0.13530779	-0.16381349	0.19202669	-0.22387215	0.094696365	-0.13574931	0.19089231	-0.26520762	0.24868856	-0.13368031	0.12818243	-0.16037804	0.28880554	-0.4835904	0.14219204	-0.13101856	0.18015699	-0.6868811	0.9999989
