1.8566555567085743
1.8785774782299995
1.3232243098318577
1.5273769609630108
0.9514406491070986
1.1831569392234087
0.9945248160511255
0.5330312456935644
0.9869939778000116
1.0371210798621178
0.9075946044176817
0.7745564747601748
1.5569366924464703
0.7292625550180674
0.6753232758492231
1.7626498118042946
0.3493615258485079
0.9080349262803793
0.3848391119390726
0.8672338556498289
0.7441602107137442
0.5359153803437948
0.9566109795123339
0.34756435081362724
1.3528231494128704
1.067278305068612
1.480232885107398
0.2214939221739769
0.7913541626185179
0.5871993415057659
0.9002724755555391
1.7554968446493149
0.8440146632492542
1.77073316834867
0.6909957900643349
0.538368470966816
1.5726095791906118
0.4024979993700981
1.714226784184575
1.8528785984963179
1.4964201711118221
0.9454716686159372
0.7091569602489471
1.9485224727541208
0.38709562830626965
0.08917003311216831
1.3715337868779898
1.7749893330037594
1.1782852578908205
0.14727944880723953
0.9201445188373327
1.5304486621171236
1.0529931653290987
0.08095660619437695
0.416086845099926
0.9644874725490808
0.9889157246798277
1.6964755840599537
