1.0	-0.61228156	0.1647073	-0.14352764	0.12862654	-0.4780483	0.31198627	-0.1915969	0.13825741	-0.103487216	0.28520706	-0.31323943	0.16687447	-0.13345614	0.15856048	-0.23826225	0.19493142	-0.15210085	0.13506824	-0.10170936	0.17734967	-0.15578087	0.14293857	-0.17901942	0.1066377	-0.13937786	0.11196282	-0.16442485	0.09115934	-0.08952812	0.17320928	-0.11341187	0.09470929	-0.09556702	0.101734996
-0.61228156	0.99999994	-0.2420689	0.15966037	-0.14715624	0.27063555	-0.5766002	0.19072525	-0.14966375	0.10894863	-0.2754253	0.26846936	-0.16501352	0.12817594	-0.157395	0.1836454	-0.18506278	0.13576245	-0.12500763	0.0929356	-0.15887967	0.13139535	-0.12515159	0.15090348	-0.09913472	0.11066382	-0.09232445	0.13248165	-0.07899795	0.07721635	-0.1446591	0.091226	-0.0782113	0.080164656	-0.088622786
0.1647073	-0.2420689	1.0	-0.70347005	0.2546937	-0.09806648	0.14714189	-0.4961299	0.24401233	-0.20929025	0.10867026	-0.13266577	0.19997077	-0.1636871	0.16460453	-0.100671135	0.09752452	-0.15502906	0.13481231	-0.09752934	0.11542464	-0.10572673	0.115092345	-0.1544174	0.09713963	-0.0942166	0.07841372	-0.1207544	0.07428945	-0.07421708	0.11367817	-0.08088029	0.06916696	-0.073790796	0.079647034
-0.14352764	0.15966037	-0.70347005	0.9999998	-0.4693838	0.08283131	-0.12281267	0.281774	-0.34711093	0.24783002	-0.09457693	0.11099634	-0.1776035	0.15829273	-0.16690622	0.086503915	-0.08487702	0.13274446	-0.12593397	0.09067654	-0.10279085	0.09221686	-0.101824544	0.13561991	-0.09158533	0.08181502	-0.06866666	0.10469376	-0.0670981	0.06685856	-0.10087965	0.07050257	-0.060794074	0.06564503	-0.07211673
0.12862654	-0.14715624	0.2546937	-0.4693838	0.99999976	-0.081120685	0.11219209	-0.3147551	0.3134269	-0.67788696	0.09288954	-0.11669123	0.17812489	-0.17918076	0.17106691	-0.094084255	0.08963448	-0.15358406	0.13808164	-0.10238893	0.114114106	-0.10658846	0.11640112	-0.16358753	0.10008807	-0.0982917	0.080968656	-0.12625106	0.077378295	-0.077898614	0.11687967	-0.08477027	0.071937114	-0.07739952	0.082475774
-0.4780483	0.27063555	-0.09806648	0.08283131	-0.081120685	0.9999995	-0.4130586	0.11838714	-0.088513285	0.06390314	-0.69697165	0.2699678	-0.11565461	0.08745878	-0.10523684	0.1958255	-0.17735459	0.09945906	-0.08859305	0.06556205	-0.13206428	0.108426034	-0.09555141	0.112839654	-0.06938226	0.087082766	-0.0719888	0.10275037	-0.05790455	0.056463327	-0.106302395	0.07027523	-0.059647676	0.059681397	-0.06464677
0.31198627	-0.5766002	0.14714189	-0.12281267	0.11219209	-0.4130586	0.9999994	-0.18014918	0.122414075	-0.08936318	0.28690007	-0.5338652	0.16208959	-0.119899236	0.1380631	-0.23546776	0.21727994	-0.1352241	0.11746181	-0.08616756	0.15777302	-0.13819551	0.12285276	-0.14783794	0.08996046	-0.1101543	0.090958275	-0.13170217	0.074410096	-0.07281328	0.13142076	-0.089352846	0.075809106	-0.07630766	0.082292974
-0.1915969	0.19072525	-0.4961299	0.281774	-0.3147551	0.11838714	-0.18014918	0.9999993	-0.41712877	0.22978045	-0.14065316	0.17300682	-0.47931767	0.25324333	-0.27296096	0.13035606	-0.13238187	0.23201056	-0.21452393	0.14468664	-0.16266689	0.14417377	-0.16850655	0.20898165	-0.14839678	0.12286388	-0.10540355	0.15937498	-0.10495647	0.10372591	-0.15305306	0.10640554	-0.093325034	0.1005663	-0.11256503
0.13825741	-0.14966375	0.24401233	-0.34711093	0.3134269	-0.088513285	0.122414075	-0.41712877	0.9999993	-0.6070271	0.10309245	-0.13247739	0.23542747	-0.3494223	0.2338276	-0.105701365	0.10188227	-0.19593334	0.18443106	-0.13250963	0.13171639	-0.124241546	0.13956434	-0.19964248	0.12488421	-0.111556314	0.09294672	-0.14576837	0.09231817	-0.093346424	0.13122414	-0.09693476	0.08296355	-0.09039655	0.09690571
-0.103487216	0.10894863	-0.20929025	0.24783002	-0.67788696	0.06390314	-0.08936318	0.22978045	-0.6070271	0.99999917	-0.07458764	0.0919524	-0.16055489	0.17768136	-0.17628992	0.073755406	-0.07174359	0.1266966	-0.1258896	0.09013011	-0.09201016	0.08441581	-0.09490282	0.13115677	-0.08882284	0.075664885	-0.06338983	0.09794854	-0.06362963	0.06385424	-0.09144932	0.06568286	-0.056555633	0.061799593	-0.067462966
0.28520706	-0.2754253	0.10867026	-0.09457693	0.09288954	-0.69697165	0.28690007	-0.14065316	0.10309245	-0.07458764	0.99999905	-0.43288752	0.14199568	-0.10699344	0.12547615	-0.32842755	0.23189355	-0.12515654	0.108813986	-0.080325514	0.16668591	-0.14170836	0.120019585	-0.14228337	0.08421618	-0.11136733	0.09118167	-0.1310004	0.07171814	-0.06998051	0.1296267	-0.08900075	0.07501322	-0.07440102	0.07954445
-0.31323943	0.26846936	-0.13266577	0.11099634	-0.11669123	0.2699678	-0.5338652	0.17300682	-0.13247739	0.0919524	-0.43288752	0.9999989	-0.23865844	0.14213312	-0.16675115	0.2846316	-0.4742628	0.16072692	-0.14065425	0.0998718	-0.20370771	0.17075674	-0.15003967	0.1660194	-0.10559233	0.12285942	-0.105320774	0.14721471	-0.084949754	0.08243131	-0.1476302	0.09936744	-0.08592987	0.085568346	-0.09408223
0.16687447	-0.16501352	0.19997077	-0.1776035	0.17812489	-0.11565461	0.16208959	-0.47931767	0.23542747	-0.16055489	0.14199568	-0.23865844	0.999999	-0.45088044	0.28276446	-0.14688657	0.14980933	-0.51291496	0.28176138	-0.17857441	0.18197888	-0.18284707	0.2198656	-0.27946302	0.16491829	-0.14597398	0.12538724	-0.20184025	0.12221027	-0.12230965	0.16438816	-0.12737066	0.11090305	-0.117344856	0.12588647
-0.13345614	0.12817594	-0.1636871	0.15829273	-0.17918076	0.08745878	-0.119899236	0.25324333	-0.3494223	0.17768136	-0.10699344	0.14213312	-0.45088044	0.9999987	-0.6205005	0.11184869	-0.112074316	0.27096185	-0.39995205	0.20764971	-0.15088727	0.1426985	-0.17647801	0.25234678	-0.18919133	0.12068842	-0.10398651	0.1632637	-0.11686023	0.118244834	-0.14101261	0.10698009	-0.09411752	0.10647972	-0.11789676
0.15856048	-0.157395	0.16460453	-0.16690622	0.17106691	-0.10523684	0.1380631	-0.27296096	0.2338276	-0.17628992	0.12547615	-0.16675115	0.28276446	-0.6205005	0.99999857	-0.14030752	0.13342585	-0.28921932	0.28990093	-0.35959545	0.18540098	-0.18257861	0.20735495	-0.33748302	0.23956054	-0.16698788	0.1386958	-0.22409905	0.15420419	-0.16698432	0.18689322	-0.14851043	0.12678453	-0.1470492	0.15473631
-0.23826225	0.1836454	-0.100671135	0.086503915	-0.094084255	0.1958255	-0.23546776	0.13035606	-0.105701365	0.073755406	-0.32842755	0.2846316	-0.14688657	0.11184869	-0.14030752	0.9999987	-0.7251292	0.13746387	-0.12281275	0.08891276	-0.3837274	0.22622226	-0.16245447	0.16060142	-0.096075855	0.13755143	-0.11959821	0.15556742	-0.08296805	0.079148605	-0.14962733	0.10449204	-0.09040686	0.084990196	-0.092826314
0.19493142	-0.18506278	0.09752452	-0.08487702	0.08963448	-0.17735459	0.21727994	-0.13238187	0.10188227	-0.07174359	0.23189355	-0.4742628	0.14980933	-0.112074316	0.13342585	-0.7251292	0.9999988	-0.14283814	0.12144974	-0.08716321	0.25026223	-0.266459	0.16099653	-0.16435015	0.09230418	-0.13723207	0.11745835	-0.15842548	0.081054986	-0.07766416	0.1391467	-0.10431523	0.08893447	-0.08345214	0.08914946
-0.15210085	0.13576245	-0.15502906	0.13274446	-0.15358406	0.09945906	-0.1352241	0.23201056	-0.19593334	0.1266966	-0.12515654	0.16072692	-0.51291496	0.27096185	-0.28921932	0.13746387	-0.14283814	0.9999987	-0.55185616	0.19804738	-0.21795055	0.21136975	-0.4065342	0.30284917	-0.20031376	0.14931817	-0.13920172	0.21692288	-0.13752449	0.13127482	-0.17397307	0.13189737	-0.12256684	0.124233015	-0.13998814
0.13506824	-0.12500763	0.13481231	-0.12593397	0.13808164	-0.08859305	0.11746181	-0.21452393	0.18443106	-0.1258896	0.108813986	-0.14065425	0.28176138	-0.39995205	0.28990093	-0.12281275	0.12144974	-0.55185616	0.99999905	-0.3339656	0.18271136	-0.1848088	0.24994616	-0.51122946	0.23467925	-0.1430318	0.12697613	-0.205911	0.1527589	-0.1535422	0.16208757	-0.12894762	0.11578828	-0.13289967	0.14434123
-0.10170936	0.0929356	-0.09752934	0.09067654	-0.10238893	0.06556205	-0.08616756	0.14468664	-0.13250963	0.09013011	-0.080325514	0.0998718	-0.17857441	0.20764971	-0.35959545	0.08891276	-0.08716321	0.19804738	-0.3339656	0.9999991	-0.13094077	0.1219759	-0.15129131	0.23786989	-0.7770571	0.10873852	-0.095383525	0.1509594	-0.18430042	0.2009279	-0.12765202	0.10370206	-0.09434077	0.1348753	-0.168771
0.17734967	-0.15887967	0.11542464	-0.10279085	0.114114106	-0.13206428	0.15777302	-0.16266689	0.13171639	-0.09201016	0.16668591	-0.20370771	0.18197888	-0.15088727	0.18540098	-0.3837274	0.25026223	-0.21795055	0.18271136	-0.13094077	0.99999905	-0.6332028	0.28430435	-0.2833168	0.13918433	-0.29309845	0.22761162	-0.30005798	0.13385816	-0.12656595	0.22257282	-0.19247627	0.15982364	-0.14101872	0.14522265
-0.15578087	0.13139535	-0.10572673	0.09221686	-0.10658846	0.108426034	-0.13819551	0.14417377	-0.124241546	0.08441581	-0.14170836	0.17075674	-0.18284707	0.1426985	-0.18257861	0.22622226	-0.266459	0.21136975	-0.1848088	0.1219759	-0.6332028	0.9999993	-0.5209792	0.24378355	-0.13443886	0.22556175	-0.27572095	0.26313078	-0.12427509	0.11311651	-0.20370637	0.16627043	-0.15232418	0.12374629	-0.13549934
0.14293857	-0.12515159	0.115092345	-0.101824544	0.11640112	-0.09555141	0.12285276	-0.16850655	0.13956434	-0.09490282	0.120019585	-0.15003967	0.2198656	-0.17647801	0.20735495	-0.16245447	0.16099653	-0.4065342	0.24994616	-0.15129131	0.28430435	-0.5209792	0.9999991	-0.43622804	0.15985033	-0.21074794	0.20782165	-0.45062998	0.15232816	-0.13745973	0.19907965	-0.18636747	0.17465627	-0.1451204	0.15212475
-0.17901942	0.15090348	-0.1544174	0.13561991	-0.16358753	0.112839654	-0.14783794	0.20898165	-0.19964248	0.13115677	-0.14228337	0.1660194	-0.27946302	0.25234678	-0.33748302	0.16060142	-0.16435015	0.30284917	-0.51122946	0.23786989	-0.2833168	0.24378355	-0.43622804	0.99999917	-0.28578192	0.18383354	-0.17412643	0.2582389	-0.26238567	0.20324996	-0.23277885	0.16731083	-0.16045733	0.1847225	-0.21432102
0.1066377	-0.09913472	0.09713963	-0.09158533	0.10008807	-0.06938226	0.08996046	-0.14839678	0.12488421	-0.08882284	0.08421618	-0.10559233	0.16491829	-0.18919133	0.23956054	-0.096075855	0.09230418	-0.20031376	0.23467925	-0.7770571	0.13918433	-0.13443886	0.15985033	-0.28578192	0.9999989	-0.12475486	0.10733186	-0.17537767	0.20665328	-0.3315803	0.14009653	-0.120776765	0.1076954	-0.16282724	0.18269406
-0.13937786	0.11066382	-0.0942166	0.08181502	-0.0982917	0.087082766	-0.1101543	0.12286388	-0.111556314	0.075664885	-0.11136733	0.12285942	-0.14597398	0.12068842	-0.16698788	0.13755143	-0.13723207	0.14931817	-0.1430318	0.10873852	-0.29309845	0.22556175	-0.21074794	0.18383354	-0.12475486	0.9999989	-0.73419315	0.27145267	-0.12791054	0.11416368	-0.3963112	0.23149273	-0.2100908	0.1385716	-0.15685415
0.11196282	-0.09232445	0.07841372	-0.06866666	0.080968656	-0.0719888	0.090958275	-0.10540355	0.09294672	-0.06338983	0.09118167	-0.105320774	0.12538724	-0.10398651	0.1386958	-0.11959821	0.11745835	-0.13920172	0.12697613	-0.095383525	0.22761162	-0.27572095	0.20782165	-0.17412643	0.10733186	-0.73419315	0.9999989	-0.40054506	0.120773986	-0.10685583	0.24121077	-0.34467763	0.22881532	-0.1371315	0.14113016
-0.16442485	0.13248165	-0.1207544	0.10469376	-0.12625106	0.10275037	-0.13170217	0.15937498	-0.14576837	0.09794854	-0.1310004	0.14721471	-0.20184025	0.1632637	-0.22409905	0.15556742	-0.15842548	0.21692288	-0.205911	0.1509594	-0.30005798	0.26313078	-0.45062998	0.2582389	-0.17537767	0.27145267	-0.40054506	0.99999887	-0.22303535	0.17303178	-0.3091381	0.28950548	-0.43131638	0.20729904	-0.22646518
0.09115934	-0.07899795	0.07428945	-0.0670981	0.077378295	-0.05790455	0.074410096	-0.10495647	0.09231817	-0.06362963	0.07171814	-0.084949754	0.12221027	-0.11686023	0.15420419	-0.08296805	0.081054986	-0.13752449	0.1527589	-0.18430042	0.13385816	-0.12427509	0.15232816	-0.26238567	0.20665328	-0.12791054	0.120773986	-0.22303535	0.99999946	-0.71563816	0.1420473	-0.16108213	0.16078027	-0.4794823	0.31213972
-0.08952812	0.07721635	-0.07421708	0.06685856	-0.077898614	0.056463327	-0.07281328	0.10372591	-0.093346424	0.06385424	-0.06998051	0.08243131	-0.12230965	0.118244834	-0.16698432	0.079148605	-0.07766416	0.13127482	-0.1535422	0.2009279	-0.12656595	0.11311651	-0.13745973	0.20324996	-0.3315803	0.11416368	-0.10685583	0.17303178	-0.71563816	0.9999996	-0.13559589	0.13358626	-0.13433015	0.29293418	-0.46375075
0.17320928	-0.1446591	0.11367817	-0.10087965	0.11687967	-0.106302395	0.13142076	-0.15305306	0.13122414	-0.09144932	0.1296267	-0.1476302	0.16438816	-0.14101261	0.18689322	-0.14962733	0.1391467	-0.17397307	0.16208757	-0.12765202	0.22257282	-0.20370637	0.19907965	-0.23277885	0.14009653	-0.3963112	0.24121077	-0.3091381	0.1420473	-0.13559589	0.99999964	-0.27613685	0.19541594	-0.1669076	0.1679148
-0.11341187	0.091226	-0.08088029	0.07050257	-0.08477027	0.07027523	-0.089352846	0.10640554	-0.09693476	0.06568286	-0.08900075	0.09936744	-0.12737066	0.10698009	-0.14851043	0.10449204	-0.10431523	0.13189737	-0.12894762	0.10370206	-0.19247627	0.16627043	-0.18636747	0.16731083	-0.120776765	0.23149273	-0.34467763	0.28950548	-0.16108213	0.13358626	-0.27613685	0.9999998	-0.7638819	0.20933346	-0.22482376
0.09470929	-0.0782113	0.06916696	-0.060794074	0.071937114	-0.059647676	0.075809106	-0.093325034	0.08296355	-0.056555633	0.07501322	-0.08592987	0.11090305	-0.09411752	0.12678453	-0.09040686	0.08893447	-0.12256684	0.11578828	-0.09434077	0.15982364	-0.15232418	0.17465627	-0.16045733	0.1076954	-0.2100908	0.22881532	-0.43131638	0.16078027	-0.13433015	0.19541594	-0.7638819	1.0	-0.29624268	0.20726831
-0.09556702	0.080164656	-0.073790796	0.06564503	-0.07739952	0.059681397	-0.07630766	0.1005663	-0.09039655	0.061799593	-0.07440102	0.085568346	-0.117344856	0.10647972	-0.1470492	0.084990196	-0.08345214	0.124233015	-0.13289967	0.1348753	-0.14101872	0.12374629	-0.1451204	0.1847225	-0.16282724	0.1385716	-0.1371315	0.20729904	-0.4794823	0.29293418	-0.1669076	0.20933346	-0.29624268	1.0	-0.7179551
0.101734996	-0.088622786	0.079647034	-0.07211673	0.082475774	-0.06464677	0.082292974	-0.11256503	0.09690571	-0.067462966	0.07954445	-0.09408223	0.12588647	-0.11789676	0.15473631	-0.092826314	0.08914946	-0.13998814	0.14434123	-0.168771	0.14522265	-0.13549934	0.15212475	-0.21432102	0.18269406	-0.15685415	0.14113016	-0.22646518	0.31213972	-0.46375075	0.1679148	-0.22482376	0.20726831	-0.7179551	1.0
