1.2103236690163612
0.645581403747201
0.7913506347686052
0.33830308355391026
1.3867097850888968
1.0790679473429918
0.6632414758205414
1.4618630651384592
1.0917610544711351
1.8204522728919983
1.5205044746398926
1.2803443130105734
0.6670507919043303
1.2158160991966724
1.6634730752557516
1.3115216623991728
0.9827365912497044
0.0324842631816864
1.0537960901856422
0.9583848286420107
0.8127082381397486
1.9131759237498045
0.05800096318125725
0.027877187356352806
1.0521151814609766
0.7658830769360065
1.3329590931534767
1.340241439640522
0.3752572312951088
1.3518009167164564
0.854411194100976
1.0444596763700247
1.355090456083417
1.2269104681909084
1.3160700909793377
0.708177974447608
1.897949630394578
0.5887061413377523
1.2169535476714373
1.262821190059185
1.8259391132742167
1.852504014968872
0.6990178469568491
1.0399514995515347
0.4539064336568117
0.8859671168029308
1.788229376077652
1.9660299997776747
0.4199923723936081
0.8180832266807556
1.9832870624959469
1.4795134123414755
1.3713729996234179
1.2739820517599583
1.673698578029871
1.1717554796487093
1.1438675168901682
1.2701525073498487
