1.0	-0.37311026	0.18427873	-0.043627977	0.047479503	-0.87332004	0.23588926	-0.17101917	0.04383013	-0.03980943	0.092575744	-0.086489044	0.078353345	-0.042462908	0.04416169	-0.08115348	0.07813339	-0.040214688	0.037584357	-0.016741052	0.037025232	-0.033275165	0.037380133	-0.050343875	0.014986537	-0.03177624	0.032550827	-0.030352663	0.025458843	-0.029133333	0.027141882	-0.021569863	0.031778626	-0.0049412623	0.0048076073
-0.37311026	0.9999998	-0.4962037	0.07909804	-0.0852422	0.26183218	-0.68232614	0.3034651	-0.06965653	0.060978156	-0.08096718	0.12889358	-0.121205196	0.06287954	-0.064812385	0.0685624	-0.102560036	0.05581885	-0.0531932	0.022677913	-0.047942735	0.043346778	-0.050769087	0.06779999	-0.020385649	0.040815588	-0.042690583	0.039984927	-0.03371476	0.038203422	-0.035185073	0.027998814	-0.04148011	0.0064422954	-0.006274337
0.18427873	-0.4962037	0.9999999	-0.16075426	0.13911505	-0.22284482	0.31343177	-0.736179	0.10959539	-0.09786452	0.08398957	-0.13169411	0.12972991	-0.09152408	0.091361195	-0.07432535	0.111055896	-0.07257705	0.071417965	-0.030944934	0.06001548	-0.054147407	0.06480016	-0.093108	0.027711168	-0.05242507	0.05451735	-0.051818762	0.04448899	-0.050849076	0.045255966	-0.03609244	0.053490162	-0.008503912	0.008276491
-0.043627977	0.07909804	-0.16075426	0.9999999	-0.87658334	0.050710887	-0.07311529	0.1260692	-0.34562552	0.2136551	-0.046610046	0.072946556	-0.08689847	0.16074485	-0.15535818	0.041075945	-0.074449115	0.08085958	-0.09628256	0.038122527	-0.055241108	0.05008384	-0.0673371	0.10995214	-0.034376584	0.048731238	-0.05249863	0.051690385	-0.04688519	0.052992575	-0.042509954	0.03425942	-0.051251594	0.008542159	-0.00832724
0.047479503	-0.0852422	0.13911505	-0.87658334	0.9999998	-0.056711733	0.07814809	-0.14021976	0.25102773	-0.28167114	0.053957775	-0.085066654	0.09794924	-0.18501475	0.16673079	-0.047981318	0.086174	-0.09584421	0.10759446	-0.044844314	0.06481352	-0.059202947	0.07864948	-0.13577488	0.039921805	-0.058129884	0.061934832	-0.061564174	0.05590501	-0.06406787	0.05023549	-0.040647313	0.060454663	-0.010266541	0.009990393
-0.87332004	0.26183218	-0.22284482	0.050710887	-0.056711733	0.99999964	-0.31191766	0.17450507	-0.05073791	0.045531098	-0.119753145	0.09915623	-0.093628556	0.048853103	-0.051378272	0.09099423	-0.09315421	0.04629747	-0.043428037	0.01914345	-0.042883497	0.038423754	-0.04324383	0.057206035	-0.017179664	0.036357135	-0.037516266	0.034815557	-0.029148089	0.033176396	-0.031184722	0.024745839	-0.036539495	0.005636317	-0.005487286
0.23588926	-0.68232614	0.31343177	-0.07311529	0.07814809	-0.31191766	0.99999964	-0.5165972	0.07626202	-0.067791305	0.09320176	-0.19754066	0.14828633	-0.07253058	0.07302718	-0.08182377	0.12150665	-0.06650818	0.061964244	-0.026414312	0.056260716	-0.051328078	0.059747957	-0.079882056	0.023686606	-0.04825237	0.05018833	-0.04718693	0.03961581	-0.045056846	0.041327808	-0.032961387	0.048669506	-0.007588925	0.007386506
-0.17101917	0.3034651	-0.736179	0.1260692	-0.14021976	0.17450507	-0.5165972	0.9999995	-0.12142169	0.09853643	-0.090394095	0.15147962	-0.16827868	0.09701551	-0.100166544	0.07709164	-0.12881613	0.07940793	-0.07819592	0.03279827	-0.06582846	0.059157208	-0.0713844	0.097001284	-0.029575406	0.05619046	-0.059269294	0.055780865	-0.04753584	0.05362983	-0.048908673	0.038880974	-0.05790401	0.009017566	-0.008789106
0.04383013	-0.06965653	0.10959539	-0.34562552	0.25102773	-0.05073791	0.07626202	-0.12142169	0.9999995	-0.6239502	0.07382972	-0.1252329	0.15208966	-0.51136583	0.3110926	-0.06592926	0.123710304	-0.16927265	0.2029684	-0.07412166	0.10001049	-0.09259442	0.12878728	-0.22597875	0.066045776	-0.08885334	0.096390754	-0.09718991	0.08847623	-0.10000321	0.07676989	-0.06243192	0.09306122	-0.015817154	0.01540931
-0.03980943	0.060978156	-0.09786452	0.2136551	-0.28167114	0.045531098	-0.067791305	0.09853643	-0.6239502	0.99999946	-0.07063636	0.11014663	-0.14153728	0.2951988	-0.6106768	0.06185475	-0.11995802	0.14055555	-0.17732055	0.0869596	-0.096012615	0.08619891	-0.118897475	0.1870155	-0.08074363	0.08373814	-0.09232707	0.09057441	-0.085762106	0.09560861	-0.0743298	0.059730917	-0.090378076	0.01519372	-0.014877078
0.092575744	-0.08096718	0.08398957	-0.046610046	0.053957775	-0.119753145	0.09320176	-0.090394095	0.07382972	-0.07063636	0.9999993	-0.24310249	0.17628905	-0.08971288	0.09290912	-0.8505666	0.27608448	-0.10640973	0.09204758	-0.04495974	0.11815479	-0.10700044	0.103682496	-0.13781294	0.039751302	-0.100992344	0.097432114	-0.0897618	0.07303789	-0.08566154	0.081785604	-0.065340035	0.09371406	-0.014627011	0.0141840195
-0.086489044	0.12889358	-0.13169411	0.072946556	-0.085066654	0.09915623	-0.19754066	0.15147962	-0.1252329	0.11014663	-0.24310249	0.9999992	-0.727236	0.15780498	-0.15370905	0.19456473	-0.4634284	0.1760552	-0.15208821	0.058559757	-0.14168325	0.13420603	-0.15564214	0.17941247	-0.052689467	0.11596862	-0.12343168	0.114547975	-0.09267726	0.103666455	-0.097746946	0.07844216	-0.11518161	0.017464671	-0.017004788
0.078353345	-0.121205196	0.12972991	-0.08689847	0.09794924	-0.093628556	0.14828633	-0.16827868	0.15208966	-0.14153728	0.17628905	-0.727236	0.9999993	-0.24189816	0.18250738	-0.17008479	0.28392565	-0.28259367	0.1976126	-0.07456399	0.15530458	-0.15073594	0.18803753	-0.24382927	0.06617118	-0.13912149	0.1433518	-0.14227766	0.115195416	-0.1320962	0.11534278	-0.093862996	0.13651486	-0.02178813	0.021150589
-0.042462908	0.06287954	-0.09152408	0.16074485	-0.18501475	0.048853103	-0.07253058	0.09701551	-0.51136583	0.2951988	-0.08971288	0.15780498	-0.24189816	0.999999	-0.5301348	0.07935081	-0.15555543	0.22917902	-0.46037072	0.093709916	-0.12891886	0.11785623	-0.17951411	0.2625357	-0.086037606	0.10931899	-0.12314541	0.12205776	-0.11057829	0.119323455	-0.09622279	0.0778315	-0.11772739	0.019084444	-0.01867118
0.04416169	-0.064812385	0.091361195	-0.15535818	0.16673079	-0.051378272	0.07302718	-0.100166544	0.3110926	-0.6106768	0.09290912	-0.15370905	0.18250738	-0.5301348	0.99999917	-0.08327384	0.15760209	-0.21319488	0.23997483	-0.15213394	0.13169436	-0.12206072	0.1663361	-0.30780807	0.120563515	-0.119805805	0.12925275	-0.13171996	0.12629066	-0.1484243	0.10305648	-0.08418465	0.12517588	-0.022598522	0.022014355
-0.08115348	0.0685624	-0.07432535	0.041075945	-0.047981318	0.09099423	-0.08182377	0.07709164	-0.06592926	0.06185475	-0.8505666	0.19456473	-0.17008479	0.07935081	-0.08327384	0.9999993	-0.40377533	0.09510743	-0.08248794	0.038978707	-0.122316584	0.10642462	-0.09662689	0.11827952	-0.03467147	0.09142902	-0.09148471	0.08112732	-0.06469246	0.07431701	-0.07405775	0.05890921	-0.08442596	0.012710973	-0.0123480875
0.07813339	-0.102560036	0.111055896	-0.074449115	0.086174	-0.09315421	0.12150665	-0.12881613	0.123710304	-0.11995802	0.27608448	-0.4634284	0.28392565	-0.15555543	0.15760209	-0.40377533	0.99999905	-0.19515683	0.16276756	-0.080965385	0.21143754	-0.24661677	0.19119152	-0.25191456	0.071237154	-0.18733805	0.1816833	-0.16802785	0.13298799	-0.15758295	0.146777	-0.11934294	0.16764161	-0.026576025	0.025723588
-0.040214688	0.05581885	-0.07257705	0.08085958	-0.09584421	0.04629747	-0.06650818	0.07940793	-0.16927265	0.14055555	-0.10640973	0.1760552	-0.28259367	0.22917902	-0.21319488	0.09510743	-0.19515683	0.9999991	-0.56791604	0.08629492	-0.22098528	0.21047418	-0.56967366	0.30708072	-0.07931367	0.16460727	-0.20661129	0.20975056	-0.15614913	0.15401518	-0.14403	0.118312076	-0.1819777	0.025328683	-0.024809135
0.037584357	-0.0531932	0.071417965	-0.09628256	0.10759446	-0.043428037	0.061964244	-0.07819592	0.2029684	-0.17732055	0.09204758	-0.15208821	0.1976126	-0.46037072	0.23997483	-0.08248794	0.16276756	-0.56791604	0.99999905	-0.09912829	0.16248539	-0.15962183	0.26310188	-0.52738273	0.08804552	-0.13760012	0.15791447	-0.16814965	0.14422853	-0.151611	0.11831616	-0.0976546	0.14621869	-0.023626273	0.023052765
-0.016741052	0.022677913	-0.030944934	0.038122527	-0.044844314	0.01914345	-0.026414312	0.03279827	-0.07412166	0.0869596	-0.04495974	0.058559757	-0.07456399	0.093709916	-0.15213394	0.038978707	-0.080965385	0.08629492	-0.09912829	0.9999988	-0.08543968	0.07352831	-0.09579605	0.13191304	-0.9304568	0.078043126	-0.100938365	0.10012566	-0.1748461	0.1921016	-0.076509446	0.061675634	-0.10032545	0.02375866	-0.024369577
0.037025232	-0.047942735	0.06001548	-0.055241108	0.06481352	-0.042883497	0.056260716	-0.06582846	0.10001049	-0.096012615	0.11815479	-0.14168325	0.15530458	-0.12891886	0.13169436	-0.122316584	0.21143754	-0.22098528	0.16248539	-0.08543968	0.999999	-0.6900439	0.25941968	-0.27007484	0.07494928	-0.43520576	0.28660256	-0.2408927	0.16019133	-0.18732451	0.21199104	-0.17672496	0.2108624	-0.030435342	0.029358493
-0.033275165	0.043346778	-0.054147407	0.05008384	-0.059202947	0.038423754	-0.051328078	0.059157208	-0.09259442	0.08619891	-0.10700044	0.13420603	-0.15073594	0.11785623	-0.12206072	0.10642462	-0.24661677	0.21047418	-0.15962183	0.07352831	-0.6900439	0.9999986	-0.404451	0.22565849	-0.06574157	0.2623486	-0.41643795	0.24304962	-0.15397008	0.16184686	-0.18538672	0.15426521	-0.20288095	0.026590353	-0.025842322
0.037380133	-0.050769087	0.06480016	-0.0673371	0.07864948	-0.04324383	0.059747957	-0.0713844	0.12878728	-0.118897475	0.103682496	-0.15564214	0.18803753	-0.17951411	0.1663361	-0.09662689	0.19119152	-0.56967366	0.26310188	-0.09579605	0.25941968	-0.404451	0.99999857	-0.39454326	0.085847065	-0.21736558	0.26516834	-0.40308028	0.19629039	-0.20532286	0.16627443	-0.14880142	0.21089512	-0.031341117	0.030387511
-0.050343875	0.06779999	-0.093108	0.10995214	-0.13577488	0.057206035	-0.079882056	0.097001284	-0.22597875	0.1870155	-0.13781294	0.17941247	-0.24382927	0.2625357	-0.30780807	0.11827952	-0.25191456	0.30708072	-0.52738273	0.13191304	-0.27007484	0.22565849	-0.39454326	0.99999845	-0.1329559	0.20826223	-0.25683707	0.24201639	-0.27004072	0.2222084	-0.20146689	0.15767598	-0.25216684	0.03711506	-0.03676638
0.014986537	-0.020385649	0.027711168	-0.034376584	0.039921805	-0.017179664	0.023686606	-0.029575406	0.066045776	-0.08074363	0.039751302	-0.052689467	0.06617118	-0.086037606	0.120563515	-0.03467147	0.071237154	-0.07931367	0.08804552	-0.9304568	0.07494928	-0.06574157	0.085847065	-0.1329559	0.99999833	-0.06977345	0.08852264	-0.09240982	0.15710162	-0.25003976	0.06643842	-0.054367043	0.08689356	-0.023282943	0.023555815
-0.03177624	0.040815588	-0.05242507	0.048731238	-0.058129884	0.036357135	-0.04825237	0.05619046	-0.08885334	0.08373814	-0.100992344	0.11596862	-0.13912149	0.10931899	-0.119805805	0.09142902	-0.18733805	0.16460727	-0.13760012	0.078043126	-0.43520576	0.2623486	-0.21736558	0.20826223	-0.06977345	0.9999984	-0.4546765	0.2516618	-0.16889124	0.17722976	-0.566474	0.27970135	-0.35714826	0.033566106	-0.032880187
0.032550827	-0.042690583	0.05451735	-0.05249863	0.061934832	-0.037516266	0.05018833	-0.059269294	0.096390754	-0.09232707	0.097432114	-0.12343168	0.1433518	-0.12314541	0.12925275	-0.09148471	0.1816833	-0.20661129	0.15791447	-0.100938365	0.28660256	-0.41643795	0.26516834	-0.25683707	0.08852264	-0.4546765	0.9999987	-0.5576194	0.2253511	-0.25753695	0.252018	-0.282182	0.2808773	-0.03846895	0.036986705
-0.030352663	0.039984927	-0.051818762	0.051690385	-0.061564174	0.034815557	-0.04718693	0.055780865	-0.09718991	0.09057441	-0.0897618	0.114547975	-0.14227766	0.12205776	-0.13171996	0.08112732	-0.16802785	0.20975056	-0.16814965	0.10012566	-0.2408927	0.24304962	-0.40308028	0.24201639	-0.09240982	0.2516618	-0.5576194	0.9999989	-0.4202813	0.26759627	-0.22349069	0.21641533	-0.40345278	0.041083902	-0.040253635
0.025458843	-0.03371476	0.04448899	-0.04688519	0.05590501	-0.029148089	0.03961581	-0.04753584	0.08847623	-0.085762106	0.07303789	-0.09267726	0.115195416	-0.11057829	0.12629066	-0.06469246	0.13298799	-0.15614913	0.14422853	-0.1748461	0.16019133	-0.15397008	0.19629039	-0.27004072	0.15710162	-0.16889124	0.2253511	-0.4202813	0.9999991	-0.77389187	0.14592518	-0.13315089	0.20207949	-0.06686886	0.06364733
-0.029133333	0.038203422	-0.050849076	0.052992575	-0.06406787	0.033176396	-0.045056846	0.05362983	-0.10000321	0.09560861	-0.08566154	0.103666455	-0.1320962	0.119323455	-0.1484243	0.07431701	-0.15758295	0.15401518	-0.151611	0.1921016	-0.18732451	0.16184686	-0.20532286	0.2222084	-0.25003976	0.17722976	-0.25753695	0.26759627	-0.77389187	0.9999992	-0.1775667	0.14654462	-0.2467161	0.07646997	-0.0830646
0.027141882	-0.035185073	0.045255966	-0.042509954	0.05023549	-0.031184722	0.041327808	-0.048908673	0.07676989	-0.0743298	0.081785604	-0.097746946	0.11534278	-0.09622279	0.10305648	-0.07405775	0.146777	-0.14403	0.11831616	-0.076509446	0.21199104	-0.18538672	0.16627443	-0.20146689	0.06643842	-0.566474	0.252018	-0.22349069	0.14592518	-0.1775667	0.9999991	-0.6345218	0.306093	-0.032291308	0.030912375
-0.021569863	0.027998814	-0.03609244	0.03425942	-0.040647313	0.024745839	-0.032961387	0.038880974	-0.06243192	0.059730917	-0.065340035	0.07844216	-0.093862996	0.0778315	-0.08418465	0.05890921	-0.11934294	0.118312076	-0.0976546	0.061675634	-0.17672496	0.15426521	-0.14880142	0.15767598	-0.054367043	0.27970135	-0.282182	0.21641533	-0.13315089	0.14654462	-0.6345218	0.99999905	-0.62797534	0.031186694	-0.030321635
0.031778626	-0.04148011	0.053490162	-0.051251594	0.060454663	-0.036539495	0.048669506	-0.05790401	0.09306122	-0.090378076	0.09371406	-0.11518161	0.13651486	-0.11772739	0.12517588	-0.08442596	0.16764161	-0.1819777	0.14621869	-0.10032545	0.2108624	-0.20288095	0.21089512	-0.25216684	0.08689356	-0.35714826	0.2808773	-0.40345278	0.20207949	-0.2467161	0.306093	-0.62797534	0.9999994	-0.052323613	0.048877697
-0.0049412623	0.0064422954	-0.008503912	0.008542159	-0.010266541	0.005636317	-0.007588925	0.009017566	-0.015817154	0.01519372	-0.014627011	0.017464671	-0.02178813	0.019084444	-0.022598522	0.012710973	-0.026576025	0.025328683	-0.023626273	0.02375866	-0.030435342	0.026590353	-0.031341117	0.03711506	-0.023282943	0.033566106	-0.03846895	0.041083902	-0.06686886	0.07646997	-0.032291308	0.031186694	-0.052323613	0.9999993	-0.99193484
0.0048076073	-0.006274337	0.008276491	-0.00832724	0.009990393	-0.005487286	0.007386506	-0.008789106	0.01540931	-0.014877078	0.0141840195	-0.017004788	0.021150589	-0.01867118	0.022014355	-0.0123480875	0.025723588	-0.024809135	0.023052765	-0.024369577	0.029358493	-0.025842322	0.030387511	-0.03676638	0.023555815	-0.032880187	0.036986705	-0.040253635	0.06364733	-0.0830646	0.030912375	-0.030321635	0.048877697	-0.99193484	0.9999993
