1.0000001	-0.281832	0.15342277	-0.1389347	0.13951874	-0.8364096	0.26508376	-0.20578162	0.12415719	-0.09388101	0.20366204	-0.17688988	0.16221114	-0.14522372	0.10678232	-0.15104516	0.1360191	-0.14670008	0.13879374	-0.08911339	0.101424664	-0.101966105	0.105261795	-0.09848223	0.088950716	-0.09060606	0.086082496	-0.091802776	0.08118006	-0.08707195	0.06888619	-0.07020609	0.082543515	-0.072308846	0.08020592
-0.281832	1.0000002	-0.5460327	0.27378523	-0.3434942	0.21154998	-0.4955573	0.3200573	-0.22775753	0.17497437	-0.22008418	0.20918794	-0.24751458	0.21981408	-0.21223034	0.15219478	-0.1742531	0.17746066	-0.2197945	0.13238034	-0.12552673	0.12068515	-0.13810341	0.12720387	-0.1320585	0.10838393	-0.10956846	0.11555462	-0.10933353	0.11585997	-0.08893162	0.08783955	-0.10943673	0.09408189	-0.109320164
0.15342277	-0.5460327	1.0000001	-0.4519903	0.2649799	-0.13536535	0.2806606	-0.59011364	0.22199608	-0.1495717	0.13976893	-0.14971906	0.17643204	-0.20926583	0.15761936	-0.10381388	0.11601595	-0.12785842	0.1504012	-0.09531596	0.084517315	-0.08380748	0.09494857	-0.08992321	0.09133461	-0.07542577	0.0751165	-0.08072578	0.07574211	-0.081881285	0.060842164	-0.061050624	0.07497752	-0.065655574	0.075012036
-0.1389347	0.27378523	-0.4519903	1.0000004	-0.6697622	0.11457481	-0.22393303	0.2591032	-0.37085995	0.22894606	-0.14114165	0.13995875	-0.17978276	0.25150117	-0.24535915	0.10478415	-0.11882398	0.1326036	-0.18287668	0.11720641	-0.09042855	0.089615904	-0.10444586	0.10090207	-0.109864324	0.08136326	-0.08237383	0.08876643	-0.08598137	0.09370532	-0.06722622	0.0671043	-0.083873436	0.07368164	-0.08533584
0.13951874	-0.3434942	0.2649799	-0.6697622	1.0000004	-0.119512975	0.21171434	-0.25813177	0.27196565	-0.37165615	0.14975764	-0.15150826	0.18375957	-0.29753456	0.25861505	-0.11629284	0.12872887	-0.15021305	0.19645494	-0.13644984	0.10155348	-0.1027854	0.11759156	-0.11730991	0.12296797	-0.0940349	0.09380983	-0.10251993	0.098306715	-0.10944424	0.07661607	-0.07758752	0.095417015	-0.085308105	0.09716061
-0.8364096	0.21154998	-0.13536535	0.11457481	-0.119512975	1.0000004	-0.37620667	0.17743781	-0.10750887	0.078844674	-0.25041437	0.1679235	-0.15226322	0.12060216	-0.090928674	0.13941799	-0.12890019	0.12686235	-0.11760371	0.074382015	-0.09038026	0.0876764	-0.091022	0.08268041	-0.07505814	0.07704607	-0.07381869	0.07759952	-0.06869138	0.07267564	-0.0588056	0.059302054	-0.07023929	0.060730856	-0.06789016
0.26508376	-0.4955573	0.2806606	-0.22393303	0.21171434	-0.37620667	1.0000007	-0.53372896	0.2033944	-0.14083119	0.22118185	-0.31885794	0.24297138	-0.2247651	0.15492442	-0.16466086	0.17737725	-0.18632263	0.17947468	-0.11421407	0.11904734	-0.118632846	0.1289783	-0.11958914	0.11210053	-0.10533498	0.102322705	-0.10978038	0.09900425	-0.10620402	0.08196843	-0.083004594	0.09945437	-0.08699208	0.09747294
-0.20578162	0.3200573	-0.59011364	0.2591032	-0.25813177	0.17743781	-0.53372896	1.0000007	-0.32229504	0.15989006	-0.17571458	0.19496714	-0.25437656	0.2331833	-0.17634624	0.12635928	-0.14491132	0.15527356	-0.17224821	0.10720927	-0.09960395	0.097915694	-0.111330666	0.10333676	-0.103998795	0.08738165	-0.087113984	0.09328161	-0.08697699	0.09320798	-0.07025069	0.07029624	-0.08639302	0.0752013	-0.08594622
0.12415719	-0.22775753	0.22199608	-0.37085995	0.27196565	-0.10750887	0.2033944	-0.32229504	1.0000012	-0.35345882	0.13804333	-0.15249458	0.20022747	-0.6987529	0.25550663	-0.107294574	0.12112302	-0.14471102	0.19772229	-0.12991296	0.0908094	-0.09187127	0.107005656	-0.10632319	0.11344269	-0.082963906	0.08299413	-0.09130322	0.08824883	-0.09869332	0.067319326	-0.06826988	0.08435281	-0.07574084	0.08611869
-0.09388101	0.17497437	-0.1495717	0.22894606	-0.37165615	0.078844674	-0.14083119	0.15989006	-0.35345882	1.0000012	-0.10764679	0.10717399	-0.13825274	0.2455152	-0.7856302	0.08376348	-0.094368026	0.111488886	-0.18101908	0.15034379	-0.07568545	0.07672669	-0.09172801	0.09572162	-0.12612131	0.069975525	-0.0710726	0.07880902	-0.081450194	0.092545405	-0.058162615	0.05881949	-0.0746216	0.067882225	-0.07916914
0.20366204	-0.22008418	0.13976893	-0.14114165	0.14975764	-0.25041437	0.22118185	-0.17571458	0.13804333	-0.10764679	1.000001	-0.4822549	0.2746867	-0.17411514	0.1258748	-0.58490115	0.30632734	-0.28801095	0.19264711	-0.1278956	0.21993884	-0.21421777	0.18733405	-0.1653842	0.13094838	-0.17871994	0.15741056	-0.16170958	0.13144672	-0.1376289	0.121156454	-0.12490165	0.13785891	-0.11916561	0.12690288
-0.17688988	0.20918794	-0.14971906	0.13995875	-0.15150826	0.1679235	-0.31885794	0.19496714	-0.15249458	0.10717399	-0.4822549	1.0000008	-0.5973706	0.18568355	-0.1266353	0.26775134	-0.42055258	0.27699777	-0.1817848	0.11394164	-0.16288964	0.15292506	-0.16727762	0.13787903	-0.11652505	0.12897927	-0.12456525	0.13083442	-0.11210362	0.11523917	-0.096637085	0.09705187	-0.11489996	0.09772234	-0.10794605
0.16221114	-0.24751458	0.17643204	-0.17978276	0.18375957	-0.15226322	0.24297138	-0.25437656	0.20022747	-0.13825274	0.2746867	-0.5973706	1.0000008	-0.31294772	0.15737171	-0.2391102	0.27928263	-0.45236048	0.22132945	-0.14371611	0.16751346	-0.17517708	0.2042905	-0.1766344	0.14250806	-0.1486171	0.14413707	-0.16227253	0.13745964	-0.14439464	0.11204543	-0.115497634	0.13699731	-0.12014372	0.12982585
-0.14522372	0.21981408	-0.20926583	0.25150117	-0.29753456	0.12060216	-0.2247651	0.2331833	-0.6987529	0.2455152	-0.17411514	0.18568355	-0.31294772	1.000001	-0.30388358	0.13160327	-0.15385562	0.18028252	-0.3079447	0.16175374	-0.112807296	0.112575054	-0.13496786	0.13116525	-0.1456109	0.10100931	-0.10246923	0.11206173	-0.10992211	0.12118431	-0.08302841	0.08336879	-0.10468571	0.09299667	-0.1072115
0.10678232	-0.21223034	0.15761936	-0.24535915	0.25861505	-0.090928674	0.15492442	-0.17634624	0.25550663	-0.7856302	0.1258748	-0.1266353	0.15737171	-0.30388358	1.0000006	-0.100664265	0.11170991	-0.13582128	0.20775111	-0.22805023	0.09165063	-0.09440152	0.11179558	-0.12176412	0.1546374	-0.08634844	0.08701442	-0.097730115	0.10121431	-0.119414054	0.07116728	-0.07282258	0.091326416	-0.08503866	0.09733002
-0.15104516	0.15219478	-0.10381388	0.10478415	-0.11629284	0.13941799	-0.16466086	0.12635928	-0.107294574	0.08376348	-0.58490115	0.26775134	-0.2391102	0.13160327	-0.100664265	1.0000006	-0.5652665	0.26023182	-0.16912961	0.10807658	-0.36808	0.22090152	-0.18869604	0.14497416	-0.1153376	0.17658721	-0.1614582	0.14852993	-0.1195031	0.118654065	-0.12024232	0.116427556	-0.13043106	0.1056025	-0.11544503
0.1360191	-0.1742531	0.11601595	-0.11882398	0.12872887	-0.12890019	0.17737725	-0.14491132	0.12112302	-0.094368026	0.30632734	-0.42055258	0.27928263	-0.15385562	0.11170991	-0.5652665	1.0000006	-0.5251236	0.1874269	-0.12275882	0.21444647	-0.21153122	0.21488713	-0.17017536	0.12685716	-0.16643918	0.15413545	-0.16445541	0.13145773	-0.13297015	0.115750276	-0.118273206	0.1354621	-0.11490507	0.122708045
-0.14670008	0.17746066	-0.12785842	0.1326036	-0.15021305	0.12686235	-0.18632263	0.15527356	-0.14471102	0.111488886	-0.28801095	0.27699777	-0.45236048	0.18028252	-0.13582128	0.26023182	-0.5251236	1.000001	-0.28077522	0.15985243	-0.21938314	0.21728835	-0.43614638	0.22296473	-0.17233136	0.17231959	-0.18715449	0.20776524	-0.18019803	0.16776386	-0.13810831	0.13644885	-0.17743328	0.14304079	-0.16011068
0.13879374	-0.2197945	0.1504012	-0.18287668	0.19645494	-0.11760371	0.17947468	-0.17224821	0.19772229	-0.18101908	0.19264711	-0.1817848	0.22132945	-0.3079447	0.20775111	-0.16912961	0.1874269	-0.28077522	1.0000004	-0.53412074	0.16331393	-0.17734133	0.21616209	-0.2759315	0.29098427	-0.16122743	0.16180395	-0.19201243	0.2062389	-0.26404396	0.13094825	-0.13848892	0.17215297	-0.17174256	0.18752035
-0.08911339	0.13238034	-0.09531596	0.11720641	-0.13644984	0.074382015	-0.11421407	0.10720927	-0.12991296	0.15034379	-0.1278956	0.11394164	-0.14371611	0.16175374	-0.22805023	0.10807658	-0.12275882	0.15985243	-0.53412074	1.0000001	-0.1156215	0.12165544	-0.1680808	0.21210887	-0.6891832	0.1108539	-0.118607275	0.13992639	-0.19195947	0.22990686	-0.096246295	0.098509446	-0.1368435	0.13410719	-0.17149286
0.101424664	-0.12552673	0.084517315	-0.09042855	0.10155348	-0.09038026	0.11904734	-0.09960395	0.0908094	-0.07568545	0.21993884	-0.16288964	0.16751346	-0.112807296	0.09165063	-0.36808	0.21444647	-0.21938314	0.16331393	-0.1156215	1.0000002	-0.6578906	0.23775853	-0.18461119	0.125551	-0.44126529	0.27941826	-0.21738167	0.14623043	-0.1435387	0.19507606	-0.19283265	0.17561735	-0.13715847	0.14030163
-0.101966105	0.12068515	-0.08380748	0.089615904	-0.1027854	0.0876764	-0.118632846	0.097915694	-0.09187127	0.07672669	-0.21421777	0.15292506	-0.17517708	0.112575054	-0.09440152	0.22090152	-0.21153122	0.21728835	-0.17734133	0.12165544	-0.6578906	0.99999994	-0.3938433	0.20377024	-0.13952637	0.2845001	-0.42792976	0.24516092	-0.17121369	0.15278575	-0.19688745	0.18468516	-0.20160599	0.14636086	-0.1573748
0.105261795	-0.13810341	0.09494857	-0.10444586	0.11759156	-0.091022	0.1289783	-0.111330666	0.107005656	-0.09172801	0.18733405	-0.16727762	0.2042905	-0.13496786	0.11179558	-0.18869604	0.21488713	-0.43614638	0.21616209	-0.1680808	0.23775853	-0.3938433	1.0000001	-0.4959889	0.1902196	-0.21361822	0.2457528	-0.42470086	0.25082028	-0.22090662	0.16121529	-0.17202365	0.23016287	-0.19089846	0.1894556
-0.09848223	0.12720387	-0.08992321	0.10090207	-0.11730991	0.08268041	-0.11958914	0.10333676	-0.10632319	0.09572162	-0.1653842	0.13787903	-0.1766344	0.13116525	-0.12176412	0.14497416	-0.17017536	0.22296473	-0.2759315	0.21210887	-0.18461119	0.20377024	-0.4959889	0.9999998	-0.33710238	0.16625772	-0.1966764	0.24750255	-0.5851787	0.28881532	-0.14497764	0.1468802	-0.22206105	0.20453994	-0.23529974
0.088950716	-0.1320585	0.09133461	-0.109864324	0.12296797	-0.07505814	0.11210053	-0.103998795	0.11344269	-0.12612131	0.13094838	-0.11652505	0.14250806	-0.1456109	0.1546374	-0.1153376	0.12685716	-0.17233136	0.29098427	-0.6891832	0.125551	-0.13952637	0.1902196	-0.33710238	0.9999998	-0.12555145	0.1322212	-0.16656736	0.24239069	-0.41938803	0.10582998	-0.11244221	0.15287611	-0.16724652	0.19666047
-0.09060606	0.10838393	-0.07542577	0.08136326	-0.0940349	0.07704607	-0.10533498	0.08738165	-0.082963906	0.069975525	-0.17871994	0.12897927	-0.1486171	0.10100931	-0.08634844	0.17658721	-0.16643918	0.17231959	-0.16122743	0.1108539	-0.44126529	0.2845001	-0.21361822	0.16625772	-0.12555145	0.99999964	-0.5691371	0.25054896	-0.15508555	0.1456391	-0.4843241	0.28301218	-0.24315026	0.15736943	-0.16895172
0.086082496	-0.10956846	0.0751165	-0.08237383	0.09380983	-0.07381869	0.102322705	-0.087113984	0.08299413	-0.0710726	0.15741056	-0.12456525	0.14413707	-0.10246923	0.08701442	-0.1614582	0.15413545	-0.18715449	0.16180395	-0.118607275	0.27941826	-0.42792976	0.2457528	-0.1966764	0.1322212	-0.5691371	0.9999997	-0.46888062	0.17288142	-0.16389887	0.2662498	-0.33881372	0.25534338	-0.17731655	0.17046009
-0.091802776	0.11555462	-0.08072578	0.08876643	-0.10251993	0.07759952	-0.10978038	0.09328161	-0.09130322	0.07880902	-0.16170958	0.13083442	-0.16227253	0.11206173	-0.097730115	0.14852993	-0.16445541	0.20776524	-0.19201243	0.13992639	-0.21738167	0.24516092	-0.42470086	0.24750255	-0.16656736	0.25054896	-0.46888062	0.99999934	-0.28308353	0.21040908	-0.22787395	0.23854415	-0.5451361	0.24321751	-0.2508
0.08118006	-0.10933353	0.07574211	-0.08598137	0.098306715	-0.06869138	0.09900425	-0.08697699	0.08824883	-0.081450194	0.13144672	-0.11210362	0.13745964	-0.10992211	0.10121431	-0.1195031	0.13145773	-0.18019803	0.2062389	-0.19195947	0.14623043	-0.17121369	0.25082028	-0.5851787	0.24239069	-0.15508555	0.17288142	-0.28308353	0.9999992	-0.57899237	0.1311731	-0.14436565	0.21700138	-0.29857638	0.2642092
-0.08707195	0.11585997	-0.081881285	0.09370532	-0.10944424	0.07267564	-0.10620402	0.09320798	-0.09869332	0.092545405	-0.1376289	0.11523917	-0.14439464	0.12118431	-0.119414054	0.118654065	-0.13297015	0.16776386	-0.26404396	0.22990686	-0.1435387	0.15278575	-0.22090662	0.28881532	-0.41938803	0.1456391	-0.16389887	0.21040908	-0.57899237	0.9999989	-0.13395807	0.13973351	-0.22387172	0.26105255	-0.4691439
0.06888619	-0.08893162	0.060842164	-0.06722622	0.07661607	-0.0588056	0.08196843	-0.07025069	0.067319326	-0.058162615	0.121156454	-0.096637085	0.11204543	-0.08302841	0.07116728	-0.12024232	0.115750276	-0.13810831	0.13094825	-0.096246295	0.19507606	-0.19688745	0.16121529	-0.14497764	0.10582998	-0.4843241	0.2662498	-0.22787395	0.1311731	-0.13395807	0.99999905	-0.74417883	0.23807006	-0.1637599	0.14658137
-0.07020609	0.08783955	-0.061050624	0.0671043	-0.07758752	0.059302054	-0.083004594	0.07029624	-0.06826988	0.05881949	-0.12490165	0.09705187	-0.115497634	0.08336879	-0.07282258	0.116427556	-0.118273206	0.13644885	-0.13848892	0.098509446	-0.19283265	0.18468516	-0.17202365	0.1468802	-0.11244221	0.28301218	-0.33881372	0.23854415	-0.14436565	0.13973351	-0.74417883	0.9999991	-0.40065214	0.18347196	-0.18045165
0.082543515	-0.10943673	0.07497752	-0.083873436	0.095417015	-0.07023929	0.09945437	-0.08639302	0.08435281	-0.0746216	0.13785891	-0.11489996	0.13699731	-0.10468571	0.091326416	-0.13043106	0.1354621	-0.17743328	0.17215297	-0.1368435	0.17561735	-0.20160599	0.23016287	-0.22206105	0.15287611	-0.24315026	0.25534338	-0.5451361	0.21700138	-0.22387172	0.23807006	-0.40065214	0.99999905	-0.5006762	0.26975858
-0.072308846	0.09408189	-0.065655574	0.07368164	-0.085308105	0.060730856	-0.08699208	0.0752013	-0.07574084	0.067882225	-0.11916561	0.09772234	-0.12014372	0.09299667	-0.08503866	0.1056025	-0.11490507	0.14304079	-0.17174256	0.13410719	-0.13715847	0.14636086	-0.19089846	0.20453994	-0.16724652	0.15736943	-0.17731655	0.24321751	-0.29857638	0.26105255	-0.1637599	0.18347196	-0.5006762	0.99999905	-0.6908995
0.08020592	-0.109320164	0.075012036	-0.08533584	0.09716061	-0.06789016	0.09747294	-0.08594622	0.08611869	-0.07916914	0.12690288	-0.10794605	0.12982585	-0.1072115	0.09733002	-0.11544503	0.122708045	-0.16011068	0.18752035	-0.17149286	0.14030163	-0.1573748	0.1894556	-0.23529974	0.19666047	-0.16895172	0.17046009	-0.2508	0.2642092	-0.4691439	0.14658137	-0.18045165	0.26975858	-0.6908995	0.99999905
