1.0000001	-0.17269458	0.11436374	-0.1402093	0.1290821	-0.484042	0.1529625	-0.16176537	0.17018293	-0.119712725	0.2522788	-0.22671777	0.18896466	-0.14542784	0.18813908	-0.12273979	0.17256287	-0.18641022	0.16809039	-0.1527433	0.12688908	-0.23045214	0.17750554	-0.17251696	0.1617732	-0.0722803	0.11012957	-0.16036156	0.19841489	-0.15225372	0.060321413	-0.12096632	0.1239708	-0.24963139	0.23117891
-0.17269458	1.0000002	-0.32944262	0.22875133	-0.13168378	0.183027	-0.8097419	0.26648474	-0.18910904	0.11412962	-0.15717898	0.14577165	-0.2659762	0.13612555	-0.14567086	0.06665779	-0.11406245	0.11792716	-0.12000123	0.10339526	-0.07309674	0.11556769	-0.09594302	0.09881841	-0.09839808	0.030681645	-0.04858956	0.06830646	-0.096782885	0.076007925	-0.02620652	0.050141912	-0.05216298	0.095581844	-0.10412536
0.11436374	-0.32944262	1.0000002	-0.8153409	0.15183836	-0.12236113	0.22784129	-0.34275228	0.16932261	-0.13996018	0.1045861	-0.115189895	0.2236304	-0.12490361	0.12331109	-0.049656697	0.089123584	-0.10043914	0.10048076	-0.08979333	0.05334908	-0.09641668	0.07857151	-0.08384969	0.08174089	-0.025130326	0.040193766	-0.057033986	0.07866686	-0.06295649	0.021353666	-0.041793775	0.043411292	-0.080410056	0.083585985
-0.1402093	0.22875133	-0.8153409	1.0000001	-0.23171006	0.13527659	-0.23631252	0.25502378	-0.21362877	0.16805427	-0.12395753	0.13206117	-0.28014386	0.14760262	-0.156715	0.058949467	-0.10658844	0.11794722	-0.1233073	0.10869066	-0.06411245	0.11353266	-0.09499334	0.100761965	-0.10080035	0.029905513	-0.04805281	0.067951865	-0.096557036	0.07665749	-0.025471633	0.0497094	-0.0517905	0.09527369	-0.10303672
0.1290821	-0.13168378	0.15183836	-0.23171006	1.0	-0.13054746	0.11528978	-0.16688389	0.21233244	-0.869887	0.11075737	-0.13161047	0.16623268	-0.16836615	0.18580665	-0.059469134	0.107579276	-0.13690136	0.13417263	-0.13815732	0.062700845	-0.13411692	0.10741893	-0.121575415	0.115287535	-0.035879575	0.05757231	-0.08325223	0.108680464	-0.09006307	0.030195836	-0.061124492	0.06323962	-0.120748565	0.1139959
-0.484042	0.183027	-0.12236113	0.13527659	-0.13054746	1.0	-0.22885394	0.17244476	-0.1822982	0.11528824	-0.64869064	0.25774083	-0.22110824	0.14850478	-0.19190428	0.16852684	-0.20137098	0.18005252	-0.1715313	0.14324106	-0.18997587	0.19396955	-0.15903969	0.15021758	-0.14911518	0.055860024	-0.0825172	0.11382646	-0.1605546	0.12198697	-0.048209883	0.084886104	-0.087687	0.15941536	-0.17814632
0.1529625	-0.8097419	0.22784129	-0.23631252	0.11528978	-0.22885394	1.0	-0.3812434	0.17039035	-0.1081206	0.15317094	-0.15273021	0.2340344	-0.12956432	0.1299686	-0.06445035	0.10928332	-0.11446803	0.11076229	-0.096550494	0.06922252	-0.111787915	0.08991807	-0.09303693	0.090297095	-0.029157648	0.04594955	-0.06478556	0.08903773	-0.070473194	0.024845205	-0.047631424	0.049388774	-0.091011554	0.09529517
-0.16176537	0.26648474	-0.34275228	0.25502378	-0.16688389	0.17244476	-0.3812434	1.0000001	-0.38535398	0.15505701	-0.1593685	0.189835	-0.6433903	0.23293266	-0.20221841	0.07537311	-0.14567298	0.16155002	-0.16745739	0.14334053	-0.08077374	0.14768754	-0.12107174	0.13052467	-0.12759613	0.03749111	-0.06041653	0.08554321	-0.11851308	0.09535145	-0.031900957	0.062434703	-0.06495468	0.11918459	-0.12432019
0.17018293	-0.18910904	0.16932261	-0.21362877	0.21233244	-0.1822982	0.17039035	-0.38535398	1.0000001	-0.2882502	0.15809537	-0.20360318	0.28574106	-0.6504713	0.27975547	-0.08554915	0.16688216	-0.23564087	0.24130337	-0.22436365	0.08937406	-0.19627716	0.15682748	-0.18849114	0.17186956	-0.04909707	0.07974908	-0.11515426	0.15098234	-0.12788504	0.041424878	-0.083713084	0.08675567	-0.16246405	0.15400314
-0.119712725	0.11412962	-0.13996018	0.16805427	-0.869887	0.11528824	-0.1081206	0.15505701	-0.2882502	1.0000001	-0.10315423	0.1195967	-0.17100722	0.17829007	-0.23069729	0.05466463	-0.10145991	0.1272278	-0.13816622	0.13743092	-0.05838465	0.12101002	-0.10126892	0.11514428	-0.116479	0.031991072	-0.05196859	0.074602276	-0.1035651	0.085031435	-0.027054636	0.054414604	-0.056637507	0.105989195	-0.108187266
0.2522788	-0.15717898	0.1045861	-0.12395753	0.11075737	-0.64869064	0.15317094	-0.1593685	0.15809537	-0.10315423	0.99999994	-0.48064277	0.19746114	-0.13862471	0.16859268	-0.26885965	0.2355127	-0.21312076	0.16804601	-0.13890372	0.20690306	-0.22784075	0.16052692	-0.1510851	0.13938737	-0.05808663	0.083262615	-0.11504562	0.14580944	-0.113147035	0.04953176	-0.08620978	0.08770716	-0.15942346	0.15619816
-0.22671777	0.14577165	-0.115189895	0.13206117	-0.13161047	0.25774083	-0.15273021	0.189835	-0.20360318	0.1195967	-0.48064277	1.0	-0.3254634	0.17764097	-0.21677195	0.15978226	-0.5918178	0.27014792	-0.23573613	0.16853097	-0.16889225	0.24899428	-0.19897278	0.17507438	-0.17103933	0.054944456	-0.0887042	0.11994607	-0.16624494	0.1271343	-0.047562193	0.087323904	-0.091286555	0.15639065	-0.17334211
0.18896466	-0.2659762	0.2236304	-0.28014386	0.16623268	-0.22110824	0.2340344	-0.6433903	0.28574106	-0.17100722	0.19746114	-0.3254634	0.99999994	-0.32775733	0.22721384	-0.09893908	0.1982737	-0.23156258	0.2063801	-0.18316068	0.10242816	-0.20443965	0.15699033	-0.17050824	0.15739867	-0.04946069	0.0794782	-0.113176934	0.1481665	-0.12098906	0.041894265	-0.08274902	0.085610636	-0.15859328	0.15409073
-0.14542784	0.13612555	-0.12490361	0.14760262	-0.16836615	0.14850478	-0.12956432	0.23293266	-0.6504713	0.17829007	-0.13862471	0.17764097	-0.32775733	0.9999997	-0.46987775	0.07520358	-0.15975979	0.22248419	-0.36808673	0.24122646	-0.07954207	0.17338009	-0.14847535	0.1837366	-0.18240604	0.04248608	-0.070413075	0.10103496	-0.14126162	0.11903717	-0.036029898	0.07264867	-0.07593094	0.13862999	-0.14062363
0.18813908	-0.14567086	0.12331109	-0.156715	0.18580665	-0.19190428	0.1299686	-0.20221841	0.27975547	-0.23069729	0.16859268	-0.21677195	0.22721384	-0.46987775	0.9999998	-0.09641464	0.18801741	-0.26909906	0.29067376	-0.562654	0.10060904	-0.24315345	0.19928503	-0.27044937	0.26648083	-0.061027616	0.10032257	-0.14665474	0.1959132	-0.18019353	0.05135946	-0.10566144	0.10972722	-0.20612106	0.1940012
-0.12273979	0.06665779	-0.049656697	0.058949467	-0.059469134	0.16852684	-0.06445035	0.07537311	-0.08554915	0.05466463	-0.26885965	0.15978226	-0.09893908	0.07520358	-0.09641464	0.9999998	-0.16540182	0.120736316	-0.09880183	0.07942124	-0.9106267	0.15098783	-0.10845916	0.09004939	-0.0839496	0.06887496	-0.06028459	0.07300564	-0.08940927	0.06734391	-0.062578544	0.060360007	-0.057771254	0.09367919	-0.09423255
0.17256287	-0.11406245	0.089123584	-0.10658844	0.107579276	-0.20137098	0.10928332	-0.14567298	0.16688216	-0.10145991	0.2355127	-0.5918178	0.1982737	-0.15975979	0.18801741	-0.16540182	0.9999998	-0.5323406	0.2447161	-0.17059174	0.15126231	-0.39970917	0.21556765	-0.18574356	0.16429512	-0.053117752	0.09009477	-0.12165877	0.15342425	-0.11931679	0.04576839	-0.0873156	0.090355836	-0.1506677	0.15471515
-0.18641022	0.11792716	-0.10043914	0.11794722	-0.13690136	0.18005252	-0.11446803	0.16155002	-0.23564087	0.1272278	-0.21312076	0.27014792	-0.23156258	0.22248419	-0.26909906	0.120736316	-0.5323406	0.99999976	-0.5830957	0.23524342	-0.1309784	0.25682312	-0.2435422	0.22930881	-0.22396815	0.054725543	-0.09466068	0.13070737	-0.18632948	0.14499432	-0.04725753	0.09213802	-0.098020256	0.16431041	-0.18345612
0.16809039	-0.12000123	0.10048076	-0.1233073	0.13417263	-0.1715313	0.11076229	-0.16745739	0.24130337	-0.13816622	0.16804601	-0.23573613	0.2063801	-0.36808673	0.29067376	-0.09880183	0.2447161	-0.5830957	0.99999946	-0.4286406	0.10272344	-0.25097147	0.21744849	-0.35237372	0.26045045	-0.05441664	0.09296655	-0.1340942	0.18774867	-0.1596554	0.04629798	-0.094137125	0.09891436	-0.17460729	0.1771337
-0.1527433	0.10339526	-0.08979333	0.10869066	-0.13815732	0.14324106	-0.096550494	0.14334053	-0.22436365	0.13743092	-0.13890372	0.16853097	-0.18316068	0.24122646	-0.562654	0.07942124	-0.17059174	0.23524342	-0.4286406	0.9999995	-0.08514491	0.20123999	-0.1976151	0.2753082	-0.5442595	0.049850997	-0.085784145	0.12391256	-0.20106064	0.18350208	-0.042409714	0.08710246	-0.09243713	0.16446675	-0.19146614
0.12688908	-0.07309674	0.05334908	-0.06411245	0.062700845	-0.18997587	0.06922252	-0.08077374	0.08937406	-0.05838465	0.20690306	-0.16889225	0.10242816	-0.07954207	0.10060904	-0.9106267	0.15126231	-0.1309784	0.10272344	-0.08514491	0.9999996	-0.18366012	0.11638464	-0.09845399	0.08896046	-0.08375087	0.0666822	-0.08204307	0.09529974	-0.072478615	0.06867253	-0.06847233	0.064416856	-0.1066105	0.10012321
-0.23045214	0.11556769	-0.09641668	0.11353266	-0.13411692	0.19396955	-0.111787915	0.14768754	-0.19627716	0.12101002	-0.22784075	0.24899428	-0.20443965	0.17338009	-0.24315345	0.15098783	-0.39970917	0.25682312	-0.25097147	0.20123999	-0.18366012	0.9999992	-0.6138133	0.27330452	-0.25155127	0.08193805	-0.18020019	0.2143706	-0.25233763	0.18186449	-0.07260286	0.14815074	-0.15969236	0.22215308	-0.25026712
0.17750554	-0.09594302	0.07857151	-0.09499334	0.10741893	-0.15903969	0.08991807	-0.12107174	0.15682748	-0.10126892	0.16052692	-0.19897278	0.15699033	-0.14847535	0.19928503	-0.10845916	0.21556765	-0.2435422	0.21744849	-0.1976151	0.11638464	-0.6138133	0.9999995	-0.48027542	0.24188119	-0.085599564	0.17976251	-0.34314466	0.23128034	-0.1779914	0.073736615	-0.16865839	0.18583049	-0.2671304	0.21131183
-0.17251696	0.09881841	-0.08384969	0.100761965	-0.121575415	0.15021758	-0.09303693	0.13052467	-0.18849114	0.11514428	-0.1510851	0.17507438	-0.17050824	0.1837366	-0.27044937	0.09004939	-0.18574356	0.22930881	-0.35237372	0.2753082	-0.09845399	0.27330452	-0.48027542	0.9999997	-0.56946474	0.06448692	-0.1234631	0.18168509	-0.34028417	0.23287895	-0.055542678	0.117830195	-0.13104406	0.208785	-0.23687097
0.1617732	-0.09839808	0.08174089	-0.10080035	0.115287535	-0.14911518	0.090297095	-0.12759613	0.17186956	-0.116479	0.13938737	-0.17103933	0.15739867	-0.18240604	0.26648083	-0.0839496	0.16429512	-0.22396815	0.26045045	-0.5442595	0.08896046	-0.25155127	0.24188119	-0.56946474	0.9999999	-0.06064921	0.105297245	-0.15810175	0.25734544	-0.3374116	0.051262427	-0.10851312	0.11474666	-0.20724113	0.23043567
-0.0722803	0.030681645	-0.025130326	0.029905513	-0.035879575	0.055860024	-0.029157648	0.03749111	-0.04909707	0.031991072	-0.05808663	0.054944456	-0.04946069	0.04248608	-0.061027616	0.06887496	-0.053117752	0.054725543	-0.05441664	0.049850997	-0.08375087	0.08193805	-0.085599564	0.06448692	-0.06064921	0.99999946	-0.2034812	0.1223129	-0.09302425	0.060908988	-0.930629	0.20401287	-0.13474405	0.11791677	-0.09699871
0.11012957	-0.04858956	0.040193766	-0.04805281	0.05757231	-0.0825172	0.04594955	-0.06041653	0.07974908	-0.05196859	0.083262615	-0.0887042	0.0794782	-0.070413075	0.10032257	-0.06028459	0.09009477	-0.09466068	0.09296655	-0.085784145	0.0666822	-0.18020019	0.17976251	-0.1234631	0.105297245	-0.2034812	0.9999992	-0.5206151	0.15681262	-0.104662426	0.17154586	-0.71122926	0.29798234	-0.26489896	0.15164758
-0.16036156	0.06830646	-0.057033986	0.067951865	-0.08325223	0.11382646	-0.06478556	0.08554321	-0.11515426	0.074602276	-0.11504562	0.11994607	-0.113176934	0.10103496	-0.14665474	0.07300564	-0.12165877	0.13070737	-0.1340942	0.12391256	-0.08204307	0.2143706	-0.34314466	0.18168509	-0.15810175	0.1223129	-0.5206151	0.9999993	-0.25932425	0.15732849	-0.11587242	0.30266386	-0.5670769	0.29698423	-0.23253454
0.19841489	-0.096782885	0.07866686	-0.096557036	0.108680464	-0.1605546	0.08903773	-0.11851308	0.15098234	-0.1035651	0.14580944	-0.16624494	0.1481665	-0.14126162	0.1959132	-0.08940927	0.15342425	-0.18632948	0.18774867	-0.20106064	0.09529974	-0.25233763	0.23128034	-0.34028417	0.25734544	-0.09302425	0.15681262	-0.25932425	0.99999917	-0.6319731	0.07745719	-0.17221056	0.18371347	-0.37182927	0.32420003
-0.15225372	0.076007925	-0.06295649	0.07665749	-0.09006307	0.12198697	-0.070473194	0.09535145	-0.12788504	0.085031435	-0.113147035	0.1271343	-0.12098906	0.11903717	-0.18019353	0.06734391	-0.11931679	0.14499432	-0.1596554	0.18350208	-0.072478615	0.18186449	-0.1779914	0.23287895	-0.3374116	0.060908988	-0.104662426	0.15732849	-0.6319731	0.9999992	-0.051294733	0.11029365	-0.11914313	0.2268028	-0.5935909
0.060321413	-0.02620652	0.021353666	-0.025471633	0.030195836	-0.048209883	0.024845205	-0.031900957	0.041424878	-0.027054636	0.04953176	-0.047562193	0.041894265	-0.036029898	0.05135946	-0.062578544	0.04576839	-0.04725753	0.04629798	-0.042409714	0.06867253	-0.07260286	0.073736615	-0.055542678	0.051262427	-0.930629	0.17154586	-0.11587242	0.07745719	-0.051294733	0.99999887	-0.26548505	0.12294651	-0.11440232	0.07994308
-0.12096632	0.050141912	-0.041793775	0.0497094	-0.061124492	0.084886104	-0.047631424	0.062434703	-0.083713084	0.054414604	-0.08620978	0.087323904	-0.08274902	0.07264867	-0.10566144	0.060360007	-0.0873156	0.09213802	-0.094137125	0.08710246	-0.06847233	0.14815074	-0.16865839	0.117830195	-0.10851312	0.20401287	-0.71122926	0.30266386	-0.17221056	0.11029365	-0.26548505	0.9999989	-0.464788	0.24542329	-0.17345838
0.1239708	-0.05216298	0.043411292	-0.0517905	0.06323962	-0.087687	0.049388774	-0.06495468	0.08675567	-0.056637507	0.08770716	-0.091286555	0.085610636	-0.07593094	0.10972722	-0.057771254	0.090355836	-0.098020256	0.09891436	-0.09243713	0.064416856	-0.15969236	0.18583049	-0.13104406	0.11474666	-0.13474405	0.29798234	-0.5670769	0.18371347	-0.11914313	0.12294651	-0.464788	0.999999	-0.5629567	0.18012367
-0.24963139	0.095581844	-0.080410056	0.09527369	-0.120748565	0.15941536	-0.091011554	0.11918459	-0.16246405	0.105989195	-0.15942346	0.15639065	-0.15859328	0.13862999	-0.20612106	0.09367919	-0.1506677	0.16431041	-0.17460729	0.16446675	-0.1066105	0.22215308	-0.2671304	0.208785	-0.20724113	0.11791677	-0.26489896	0.29698423	-0.37182927	0.2268028	-0.11440232	0.24542329	-0.5629567	0.99999887	-0.38997903
0.23117891	-0.10412536	0.083585985	-0.10303672	0.1139959	-0.17814632	0.09529517	-0.12432019	0.15400314	-0.108187266	0.15619816	-0.17334211	0.15409073	-0.14062363	0.1940012	-0.09423255	0.15471515	-0.18345612	0.1771337	-0.19146614	0.10012321	-0.25026712	0.21131183	-0.23687097	0.23043567	-0.09699871	0.15164758	-0.23253454	0.32420003	-0.5935909	0.07994308	-0.17345838	0.18012367	-0.38997903	0.99999887
