1.0000001	-0.5968958	0.2619111	-0.13285306	0.09285743	-0.23585619	0.26751104	-0.24975145	0.15543152	-0.113135256	0.20625165	-0.21500817	0.22194184	-0.12935737	0.09760063	-0.16986294	0.18075939	-0.16812964	0.13401902	-0.08560311	0.15699941	-0.14766605	0.11864529	-0.12511231	0.10154758	-0.1613042	0.11536239	-0.11495616	0.08016893	-0.081953034	0.07372231	-0.09570174	0.14897603	-0.06559217	0.0726208
-0.5968958	1.0000001	-0.43987942	0.15448608	-0.10422774	0.20314062	-0.48418275	0.28132394	-0.18392181	0.116819285	-0.22246648	0.22350962	-0.24842317	0.11828941	-0.08623495	0.1462175	-0.1763497	0.13214049	-0.121270396	0.07269668	-0.13156945	0.11276782	-0.09462397	0.098185815	-0.083559684	0.1219615	-0.08948237	0.087740846	-0.06318999	0.06464785	-0.055967074	0.07160643	-0.115920536	0.05133535	-0.057428308
0.2619111	-0.43987942	0.99999994	-0.3822897	0.17957357	-0.15254417	0.27094978	-0.5656551	0.27778837	-0.22025843	0.15897638	-0.21194649	0.2415389	-0.14600323	0.101042666	-0.14390813	0.16024357	-0.15384758	0.13916719	-0.086904846	0.13004729	-0.12315327	0.10550072	-0.11520127	0.095746584	-0.13151556	0.09608586	-0.09913037	0.07200348	-0.07534157	0.06023031	-0.077917404	0.127075	-0.058840293	0.0653999
-0.13285306	0.15448608	-0.3822897	0.9999999	-0.4697636	0.07516927	-0.1355659	0.22224131	-0.694709	0.29995832	-0.083019845	0.10765126	-0.13957858	0.12753047	-0.08427311	0.07432329	-0.08631448	0.092330985	-0.11782016	0.0663157	-0.06989633	0.06613604	-0.064533055	0.0759847	-0.06830019	0.06839909	-0.052636944	0.058293074	-0.047075775	0.05026389	-0.031919133	0.040904287	-0.07673233	0.038081367	-0.043165807
0.09285743	-0.10422774	0.17957357	-0.4697636	0.9999999	-0.051792488	0.08940703	-0.14244789	0.28058606	-0.81589454	0.057251863	-0.07433164	0.094280064	-0.08621547	0.063102245	-0.053001143	0.061017506	-0.06731579	0.07938218	-0.050967563	0.050527275	-0.048286825	0.046987187	-0.05690562	0.050683882	-0.04985254	0.038409706	-0.04287938	0.034950946	-0.037865374	0.023299541	-0.029884595	0.056261025	-0.028419495	0.03210415
-0.23585619	0.20314062	-0.15254417	0.07516927	-0.051792488	1.0	-0.36937356	0.17948335	-0.093083754	0.06180747	-0.84493834	0.18820357	-0.16916725	0.07506224	-0.05428675	0.14773211	-0.15297964	0.08992638	-0.076365806	0.04642763	-0.11208666	0.084410906	-0.06429305	0.06438355	-0.053597253	0.094653174	-0.06668992	0.06004286	-0.041299257	0.04205802	-0.04249008	0.054124333	-0.07761703	0.03366894	-0.037353653
0.26751104	-0.48418275	0.27094978	-0.1355659	0.08940703	-0.36937356	0.9999998	-0.46982053	0.16431142	-0.10815239	0.25841334	-0.4408683	0.28151268	-0.122716986	0.0854887	-0.18231818	0.20587237	-0.13972801	0.12031648	-0.07312984	0.14022781	-0.12349727	0.09725609	-0.09916824	0.08251643	-0.13500567	0.09549249	-0.09030573	0.06288254	-0.06463037	0.06056048	-0.07810071	0.11571084	-0.051292952	0.05691
-0.24975145	0.28132394	-0.5656551	0.22224131	-0.14244789	0.17948335	-0.46982053	0.9999998	-0.33479956	0.16065274	-0.20179181	0.2570332	-0.40614152	0.15152858	-0.10339059	0.1498759	-0.18291949	0.14679135	-0.14724693	0.08498772	-0.13088341	0.11556437	-0.10271544	0.10778937	-0.09333416	0.12291117	-0.091391586	0.09264209	-0.06830667	0.0707825	-0.056422573	0.07221196	-0.12148802	0.055403233	-0.062141377
0.15543152	-0.18392181	0.27778837	-0.694709	0.28058606	-0.093083754	0.16431142	-0.33479956	0.99999964	-0.4178004	0.10056901	-0.1375415	0.1726825	-0.2014901	0.10985284	-0.094568245	0.10768218	-0.12238926	0.15061654	-0.08938619	0.088311955	-0.08557965	0.08333744	-0.10041309	0.08793235	-0.08823916	0.06763983	-0.075757705	0.060893737	-0.06593645	0.041078053	-0.052812617	0.09793925	-0.049534064	0.05571999
-0.113135256	0.116819285	-0.22025843	0.29995832	-0.81589454	0.06180747	-0.10815239	0.16065274	-0.4178004	0.9999998	-0.06973359	0.08847465	-0.11713656	0.10837799	-0.0832123	0.06290321	-0.07391644	0.08118881	-0.10412135	0.06394213	-0.06070182	0.05722296	-0.05761335	0.06986379	-0.06440576	0.05863756	-0.045941435	0.05190037	-0.043418076	0.046806768	-0.02758824	0.035221856	-0.06926423	0.035092518	-0.04002024
0.20625165	-0.22246648	0.15897638	-0.083019845	0.057251863	-0.84493834	0.25841334	-0.20179181	0.10056901	-0.06973359	0.9999994	-0.22656134	0.17881183	-0.08564926	0.061931532	-0.20282044	0.17025532	-0.10645102	0.0866075	-0.053655017	0.13100933	-0.10232414	0.07545534	-0.07570516	0.062078778	-0.116532676	0.079772905	-0.07128978	0.04832057	-0.04927833	0.05160654	-0.06624631	0.09095586	-0.03949133	0.04363716
-0.21500817	0.22350962	-0.21194649	0.10765126	-0.07433164	0.18820357	-0.4408683	0.2570332	-0.1375415	0.08847465	-0.22656134	0.9999994	-0.62076956	0.14671846	-0.099572554	0.23111434	-0.44133142	0.15895948	-0.14464058	0.08215352	-0.17412727	0.14160645	-0.11221218	0.10746028	-0.09174801	0.1513577	-0.110216826	0.09941855	-0.068694614	0.06995386	-0.067985505	0.086545944	-0.12873162	0.055760216	-0.062086333
0.22194184	-0.24842317	0.2415389	-0.13957858	0.094280064	-0.16916725	0.28151268	-0.40614152	0.1726825	-0.11713656	0.17881183	-0.62076956	0.9999992	-0.2576117	0.13859461	-0.23011197	0.25362852	-0.24747796	0.19895123	-0.118817344	0.17525423	-0.17058283	0.1493801	-0.14939438	0.12350025	-0.18020187	0.12975995	-0.13277182	0.09176218	-0.09591941	0.08086594	-0.10493154	0.16433649	-0.074951306	0.08276756
-0.12935737	0.11828941	-0.14600323	0.12753047	-0.08621547	0.07506224	-0.122716986	0.15152858	-0.2014901	0.10837799	-0.08564926	0.14671846	-0.2576117	0.9999993	-0.45494547	0.099909455	-0.1197875	0.21797003	-0.7013838	0.25140294	-0.101257525	0.10794515	-0.1505904	0.21028602	-0.21486863	0.09958848	-0.088685185	0.12182477	-0.122236006	0.13752228	-0.048814565	0.06166432	-0.16251071	0.09702458	-0.11296673
0.09760063	-0.08623495	0.101042666	-0.08427311	0.063102245	-0.05428675	0.0854887	-0.10339059	0.10985284	-0.0832123	0.061931532	-0.099572554	0.13859461	-0.45494547	0.9999991	-0.07525753	0.086760014	-0.17907636	0.26945317	-0.7245975	0.078907475	-0.09040003	0.1233816	-0.26172537	0.26694524	-0.08118371	0.07310358	-0.108654425	0.13140889	-0.192836	0.039952848	-0.050792858	0.1353031	-0.11328425	0.126218
-0.16986294	0.1462175	-0.14390813	0.07432329	-0.053001143	0.14773211	-0.18231818	0.1498759	-0.094568245	0.06290321	-0.20282044	0.23111434	-0.23011197	0.099909455	-0.07525753	0.9999992	-0.6640256	0.13924122	-0.107051454	0.06453607	-0.54321605	0.18517347	-0.10861859	0.09416562	-0.07764907	0.23481111	-0.1548945	0.101246506	-0.06223458	0.061107945	-0.101832666	0.12175663	-0.12972453	0.050768096	-0.05571639
0.18075939	-0.1763497	0.16024357	-0.08631448	0.061017506	-0.15297964	0.20587237	-0.18291949	0.10768218	-0.07391644	0.17025532	-0.44133142	0.25362852	-0.1197875	0.086760014	-0.6640256	0.99999934	-0.17782232	0.123398565	-0.07611525	0.27691573	-0.24777319	0.12853295	-0.11214824	0.08955936	-0.26247212	0.17108521	-0.12005892	0.07197549	-0.07168875	0.10982964	-0.14249039	0.14536554	-0.058977425	0.06422185
-0.16812964	0.13214049	-0.15384758	0.092330985	-0.06731579	0.08992638	-0.13972801	0.14679135	-0.12238926	0.08118881	-0.10645102	0.15895948	-0.24747796	0.21797003	-0.17907636	0.13924122	-0.17782232	0.9999991	-0.36889553	0.15445782	-0.16879602	0.20375243	-0.61168146	0.24163187	-0.20141128	0.15825106	-0.18286808	0.289755	-0.16771318	0.1492358	-0.08512075	0.10373812	-0.40881863	0.13319682	-0.1453882
0.13401902	-0.121270396	0.13916719	-0.11782016	0.07938218	-0.076365806	0.12031648	-0.14724693	0.15061654	-0.10412135	0.0866075	-0.14464058	0.19895123	-0.7013838	0.26945317	-0.107051454	0.123398565	-0.36889553	0.9999993	-0.29235038	0.11081397	-0.1285588	0.19040978	-0.3092325	0.21684119	-0.11344474	0.10380054	-0.15587299	0.14579481	-0.16514619	0.055847112	-0.070837855	0.18773389	-0.11879694	0.12829396
-0.08560311	0.07269668	-0.086904846	0.0663157	-0.050967563	0.04642763	-0.07312984	0.08498772	-0.08938619	0.06394213	-0.053655017	0.08215352	-0.118817344	0.25140294	-0.7245975	0.06453607	-0.07611525	0.15445782	-0.29235038	0.99999934	-0.07005149	0.079396814	-0.11526124	0.23081128	-0.4904402	0.07040294	-0.0655531	0.09862592	-0.13292882	0.18732421	-0.035229493	0.044449337	-0.13060047	0.10807315	-0.1352981
0.15699941	-0.13156945	0.13004729	-0.06989633	0.050527275	-0.11208666	0.14022781	-0.13088341	0.088311955	-0.06070182	0.13100933	-0.17412727	0.17525423	-0.101257525	0.078907475	-0.54321605	0.27691573	-0.16879602	0.11081397	-0.07005149	0.9999994	-0.311449	0.1357613	-0.11131403	0.08665507	-0.57814	0.23764044	-0.13402224	0.07284814	-0.0707618	0.1897841	-0.23905233	0.15835197	-0.06000048	0.064461105
-0.14766605	0.11276782	-0.12315327	0.06613604	-0.048286825	0.084410906	-0.12349727	0.11556437	-0.08557965	0.05722296	-0.10232414	0.14160645	-0.17058283	0.10794515	-0.09040003	0.18517347	-0.24777319	0.20375243	-0.1285588	0.079396814	-0.311449	0.99999934	-0.2666856	0.1355292	-0.105666876	0.27039486	-0.7550784	0.20742428	-0.09441955	0.08481546	-0.16185327	0.18044282	-0.2372014	0.07672451	-0.08148426
0.11864529	-0.09462397	0.10550072	-0.064533055	0.046987187	-0.06429305	0.09725609	-0.10271544	0.08333744	-0.05761335	0.07545534	-0.11221218	0.1493801	-0.1505904	0.1233816	-0.10861859	0.12853295	-0.61168146	0.19040978	-0.11526124	0.1357613	-0.2666856	0.9999993	-0.2750991	0.1557478	-0.14428587	0.18842305	-0.5741191	0.1439866	-0.12438657	0.07654786	-0.095304385	0.3108424	-0.11508359	0.1159638
-0.12511231	0.098185815	-0.11520127	0.0759847	-0.05690562	0.06438355	-0.09916824	0.10778937	-0.10041309	0.06986379	-0.07570516	0.10746028	-0.14939438	0.21028602	-0.26172537	0.09416562	-0.11214824	0.24163187	-0.3092325	0.23081128	-0.11131403	0.1355292	-0.2750991	0.999999	-0.5130988	0.111117035	-0.11595137	0.19473222	-0.47681665	0.27888548	-0.058062334	0.07230115	-0.2626427	0.24996716	-0.29579607
0.10154758	-0.083559684	0.095746584	-0.06830019	0.050683882	-0.053597253	0.08251643	-0.09333416	0.08793235	-0.06440576	0.062078778	-0.09174801	0.12350025	-0.21486863	0.26694524	-0.07764907	0.08955936	-0.20141128	0.21684119	-0.4904402	0.08665507	-0.105666876	0.1557478	-0.5130988	0.9999988	-0.09064689	0.08581001	-0.14049093	0.22934593	-0.4850775	0.045533534	-0.05778977	0.17190903	-0.20106144	0.23642734
-0.1613042	0.1219615	-0.13151556	0.06839909	-0.04985254	0.094653174	-0.13500567	0.12291117	-0.08823916	0.05863756	-0.116532676	0.1513577	-0.18020187	0.09958848	-0.08118371	0.23481111	-0.26247212	0.15825106	-0.11344474	0.07040294	-0.57814	0.27039486	-0.14428587	0.111117035	-0.09064689	0.99999875	-0.41696674	0.14532071	-0.0779511	0.07273534	-0.4134662	0.2777806	-0.19080815	0.06394686	-0.06899285
0.11536239	-0.08948237	0.09608586	-0.052636944	0.038409706	-0.06668992	0.09549249	-0.091391586	0.06763983	-0.045941435	0.079772905	-0.110216826	0.12975995	-0.088685185	0.07310358	-0.1548945	0.17108521	-0.18286808	0.10380054	-0.0655531	0.23764044	-0.7550784	0.18842305	-0.11595137	0.08581001	-0.41696674	0.99999845	-0.22592653	0.07781568	-0.07099733	0.19508442	-0.27083546	0.19476801	-0.0643918	0.06667091
-0.11495616	0.087740846	-0.09913037	0.058293074	-0.04287938	0.06004286	-0.09030573	0.09264209	-0.075757705	0.05190037	-0.07128978	0.09941855	-0.13277182	0.12182477	-0.108654425	0.101246506	-0.12005892	0.289755	-0.15587299	0.09862592	-0.13402224	0.20742428	-0.5741191	0.19473222	-0.14049093	0.14532071	-0.22592653	0.99999833	-0.15811828	0.12230524	-0.08327086	0.10224195	-0.67317164	0.1319067	-0.123834275
0.08016893	-0.06318999	0.07200348	-0.047075775	0.034950946	-0.041299257	0.06288254	-0.06830667	0.060893737	-0.043418076	0.04832057	-0.068694614	0.09176218	-0.122236006	0.13140889	-0.06223458	0.07197549	-0.16771318	0.14579481	-0.13292882	0.07284814	-0.09441955	0.1439866	-0.47681665	0.22934593	-0.0779511	0.07781568	-0.15811828	0.9999985	-0.3707713	0.04022255	-0.051145	0.18737844	-0.6832774	0.30061403
-0.081953034	0.06464785	-0.07534157	0.05026389	-0.037865374	0.04205802	-0.06463037	0.0707825	-0.06593645	0.046806768	-0.04927833	0.06995386	-0.09591941	0.13752228	-0.192836	0.061107945	-0.07168875	0.1492358	-0.16514619	0.18732421	-0.0707618	0.08481546	-0.12438657	0.27888548	-0.4850775	0.07273534	-0.07099733	0.12230524	-0.3707713	0.99999857	-0.037496492	0.047265697	-0.17270547	0.27953234	-0.65058666
0.07372231	-0.055967074	0.06023031	-0.031919133	0.023299541	-0.04249008	0.06056048	-0.056422573	0.041078053	-0.02758824	0.05160654	-0.067985505	0.08086594	-0.048814565	0.039952848	-0.101832666	0.10982964	-0.08512075	0.055847112	-0.035229493	0.1897841	-0.16185327	0.07654786	-0.058062334	0.045533534	-0.4134662	0.19508442	-0.08327086	0.04022255	-0.037496492	0.9999985	-0.85483176	0.104415864	-0.033665914	0.03530565
-0.09570174	0.07160643	-0.077917404	0.040904287	-0.029884595	0.054124333	-0.07810071	0.07221196	-0.052812617	0.035221856	-0.06624631	0.086545944	-0.10493154	0.06166432	-0.050792858	0.12175663	-0.14249039	0.10373812	-0.070837855	0.044449337	-0.23905233	0.18044282	-0.095304385	0.07230115	-0.05778977	0.2777806	-0.27083546	0.10224195	-0.051145	0.047265697	-0.85483176	0.9999987	-0.13978091	0.04273007	-0.045001205
0.14897603	-0.115920536	0.127075	-0.07673233	0.056261025	-0.07761703	0.11571084	-0.12148802	0.09793925	-0.06926423	0.09095586	-0.12873162	0.16433649	-0.16251071	0.1353031	-0.12972453	0.14536554	-0.40881863	0.18773389	-0.13060047	0.15835197	-0.2372014	0.3108424	-0.2626427	0.17190903	-0.19080815	0.19476801	-0.67317164	0.18737844	-0.17270547	0.104415864	-0.13978091	0.9999985	-0.20883156	0.15865646
-0.06559217	0.05133535	-0.058840293	0.038081367	-0.028419495	0.03366894	-0.051292952	0.055403233	-0.049534064	0.035092518	-0.03949133	0.055760216	-0.074951306	0.09702458	-0.11328425	0.050768096	-0.058977425	0.13319682	-0.11879694	0.10807315	-0.06000048	0.07672451	-0.11508359	0.24996716	-0.20106144	0.06394686	-0.0643918	0.1319067	-0.6832774	0.27953234	-0.033665914	0.04273007	-0.20883156	0.9999985	-0.5758338
0.0726208	-0.057428308	0.0653999	-0.043165807	0.03210415	-0.037353653	0.05691	-0.062141377	0.05571999	-0.04002024	0.04363716	-0.062086333	0.08276756	-0.11296673	0.126218	-0.05571639	0.06422185	-0.1453882	0.12829396	-0.1352981	0.064461105	-0.08148426	0.1159638	-0.29579607	0.23642734	-0.06899285	0.06667091	-0.123834275	0.30061403	-0.65058666	0.03530565	-0.045001205	0.15865646	-0.5758338	0.9999985
