0.9999999	-0.4130315	0.23446934	-0.26165473	0.09452988	-0.29896528	0.27087563	-0.28446653	0.22926256	-0.08750856	0.2225978	-0.47620165	0.18081905	-0.1380773	0.17772228	-0.11842278	0.124880455	-0.15866192	0.19202532	-0.055635475	0.12833504	-0.14280649	0.106834784	-0.11835666	0.0623454	-0.07948788	0.115054145	-0.09308718	0.11546302	-0.16505654	0.10778574	-0.09810113	0.109904304	-0.089134954	0.11433097
-0.4130315	0.9999998	-0.57448035	0.25102404	-0.07513323	0.19387746	-0.5352681	0.3188515	-0.27745232	0.06780112	-0.17923178	0.25952443	-0.13037905	0.10124532	-0.12919357	0.076719694	-0.080103405	0.1037244	-0.13222095	0.037733294	-0.08642509	0.08489116	-0.06563751	0.073120795	-0.042308178	0.04889679	-0.07036997	0.0561484	-0.07042927	0.09301289	-0.066368066	0.058914255	-0.06635073	0.05301375	-0.06792684
0.23446934	-0.57448035	0.99999934	-0.47902486	0.06872992	-0.1508352	0.28605548	-0.54134536	0.2931811	-0.063802905	0.12916304	-0.2179499	0.109437905	-0.08837312	0.10638169	-0.05959017	0.06323433	-0.089637995	0.10639712	-0.0305512	0.065994315	-0.06813464	0.051663682	-0.058819797	0.033855334	-0.038040217	0.05473537	-0.04443006	0.055921584	-0.0752326	0.051376965	-0.046262328	0.051884156	-0.041861642	0.053278875
-0.26165473	0.25102404	-0.47902486	0.9999991	-0.120861426	0.13213454	-0.21734376	0.28614393	-0.7373796	0.10731277	-0.11954586	0.19796707	-0.122812286	0.13084334	-0.15513392	0.06315706	-0.069436714	0.10090627	-0.13998671	0.040747784	-0.071607135	0.07560179	-0.063540585	0.0738268	-0.044873837	0.04444371	-0.065098435	0.05429848	-0.06958826	0.09237325	-0.06084889	0.055441268	-0.06307278	0.051166605	-0.06504525
0.09452988	-0.07513323	0.06872992	-0.120861426	0.9999992	-0.055611014	0.06405344	-0.08202456	0.12216472	-0.9492237	0.048387207	-0.09774615	0.07323669	-0.1186298	0.15538283	-0.0350452	0.04110298	-0.066890836	0.100588	-0.03409918	0.0395014	-0.04770366	0.046524066	-0.059121244	0.035707552	-0.029217271	0.04399787	-0.04079162	0.053388573	-0.07903889	0.040309746	-0.039644714	0.045312293	-0.038699716	0.048100922
-0.29896528	0.19387746	-0.1508352	0.13213454	-0.055611014	0.9999991	-0.33468822	0.18581031	-0.1538687	0.050102223	-0.80171853	0.29195446	-0.12404649	0.084631056	-0.110150374	0.1416825	-0.11196959	0.10003513	-0.120175995	0.03372431	-0.15074846	0.10822026	-0.0642132	0.06924419	-0.037941016	0.0586876	-0.07706795	0.055906102	-0.067047454	0.08864512	-0.074838035	0.06247228	-0.06609508	0.051926546	-0.065796986
0.27087563	-0.5352681	0.28605548	-0.21734376	0.06405344	-0.33468822	0.99999917	-0.54374385	0.22846147	-0.059001975	0.22976618	-0.42293146	0.13270204	-0.09251665	0.114454314	-0.08418408	0.08380857	-0.106552854	0.1206037	-0.034100488	0.09062969	-0.087263465	0.060204685	-0.06736301	0.038033023	-0.0469448	0.06598463	-0.051877726	0.0643866	-0.085822284	0.062372003	-0.055085797	0.06084164	-0.048654955	0.061903853
-0.28446653	0.3188515	-0.54134536	0.28614393	-0.08202456	0.18581031	-0.54374385	0.9999992	-0.43192992	0.075563625	-0.17308453	0.25039303	-0.15688203	0.11299542	-0.13625234	0.07554487	-0.08069368	0.11725864	-0.13759014	0.03900779	-0.08472638	0.08508679	-0.06508709	0.07404751	-0.043313712	0.047898836	-0.06888885	0.05569877	-0.07029308	0.09271293	-0.06476319	0.057943054	-0.06512272	0.0523259	-0.06663879
0.22926256	-0.27745232	0.2931811	-0.7373796	0.12216472	-0.1538687	0.22846147	-0.43192992	0.99999875	-0.1312255	0.13038242	-0.24413465	0.13353224	-0.17010906	0.16311276	-0.06937131	0.07611098	-0.115607224	0.14785586	-0.043669324	0.07664013	-0.08444737	0.067430936	-0.08042177	0.04709691	-0.047310382	0.068808086	-0.0583794	0.07454111	-0.10320063	0.06402072	-0.059389427	0.066780955	-0.054959156	0.06921062
-0.08750856	0.06780112	-0.063802905	0.10731277	-0.9492237	0.050102223	-0.059001975	0.075563625	-0.1312255	0.99999845	-0.044062883	0.087129064	-0.071852006	0.116760924	-0.1908889	0.032212354	-0.038190503	0.0640224	-0.10282911	0.034695808	-0.03645033	0.043812875	-0.043803394	0.055665735	-0.036764476	0.026961477	-0.040753398	0.037843734	-0.05031642	0.07082306	-0.037307344	0.036489274	-0.042056143	0.035665315	-0.04435654
0.2225978	-0.17923178	0.12916304	-0.11954586	0.048387207	-0.80171853	0.22976618	-0.17308453	0.13038242	-0.044062883	0.99999833	-0.4353531	0.11857322	-0.076423585	0.096663505	-0.18748368	0.117081605	-0.09960603	0.10744262	-0.030053686	0.15184069	-0.1157134	0.0584782	-0.06341669	0.03357952	-0.056553148	0.07213003	-0.051596962	0.060871802	-0.0823631	0.069839336	-0.05865335	0.060238987	-0.04751412	0.05951992
-0.47620165	0.25952443	-0.2179499	0.19796707	-0.09774615	0.29195446	-0.42293146	0.25039303	-0.24413465	0.087129064	-0.4353531	0.9999986	-0.27369413	0.15545872	-0.20534216	0.14824998	-0.16436222	0.18868788	-0.22597305	0.0625836	-0.16732283	0.15700473	-0.1118588	0.12235115	-0.07074322	0.086821854	-0.12315526	0.09518633	-0.11829173	0.15096083	-0.11681667	0.10134971	-0.113209404	0.08923578	-0.11451813
0.18081905	-0.13037905	0.109437905	-0.122812286	0.07323669	-0.12404649	0.13270204	-0.15688203	0.13353224	-0.071852006	0.11857322	-0.27369413	0.99999857	-0.24517967	0.19701351	-0.11861624	0.17188866	-0.79925704	0.26664785	-0.06802409	0.11877514	-0.18657391	0.10586302	-0.14044613	0.069755346	-0.07167369	0.10283034	-0.09272306	0.11708831	-0.16349977	0.09209011	-0.09071546	0.097840995	-0.08295884	0.09999125
-0.1380773	0.10124532	-0.08837312	0.13084334	-0.1186298	0.084631056	-0.09251665	0.11299542	-0.17010906	0.116760924	-0.076423585	0.15545872	-0.24517967	0.9999984	-0.7448944	0.06729035	-0.08745411	0.20237793	-0.48842487	0.105896346	-0.07446277	0.09785372	-0.10503803	0.15465029	-0.10785764	0.056071933	-0.08510293	0.087783016	-0.12640142	0.15571246	-0.076142274	0.07806413	-0.091261014	0.07935417	-0.095158175
0.17772228	-0.12919357	0.10638169	-0.15513392	0.15538283	-0.110150374	0.114454314	-0.13625234	0.16311276	-0.1908889	0.096663505	-0.20534216	0.19701351	-0.7448944	0.99999845	-0.08152234	0.10007997	-0.1992094	0.2933892	-0.12937018	0.09029051	-0.11797925	0.118231915	-0.1723351	0.11658567	-0.069414675	0.10462836	-0.10547982	0.139434	-0.21081784	0.094336376	-0.09765447	0.110728025	-0.09794707	0.1180473
-0.11842278	0.076719694	-0.05959017	0.06315706	-0.0350452	0.1416825	-0.08418408	0.07554487	-0.06937131	0.032212354	-0.18748368	0.14824998	-0.11861624	0.06729035	-0.08152234	0.9999982	-0.45455015	0.117452994	-0.10382877	0.027667837	-0.78408337	0.2869142	-0.074048094	0.07336862	-0.030495564	0.13847183	-0.13731752	0.071266256	-0.06983991	0.099138886	-0.14590885	0.10103048	-0.08150513	0.06088217	-0.07063824
0.124880455	-0.080103405	0.06323433	-0.069436714	0.04110298	-0.11196959	0.08380857	-0.08069368	0.07611098	-0.038190503	0.117081605	-0.16436222	0.17188866	-0.08745411	0.10007997	-0.45455015	0.9999979	-0.22387342	0.135507	-0.03504048	0.2879838	-0.76588583	0.08988681	-0.091272704	0.03806826	-0.11266683	0.14202164	-0.084788926	0.083830155	-0.118889	0.11998218	-0.11057582	0.09170449	-0.07051	0.081255965
-0.15866192	0.1037244	-0.089637995	0.10090627	-0.066890836	0.10003513	-0.106552854	0.11725864	-0.115607224	0.0640224	-0.09960603	0.18868788	-0.79925704	0.20237793	-0.1992094	0.117452994	-0.22387342	0.9999978	-0.3914228	0.07233889	-0.12153639	0.17776392	-0.10876742	0.14063016	-0.07634353	0.069354914	-0.100211784	0.09041943	-0.118980944	0.14571655	-0.08944104	0.086433426	-0.0950132	0.07918423	-0.09540947
0.19202532	-0.13222095	0.10639712	-0.13998671	0.100588	-0.120175995	0.1206037	-0.13759014	0.14785586	-0.10282911	0.10744262	-0.22597305	0.26664785	-0.48842487	0.2933892	-0.10382877	0.135507	-0.3914228	0.9999982	-0.16842344	0.113116026	-0.15611386	0.17900614	-0.36939323	0.14450346	-0.08967702	0.13636577	-0.15564	0.21833777	-0.27860472	0.12061572	-0.12943348	0.1501656	-0.13625285	0.15671729
-0.055635475	0.037733294	-0.0305512	0.040747784	-0.03409918	0.03372431	-0.034100488	0.03900779	-0.043669324	0.034695808	-0.030053686	0.0625836	-0.06802409	0.105896346	-0.12937018	0.027667837	-0.03504048	0.07233889	-0.16842344	0.99999803	-0.03096475	0.040574785	-0.047467414	0.07284781	-0.96391016	0.024853274	-0.03800886	0.040502205	-0.057885084	0.07545634	-0.03392034	0.035503227	-0.041683417	0.036945496	-0.044093274
0.12833504	-0.08642509	0.065994315	-0.071607135	0.0395014	-0.15074846	0.09062969	-0.08472638	0.07664013	-0.03645033	0.15184069	-0.16732283	0.11877514	-0.07446277	0.09029051	-0.78408337	0.2879838	-0.12153639	0.113116026	-0.03096475	0.9999981	-0.40633133	0.08837493	-0.08799381	0.034067724	-0.2086139	0.16361336	-0.088015266	0.08350703	-0.12437894	0.16845295	-0.1305786	0.0984729	-0.07476897	0.08455748
-0.14280649	0.08489116	-0.06813464	0.07560179	-0.04770366	0.10822026	-0.087263465	0.08508679	-0.08444737	0.043812875	-0.1157134	0.15700473	-0.18657391	0.09785372	-0.11797925	0.2869142	-0.76588583	0.17776392	-0.15611386	0.040574785	-0.40633133	0.9999981	-0.117934704	0.10783915	-0.044747684	0.14771761	-0.21676095	0.106692486	-0.10206011	0.13811193	-0.16782473	0.14085981	-0.11948848	0.08744825	-0.102180235
0.106834784	-0.06563751	0.051663682	-0.063540585	0.046524066	-0.0642132	0.060204685	-0.06508709	0.067430936	-0.043803394	0.0584782	-0.1118588	0.10586302	-0.10503803	0.118231915	-0.074048094	0.08988681	-0.10876742	0.17900614	-0.047467414	0.08837493	-0.117934704	0.9999975	-0.4415217	0.050744113	-0.11311092	0.18356605	-0.7248993	0.25510976	-0.2827714	0.13999157	-0.2027953	0.25378716	-0.1985059	0.18371306
-0.11835666	0.073120795	-0.058819797	0.0738268	-0.059121244	0.06924419	-0.06736301	0.07404751	-0.08042177	0.055665735	-0.06341669	0.12235115	-0.14044613	0.15465029	-0.1723351	0.07336862	-0.091272704	0.14063016	-0.36939323	0.07284781	-0.08799381	0.10783915	-0.4415217	0.9999973	-0.07876439	0.09880353	-0.16546373	0.25020224	-0.64610535	0.29010084	-0.13813452	0.1575372	-0.22464699	0.2019184	-0.21965793
0.0623454	-0.042308178	0.033855334	-0.044873837	0.035707552	-0.037941016	0.038033023	-0.043313712	0.04709691	-0.036764476	0.03357952	-0.07074322	0.069755346	-0.10785764	0.11658567	-0.030495564	0.03806826	-0.07634353	0.14450346	-0.96391016	0.034067724	-0.044747684	0.050744113	-0.07876439	0.99999744	-0.027398005	0.041754317	-0.04428519	0.061430015	-0.08572633	0.037341587	-0.039209496	0.045521636	-0.040622447	0.048442714
-0.07948788	0.04889679	-0.038040217	0.04444371	-0.029217271	0.0586876	-0.0469448	0.047898836	-0.047310382	0.026961477	-0.056553148	0.086821854	-0.07167369	0.056071933	-0.069414675	0.13847183	-0.11266683	0.069354914	-0.08967702	0.024853274	-0.2086139	0.14771761	-0.11311092	0.09880353	-0.027398005	0.9999975	-0.5336327	0.13029793	-0.09640707	0.14508477	-0.7439991	0.26081836	-0.15402758	0.10208539	-0.10582166
0.115054145	-0.07036997	0.05473537	-0.065098435	0.04399787	-0.07706795	0.06598463	-0.06888885	0.068808086	-0.040753398	0.07213003	-0.12315526	0.10283034	-0.08510293	0.10462836	-0.13731752	0.14202164	-0.100211784	0.13636577	-0.03800886	0.16361336	-0.21676095	0.18356605	-0.16546373	0.041754317	-0.5336327	0.99999744	-0.2554341	0.15673745	-0.24363555	0.3189865	-0.5781167	0.25129914	-0.17357579	0.16718237
-0.09308718	0.0561484	-0.04443006	0.05429848	-0.04079162	0.055906102	-0.051877726	0.05569877	-0.0583794	0.037843734	-0.051596962	0.09518633	-0.09272306	0.087783016	-0.10547982	0.071266256	-0.084788926	0.09041943	-0.15564	0.040502205	-0.088015266	0.106692486	-0.7248993	0.25020224	-0.04428519	0.13029793	-0.2554341	0.9999973	-0.25946233	0.23065408	-0.16813295	0.22758113	-0.44143763	0.2029396	-0.20393534
0.11546302	-0.07042927	0.055921584	-0.06958826	0.053388573	-0.067047454	0.0643866	-0.07029308	0.07454111	-0.05031642	0.060871802	-0.11829173	0.11708831	-0.12640142	0.139434	-0.06983991	0.083830155	-0.118980944	0.21833777	-0.057885084	0.08350703	-0.10206011	0.25510976	-0.64610535	0.061430015	-0.09640707	0.15673745	-0.25946233	0.9999972	-0.52577037	0.13209088	-0.1651139	0.22055033	-0.31988788	0.25406775
-0.16505654	0.09301289	-0.0752326	0.09237325	-0.07903889	0.08864512	-0.085822284	0.09271293	-0.10320063	0.07082306	-0.0823631	0.15096083	-0.16349977	0.15571246	-0.21081784	0.099138886	-0.118889	0.14571655	-0.27860472	0.07545634	-0.12437894	0.13811193	-0.2827714	0.29010084	-0.08572633	0.14508477	-0.24363555	0.23065408	-0.52577037	0.9999972	-0.217781	0.21543436	-0.30503416	0.28298447	-0.46875975
0.10778574	-0.066368066	0.051376965	-0.06084889	0.040309746	-0.074838035	0.062372003	-0.06476319	0.06402072	-0.037307344	0.069839336	-0.11681667	0.09209011	-0.076142274	0.094336376	-0.14590885	0.11998218	-0.08944104	0.12061572	-0.03392034	0.16845295	-0.16782473	0.13999157	-0.13813452	0.037341587	-0.7439991	0.3189865	-0.16813295	0.13209088	-0.217781	0.99999684	-0.40752742	0.19692905	-0.14372765	0.1420248
-0.09810113	0.058914255	-0.046262328	0.055441268	-0.039644714	0.06247228	-0.055085797	0.057943054	-0.059389427	0.036489274	-0.05865335	0.10134971	-0.09071546	0.07806413	-0.09765447	0.10103048	-0.11057582	0.086433426	-0.12943348	0.035503227	-0.1305786	0.14085981	-0.2027953	0.1575372	-0.039209496	0.26081836	-0.5781167	0.22758113	-0.1651139	0.21543436	-0.40752742	0.99999684	-0.5313241	0.20840362	-0.22128977
0.109904304	-0.06635073	0.051884156	-0.06307278	0.045312293	-0.06609508	0.06084164	-0.06512272	0.066780955	-0.042056143	0.060238987	-0.113209404	0.097840995	-0.091261014	0.110728025	-0.08150513	0.09170449	-0.0950132	0.1501656	-0.041683417	0.0984729	-0.11948848	0.25378716	-0.22464699	0.045521636	-0.15402758	0.25129914	-0.44143763	0.22055033	-0.30503416	0.19692905	-0.5313241	0.9999966	-0.45960322	0.2708028
-0.089134954	0.05301375	-0.041861642	0.051166605	-0.038699716	0.051926546	-0.048654955	0.0523259	-0.054959156	0.035665315	-0.04751412	0.08923578	-0.08295884	0.07935417	-0.09794707	0.06088217	-0.07051	0.07918423	-0.13625285	0.036945496	-0.07476897	0.08744825	-0.1985059	0.2019184	-0.040622447	0.10208539	-0.17357579	0.2029396	-0.31988788	0.28298447	-0.14372765	0.20840362	-0.45960322	0.99999666	-0.7257167
0.11433097	-0.06792684	0.053278875	-0.06504525	0.048100922	-0.065796986	0.061903853	-0.06663879	0.06921062	-0.04435654	0.05951992	-0.11451813	0.09999125	-0.095158175	0.1180473	-0.07063824	0.081255965	-0.09540947	0.15671729	-0.044093274	0.08455748	-0.102180235	0.18371306	-0.21965793	0.048442714	-0.10582166	0.16718237	-0.20393534	0.25406775	-0.46875975	0.1420248	-0.22128977	0.2708028	-0.7257167	0.99999666
