1.0000001	-0.4187136	0.27709574	-0.059490472	0.081554815	-0.75161815	0.17774802	-0.09586162	0.07501458	-0.051307134	0.23592636	-0.1946641	0.06269147	-0.053719815	0.037263393	-0.31260982	0.09399666	-0.056054216	0.04994319	-0.061382823	0.06270974	-0.051874667	0.057354484	-0.050806995	0.052156277	-0.0343679	0.03926044	-0.03359257	0.031319253	-0.027186153	0.032591026	-0.040992662	0.035147317	-0.029170763	0.035593715
-0.4187136	1.0000002	-0.76421803	0.08976887	-0.11848161	0.25092763	-0.33236402	0.12756482	-0.10659498	0.04780173	-0.12136389	0.24101272	-0.064430155	0.053462647	-0.03527268	0.14767933	-0.080815636	0.05111682	-0.04703868	0.056314215	-0.04626421	0.03915932	-0.05057266	0.045535963	-0.046493776	0.026039168	-0.030620478	0.02783813	-0.027291296	0.02380801	-0.025297945	0.03149425	-0.02926146	0.025067879	-0.030970091
0.27709574	-0.76421803	1.0000002	-0.124948494	0.13954286	-0.33251223	0.24270077	-0.17978989	0.12916228	-0.06511024	0.1550011	-0.30134004	0.08190538	-0.0705012	0.047281627	-0.21407089	0.105497405	-0.06745903	0.06210731	-0.07657545	0.062188085	-0.052838136	0.06666477	-0.060898278	0.061747693	-0.035288196	0.04123874	-0.037348587	0.036386956	-0.031759992	0.03413528	-0.04279587	0.03912982	-0.03355659	0.041277695
-0.059490472	0.08976887	-0.124948494	1.0000001	-0.7967437	0.0652183	-0.07227967	0.3008932	-0.50322974	0.036397897	-0.03561126	0.082041524	-0.042330913	0.039162006	-0.027305217	0.046794385	-0.04422825	0.031205947	-0.032298405	0.037413698	-0.02387091	0.020726074	-0.030749824	0.028739417	-0.029612787	0.013918777	-0.016757652	0.016219627	-0.016902978	0.01482647	-0.013779919	0.017091746	-0.017123837	0.015276448	-0.019168561
0.081554815	-0.11848161	0.13954286	-0.7967437	0.9999999	-0.09284203	0.102676645	-0.4678704	0.30761757	-0.052883327	0.051164333	-0.12175704	0.05785949	-0.052608497	0.03827663	-0.067822576	0.06343097	-0.044247765	0.04471511	-0.054081157	0.034264598	-0.029762583	0.043554045	-0.041029107	0.042156562	-0.02004784	0.024088208	-0.023259416	0.02414157	-0.02118131	0.019839643	-0.024666617	0.024519349	-0.02187658	0.027384946
-0.75161815	0.25092763	-0.33251223	0.0652183	-0.09284203	0.99999964	-0.18692854	0.09661211	-0.08201041	0.048737608	-0.39868662	0.16930987	-0.061186984	0.051402144	-0.03582522	0.26942423	-0.09617092	0.054653294	-0.04870921	0.058405247	-0.062032815	0.050155815	-0.056946054	0.049401276	-0.051711127	0.03321211	-0.03840955	0.032857243	-0.030952038	0.02682244	-0.0318796	0.039384227	-0.03468532	0.0286487	-0.035266384
0.17774802	-0.33236402	0.24270077	-0.07227967	0.102676645	-0.18692854	0.99999946	-0.16092934	0.11209167	-0.059116717	0.10963028	-0.86438	0.09799259	-0.07946524	0.044170287	-0.12044784	0.08849691	-0.067157574	0.05963966	-0.06974577	0.046749644	-0.04128158	0.059405897	-0.055027373	0.052422486	-0.027136339	0.032281954	-0.030884411	0.030483637	-0.026755625	0.026427712	-0.03324667	0.032041065	-0.02801171	0.03423804
-0.09586162	0.12756482	-0.17978989	0.3008932	-0.4678704	0.09661211	-0.16092934	0.9999996	-0.77884376	0.05746197	-0.0557922	0.1451393	-0.0791638	0.068999864	-0.04401688	0.06992799	-0.076500095	0.05487357	-0.056261834	0.06304621	-0.040368065	0.03515421	-0.053569205	0.049483303	-0.0509561	0.023516394	-0.028464405	0.02774327	-0.029013196	0.025445126	-0.023354474	0.0288583	-0.029328508	0.026158167	-0.032886844
0.07501458	-0.10659498	0.12916228	-0.50322974	0.30761757	-0.08201041	0.11209167	-0.77884376	0.9999994	-0.049673893	0.046461653	-0.1257768	0.06539887	-0.063730255	0.03763013	-0.059966743	0.061528184	-0.045971934	0.048042852	-0.054334313	0.03297848	-0.028899806	0.04408002	-0.041557495	0.041821867	-0.019357322	0.023371609	-0.022902636	0.023841655	-0.020943293	0.01917156	-0.023840733	0.024091389	-0.02156456	0.026948282
-0.051307134	0.04780173	-0.06511024	0.036397897	-0.052883327	0.048737608	-0.059116717	0.05746197	-0.049673893	0.999999	-0.038790986	0.066498265	-0.25362855	0.22291532	-0.80188996	0.047628	-0.22695594	0.1757214	-0.2552383	0.29142505	-0.117914006	0.10390328	-0.19307846	0.18453877	-0.23008965	0.06958138	-0.08757034	0.09406248	-0.12012098	0.105897404	-0.07075377	0.08506205	-0.10308006	0.101800874	-0.13806476
0.23592636	-0.12136389	0.1550011	-0.03561126	0.051164333	-0.39868662	0.10963028	-0.0557922	0.046461653	-0.038790986	0.9999989	-0.12777841	0.046700522	-0.040099137	0.028204698	-0.8583701	0.07982958	-0.046488974	0.038745407	-0.047287405	0.0740092	-0.058973055	0.04883144	-0.041067164	0.04121057	-0.03707201	0.039952356	-0.030504758	0.02544329	-0.021869412	0.03287847	-0.042153906	0.031278826	-0.024212481	0.028721105
-0.1946641	0.24101272	-0.30134004	0.082041524	-0.12175704	0.16930987	-0.86438	0.1451393	-0.1257768	0.066498265	-0.12777841	0.9999988	-0.1293446	0.09051641	-0.050688766	0.12479999	-0.10908971	0.0784316	-0.07002242	0.07880241	-0.054440655	0.04800594	-0.07058583	0.063520245	-0.0614095	0.031358097	-0.037542604	0.035927515	-0.035604708	0.031205561	-0.03067086	0.03829768	-0.0374383	0.032583456	-0.04003421
0.06269147	-0.064430155	0.08190538	-0.042330913	0.05785949	-0.061186984	0.09799259	-0.0791638	0.06539887	-0.25362855	0.046700522	-0.1293446	0.9999988	-0.7019831	0.20066307	-0.057149753	0.2185004	-0.43446872	0.29170558	-0.30342832	0.119793825	-0.11688397	0.24357305	-0.23617196	0.185112	-0.073830985	0.091648996	-0.10326769	0.10397235	-0.092755936	0.0720842	-0.09199805	0.103477076	-0.09474808	0.1128943
-0.053719815	0.053462647	-0.0705012	0.039162006	-0.052608497	0.051402144	-0.07946524	0.068999864	-0.063730255	0.22291532	-0.040099137	0.09051641	-0.7019831	0.99999875	-0.26272324	0.04880301	-0.2090001	0.25658965	-0.49610102	0.2746386	-0.11361204	0.10592477	-0.23264377	0.21957755	-0.19519082	0.06756091	-0.085058086	0.094201945	-0.10437515	0.09238107	-0.06677093	0.082817376	-0.09876358	0.0911567	-0.114007555
0.037263393	-0.03527268	0.047281627	-0.027305217	0.03827663	-0.03582522	0.044170287	-0.04401688	0.03763013	-0.80188996	0.028204698	-0.050688766	0.20066307	-0.26272324	0.9999985	-0.034809157	0.15793931	-0.14348353	0.22351877	-0.44705626	0.08392873	-0.07558721	0.14385322	-0.15235944	0.16446653	-0.050290808	0.06305715	-0.069053836	0.08579591	-0.07638068	0.050669406	-0.06200207	0.07401271	-0.07375544	0.09672167
-0.31260982	0.14767933	-0.21407089	0.046794385	-0.067822576	0.26942423	-0.12044784	0.06992799	-0.059966743	0.047628	-0.8583701	0.12479999	-0.057149753	0.04880301	-0.034809157	0.99999845	-0.10625345	0.058015347	-0.048273474	0.058176614	-0.10177798	0.07336566	-0.06233144	0.051257327	-0.052312966	0.046512675	-0.05087796	0.038464807	-0.03228786	0.027710114	-0.041965317	0.052157935	-0.039869174	0.030576337	-0.036543455
0.09399666	-0.080815636	0.105497405	-0.04422825	0.06343097	-0.09617092	0.08849691	-0.076500095	0.061528184	-0.22695594	0.07982958	-0.10908971	0.2185004	-0.2090001	0.15793931	-0.10625345	0.999999	-0.38500053	0.21656878	-0.287304	0.23134816	-0.28647327	0.27398032	-0.24151021	0.22199605	-0.1491335	0.17641263	-0.16031237	0.13686904	-0.11958877	0.1400964	-0.1888005	0.15724923	-0.13252282	0.15305758
-0.056054216	0.05111682	-0.06745903	0.031205947	-0.044247765	0.054653294	-0.067157574	0.05487357	-0.045971934	0.1757214	-0.046488974	0.0784316	-0.43446872	0.25658965	-0.14348353	0.058015347	-0.38500053	0.9999989	-0.31799597	0.23903704	-0.18218698	0.18256041	-0.6414306	0.254994	-0.2153502	0.10355175	-0.13397323	0.15050371	-0.123893104	0.10702431	-0.09885449	0.12382924	-0.15269975	0.11235753	-0.13301107
0.04994319	-0.04703868	0.06210731	-0.032298405	0.04471511	-0.04870921	0.05963966	-0.056261834	0.048042852	-0.2552383	0.038745407	-0.07002242	0.29170558	-0.49610102	0.22351877	-0.048273474	0.21656878	-0.31799597	0.9999989	-0.55600184	0.12162749	-0.116037786	0.24718569	-0.4360787	0.24997856	-0.07462317	0.09340422	-0.10762453	0.13107851	-0.118899144	0.073404185	-0.09278204	0.11001115	-0.11396105	0.13797063
-0.061382823	0.056314215	-0.07657545	0.037413698	-0.054081157	0.058405247	-0.06974577	0.06304621	-0.054334313	0.29142505	-0.047287405	0.07880241	-0.30342832	0.2746386	-0.44705626	0.058176614	-0.287304	0.23903704	-0.55600184	0.999999	-0.15138005	0.13475323	-0.2613533	0.27532545	-0.3427042	0.08970559	-0.113167524	0.124181055	-0.16772352	0.14958578	-0.090610646	0.10981923	-0.13517766	0.13953973	-0.18909852
0.06270974	-0.04626421	0.062188085	-0.02387091	0.034264598	-0.062032815	0.046749644	-0.040368065	0.03297848	-0.117914006	0.0740092	-0.054440655	0.119793825	-0.11361204	0.08392873	-0.10177798	0.23134816	-0.18218698	0.12162749	-0.15138005	0.999999	-0.74872625	0.20980561	-0.1535643	0.13234603	-0.35472733	0.28434157	-0.15920156	0.09068764	-0.07617915	0.21612288	-0.29062527	0.14752756	-0.09172937	0.09816111
-0.051874667	0.03915932	-0.052838136	0.020726074	-0.029762583	0.050155815	-0.04128158	0.03515421	-0.028899806	0.10390328	-0.058973055	0.04800594	-0.11688397	0.10592477	-0.07558721	0.07336566	-0.28647327	0.18256041	-0.116037786	0.13475323	-0.74872625	0.99999917	-0.28370434	0.14506686	-0.12618701	0.24104916	-0.40541133	0.15688309	-0.08636407	0.071579486	-0.19813575	0.2310056	-0.15167843	0.08562355	-0.09256362
0.057354484	-0.05057266	0.06666477	-0.030749824	0.043554045	-0.056946054	0.059405897	-0.053569205	0.04408002	-0.19307846	0.04883144	-0.07058583	0.24357305	-0.23264377	0.14385322	-0.06233144	0.27398032	-0.6414306	0.24718569	-0.2613533	0.20980561	-0.28370434	0.99999905	-0.40843543	0.23370783	-0.13059796	0.1664134	-0.23782988	0.1419076	-0.1238098	0.11855343	-0.15765277	0.18697457	-0.13552672	0.14713801
-0.050806995	0.045535963	-0.060898278	0.028739417	-0.041029107	0.049401276	-0.055027373	0.049483303	-0.041557495	0.18453877	-0.041067164	0.063520245	-0.23617196	0.21957755	-0.15235944	0.051257327	-0.24151021	0.254994	-0.4360787	0.27532545	-0.1535643	0.14506686	-0.40843543	0.9999993	-0.5955779	0.09289694	-0.11891611	0.14554757	-0.25190657	0.2156037	-0.090968385	0.11479533	-0.15148391	0.18400836	-0.23359995
0.052156277	-0.046493776	0.061747693	-0.029612787	0.042156562	-0.051711127	0.052422486	-0.0509561	0.041821867	-0.23008965	0.04121057	-0.0614095	0.185112	-0.19519082	0.16446653	-0.052312966	0.22199605	-0.2153502	0.24997856	-0.3427042	0.13234603	-0.12618701	0.23370783	-0.5955779	0.9999995	-0.08892494	0.11002329	-0.14382339	0.2559345	-0.4295943	0.08748253	-0.11617733	0.14301242	-0.24217372	0.25913915
-0.0343679	0.026039168	-0.035288196	0.013918777	-0.02004784	0.03321211	-0.027136339	0.023516394	-0.019357322	0.06958138	-0.03707201	0.031358097	-0.073830985	0.06756091	-0.050290808	0.046512675	-0.1491335	0.10355175	-0.07462317	0.08970559	-0.35472733	0.24104916	-0.13059796	0.09289694	-0.08892494	0.99999976	-0.54708797	0.15836956	-0.07063009	0.055764664	-0.65499824	0.3270023	-0.16296117	0.073093	-0.07554402
0.03926044	-0.030620478	0.04123874	-0.016757652	0.024088208	-0.03840955	0.032281954	-0.028464405	0.023371609	-0.08757034	0.039952356	-0.037542604	0.091648996	-0.085058086	0.06305715	-0.05087796	0.17641263	-0.13397323	0.09340422	-0.113167524	0.28434157	-0.40541133	0.1664134	-0.11891611	0.11002329	-0.54708797	0.99999976	-0.2915703	0.090020396	-0.07082685	0.30582088	-0.5465497	0.21430156	-0.095386885	0.09447103
-0.03359257	0.02783813	-0.037348587	0.016219627	-0.023259416	0.032857243	-0.030884411	0.02774327	-0.022902636	0.09406248	-0.030504758	0.035927515	-0.10326769	0.094201945	-0.069053836	0.038464807	-0.16031237	0.15050371	-0.10762453	0.124181055	-0.15920156	0.15688309	-0.23782988	0.14554757	-0.14382339	0.15836956	-0.2915703	0.9999996	-0.17522202	0.116274424	-0.14956291	0.20360942	-0.8385498	0.18256857	-0.16372392
0.031319253	-0.027291296	0.036386956	-0.016902978	0.02414157	-0.030952038	0.030483637	-0.029013196	0.023841655	-0.12012098	0.02544329	-0.035604708	0.10397235	-0.10437515	0.08579591	-0.03228786	0.13686904	-0.123893104	0.13107851	-0.16772352	0.09068764	-0.08636407	0.1419076	-0.25190657	0.2559345	-0.07063009	0.090020396	-0.17522202	0.99999934	-0.59896374	0.06816912	-0.095673166	0.16732761	-0.6208901	0.33180392
-0.027186153	0.02380801	-0.031759992	0.01482647	-0.02118131	0.02682244	-0.026755625	0.025445126	-0.020943293	0.105897404	-0.021869412	0.031205561	-0.092755936	0.09238107	-0.07638068	0.027710114	-0.11958877	0.10702431	-0.118899144	0.14958578	-0.07617915	0.071579486	-0.1238098	0.2156037	-0.4295943	0.055764664	-0.07082685	0.116274424	-0.59896374	0.9999995	-0.054662228	0.07443442	-0.12130015	0.31231645	-0.57872814
0.032591026	-0.025297945	0.03413528	-0.013779919	0.019839643	-0.0318796	0.026427712	-0.023354474	0.01917156	-0.07075377	0.03287847	-0.03067086	0.0720842	-0.06677093	0.050669406	-0.041965317	0.1400964	-0.09885449	0.073404185	-0.090610646	0.21612288	-0.19813575	0.11855343	-0.090968385	0.08748253	-0.65499824	0.30582088	-0.14956291	0.06816912	-0.054662228	0.99999934	-0.63967884	0.14566973	-0.07180559	0.07347968
-0.040992662	0.03149425	-0.04279587	0.017091746	-0.024666617	0.039384227	-0.03324667	0.0288583	-0.023840733	0.08506205	-0.042153906	0.03829768	-0.09199805	0.082817376	-0.06200207	0.052157935	-0.1888005	0.12382924	-0.09278204	0.10981923	-0.29062527	0.2310056	-0.15765277	0.11479533	-0.11617733	0.3270023	-0.5465497	0.20360942	-0.095673166	0.07443442	-0.63967884	0.9999991	-0.24658668	0.0996106	-0.10350013
0.035147317	-0.02926146	0.03912982	-0.017123837	0.024519349	-0.03468532	0.032041065	-0.029328508	0.024091389	-0.10308006	0.031278826	-0.0374383	0.103477076	-0.09876358	0.07401271	-0.039869174	0.15724923	-0.15269975	0.11001115	-0.13517766	0.14752756	-0.15167843	0.18697457	-0.15148391	0.14301242	-0.16296117	0.21430156	-0.8385498	0.16732761	-0.12130015	0.14566973	-0.24658668	0.9999987	-0.25348726	0.16506141
-0.029170763	0.025067879	-0.03355659	0.015276448	-0.02187658	0.0286487	-0.02801171	0.026158167	-0.02156456	0.101800874	-0.024212481	0.032583456	-0.09474808	0.0911567	-0.07375544	0.030576337	-0.13252282	0.11235753	-0.11396105	0.13953973	-0.09172937	0.08562355	-0.13552672	0.18400836	-0.24217372	0.073093	-0.095386885	0.18256857	-0.6208901	0.31231645	-0.07180559	0.0996106	-0.25348726	0.9999987	-0.6222205
0.035593715	-0.030970091	0.041277695	-0.019168561	0.027384946	-0.035266384	0.03423804	-0.032886844	0.026948282	-0.13806476	0.028721105	-0.04003421	0.1128943	-0.114007555	0.09672167	-0.036543455	0.15305758	-0.13301107	0.13797063	-0.18909852	0.09816111	-0.09256362	0.14713801	-0.23359995	0.25913915	-0.07554402	0.09447103	-0.16372392	0.33180392	-0.57872814	0.07347968	-0.10350013	0.16506141	-0.6222205	0.9999987
