1.0000001	-0.8613466	0.19896382	-0.100088365	0.090933494	-0.27325922	0.21479616	-0.18493384	0.13389099	-0.10438635	0.16687378	-0.18401724	0.17132683	-0.1371076	0.14222544	-0.16762653	0.13592236	-0.15897956	0.11350145	-0.15907024	0.09112004	-0.0910177	0.08266617	-0.06759256	0.09411671	-0.05955707	0.06911924	-0.061047643	0.07737904	-0.063838534	0.05689303	-0.076625004	0.07837033	-0.060118053	0.0901198
-0.8613466	0.9999999	-0.25945082	0.1098309	-0.102867365	0.21241677	-0.26251486	0.19094086	-0.14814866	0.109869346	-0.16126041	0.17332502	-0.18206342	0.13621694	-0.15126163	0.14730243	-0.13053712	0.1443861	-0.1079882	0.14348738	-0.088552676	0.08591849	-0.08006751	0.06469148	-0.09180152	0.056624394	-0.06680907	0.05854815	-0.075404055	0.061743524	-0.05488849	0.07220704	-0.07585828	0.058181558	-0.08809708
0.19896382	-0.25945082	1.0	-0.35571298	0.21500884	-0.2506716	0.2623051	-0.66442966	0.26281968	-0.22990882	0.17791535	-0.23140964	0.25097784	-0.2240144	0.21398032	-0.19736004	0.16342826	-0.22009397	0.15843719	-0.2274149	0.10536462	-0.10718445	0.0965763	-0.08006814	0.10697891	-0.068339415	0.07867289	-0.06984875	0.086752884	-0.07292987	0.064798534	-0.08748846	0.08800933	-0.06776248	0.09975773
-0.100088365	0.1098309	-0.35571298	0.99999994	-0.7307884	0.11354663	-0.12497934	0.20652437	-0.44255975	0.30151007	-0.09035836	0.11348015	-0.1580408	0.17497982	-0.2137787	0.1017566	-0.08899881	0.12802154	-0.104455665	0.14496826	-0.059106514	0.059292294	-0.056898486	0.047070228	-0.06371937	0.03863624	-0.045193035	0.04016877	-0.05104654	0.043047357	-0.03688394	0.049891878	-0.050921254	0.039651483	-0.058778044
0.090933494	-0.102867365	0.21500884	-0.7307884	0.99999994	-0.10698993	0.11082748	-0.18132868	0.2960032	-0.5328385	0.08433773	-0.10654255	0.14271557	-0.17267749	0.20505531	-0.09902415	0.08532155	-0.12804686	0.10267863	-0.15083021	0.056961954	-0.057559494	0.055607256	-0.046257902	0.062393587	-0.03768148	0.04398664	-0.03923648	0.049866043	-0.042257305	0.035844225	-0.048979558	0.049673382	-0.038806256	0.05738745
-0.27325922	0.21241677	-0.2506716	0.11354663	-0.10698993	1.0000002	-0.54075456	0.23356712	-0.16394138	0.11750037	-0.61410856	0.31202775	-0.2429594	0.1601464	-0.16635819	0.24578254	-0.2217966	0.17734101	-0.13053033	0.15756753	-0.12478365	0.118208274	-0.088801414	0.07149572	-0.09431367	0.06893943	-0.07798604	0.066712216	-0.07812045	0.06425844	-0.06688279	0.080623	-0.08311556	0.06098855	-0.08882853
0.21479616	-0.26251486	0.2623051	-0.12497934	0.11082748	-0.54075456	1.0000002	-0.45178285	0.17234616	-0.12777218	0.29112005	-0.5066173	0.24929635	-0.17691565	0.16536774	-0.24013865	0.20430441	-0.19212675	0.13413058	-0.17127518	0.11218682	-0.11448854	0.08571907	-0.07012585	0.090911716	-0.06525274	0.07352862	-0.06390076	0.07478518	-0.062229317	0.06208338	-0.07798962	0.07872918	-0.058602177	0.08498137
-0.18493384	0.19094086	-0.66442966	0.20652437	-0.18132868	0.23356712	-0.45178285	1.0000002	-0.30949154	0.18892251	-0.18616647	0.23596285	-0.3365387	0.21014854	-0.20614493	0.17321178	-0.1571075	0.18781447	-0.14148119	0.18338814	-0.096732125	0.09602418	-0.084322296	0.06899352	-0.09224598	0.05972691	-0.06911973	0.06066134	-0.074865244	0.062507614	-0.05726393	0.07457361	-0.07632292	0.05823722	-0.08585709
0.13389099	-0.14814866	0.26281968	-0.44255975	0.2960032	-0.16394138	0.17234616	-0.30949154	1.0000001	-0.5974968	0.13078393	-0.16815954	0.23418406	-0.36329138	0.29248166	-0.15401174	0.13373011	-0.20614208	0.16931593	-0.24070948	0.088352986	-0.08951435	0.086408794	-0.072071694	0.0963601	-0.05822892	0.06792128	-0.06062485	0.076810054	-0.06528719	0.05534407	-0.075529255	0.07649841	-0.059805375	0.088206366
-0.10438635	0.109869346	-0.22990882	0.30151007	-0.5328385	0.11750037	-0.12777218	0.18892251	-0.5974968	1.0000004	-0.09782009	0.12266282	-0.18777657	0.23899771	-0.43332142	0.11304198	-0.100853816	0.15276003	-0.13268378	0.18531421	-0.06753714	0.06764075	-0.0667973	0.055373408	-0.075104415	0.044370662	-0.05220364	0.046498872	-0.059611384	0.050533533	-0.042401914	0.057558652	-0.058944184	0.046221882	-0.06856872
0.16687378	-0.16126041	0.17791535	-0.09035836	0.08433773	-0.61410856	0.29112005	-0.18616647	0.13078393	-0.09782009	1.0	-0.5231543	0.21994328	-0.15085521	0.14354578	-0.43690085	0.25389957	-0.18666574	0.12654695	-0.15203579	0.12738189	-0.12802497	0.08364989	-0.06792624	0.08556435	-0.06798731	0.07479057	-0.06395612	0.07116621	-0.0589289	0.06456623	-0.076899245	0.077331625	-0.056034088	0.07997516
-0.18401724	0.17332502	-0.23140964	0.11348015	-0.10654255	0.31202775	-0.5066173	0.23596285	-0.16815954	0.12266282	-0.5231543	0.9999995	-0.3942402	0.19524536	-0.1837994	0.2847123	-0.36714	0.21887045	-0.15519437	0.1782238	-0.14674254	0.14531587	-0.09783043	0.07876056	-0.099889405	0.07685612	-0.08640994	0.07333736	-0.08266039	0.068410486	-0.073864564	0.08750955	-0.08907742	0.0648236	-0.09296675
0.17132683	-0.18206342	0.25097784	-0.1580408	0.14271557	-0.2429594	0.24929635	-0.3365387	0.23418406	-0.18777657	0.21994328	-0.3942402	0.9999991	-0.5338244	0.28243387	-0.25263634	0.22693384	-0.3964208	0.25080505	-0.3137636	0.13335155	-0.13836883	0.12273706	-0.10239326	0.12869303	-0.08323734	0.09557045	-0.084931545	0.10293187	-0.08778617	0.07866788	-0.10409579	0.10448644	-0.0805287	0.116641544
-0.1371076	0.13621694	-0.2240144	0.17497982	-0.17267749	0.1601464	-0.17691565	0.21014854	-0.36329138	0.23899771	-0.15085521	0.19524536	-0.5338244	0.99999934	-0.5750202	0.16839947	-0.16320196	0.2618989	-0.3295942	0.2826879	-0.10343609	0.102855556	-0.1029482	0.085116066	-0.11161814	0.06551553	-0.0774918	0.0687813	-0.0875073	0.074466445	-0.06286885	0.08348115	-0.08619774	0.06760752	-0.09971991
0.14222544	-0.15126163	0.21398032	-0.2137787	0.20505531	-0.16635819	0.16536774	-0.20614493	0.29248166	-0.43332142	0.14354578	-0.1837994	0.28243387	-0.5750202	0.99999917	-0.18289022	0.16242255	-0.28352082	0.25047976	-0.42217502	0.10860114	-0.11046171	0.11196815	-0.0944425	0.12605494	-0.07263325	0.085312426	-0.07665867	0.09829696	-0.085109316	0.068935014	-0.09524935	0.09641174	-0.07650668	0.11243963
-0.16762653	0.14730243	-0.19736004	0.1017566	-0.09902415	0.24578254	-0.24013865	0.17321178	-0.15401174	0.11304198	-0.43690085	0.2847123	-0.25263634	0.16839947	-0.18289022	0.9999992	-0.6673531	0.24350652	-0.17684415	0.1808926	-0.2587197	0.22391468	-0.1263308	0.09946786	-0.122878246	0.112549916	-0.12169585	0.09959066	-0.10426179	0.08488495	-0.10946409	0.11647285	-0.119137704	0.08227624	-0.11545783
0.13592236	-0.13053712	0.16342826	-0.08899881	0.08532155	-0.2217966	0.20430441	-0.1571075	0.13373011	-0.100853816	0.25389957	-0.36714	0.22693384	-0.16320196	0.16242255	-0.6673531	0.9999995	-0.3732145	0.18445608	-0.19302267	0.22990765	-0.33843023	0.12401053	-0.100103855	0.11277361	-0.10889322	0.11797073	-0.098840855	0.09548537	-0.07917066	0.100039445	-0.11208045	0.109554976	-0.07622316	0.10415039
-0.15897956	0.1443861	-0.22009397	0.12802154	-0.12804686	0.17734101	-0.19212675	0.18781447	-0.20614208	0.15276003	-0.18666574	0.21887045	-0.3964208	0.2618989	-0.28352082	0.24350652	-0.3732145	0.9999998	-0.5929908	0.31020603	-0.1680184	0.16537021	-0.18738812	0.13851291	-0.16307533	0.09607686	-0.11672973	0.10252493	-0.12644581	0.1070538	-0.093110874	0.117279045	-0.12380225	0.09665444	-0.1408252
0.11350145	-0.1079882	0.15843719	-0.104455665	0.10267863	-0.13053033	0.13413058	-0.14148119	0.16931593	-0.13268378	0.12654695	-0.15519437	0.25080505	-0.3295942	0.25047976	-0.17684415	0.18445608	-0.5929908	0.9999994	-0.63862586	0.10888667	-0.11203345	0.12594001	-0.11234012	0.12681285	-0.067947306	0.08180809	-0.07385372	0.09369805	-0.08361199	0.06490935	-0.086180896	0.089267366	-0.07215804	0.10399654
-0.15907024	0.14348738	-0.2274149	0.14496826	-0.15083021	0.15756753	-0.17127518	0.18338814	-0.24070948	0.18531421	-0.15203579	0.1782238	-0.3137636	0.2826879	-0.42217502	0.1808926	-0.19302267	0.31020603	-0.63862586	0.99999934	-0.13444275	0.1292455	-0.15727507	0.12947144	-0.19846712	0.08768503	-0.10923012	0.097702846	-0.13676675	0.1204552	-0.085473664	0.11511341	-0.124166526	0.102976434	-0.15576395
0.09112004	-0.088552676	0.10536462	-0.059106514	0.056961954	-0.12478365	0.11218682	-0.096732125	0.088352986	-0.06753714	0.12738189	-0.14674254	0.13335155	-0.10343609	0.10860114	-0.2587197	0.22990765	-0.1680184	0.10888667	-0.13444275	0.99999946	-0.7812719	0.15367953	-0.13073969	0.12453844	-0.33204865	0.19791465	-0.16802926	0.117821686	-0.09566516	0.20766152	-0.20316534	0.16366558	-0.10004882	0.12183335
-0.0910177	0.08591849	-0.10718445	0.059292294	-0.057559494	0.118208274	-0.11448854	0.09602418	-0.08951435	0.06764075	-0.12802497	0.14531587	-0.13836883	0.102855556	-0.11046171	0.22391468	-0.33843023	0.16537021	-0.11203345	0.1292455	-0.7812719	0.9999996	-0.19178928	0.13668431	-0.13207583	0.2101434	-0.25458223	0.1713695	-0.12361959	0.09834025	-0.1975275	0.17592879	-0.1703801	0.101848744	-0.12584758
0.08266617	-0.08006751	0.0965763	-0.056898486	0.055607256	-0.088801414	0.08571907	-0.084322296	0.086408794	-0.0667973	0.08364989	-0.09783043	0.12273706	-0.1029482	0.11196815	-0.1263308	0.12401053	-0.18738812	0.12594001	-0.15727507	0.15367953	-0.19178928	0.9999996	-0.80445874	0.25752303	-0.118228495	0.17032136	-0.21153344	0.19162337	-0.19965492	0.106799446	-0.1688612	0.16748933	-0.1544842	0.17554879
-0.06759256	0.06469148	-0.08006814	0.047070228	-0.046257902	0.07149572	-0.07012585	0.06899352	-0.072071694	0.055373408	-0.06792624	0.07876056	-0.10239326	0.085116066	-0.0944425	0.09946786	-0.100103855	0.13851291	-0.11234012	0.12947144	-0.13073969	0.13668431	-0.80445874	0.9999993	-0.40512618	0.096475974	-0.14815487	0.15485358	-0.22772862	0.20683199	-0.090647265	0.13963334	-0.15135519	0.15056932	-0.18285307
0.09411671	-0.09180152	0.10697891	-0.06371937	0.062393587	-0.09431367	0.090911716	-0.09224598	0.0963601	-0.075104415	0.08556435	-0.099889405	0.12869303	-0.11161814	0.12605494	-0.122878246	0.11277361	-0.16307533	0.12681285	-0.19846712	0.12453844	-0.13207583	0.25752303	-0.40512618	0.9999988	-0.11616355	0.14682616	-0.15767801	0.27443528	-0.6283729	0.10588286	-0.18951724	0.18134274	-0.22579388	0.27020198
-0.05955707	0.056624394	-0.068339415	0.03863624	-0.03768148	0.06893943	-0.06525274	0.05972691	-0.05822892	0.044370662	-0.06798731	0.07685612	-0.08323734	0.06551553	-0.07263325	0.112549916	-0.10889322	0.09607686	-0.067947306	0.08768503	-0.33204865	0.2101434	-0.118228495	0.096475974	-0.11616355	0.99999857	-0.26963443	0.1802903	-0.1278204	0.09324665	-0.7952411	0.2667898	-0.23784892	0.11185249	-0.13233978
0.06911924	-0.06680907	0.07867289	-0.045193035	0.04398664	-0.07798604	0.07352862	-0.06911973	0.06792128	-0.05220364	0.07479057	-0.08640994	0.09557045	-0.0774918	0.085312426	-0.12169585	0.11797073	-0.11672973	0.08180809	-0.10923012	0.19791465	-0.25458223	0.17032136	-0.14815487	0.14682616	-0.26963443	0.99999887	-0.7654142	0.17727743	-0.13126895	0.19977355	-0.34618548	0.27969784	-0.15947449	0.15990092
-0.061047643	0.05854815	-0.06984875	0.04016877	-0.03923648	0.066712216	-0.06390076	0.06066134	-0.06062485	0.046498872	-0.06395612	0.07333736	-0.084931545	0.0687813	-0.07665867	0.09959066	-0.098840855	0.10252493	-0.07385372	0.097702846	-0.16802926	0.1713695	-0.21153344	0.15485358	-0.15767801	0.1802903	-0.7654142	0.99999875	-0.23009884	0.14111006	-0.17168555	0.26347476	-0.4316363	0.17886402	-0.17509024
0.07737904	-0.075404055	0.086752884	-0.05104654	0.049866043	-0.07812045	0.07478518	-0.074865244	0.076810054	-0.059611384	0.07116621	-0.08266039	0.10293187	-0.0875073	0.09829696	-0.10426179	0.09548537	-0.12644581	0.09369805	-0.13676675	0.117821686	-0.12361959	0.19162337	-0.22772862	0.27443528	-0.1278204	0.17727743	-0.23009884	0.99999905	-0.5006923	0.11563681	-0.23137704	0.24129389	-0.6085255	0.32697913
-0.063838534	0.061743524	-0.07292987	0.043047357	-0.042257305	0.06425844	-0.062229317	0.062507614	-0.06528719	0.050533533	-0.0589289	0.068410486	-0.08778617	0.074466445	-0.085109316	0.08488495	-0.07917066	0.1070538	-0.08361199	0.1204552	-0.09566516	0.09834025	-0.19965492	0.20683199	-0.6283729	0.09324665	-0.13126895	0.14111006	-0.5006923	0.9999987	-0.08642805	0.15927899	-0.1753447	0.270294	-0.45694885
0.05689303	-0.05488849	0.064798534	-0.03688394	0.035844225	-0.06688279	0.06208338	-0.05726393	0.05534407	-0.042401914	0.06456623	-0.073864564	0.07866788	-0.06286885	0.068935014	-0.10946409	0.100039445	-0.093110874	0.06490935	-0.085473664	0.20766152	-0.1975275	0.106799446	-0.090647265	0.10588286	-0.7952411	0.19977355	-0.17168555	0.11563681	-0.08642805	0.9999985	-0.43862444	0.21594371	-0.105139576	0.12034238
-0.076625004	0.07220704	-0.08748846	0.049891878	-0.048979558	0.080623	-0.07798962	0.07457361	-0.075529255	0.057558652	-0.076899245	0.08750955	-0.10409579	0.08348115	-0.09524935	0.11647285	-0.11208045	0.117279045	-0.086180896	0.11511341	-0.20316534	0.17592879	-0.1688612	0.13963334	-0.18951724	0.2667898	-0.34618548	0.26347476	-0.23137704	0.15927899	-0.43862444	0.99999857	-0.6361831	0.21563974	-0.24743246
0.07837033	-0.07585828	0.08800933	-0.050921254	0.049673382	-0.08311556	0.07872918	-0.07632292	0.07649841	-0.058944184	0.077331625	-0.08907742	0.10448644	-0.08619774	0.09641174	-0.119137704	0.109554976	-0.12380225	0.089267366	-0.124166526	0.16366558	-0.1703801	0.16748933	-0.15135519	0.18134274	-0.23784892	0.27969784	-0.4316363	0.24129389	-0.1753447	0.21594371	-0.6361831	0.99999875	-0.3600137	0.24129306
-0.060118053	0.058181558	-0.06776248	0.039651483	-0.038806256	0.06098855	-0.058602177	0.05823722	-0.059805375	0.046221882	-0.056034088	0.0648236	-0.0805287	0.06760752	-0.07650668	0.08227624	-0.07622316	0.09665444	-0.07215804	0.102976434	-0.10004882	0.101848744	-0.1544842	0.15056932	-0.22579388	0.11185249	-0.15947449	0.17886402	-0.6085255	0.270294	-0.105139576	0.21563974	-0.3600137	0.9999987	-0.59865284
0.0901198	-0.08809708	0.09975773	-0.058778044	0.05738745	-0.08882853	0.08498137	-0.08585709	0.088206366	-0.06856872	0.07997516	-0.09296675	0.116641544	-0.09971991	0.11243963	-0.11545783	0.10415039	-0.1408252	0.10399654	-0.15576395	0.12183335	-0.12584758	0.17554879	-0.18285307	0.27020198	-0.13233978	0.15990092	-0.17509024	0.32697913	-0.45694885	0.12034238	-0.24743246	0.24129306	-0.59865284	0.9999987
