1.9155064411461353
1.4937496799975634
0.7047842163592577
1.6229019928723574
0.738944111391902
1.2013179697096348
1.0231244005262852
0.15524405241012573
0.1300235316157341
1.9261950943619013
0.22578942589461803
1.9837765786796808
0.9345166813582182
1.3668323308229446
0.9339652452617884
1.1270607728511095
1.6436504684388638
0.22070866078138351
0.24289238080382347
1.5850235391408205
1.2614959087222815
0.4928054828196764
1.8133160304278135
0.2529084272682667
0.8844838850200176
0.4686324317008257
1.9221350625157356
1.8407518528401852
0.8292902410030365
0.7028530389070511
1.9145410973578691
1.208186600357294
0.9103799033910036
0.3288928475230932
0.6644238531589508
0.7663583494722843
0.44110981188714504
0.6376711130142212
0.6044723931699991
1.5827240757644176
1.4028887897729874
1.3477364853024483
0.5469527579843998
0.609024940058589
0.5908466763794422
1.921052984893322
0.10793126001954079
0.43021070025861263
0.23633467592298985
0.12372966669499874
1.2400277182459831
0.28468266129493713
1.807186173275113
1.2140786349773407
1.5394933987408876
1.3149232994765043
0.5830383561551571
0.4291041996330023
