1.0	-0.71602935	0.04554567	-0.042092394	0.057761595	-0.5295657	0.29342857	-0.07311706	0.048810415	-0.04205052	0.2435331	-0.2665157	0.07002339	-0.057837207	0.06709344	-0.105922505	0.1108291	-0.07968156	0.046355646	-0.046165295	0.072724864	-0.09126082	0.07245735	-0.05927212	0.052021977	-0.047135178	0.047346063	-0.043533966	0.034697283	-0.020470202	0.056225188	-0.04195149	0.04036822	-0.037453227	0.023553086
-0.71602935	1.0	-0.05111459	0.04323324	-0.05868563	0.280401	-0.55381733	0.077285565	-0.051580768	0.04131885	-0.24780072	0.23869245	-0.06335164	0.051411416	-0.0602774	0.09069156	-0.10207633	0.06958423	-0.040903226	0.04018956	-0.06465613	0.0781315	-0.06424941	0.051405124	-0.045786627	0.04113797	-0.041409973	0.037893698	-0.030270569	0.01784518	-0.05015794	0.036198393	-0.035336006	0.032370597	-0.020590443
0.04554567	-0.05111459	0.9999996	-0.7221532	0.22475436	-0.054667022	0.06833963	-0.5891802	0.27803156	-0.19185638	0.044703513	-0.0522161	0.08423809	-0.081064574	0.095500275	-0.042949345	0.047488887	-0.054156706	0.050284103	-0.048161156	0.034581635	-0.043696344	0.051101476	-0.055865835	0.052300833	-0.02434896	0.030519973	-0.029813612	0.026659366	-0.016833209	0.030266602	-0.026791666	0.028259613	-0.028147321	0.019420618
-0.042092394	0.04323324	-0.7221532	0.99999964	-0.34892744	0.04951275	-0.058812596	0.3253814	-0.47494817	0.2362481	-0.042303514	0.0466534	-0.094361134	0.093929395	-0.11705768	0.04514313	-0.05039429	0.05844662	-0.058378186	0.054744594	-0.03737446	0.04677375	-0.05712529	0.06272003	-0.06049338	0.026526924	-0.033946346	0.03315184	-0.029999897	0.019072767	-0.03332462	0.029631352	-0.031639963	0.031473555	-0.022063158
0.057761595	-0.05868563	0.22475436	-0.34892744	0.99999946	-0.074515186	0.07927613	-0.41140768	0.31952128	-0.71879184	0.061302014	-0.06753025	0.12821648	-0.13128501	0.18236591	-0.070164524	0.075131506	-0.08735507	0.0860093	-0.08785924	0.05736503	-0.072226726	0.08555201	-0.09937222	0.09537969	-0.04170926	0.05256982	-0.051478773	0.04719026	-0.030300353	0.051872537	-0.0466163	0.049091205	-0.05027341	0.0349588
-0.5295657	0.280401	-0.054667022	0.04951275	-0.074515186	0.99999917	-0.401029	0.08628821	-0.06122241	0.051766746	-0.6263925	0.29479244	-0.087853156	0.0701138	-0.08420799	0.13163897	-0.14117149	0.095356494	-0.056808162	0.055751782	-0.09624488	0.107726	-0.090696886	0.07116248	-0.06465145	0.060257174	-0.05878242	0.053318247	-0.042771775	0.025204891	-0.07526544	0.05091314	-0.050150923	0.045442488	-0.02918613
0.29342857	-0.55381733	0.06833963	-0.058812596	0.07927613	-0.401029	0.99999917	-0.123777166	0.07216995	-0.05722327	0.28772172	-0.5857027	0.08849793	-0.07280529	0.08162809	-0.13666196	0.15432835	-0.10535863	0.057281323	-0.056233615	0.0914586	-0.11974224	0.091370896	-0.07278829	0.06290281	-0.05771684	0.058561336	-0.05396046	0.042335104	-0.024820713	0.06831046	-0.05164904	0.049587548	-0.04558275	0.028510612
-0.07311706	0.077285565	-0.5891802	0.3253814	-0.41140768	0.08628821	-0.123777166	0.9999991	-0.5310168	0.2667239	-0.07386085	0.084762804	-0.15339513	0.13313863	-0.1645573	0.07072406	-0.080224	0.09083138	-0.08413964	0.07896146	-0.05790213	0.07248417	-0.086864755	0.09166349	-0.08780674	0.040550143	-0.05130051	0.04993141	-0.044574507	0.028115196	-0.050875004	0.04465236	-0.04752248	0.04672426	-0.032531418
0.048810415	-0.051580768	0.27803156	-0.47494817	0.31952128	-0.06122241	0.07216995	-0.5310168	0.99999905	-0.56940913	0.05125781	-0.05859757	0.12247593	-0.14922482	0.14577848	-0.05670201	0.06288799	-0.07565193	0.07864302	-0.07217592	0.046386093	-0.05890281	0.07181556	-0.08268232	0.07603012	-0.032883443	0.042283684	-0.04168315	0.037725717	-0.023943728	0.040917996	-0.0371361	0.039484877	-0.039737675	0.027567903
-0.04205052	0.04131885	-0.19185638	0.2362481	-0.71879184	0.051766746	-0.05722327	0.2667239	-0.56940913	0.99999887	-0.044800717	0.048477713	-0.111711755	0.11868851	-0.18064594	0.05363116	-0.059129868	0.07034573	-0.073464036	0.07022177	-0.044770185	0.056126136	-0.069452465	0.07935548	-0.07674821	0.03222521	-0.041591335	0.040785104	-0.037372522	0.023951286	-0.040464	0.03648126	-0.038975857	0.039350305	-0.027682327
0.2435331	-0.24780072	0.044703513	-0.042303514	0.061302014	-0.6263925	0.28772172	-0.07386085	0.05125781	-0.044800717	0.999999	-0.6130579	0.0909163	-0.07313878	0.080847144	-0.18630373	0.1749788	-0.114127755	0.059385303	-0.058134485	0.11279864	-0.1350104	0.10008187	-0.07632461	0.06546301	-0.06811126	0.06456844	-0.058857255	0.04556221	-0.026458608	0.080680564	-0.056666464	0.05409288	-0.0489805	0.030404033
-0.2665157	0.23869245	-0.0522161	0.0466534	-0.06753025	0.29479244	-0.5857027	0.084762804	-0.05859757	0.048477713	-0.6130579	0.9999989	-0.100902215	0.0776398	-0.084554404	0.16633056	-0.26137182	0.12658378	-0.06281244	0.060244396	-0.11471432	0.14328781	-0.1098427	0.079414584	-0.06814957	0.0676592	-0.068315715	0.062041227	-0.04765065	0.027498223	-0.08167402	0.05881595	-0.056989376	0.050733734	-0.031635664
0.07002339	-0.06335164	0.08423809	-0.094361134	0.12821648	-0.087853156	0.08849793	-0.15339513	0.12247593	-0.111711755	0.0909163	-0.100902215	0.99999875	-0.60878	0.27580476	-0.18190607	0.20823768	-0.48111904	0.24556004	-0.223929	0.14106305	-0.19825327	0.25344098	-0.28659925	0.2058008	-0.09703527	0.13081841	-0.13873819	0.11591627	-0.070395015	0.11533158	-0.117182516	0.122760154	-0.12424354	0.07934821
-0.057837207	0.051411416	-0.081064574	0.093929395	-0.13128501	0.0701138	-0.07280529	0.13313863	-0.14922482	0.11868851	-0.07313878	0.0776398	-0.60878	0.9999988	-0.48210078	0.13121957	-0.16041903	0.23288877	-0.41712293	0.22712798	-0.113464944	0.1475583	-0.21764848	0.26020145	-0.22568156	0.07793333	-0.11200766	0.11407106	-0.104211636	0.06554184	-0.09755197	0.096285485	-0.10703928	0.10612057	-0.07500277
0.06709344	-0.0602774	0.095500275	-0.11705768	0.18236591	-0.08420799	0.08162809	-0.1645573	0.14577848	-0.18064594	0.080847144	-0.084554404	0.27580476	-0.48210078	0.9999985	-0.14217424	0.14827159	-0.19996879	0.2270567	-0.24510428	0.11755014	-0.15231831	0.18842249	-0.26477987	0.22962786	-0.08810075	0.115407035	-0.11657396	0.109891	-0.07153669	0.1078621	-0.10453313	0.10972201	-0.11891991	0.08150688
-0.105922505	0.09069156	-0.042949345	0.04514313	-0.070164524	0.13163897	-0.13666196	0.07072406	-0.05670201	0.05363116	-0.18630373	0.16633056	-0.18190607	0.13121957	-0.14217424	0.9999985	-0.5264973	0.22687455	-0.11543348	0.10743526	-0.6177944	0.3131516	-0.23877886	0.14592823	-0.12718348	0.22556743	-0.1531158	0.13007177	-0.09730842	0.05446378	-0.29408452	0.12590976	-0.12275012	0.1012397	-0.06314804
0.1108291	-0.10207633	0.047488887	-0.05039429	0.075131506	-0.14117149	0.15432835	-0.080224	0.06288799	-0.059129868	0.1749788	-0.26137182	0.20823768	-0.16041903	0.14827159	-0.5264973	0.99999833	-0.45329925	0.13157311	-0.122576974	0.27704754	-0.5060635	0.26961458	-0.1718899	0.13383426	-0.1519798	0.15910167	-0.14649567	0.10299668	-0.05757675	0.1707443	-0.13709708	0.12722817	-0.11036882	0.06547624
-0.07968156	0.06958423	-0.054156706	0.05844662	-0.08735507	0.095356494	-0.10535863	0.09083138	-0.07565193	0.07034573	-0.114127755	0.12658378	-0.48111904	0.23288877	-0.19996879	0.22687455	-0.45329925	0.9999985	-0.20517413	0.16110335	-0.1943282	0.2680516	-0.5583818	0.22725159	-0.17961852	0.116049185	-0.17340587	0.1826275	-0.130493	0.07162831	-0.1432959	0.14046092	-0.16123265	0.13038416	-0.08217418
0.046355646	-0.040903226	0.050284103	-0.058378186	0.0860093	-0.056808162	0.057281323	-0.08413964	0.07864302	-0.073464036	0.059385303	-0.06281244	0.24556004	-0.41712293	0.2270567	-0.11543348	0.13157311	-0.20517413	0.99999803	-0.5461263	0.09831379	-0.13521224	0.19941442	-0.5932478	0.30518118	-0.068463475	0.10488413	-0.11359222	0.11853588	-0.0768179	0.084173545	-0.09329548	0.1032998	-0.11964068	0.08463682
-0.046165295	0.04018956	-0.048161156	0.054744594	-0.08785924	0.055751782	-0.056233615	0.07896146	-0.07217592	0.07022177	-0.058134485	0.060244396	-0.223929	0.22712798	-0.24510428	0.10743526	-0.122576974	0.16110335	-0.5461263	0.9999981	-0.0949775	0.12337483	-0.17870378	0.30818376	-0.6914488	0.06760282	-0.10416344	0.10815654	-0.11994243	0.10168398	-0.08528855	0.091549665	-0.103058204	0.1193762	-0.11412977
0.072724864	-0.06465613	0.034581635	-0.03737446	0.05736503	-0.09624488	0.0914586	-0.05790213	0.046386093	-0.044770185	0.11279864	-0.11471432	0.14106305	-0.113464944	0.11755014	-0.6177944	0.27704754	-0.1943282	0.09831379	-0.0949775	0.999998	-0.51091594	0.20350736	-0.13391702	0.10713273	-0.40878695	0.14944488	-0.12515719	0.08791472	-0.048797127	0.27377173	-0.13029422	0.11184531	-0.09566486	0.055621557
-0.09126082	0.0781315	-0.043696344	0.04677375	-0.072226726	0.107726	-0.11974224	0.07248417	-0.05890281	0.056126136	-0.1350104	0.14328781	-0.19825327	0.1475583	-0.15231831	0.3131516	-0.5060635	0.2680516	-0.13521224	0.12337483	-0.51091594	0.99999833	-0.4172936	0.17885317	-0.14627478	0.19909513	-0.27272084	0.19165498	-0.12825146	0.068297416	-0.24402696	0.18161556	-0.1715507	0.13197276	-0.07849378
0.07245735	-0.06424941	0.051101476	-0.05712529	0.08555201	-0.090696886	0.091370896	-0.086864755	0.07181556	-0.069452465	0.10008187	-0.1098427	0.25344098	-0.21764848	0.18842249	-0.23877886	0.26961458	-0.5583818	0.19941442	-0.17870378	0.20350736	-0.4172936	0.99999875	-0.3483079	0.19411111	-0.13027565	0.22193451	-0.35938868	0.17316681	-0.09168314	0.1480623	-0.19756885	0.21178645	-0.18218645	0.10089337
-0.05927212	0.051405124	-0.055865835	0.06272003	-0.09937222	0.07116248	-0.07278829	0.09166349	-0.08268232	0.07935548	-0.07632461	0.079414584	-0.28659925	0.26020145	-0.26477987	0.14592823	-0.1718899	0.22725159	-0.5932478	0.30818376	-0.13391702	0.17885317	-0.3483079	0.9999989	-0.46932495	0.0917505	-0.15472358	0.16781352	-0.20338234	0.115330346	-0.115952164	0.13171284	-0.15620296	0.17203256	-0.13043861
0.052021977	-0.045786627	0.052300833	-0.06049338	0.09537969	-0.06465145	0.06290281	-0.08780674	0.07603012	-0.07674821	0.06546301	-0.06814957	0.2058008	-0.22568156	0.22962786	-0.12718348	0.13383426	-0.17961852	0.30518118	-0.6914488	0.10713273	-0.14627478	0.19411111	-0.46932495	0.99999875	-0.078411475	0.12044326	-0.1309889	0.14946108	-0.15178488	0.09528235	-0.11244764	0.12096769	-0.16255045	0.14016098
-0.047135178	0.04113797	-0.02434896	0.026526924	-0.04170926	0.060257174	-0.05771684	0.040550143	-0.032883443	0.03222521	-0.06811126	0.0676592	-0.09703527	0.07793333	-0.08810075	0.22556743	-0.1519798	0.116049185	-0.068463475	0.06760282	-0.40878695	0.19909513	-0.13027565	0.0917505	-0.078411475	0.9999985	-0.12633607	0.092306234	-0.06705456	0.037011772	-0.8481434	0.11001731	-0.08990508	0.072717264	-0.042640448
0.047346063	-0.041409973	0.030519973	-0.033946346	0.05256982	-0.05878242	0.058561336	-0.05130051	0.042283684	-0.041591335	0.06456844	-0.068315715	0.13081841	-0.11200766	0.115407035	-0.1531158	0.15910167	-0.17340587	0.10488413	-0.10416344	0.14944488	-0.27272084	0.22193451	-0.15472358	0.12044326	-0.12633607	0.99999833	-0.48803836	0.19338162	-0.09377882	0.13676065	-0.6972708	0.31635472	-0.22766417	0.10196678
-0.043533966	0.037893698	-0.029813612	0.03315184	-0.051478773	0.053318247	-0.05396046	0.04993141	-0.04168315	0.040785104	-0.058857255	0.062041227	-0.13873819	0.11407106	-0.11657396	0.13007177	-0.14649567	0.1826275	-0.11359222	0.10815654	-0.12515719	0.19165498	-0.35938868	0.16781352	-0.1309889	0.092306234	-0.48803836	0.9999983	-0.35969022	0.12437106	-0.110076286	0.30599657	-0.5961659	0.2683199	-0.13847637
0.034697283	-0.030270569	0.026659366	-0.029999897	0.04719026	-0.042771775	0.042335104	-0.044574507	0.037725717	-0.037372522	0.04556221	-0.04765065	0.11591627	-0.104211636	0.109891	-0.09730842	0.10299668	-0.130493	0.11853588	-0.11994243	0.08791472	-0.12825146	0.17316681	-0.20338234	0.14946108	-0.06705456	0.19338162	-0.35969022	0.9999979	-0.35088763	0.0801567	-0.19599451	0.2507239	-0.74596685	0.2537442
-0.020470202	0.01784518	-0.016833209	0.019072767	-0.030300353	0.025204891	-0.024820713	0.028115196	-0.023943728	0.023951286	-0.026458608	0.027498223	-0.070395015	0.06554184	-0.07153669	0.05446378	-0.05757675	0.07162831	-0.0768179	0.10168398	-0.048797127	0.068297416	-0.09168314	0.115330346	-0.15178488	0.037011772	-0.09377882	0.12437106	-0.35088763	0.999998	-0.04486396	0.09000495	-0.114061736	0.23712592	-0.88330597
0.056225188	-0.05015794	0.030266602	-0.03332462	0.051872537	-0.07526544	0.06831046	-0.050875004	0.040917996	-0.040464	0.080680564	-0.08167402	0.11533158	-0.09755197	0.1078621	-0.29408452	0.1707443	-0.1432959	0.084173545	-0.08528855	0.27377173	-0.24402696	0.1480623	-0.115952164	0.09528235	-0.8481434	0.13676065	-0.110076286	0.0801567	-0.04486396	0.9999979	-0.14128548	0.10512044	-0.09029007	0.05112444
-0.04195149	0.036198393	-0.026791666	0.029631352	-0.0466163	0.05091314	-0.05164904	0.04465236	-0.0371361	0.03648126	-0.056666464	0.05881595	-0.117182516	0.096285485	-0.10453313	0.12590976	-0.13709708	0.14046092	-0.09329548	0.091549665	-0.13029422	0.18161556	-0.19756885	0.13171284	-0.11244764	0.11001731	-0.6972708	0.30599657	-0.19599451	0.09000495	-0.14128548	0.99999785	-0.5646306	0.20407383	-0.10610305
0.04036822	-0.035336006	0.028259613	-0.031639963	0.049091205	-0.050150923	0.049587548	-0.04752248	0.039484877	-0.038975857	0.05409288	-0.056989376	0.122760154	-0.10703928	0.10972201	-0.12275012	0.12722817	-0.16123265	0.1032998	-0.103058204	0.11184531	-0.1715507	0.21178645	-0.15620296	0.12096769	-0.08990508	0.31635472	-0.5961659	0.2507239	-0.114061736	0.10512044	-0.5646306	0.999998	-0.3789441	0.12541747
-0.037453227	0.032370597	-0.028147321	0.031473555	-0.05027341	0.045442488	-0.04558275	0.04672426	-0.039737675	0.039350305	-0.0489805	0.050733734	-0.12424354	0.10612057	-0.11891991	0.1012397	-0.11036882	0.13038416	-0.11964068	0.1193762	-0.09566486	0.13197276	-0.18218645	0.17203256	-0.16255045	0.072717264	-0.22766417	0.2683199	-0.74596685	0.23712592	-0.09029007	0.20407383	-0.3789441	0.999998	-0.31780493
0.023553086	-0.020590443	0.019420618	-0.022063158	0.0349588	-0.02918613	0.028510612	-0.032531418	0.027567903	-0.027682327	0.030404033	-0.031635664	0.07934821	-0.07500277	0.08150688	-0.06314804	0.06547624	-0.08217418	0.08463682	-0.11412977	0.055621557	-0.07849378	0.10089337	-0.13043861	0.14016098	-0.042640448	0.10196678	-0.13847637	0.2537442	-0.88330597	0.05112444	-0.10610305	0.12541747	-0.31780493	0.999998
