0.3462244048714638
1.5149015169590712
0.998126432299614
1.9732023160904646
0.7348878346383572
0.3141247108578682
0.34554690681397915
1.9248289056122303
1.0582977142184973
0.6257435865700245
1.0687213465571404
1.3269164133816957
1.9791682250797749
1.5394611470401287
1.50075189396739
1.3573287427425385
0.8151125516742468
1.5124311577528715
1.9072757586836815
1.1006603054702282
1.233750019222498
0.7427242211997509
1.6273852661252022
1.076954299584031
1.4815108999609947
0.7413923013955355
1.7418870907276869
1.5518789384514093
1.7323154509067535
1.6197754628956318
0.11684787087142467
1.7865471802651882
1.9331838004291058
0.32008423656225204
1.3143041003495455
0.9568013325333595
0.7736190911382437
1.0101506430655718
0.27897709980607033
0.12192890606820583
0.4831377435475588
0.7369052730500698
0.25519402138888836
1.4244825411587954
0.09649128280580044
1.4385304190218449
1.174457447603345
0.8923105057328939
0.46917741373181343
0.17458147183060646
1.3948096241801977
0.27180412225425243
0.012963904067873955
0.014002623036503792
1.667977549135685
1.6641541495919228
1.4274410549551249
1.8238687627017498
