0.99999994	-0.36766276	0.24996538	-0.23111062	0.12989046	-0.27529204	0.26646063	-0.28343114	0.18234909	-0.14994767	0.2100537	-0.22435635	0.18098313	-0.18116002	0.15099792	-0.18792251	0.16610308	-0.15938078	0.16017346	-0.17876965	0.15259105	-0.15700872	0.16206653	-0.13692735	0.12995857	-0.16135563	0.1797433	-0.124510765	0.12570678	-0.114323795	0.1858551	-0.12361737	0.106758766	-0.0997716	0.1042905
-0.36766276	1.0000001	-0.33254626	0.18238854	-0.08723848	0.1567038	-0.8078123	0.21330808	-0.13605508	0.096275315	-0.14965306	0.14283943	-0.118442394	0.11250727	-0.094152704	0.10047878	-0.105714284	0.09632539	-0.096300915	0.10142583	-0.08667741	0.089945495	-0.09614036	0.07922199	-0.074702464	0.084824	-0.10298996	0.069777794	-0.07129574	0.06407154	-0.09969837	0.06732936	-0.059274975	0.055096935	-0.05840161
0.24996538	-0.33254626	0.99999994	-0.6188627	0.19828655	-0.12245208	0.2463338	-0.4789391	0.2868334	-0.22828256	0.1209221	-0.17270394	0.17499569	-0.21370405	0.16852666	-0.13945666	0.1355501	-0.14539257	0.15608123	-0.1763978	0.12006656	-0.1272934	0.14411335	-0.12555958	0.11818278	-0.124125265	0.1479164	-0.10657263	0.10960485	-0.10101361	0.14658824	-0.10214589	0.08976387	-0.0853444	0.09038708
-0.23111062	0.18238854	-0.6188627	0.99999976	-0.3296073	0.10217465	-0.20310691	0.31109565	-0.49956483	0.2442464	-0.107156724	0.15110414	-0.17229818	0.22797182	-0.1975413	0.124646	-0.1272401	0.13768724	-0.16597825	0.17113797	-0.11330271	0.11953661	-0.14377038	0.12450097	-0.12060316	0.11544863	-0.14524736	0.1033864	-0.109898455	0.09888079	-0.14373465	0.09748597	-0.08796484	0.08298266	-0.09043963
0.12989046	-0.08723848	0.19828655	-0.3296073	0.9999999	-0.05746303	0.09748735	-0.1921426	0.19949666	-0.8858076	0.06034155	-0.09194368	0.10142752	-0.14261243	0.12450306	-0.07806708	0.07677141	-0.0846236	0.09954494	-0.11865834	0.06946517	-0.07365887	0.08715168	-0.07758825	0.074467205	-0.07241556	0.08838416	-0.064451255	0.06756476	-0.062404383	0.0883985	-0.061268818	0.054516613	-0.05210524	0.05593294
-0.27529204	0.1567038	-0.12245208	0.10217465	-0.05746303	0.9999998	-0.21357754	0.12965448	-0.088395014	0.064013354	-0.88509035	0.18196519	-0.12721719	0.09146423	-0.077946045	0.121124424	-0.13233288	0.10053061	-0.09043835	0.08858501	-0.10464269	0.099699624	-0.09957166	0.07662633	-0.071172915	0.08697679	-0.1107779	0.06935597	-0.06991466	0.061328713	-0.10084828	0.066739835	-0.058963228	0.05336583	-0.05644139
0.26646063	-0.8078123	0.2463338	-0.20310691	0.09748735	-0.21357754	0.9999998	-0.2857311	0.15480506	-0.11040157	0.1668684	-0.18864276	0.13878556	-0.1318379	0.10815914	-0.12023588	0.12480833	-0.11441358	0.111321814	-0.11863549	0.10120323	-0.106635645	0.111708954	-0.09246463	0.086335845	-0.099335514	0.11895636	-0.081274636	0.08242357	-0.074535914	0.1148102	-0.078415535	0.068655625	-0.06402356	0.0674755
-0.28343114	0.21330808	-0.4789391	0.31109565	-0.1921426	0.12965448	-0.2857311	0.99999994	-0.5579931	0.18764068	-0.13795108	0.20024979	-0.27652624	0.2675496	-0.23480602	0.15809602	-0.16942398	0.18908091	-0.21222676	0.20544028	-0.14567928	0.15467425	-0.1902296	0.1586114	-0.15214425	0.14509644	-0.18661624	0.13171725	-0.13988099	0.12430683	-0.18055914	0.12284579	-0.11142906	0.10442633	-0.11405099
0.18234909	-0.13605508	0.2868334	-0.49956483	0.19949666	-0.088395014	0.15480506	-0.5579931	1.0000001	-0.24186112	0.09233116	-0.1560638	0.19409059	-0.47829172	0.22994636	-0.12350772	0.12797503	-0.1541011	0.1829444	-0.20830572	0.110021055	-0.12035398	0.14776728	-0.1372489	0.12388565	-0.11151719	0.13943651	-0.10473117	0.10925073	-0.102886766	0.13323401	-0.0966152	0.08624917	-0.08339931	0.089277275
-0.14994767	0.096275315	-0.22828256	0.2442464	-0.8858076	0.064013354	-0.11040157	0.18764068	-0.24186112	1.0000004	-0.06797788	0.09985928	-0.11267147	0.15040687	-0.14808948	0.085057124	-0.08518711	0.09253083	-0.11224834	0.125701	-0.07744817	0.0814712	-0.097775325	0.08553557	-0.08382637	0.080201775	-0.10005076	0.07160005	-0.076213636	0.06896998	-0.100856476	0.06793157	-0.06122012	0.05790389	-0.06309619
0.2100537	-0.14965306	0.1209221	-0.107156724	0.06034155	-0.88509035	0.1668684	-0.13795108	0.09233116	-0.06797788	1.0000005	-0.24798165	0.13341229	-0.09820133	0.08217399	-0.14394413	0.14215134	-0.10976861	0.09519887	-0.095310405	0.111874305	-0.10956141	0.10489327	-0.08181689	0.0749083	-0.09375378	0.11548708	-0.073756665	0.07348498	-0.06521137	0.10523642	-0.071024746	0.062106684	-0.05662436	0.059344076
-0.22435635	0.14283943	-0.17270394	0.15110414	-0.09194368	0.18196519	-0.18864276	0.20024979	-0.1560638	0.09985928	-0.24798165	1.0	-0.47024632	0.19052137	-0.16219957	0.24337013	-0.6030006	0.2867384	-0.21155849	0.18082602	-0.236334	0.26297545	-0.25614685	0.17756812	-0.15700153	0.18317567	-0.27122527	0.15680379	-0.15571268	0.13343082	-0.20863084	0.14431	-0.12957992	0.11473851	-0.12148893
0.18098313	-0.118442394	0.17499569	-0.17229818	0.10142752	-0.12721719	0.13878556	-0.27652624	0.19409059	-0.11267147	0.13341229	-0.47024632	1.0	-0.31909305	0.1985704	-0.21361396	0.27826524	-0.6197786	0.2432535	-0.23094024	0.17966482	-0.22385332	0.2638008	-0.21097851	0.16329686	-0.16429679	0.20891821	-0.16333006	0.15318225	-0.14389612	0.17540109	-0.14151013	0.12308993	-0.117168985	0.11939802
-0.18116002	0.11250727	-0.21370405	0.22797182	-0.14261243	0.09146423	-0.1318379	0.2675496	-0.47829172	0.15040687	-0.09820133	0.19052137	-0.31909305	1.0	-0.5690574	0.14875719	-0.16527246	0.21230729	-0.33417234	0.29652944	-0.13717371	0.15344529	-0.20802124	0.19766739	-0.17717353	0.13584301	-0.17837702	0.13754004	-0.147354	0.13822676	-0.16379221	0.12224078	-0.11151997	0.10869329	-0.11881073
0.15099792	-0.094152704	0.16852666	-0.1975413	0.12450306	-0.077946045	0.10815914	-0.23480602	0.22994636	-0.14808948	0.08217399	-0.16219957	0.1985704	-0.5690574	1.0	-0.13295373	0.1364892	-0.17540854	0.24587682	-0.6600575	0.1177517	-0.13311675	0.17180902	-0.18111017	0.17193784	-0.120928705	0.15121426	-0.12574948	0.1314945	-0.13976488	0.14055237	-0.11267446	0.10004078	-0.10276743	0.10875904
-0.18792251	0.10047878	-0.13945666	0.124646	-0.07806708	0.121124424	-0.12023588	0.15809602	-0.12350772	0.085057124	-0.14394413	0.24337013	-0.21361396	0.14875719	-0.13295373	1.0	-0.37025768	0.20299533	-0.18070182	0.15805927	-0.7285044	0.2956503	-0.23453681	0.160669	-0.14875028	0.2420297	-0.30403346	0.15632921	-0.15463671	0.12858915	-0.26863974	0.1541709	-0.13646494	0.115325876	-0.12199748
0.16610308	-0.105714284	0.1355501	-0.1272401	0.07677141	-0.13233288	0.12480833	-0.16942398	0.12797503	-0.08518711	0.14215134	-0.6030006	0.27826524	-0.16527246	0.1364892	-0.37025768	0.9999999	-0.3753755	0.190621	-0.16763017	0.2604902	-0.46383446	0.2501315	-0.17548555	0.14164162	-0.18988541	0.25628284	-0.15356295	0.14212286	-0.12567352	0.1857634	-0.13989924	0.12002375	-0.10753432	0.109568335
-0.15938078	0.09632539	-0.14539257	0.13768724	-0.0846236	0.10053061	-0.11441358	0.18908091	-0.1541011	0.09253083	-0.10976861	0.2867384	-0.6197786	0.21230729	-0.17540854	0.20299533	-0.3753755	0.99999994	-0.34237975	0.2040238	-0.18927537	0.23924279	-0.45714992	0.24259041	-0.17708522	0.16054529	-0.22424687	0.17671098	-0.16853738	0.14797951	-0.17493375	0.14187264	-0.1298007	0.119270556	-0.12378983
0.16017346	-0.096300915	0.15608123	-0.16597825	0.09954494	-0.09043835	0.111321814	-0.21222676	0.1829444	-0.11224834	0.09519887	-0.21155849	0.2432535	-0.33417234	0.24587682	-0.18070182	0.190621	-0.34237975	0.99999994	-0.41518366	0.15669058	-0.19667853	0.2884821	-0.61230737	0.24873003	-0.1578471	0.19671902	-0.18750724	0.18559483	-0.20935431	0.17127326	-0.15425327	0.13556115	-0.14310738	0.145571
-0.17876965	0.10142583	-0.1763978	0.17113797	-0.11865834	0.08858501	-0.11863549	0.20544028	-0.20830572	0.125701	-0.095310405	0.18082602	-0.23094024	0.29652944	-0.6600575	0.15805927	-0.16763017	0.2040238	-0.41518366	0.99999964	-0.14870267	0.16581309	-0.23447548	0.2401421	-0.29022205	0.15168042	-0.20153286	0.16471733	-0.18669207	0.18864179	-0.18751214	0.14419897	-0.13436018	0.1368381	-0.15536302
0.15259105	-0.08667741	0.12006656	-0.11330271	0.06946517	-0.10464269	0.10120323	-0.14567928	0.110021055	-0.07744817	0.111874305	-0.236334	0.17966482	-0.13717371	0.1177517	-0.7285044	0.2604902	-0.18927537	0.15669058	-0.14870267	0.9999999	-0.44346893	0.20963183	-0.15147261	0.1305312	-0.3215344	0.27211282	-0.1475381	0.13608763	-0.11851857	0.22963166	-0.14682995	0.121942125	-0.10586105	0.10691343
-0.15700872	0.089945495	-0.1272934	0.11953661	-0.07365887	0.099699624	-0.106635645	0.15467425	-0.12035398	0.0814712	-0.10956141	0.26297545	-0.22385332	0.15344529	-0.13311675	0.2956503	-0.46383446	0.23924279	-0.19667853	0.16581309	-0.44346893	0.9999996	-0.39026082	0.19413196	-0.15943934	0.23901688	-0.524727	0.18698235	-0.16974026	0.14025036	-0.22239727	0.1692457	-0.14729795	0.12299615	-0.12553813
0.16206653	-0.09614036	0.14411335	-0.14377038	0.08715168	-0.09957166	0.111708954	-0.1902296	0.14776728	-0.097775325	0.10489327	-0.25614685	0.2638008	-0.20802124	0.17180902	-0.23453681	0.2501315	-0.45714992	0.2884821	-0.23447548	0.20963183	-0.39026082	0.9999997	-0.48118538	0.2302963	-0.19776234	0.25934663	-0.3389218	0.23305088	-0.21266189	0.19815205	-0.19869307	0.17775768	-0.165433	0.15996738
-0.13692735	0.07922199	-0.12555958	0.12450097	-0.07758825	0.07662633	-0.09246463	0.1586114	-0.1372489	0.08553557	-0.08181689	0.17756812	-0.21097851	0.19766739	-0.18111017	0.160669	-0.17548555	0.24259041	-0.61230737	0.2401421	-0.15147261	0.19413196	-0.48118538	1.0	-0.41980135	0.14729401	-0.20061028	0.20381108	-0.22847435	0.23339124	-0.16418041	0.15258159	-0.14304495	0.15041414	-0.16307867
0.12995857	-0.074702464	0.11818278	-0.12060316	0.074467205	-0.071172915	0.086335845	-0.15214425	0.12388565	-0.08382637	0.0749083	-0.15700153	0.16329686	-0.17717353	0.17193784	-0.14875028	0.14164162	-0.17708522	0.24873003	-0.29022205	0.1305312	-0.15943934	0.2302963	-0.41980135	0.99999994	-0.14576925	0.17790002	-0.23208988	0.24987675	-0.6856974	0.15964626	-0.18382378	0.16037916	-0.22468774	0.22590974
-0.16135563	0.084824	-0.124125265	0.11544863	-0.07241556	0.08697679	-0.099335514	0.14509644	-0.11151719	0.080201775	-0.09375378	0.18317567	-0.16429679	0.13584301	-0.120928705	0.2420297	-0.18988541	0.16054529	-0.1578471	0.15168042	-0.3215344	0.23901688	-0.19776234	0.14729401	-0.14576925	1.0000001	-0.4788302	0.1734904	-0.16564628	0.13296929	-0.7050375	0.2130742	-0.17500484	0.12999178	-0.1335913
0.1797433	-0.10298996	0.1479164	-0.14524736	0.08838416	-0.1107779	0.11895636	-0.18661624	0.13943651	-0.10005076	0.11548708	-0.27122527	0.20891821	-0.17837702	0.15121426	-0.30403346	0.25628284	-0.22424687	0.19671902	-0.20153286	0.27211282	-0.524727	0.25934663	-0.20061028	0.17790002	-0.4788302	1.0	-0.27081245	0.20618582	-0.1743669	0.29312286	-0.29036817	0.20324305	-0.16513191	0.15627515
-0.124510765	0.069777794	-0.10657263	0.1033864	-0.064451255	0.06935597	-0.081274636	0.13171725	-0.10473117	0.07160005	-0.073756665	0.15680379	-0.16333006	0.13754004	-0.12574948	0.15632921	-0.15356295	0.17671098	-0.18750724	0.16471733	-0.1475381	0.18698235	-0.3389218	0.20381108	-0.23208988	0.1734904	-0.27081245	1.0	-0.66349775	0.23221618	-0.20107235	0.26642922	-0.4221958	0.23112673	-0.22309951
0.12570678	-0.07129574	0.10960485	-0.109898455	0.06756476	-0.06991466	0.08242357	-0.13988099	0.10925073	-0.076213636	0.07348498	-0.15571268	0.15318225	-0.147354	0.1314945	-0.15463671	0.14212286	-0.16853738	0.18559483	-0.18669207	0.13608763	-0.16974026	0.23305088	-0.22847435	0.24987675	-0.16564628	0.20618582	-0.66349775	1.0	-0.40177658	0.17816909	-0.2639045	0.25256228	-0.35356542	0.2538988
-0.114323795	0.06407154	-0.10101361	0.09888079	-0.062404383	0.061328713	-0.074535914	0.12430683	-0.102886766	0.06896998	-0.06521137	0.13343082	-0.14389612	0.13822676	-0.13976488	0.12858915	-0.12567352	0.14797951	-0.20935431	0.18864179	-0.11851857	0.14025036	-0.21266189	0.23339124	-0.6856974	0.13296929	-0.1743669	0.23221618	-0.40177658	0.9999997	-0.15613164	0.1728126	-0.17371495	0.25277445	-0.39438194
0.1858551	-0.09969837	0.14658824	-0.14373465	0.0883985	-0.10084828	0.1148102	-0.18055914	0.13323401	-0.100856476	0.10523642	-0.20863084	0.17540109	-0.16379221	0.14055237	-0.26863974	0.1857634	-0.17493375	0.17127326	-0.18751214	0.22963166	-0.22239727	0.19815205	-0.16418041	0.15964626	-0.7050375	0.29312286	-0.20107235	0.17816909	-0.15613164	0.99999964	-0.33469766	0.20388354	-0.15923296	0.14943546
-0.12361737	0.06732936	-0.10214589	0.09748597	-0.061268818	0.066739835	-0.078415535	0.12284579	-0.0966152	0.06793157	-0.071024746	0.14431	-0.14151013	0.12224078	-0.11267446	0.1541709	-0.13989924	0.14187264	-0.15425327	0.14419897	-0.14682995	0.1692457	-0.19869307	0.15258159	-0.18382378	0.2130742	-0.29036817	0.26642922	-0.2639045	0.1728126	-0.33469766	0.99999994	-0.74639183	0.2222331	-0.23417437
0.106758766	-0.059274975	0.08976387	-0.08796484	0.054516613	-0.058963228	0.068655625	-0.11142906	0.08624917	-0.06122012	0.062106684	-0.12957992	0.12308993	-0.11151997	0.10004078	-0.13646494	0.12002375	-0.1298007	0.13556115	-0.13436018	0.121942125	-0.14729795	0.17775768	-0.14304495	0.16037916	-0.17500484	0.20324305	-0.4221958	0.25256228	-0.17371495	0.20388354	-0.74639183	1.0000001	-0.3133287	0.21592961
-0.0997716	0.055096935	-0.0853444	0.08298266	-0.05210524	0.05336583	-0.06402356	0.10442633	-0.08339931	0.05790389	-0.05662436	0.11473851	-0.117168985	0.10869329	-0.10276743	0.115325876	-0.10753432	0.119270556	-0.14310738	0.1368381	-0.10586105	0.12299615	-0.165433	0.15041414	-0.22468774	0.12999178	-0.16513191	0.23112673	-0.35356542	0.25277445	-0.15923296	0.2222331	-0.3133287	1.0000001	-0.7830665
0.1042905	-0.05840161	0.09038708	-0.09043963	0.05593294	-0.05644139	0.0674755	-0.11405099	0.089277275	-0.06309619	0.059344076	-0.12148893	0.11939802	-0.11881073	0.10875904	-0.12199748	0.109568335	-0.12378983	0.145571	-0.15536302	0.10691343	-0.12553813	0.15996738	-0.16307867	0.22590974	-0.1335913	0.15627515	-0.22309951	0.2538988	-0.39438194	0.14943546	-0.23417437	0.21592961	-0.7830665	1.0000001
