1.0	-0.33437288	0.2324918	-0.12429227	0.111927174	-0.72685075	0.3068263	-0.3806345	0.13406119	-0.14148708	0.23713225	-0.2134291	0.19071493	-0.101353355	0.10896164	-0.25526318	0.16423291	-0.1527507	0.10147235	-0.08029964	0.11015702	-0.11878505	0.121457875	-0.1410773	0.11208934	-0.02604262	0.063423544	-0.08123097	0.088827245	-0.09307481	0.024660153	-0.050513275	0.06518757	-0.085065104	0.096152484
-0.33437288	1.0	-0.6971031	0.1643841	-0.15334484	0.2382003	-0.50335807	0.29696646	-0.13924098	0.13188101	-0.15291864	0.17006235	-0.15865178	0.0871975	-0.089418195	0.14285615	-0.12845176	0.11200274	-0.08802004	0.06510673	-0.080488734	0.08319231	-0.091384724	0.102811866	-0.087269805	0.018891871	-0.046520602	0.059297483	-0.06571239	0.0686379	-0.017958611	0.036753505	-0.047933485	0.06160017	-0.070879176
0.2324918	-0.6971031	0.99999994	-0.29733443	0.19574511	-0.21585621	0.2860802	-0.46657544	0.17998712	-0.18532176	0.14736708	-0.17000197	0.16660911	-0.109839685	0.10949897	-0.15185468	0.12819687	-0.12354776	0.10743385	-0.08035256	0.09280769	-0.09731086	0.10376397	-0.12217726	0.10529147	-0.022252636	0.054388717	-0.06944539	0.077943385	-0.08299731	0.02111807	-0.04322623	0.05621436	-0.07355932	0.08479282
-0.12429227	0.1643841	-0.29733443	0.99999976	-0.7818038	0.09911232	-0.13578281	0.19941667	-0.39305064	0.29093632	-0.08489731	0.09232962	-0.113665424	0.14007786	-0.122261144	0.08541881	-0.07889276	0.0813005	-0.13748822	0.08759983	-0.06785374	0.06839826	-0.080094986	0.09872414	-0.1003215	0.017151603	-0.04225015	0.05373509	-0.06390171	0.070593454	-0.016339105	0.033481263	-0.044214554	0.058388818	-0.069304384
0.111927174	-0.15334484	0.19574511	-0.7818038	1.0	-0.09400078	0.121453196	-0.20446657	0.2785394	-0.47191015	0.0807855	-0.088804595	0.107683636	-0.13087375	0.121825226	-0.0836247	0.075552724	-0.0790779	0.12233394	-0.088206075	0.06706308	-0.06846124	0.07753924	-0.09752176	0.09838099	-0.017034084	0.041686386	-0.053149782	0.063230395	-0.07123081	0.016197033	-0.03319862	0.043652046	-0.058441307	0.06909318
-0.72685075	0.2382003	-0.21585621	0.09911232	-0.09400078	1.0	-0.46713164	0.26412752	-0.10837989	0.10765668	-0.3337849	0.2066217	-0.18054612	0.08232527	-0.08843002	0.22233573	-0.15958764	0.13291284	-0.08386688	0.06472362	-0.09212026	0.09582055	-0.1041635	0.113929585	-0.090929426	0.021183467	-0.052245162	0.06663173	-0.07226508	0.07405546	-0.020129763	0.04119989	-0.053576868	0.06810154	-0.07739751
0.3068263	-0.50335807	0.2860802	-0.13578281	0.121453196	-0.46713164	0.99999964	-0.48860842	0.14247711	-0.14261778	0.22098885	-0.3456987	0.21897003	-0.103671566	0.10707683	-0.21303307	0.19025837	-0.16383417	0.10352759	-0.07889201	0.106743425	-0.113414474	0.12290184	-0.13707298	0.10847373	-0.024962312	0.06148753	-0.07904211	0.0854377	-0.088225365	0.023693206	-0.048633594	0.06312235	-0.080700494	0.09121551
-0.3806345	0.29696646	-0.46657544	0.19941667	-0.20446657	0.26412752	-0.48860842	0.99999964	-0.2772059	0.21292557	-0.23148787	0.23944513	-0.31850266	0.15977697	-0.17150806	0.20621257	-0.20357755	0.18820673	-0.16665149	0.12193118	-0.14951058	0.14427012	-0.16410121	0.1789913	-0.16834286	0.03414565	-0.084559776	0.10611218	-0.12082396	0.12512904	-0.032613296	0.066292726	-0.087369576	0.111096986	-0.1332582
0.13406119	-0.13924098	0.17998712	-0.39305064	0.2785394	-0.10837989	0.14247711	-0.2772059	1.0000001	-0.6723938	0.10459741	-0.11659589	0.1573043	-0.38368848	0.19175747	-0.10856694	0.10346332	-0.11475989	0.23890732	-0.15140963	0.0964473	-0.09821692	0.118098654	-0.15792319	0.15357588	-0.025396975	0.062404286	-0.08023344	0.096515924	-0.11005839	0.024158837	-0.04972789	0.06568998	-0.088226564	0.10356487
-0.14148708	0.13188101	-0.18532176	0.29093632	-0.47191015	0.10765668	-0.14261778	0.21292557	-0.6723938	1.0	-0.10693081	0.1146851	-0.16036567	0.23002504	-0.26079068	0.10715373	-0.10477356	0.11307023	-0.24707927	0.16314146	-0.10111124	0.09944508	-0.12201655	0.152149	-0.17690763	0.026283018	-0.065025836	0.08238371	-0.10155694	0.11478341	-0.025097633	0.05143515	-0.06851277	0.091011845	-0.11046431
0.23713225	-0.15291864	0.14736708	-0.08489731	0.0807855	-0.3337849	0.22098885	-0.23148787	0.10459741	-0.10693081	1.0000002	-0.40994206	0.2428515	-0.09644948	0.10210754	-0.7342645	0.2705487	-0.21487388	0.09799952	-0.076214865	0.12400429	-0.13542509	0.14688984	-0.15819207	0.10946438	-0.028367382	0.07030803	-0.09128709	0.094259255	-0.09403604	0.026894674	-0.055449497	0.071596965	-0.08950003	0.09744363
-0.2134291	0.17006235	-0.17000197	0.09232962	-0.088804595	0.2066217	-0.3456987	0.23944513	-0.11659589	0.1146851	-0.40994206	1.0000001	-0.49339256	0.115331925	-0.1131517	0.29484388	-0.5617854	0.28277245	-0.1168978	0.08489477	-0.14014828	0.1472758	-0.18464062	0.17682563	-0.120263726	0.031395208	-0.079649165	0.103662245	-0.104678445	0.10161695	-0.02989843	0.061865162	-0.08091954	0.097303115	-0.105584085
0.19071493	-0.15865178	0.16660911	-0.113665424	0.107683636	-0.18054612	0.21897003	-0.31850266	0.1573043	-0.16036567	0.2428515	-0.49339256	1.0000001	-0.20560019	0.1587296	-0.29462144	0.3122639	-0.53470004	0.17696121	-0.1248738	0.16821049	-0.1923916	0.2549897	-0.29797682	0.16951217	-0.045008283	0.111680456	-0.15571433	0.15250836	-0.15134467	0.04246788	-0.08942504	0.11554358	-0.14610648	0.14967021
-0.101353355	0.0871975	-0.109839685	0.14007786	-0.13087375	0.08232527	-0.103671566	0.15977697	-0.38368848	0.23002504	-0.09644948	0.115331925	-0.20560019	1.0	-0.26078346	0.101769775	-0.108598344	0.13285826	-0.78072727	0.20951672	-0.09886044	0.09946771	-0.14958511	0.19676247	-0.19528821	0.027828299	-0.070429504	0.09120434	-0.11172995	0.12111978	-0.026619455	0.05528536	-0.07459256	0.09621341	-0.111651495
0.10896164	-0.089418195	0.10949897	-0.122261144	0.121825226	-0.08843002	0.10707683	-0.17150806	0.19175747	-0.26079068	0.10210754	-0.1131517	0.1587296	-0.26078346	1.0000001	-0.11146951	0.10944626	-0.12875378	0.23944153	-0.68789995	0.13966712	-0.14589356	0.15144709	-0.2206003	0.31490934	-0.03950275	0.09378233	-0.121952355	0.15971664	-0.23648922	0.03727097	-0.077134624	0.100775674	-0.15195978	0.18137053
-0.25526318	0.14285615	-0.15185468	0.08541881	-0.0836247	0.22233573	-0.21303307	0.20621257	-0.10856694	0.10715373	-0.7342645	0.29484388	-0.29462144	0.101769775	-0.11146951	1.0000004	-0.42087224	0.22807167	-0.106709294	0.08195735	-0.14619	0.14431842	-0.17103525	0.16198991	-0.1199876	0.030932719	-0.07812618	0.09882938	-0.10285743	0.09973726	-0.029541608	0.06041633	-0.07924592	0.09505646	-0.10645573
0.16423291	-0.12845176	0.12819687	-0.07889276	0.075552724	-0.15958764	0.19025837	-0.20357755	0.10346332	-0.10477356	0.2705487	-0.5617854	0.3122639	-0.108598344	0.10944626	-0.42087224	1.0000005	-0.54506075	0.1115422	-0.08342095	0.15541968	-0.19294031	0.21470878	-0.20690538	0.120202914	-0.034455445	0.08815004	-0.11924982	0.111861765	-0.10630577	0.032685	-0.06862029	0.088434264	-0.104883485	0.109191984
-0.1527507	0.11200274	-0.12354776	0.0813005	-0.0790779	0.13291284	-0.16383417	0.18820673	-0.11475989	0.11307023	-0.21487388	0.28277245	-0.53470004	0.13285826	-0.12875378	0.22807167	-0.54506075	1.0000001	-0.14463803	0.09914143	-0.1555085	0.16446508	-0.4582282	0.25562683	-0.14335935	0.041613888	-0.112650916	0.15738435	-0.14111057	0.12569116	-0.039878692	0.08520262	-0.11639292	0.12598734	-0.12960956
0.10147235	-0.08802004	0.10743385	-0.13748822	0.12233394	-0.08386688	0.10352759	-0.16665149	0.23890732	-0.24707927	0.09799952	-0.1168978	0.17696121	-0.78072727	0.23944153	-0.106709294	0.1115422	-0.14463803	0.99999976	-0.30716065	0.10540046	-0.10871122	0.1623748	-0.28097937	0.20623554	-0.030446578	0.07642106	-0.10120981	0.12322591	-0.13759464	0.029010957	-0.060620345	0.08120403	-0.107317686	0.12122633
-0.08029964	0.06510673	-0.08035256	0.08759983	-0.088206075	0.06472362	-0.07889201	0.12193118	-0.15140963	0.16314146	-0.076214865	0.08489477	-0.1248738	0.20951672	-0.68789995	0.08195735	-0.08342095	0.09914143	-0.30716065	0.9999993	-0.09977894	0.10212599	-0.12211125	0.17488942	-0.55089265	0.029241791	-0.07116674	0.09228096	-0.12763312	0.18147214	-0.027761761	0.057675492	-0.076763034	0.112084664	-0.1398576
0.11015702	-0.080488734	0.09280769	-0.06785374	0.06706308	-0.09212026	0.106743425	-0.14951058	0.0964473	-0.10111124	0.12400429	-0.14014828	0.16821049	-0.09886044	0.13966712	-0.14619	0.15541968	-0.1555085	0.10540046	-0.09977894	0.9999993	-0.84702194	0.17328422	-0.19800538	0.16290087	-0.07178923	0.1528999	-0.15622574	0.15156037	-0.15322426	0.06463301	-0.12273238	0.12865761	-0.1588701	0.16957088
-0.11878505	0.08319231	-0.09731086	0.06839826	-0.06846124	0.09582055	-0.113414474	0.14427012	-0.09821692	0.09944508	-0.13542509	0.1472758	-0.1923916	0.09946771	-0.14589356	0.14431842	-0.19294031	0.16446508	-0.10871122	0.10212599	-0.84702194	0.9999995	-0.20534918	0.18913767	-0.17067517	0.07092411	-0.19606411	0.16274191	-0.16004081	0.14864506	-0.06781529	0.12956174	-0.14319168	0.15336621	-0.17748982
0.121457875	-0.091384724	0.10376397	-0.080094986	0.07753924	-0.1041635	0.12290184	-0.16410121	0.118098654	-0.12201655	0.14688984	-0.18464062	0.2549897	-0.14958511	0.15144709	-0.17103525	0.21470878	-0.4582282	0.1623748	-0.12211125	0.17328422	-0.20534918	0.99999934	-0.6318201	0.18264103	-0.06417641	0.17648205	-0.36022887	0.2182775	-0.18238944	0.060728803	-0.13911353	0.18683565	-0.19779275	0.17640568
-0.1410773	0.102811866	-0.12217726	0.09872414	-0.09752176	0.113929585	-0.13707298	0.1789913	-0.15792319	0.152149	-0.15819207	0.17682563	-0.29797682	0.19676247	-0.2206003	0.16198991	-0.20690538	0.25562683	-0.28097937	0.17488942	-0.19800538	0.18913767	-0.6318201	0.99999845	-0.29092905	0.0649757	-0.18159004	0.24002828	-0.32160366	0.2230712	-0.06325537	0.13487725	-0.19427893	0.21289037	-0.2232132
0.11208934	-0.087269805	0.10529147	-0.1003215	0.09838099	-0.090929426	0.10847373	-0.16834286	0.15357588	-0.17690763	0.10946438	-0.120263726	0.16951217	-0.19528821	0.31490934	-0.1199876	0.120202914	-0.14335935	0.20623554	-0.55089265	0.16290087	-0.17067517	0.18264103	-0.29092905	0.9999987	-0.0492563	0.11726722	-0.15496838	0.22031215	-0.41317126	0.04646831	-0.097130254	0.12779245	-0.19947562	0.2427409
-0.02604262	0.018891871	-0.022252636	0.017151603	-0.017034084	0.021183467	-0.024962312	0.03414565	-0.025396975	0.026283018	-0.028367382	0.031395208	-0.045008283	0.027828299	-0.03950275	0.030932719	-0.034455445	0.041613888	-0.030446578	0.029241791	-0.07178923	0.07092411	-0.06417641	0.0649757	-0.0492563	0.9999986	-0.2127783	0.115022905	-0.08063202	0.061662626	-0.9457686	0.18715228	-0.1407964	0.0901258	-0.074095905
0.063423544	-0.046520602	0.054388717	-0.04225015	0.041686386	-0.052245162	0.06148753	-0.084559776	0.062404286	-0.065025836	0.07030803	-0.079649165	0.111680456	-0.070429504	0.09378233	-0.07812618	0.08815004	-0.112650916	0.07642106	-0.07116674	0.1528999	-0.19606411	0.17648205	-0.18159004	0.11726722	-0.2127783	0.99999833	-0.49460113	0.19998297	-0.15747094	0.17585516	-0.6844097	0.31667188	-0.24144474	0.16470493
-0.08123097	0.059297483	-0.06944539	0.05373509	-0.053149782	0.06663173	-0.07904211	0.10611218	-0.08023344	0.08238371	-0.09128709	0.103662245	-0.15571433	0.09120434	-0.121952355	0.09882938	-0.11924982	0.15738435	-0.10120981	0.09228096	-0.15622574	0.16274191	-0.36022887	0.24002828	-0.15496838	0.115022905	-0.49460113	0.9999985	-0.3743987	0.2030365	-0.11422134	0.28939402	-0.5459585	0.27165025	-0.22216092
0.088827245	-0.06571239	0.077943385	-0.06390171	0.063230395	-0.07226508	0.0854377	-0.12082396	0.096515924	-0.10155694	0.094259255	-0.104678445	0.15250836	-0.11172995	0.15971664	-0.10285743	0.111861765	-0.14111057	0.12322591	-0.12763312	0.15156037	-0.16004081	0.2182775	-0.32160366	0.22031215	-0.08063202	0.19998297	-0.3743987	0.99999857	-0.5528829	0.07540863	-0.17840123	0.24299118	-0.533067	0.31040773
-0.09307481	0.0686379	-0.08299731	0.070593454	-0.07123081	0.07405546	-0.088225365	0.12512904	-0.11005839	0.11478341	-0.09403604	0.10161695	-0.15134467	0.12111978	-0.23648922	0.09973726	-0.10630577	0.12569116	-0.13759464	0.18147214	-0.15322426	0.14864506	-0.18238944	0.2230712	-0.41317126	0.061662626	-0.15747094	0.2030365	-0.5528829	0.99999857	-0.05945546	0.1271281	-0.18132351	0.29320332	-0.5506855
0.024660153	-0.017958611	0.02111807	-0.016339105	0.016197033	-0.020129763	0.023693206	-0.032613296	0.024158837	-0.025097633	0.026894674	-0.02989843	0.04246788	-0.026619455	0.03727097	-0.029541608	0.032685	-0.039878692	0.029010957	-0.027761761	0.06463301	-0.06781529	0.060728803	-0.06325537	0.04646831	-0.9457686	0.17585516	-0.11422134	0.07540863	-0.05945546	0.99999845	-0.23192261	0.13052094	-0.09018127	0.06884654
-0.050513275	0.036753505	-0.04322623	0.033481263	-0.03319862	0.04119989	-0.048633594	0.066292726	-0.04972789	0.05143515	-0.055449497	0.061865162	-0.08942504	0.05528536	-0.077134624	0.06041633	-0.06862029	0.08520262	-0.060620345	0.057675492	-0.12273238	0.12956174	-0.13911353	0.13487725	-0.097130254	0.18715228	-0.6844097	0.28939402	-0.17840123	0.1271281	-0.23192261	0.99999845	-0.56287766	0.20715664	-0.15461494
0.06518757	-0.047933485	0.05621436	-0.044214554	0.043652046	-0.053576868	0.06312235	-0.087369576	0.06568998	-0.06851277	0.071596965	-0.08091954	0.11554358	-0.07459256	0.100775674	-0.07924592	0.088434264	-0.11639292	0.08120403	-0.076763034	0.12865761	-0.14319168	0.18683565	-0.19427893	0.12779245	-0.1407964	0.31667188	-0.5459585	0.24299118	-0.18132351	0.13052094	-0.56287766	0.99999845	-0.4256206	0.20589381
-0.085065104	0.06160017	-0.07355932	0.058388818	-0.058441307	0.06810154	-0.080700494	0.111096986	-0.088226564	0.091011845	-0.08950003	0.097303115	-0.14610648	0.09621341	-0.15195978	0.09505646	-0.104883485	0.12598734	-0.107317686	0.112084664	-0.1588701	0.15336621	-0.19779275	0.21289037	-0.19947562	0.0901258	-0.24144474	0.27165025	-0.533067	0.29320332	-0.09018127	0.20715664	-0.4256206	0.99999845	-0.54818374
0.096152484	-0.070879176	0.08479282	-0.069304384	0.06909318	-0.07739751	0.09121551	-0.1332582	0.10356487	-0.11046431	0.09744363	-0.105584085	0.14967021	-0.111651495	0.18137053	-0.10645573	0.109191984	-0.12960956	0.12122633	-0.1398576	0.16957088	-0.17748982	0.17640568	-0.2232132	0.2427409	-0.074095905	0.16470493	-0.22216092	0.31040773	-0.5506855	0.06884654	-0.15461494	0.20589381	-0.54818374	0.99999845
