0.99999994	-0.7025746	0.21558839	-0.2711963	0.06921737	-0.49839473	0.31254688	-0.11627573	0.06730536	-0.052298013	0.17431314	-0.096258275	0.075916834	-0.061115094	0.08115099	-0.213179	0.0657205	-0.075373515	0.05977956	-0.045767266	0.05771181	-0.05608222	0.04143404	-0.031178365	0.030565979	-0.024317712	0.030580567	-0.032808296	0.041598063	-0.027804734	0.028540613	-0.033220544	0.04862313	-0.02284493	0.029396083
-0.7025746	0.99999994	-0.38148558	0.25899658	-0.07425226	0.2715502	-0.4569721	0.11712678	-0.07074524	0.054601602	-0.13295527	0.092509724	-0.077605076	0.062273514	-0.086851835	0.14718148	-0.06181507	0.07131479	-0.063022226	0.047734983	-0.05263593	0.050381944	-0.042565513	0.032040168	-0.03169536	0.022727653	-0.029088195	0.033487197	-0.043008752	0.028710399	-0.027158247	0.03137614	-0.05014984	0.023581028	-0.030453883
0.21558839	-0.38148558	0.99999994	-0.85911024	0.08100827	-0.13132083	0.18644592	-0.14074607	0.10123294	-0.067386344	0.06928575	-0.08105597	0.07892654	-0.089401536	0.09150341	-0.08220086	0.05214657	-0.065384544	0.064406745	-0.05043904	0.040996484	-0.039859414	0.039631654	-0.030371375	0.030733759	-0.018536309	0.024351157	-0.031004127	0.04037604	-0.027970491	0.022469133	-0.026242234	0.04635222	-0.022024445	0.028400168
-0.2711963	0.25899658	-0.85911024	0.9999999	-0.10503425	0.14751326	-0.24218246	0.14032677	-0.13837942	0.083158635	-0.08164917	0.09193623	-0.08852255	0.105624706	-0.117132016	0.09277344	-0.060104888	0.07430829	-0.08097992	0.062506996	-0.048810683	0.046959925	-0.048796825	0.037415355	-0.03803118	0.022225367	-0.02930641	0.038104404	-0.049861453	0.034492157	-0.02705687	0.031546425	-0.057171553	0.027166469	-0.03507574
0.06921737	-0.07425226	0.08100827	-0.10503425	0.99999976	-0.07205069	0.09471021	-0.26742157	0.24262309	-0.77722937	0.05398531	-0.1919521	0.14238577	-0.25738093	0.27101964	-0.07060357	0.108280815	-0.15629214	0.16586772	-0.15984754	0.07719073	-0.080373056	0.09616759	-0.077196606	0.08162661	-0.038311966	0.052409913	-0.07606815	0.09976648	-0.07678104	0.04690039	-0.057769742	0.11132543	-0.054408796	0.069387004
-0.49839473	0.2715502	-0.13132083	0.14751326	-0.07205069	0.99999976	-0.6429859	0.1178308	-0.060431916	0.050783664	-0.41494486	0.11018533	-0.0851981	0.05440146	-0.08645808	0.27334046	-0.078997396	0.083955355	-0.064883634	0.048491564	-0.07221097	0.06709698	-0.04720855	0.03512228	-0.034042887	0.029331572	-0.036395665	0.0373993	-0.047190767	0.030832557	-0.034397293	0.039168578	-0.0556395	0.025964268	-0.033471122
0.31254688	-0.4569721	0.18644592	-0.24218246	0.09471021	-0.6429859	0.9999996	-0.19091591	0.0843934	-0.06907549	0.24066584	-0.1701745	0.122984394	-0.07693951	0.113120236	-0.3296116	0.107990235	-0.121640995	0.08535788	-0.06463947	0.09004679	-0.08885368	0.0614605	-0.045959644	0.044549488	-0.037696872	0.047230706	-0.04875209	0.06132687	-0.040510997	0.04406652	-0.05133861	0.07203734	-0.03373529	0.043380756
-0.11627573	0.11712678	-0.14074607	0.14032677	-0.26742157	0.1178308	-0.19091591	0.99999964	-0.23088959	0.17763408	-0.09102796	0.28029996	-0.6298357	0.18302608	-0.32646176	0.1097217	-0.20360455	0.24884686	-0.24005081	0.17189233	-0.13732202	0.1278661	-0.15781565	0.117361195	-0.117162995	0.063929975	-0.08640496	0.12121184	-0.16036516	0.10459348	-0.07979929	0.09043388	-0.18674849	0.08754041	-0.114250764
0.06730536	-0.07074524	0.10123294	-0.13837942	0.24262309	-0.060431916	0.0843934	-0.23088959	0.99999946	-0.37414926	0.043216597	-0.1372648	0.12001689	-0.7987439	0.2651049	-0.054913014	0.08142061	-0.115431815	0.1681473	-0.15237065	0.05753855	-0.0588739	0.073503286	-0.061548892	0.06709179	-0.02824758	0.038617134	-0.057657786	0.076534756	-0.06290911	0.034577284	-0.042252503	0.08222809	-0.040931042	0.051667806
-0.052298013	0.054601602	-0.067386344	0.083158635	-0.77722937	0.050783664	-0.06907549	0.17763408	-0.37414926	0.9999995	-0.03760827	0.12545301	-0.09936727	0.24944007	-0.37533438	0.04843749	-0.07370486	0.10485444	-0.16303922	0.149016	-0.05357304	0.055139255	-0.071839914	0.0599374	-0.06672067	0.02674375	-0.03678378	0.056219444	-0.07516564	0.06161679	-0.032771662	0.04042598	-0.08034768	0.040066354	-0.050637618
0.17431314	-0.13295527	0.06928575	-0.08164917	0.05398531	-0.41494486	0.24066584	-0.09102796	0.043216597	-0.03760827	0.9999994	-0.11279643	0.075065866	-0.039395444	0.06597162	-0.84495705	0.09332995	-0.09004122	0.0517832	-0.038656242	0.08927855	-0.084789544	0.040520765	-0.02997475	0.028133819	-0.033489022	0.039061386	-0.032651443	0.03953185	-0.025663747	0.036774915	-0.04235785	0.04701183	-0.02181299	0.027814163
-0.096258275	0.092509724	-0.08105597	0.09193623	-0.1919521	0.11018533	-0.1701745	0.28029996	-0.1372648	0.12545301	-0.11279643	0.9999992	-0.51055557	0.12232795	-0.24043378	0.12768134	-0.57539743	0.32820064	-0.19258021	0.13637292	-0.18539906	0.17207468	-0.13695075	0.10040735	-0.09700655	0.07428246	-0.09661089	0.10557912	-0.13497803	0.08704357	-0.090598375	0.0960891	-0.15822795	0.07366681	-0.09531827
0.075916834	-0.077605076	0.07892654	-0.08852255	0.14238577	-0.0851981	0.122984394	-0.6298357	0.12001689	-0.09936727	0.075065866	-0.51055557	0.9999994	-0.10958509	0.17714511	-0.0921873	0.26672027	-0.45278883	0.14470848	-0.10648272	0.11761215	-0.119243704	0.09844953	-0.07344583	0.0706097	-0.04976033	0.065177016	-0.07565829	0.0959424	-0.06406297	0.060269266	-0.06687705	0.11084865	-0.052216295	0.067081966
-0.061115094	0.062273514	-0.089401536	0.105624706	-0.25738093	0.05440146	-0.07693951	0.18302608	-0.7987439	0.24944007	-0.039395444	0.12232795	-0.10958509	0.99999934	-0.40129033	0.04978467	-0.075121365	0.10535206	-0.22882332	0.17718492	-0.05422579	0.055147193	-0.07467942	0.0644913	-0.07250574	0.026903365	-0.037014022	0.057932794	-0.0781962	0.0668785	-0.0329658	0.04048425	-0.08110758	0.04101217	-0.05141697
0.08115099	-0.086851835	0.09150341	-0.117132016	0.27101964	-0.08645808	0.113120236	-0.32646176	0.2651049	-0.37533438	0.06597162	-0.24043378	0.17714511	-0.40129033	0.99999934	-0.086395524	0.1381293	-0.2013355	0.2947251	-0.4567023	0.09871727	-0.1032695	0.13360812	-0.11703079	0.13858439	-0.049647156	0.06838425	-0.10610962	0.14139853	-0.1326356	0.06060731	-0.075715445	0.14697672	-0.07516012	0.09357683
-0.213179	0.14718148	-0.08220086	0.09277344	-0.07060357	0.27334046	-0.3296116	0.1097217	-0.054913014	0.04843749	-0.84495705	0.12768134	-0.0921873	0.04978467	-0.086395524	0.99999917	-0.12240501	0.106794484	-0.06738735	0.049908884	-0.124497525	0.1030522	-0.052727576	0.03885533	-0.03663309	0.043004997	-0.049895693	0.04232128	-0.05164117	0.033296496	-0.047943313	0.05314106	-0.06151108	0.02847979	-0.03643407
0.0657205	-0.06181507	0.05214657	-0.060104888	0.108280815	-0.078997396	0.107990235	-0.20360455	0.08142061	-0.07370486	0.09332995	-0.57539743	0.26672027	-0.075121365	0.1381293	-0.12240501	0.9999991	-0.6939473	0.1252579	-0.09150836	0.17283583	-0.22450317	0.09200596	-0.06776252	0.06191102	-0.06447433	0.08280798	-0.07105033	0.085146	-0.05670722	0.07486032	-0.07987	0.09877261	-0.046252295	0.058484133
-0.075373515	0.07131479	-0.065384544	0.07430829	-0.15629214	0.083955355	-0.121640995	0.24884686	-0.115431815	0.10485444	-0.09004122	0.32820064	-0.45278883	0.10535206	-0.2013355	0.106794484	-0.6939473	0.9999991	-0.19618241	0.13100265	-0.17583865	0.16812395	-0.12910981	0.092912756	-0.08677875	0.06833101	-0.08888657	0.09478574	-0.11803636	0.078521065	-0.08233169	0.087175705	-0.1352576	0.06353027	-0.08101579
0.05977956	-0.063022226	0.064406745	-0.08097992	0.16586772	-0.064883634	0.08535788	-0.24005081	0.1681473	-0.16303922	0.0517832	-0.19258021	0.14470848	-0.22882332	0.2947251	-0.06738735	0.1252579	-0.19618241	0.99999875	-0.77391756	0.08615171	-0.09062905	0.14501163	-0.16173188	0.1785233	-0.044235528	0.061913844	-0.11256305	0.15490766	-0.17514658	0.053599644	-0.06869401	0.13746816	-0.07670726	0.09087565
-0.045767266	0.047734983	-0.05043904	0.062506996	-0.15984754	0.048491564	-0.06463947	0.17189233	-0.15237065	0.149016	-0.038656242	0.13637292	-0.10648272	0.17718492	-0.4567023	0.049908884	-0.09150836	0.13100265	-0.77391756	0.99999815	-0.06676184	0.06904971	-0.13034543	0.13426578	-0.22959189	0.035040118	-0.049763102	0.09734581	-0.1433737	0.16650778	-0.04258046	0.054949902	-0.11925658	0.0675016	-0.08055625
0.05771181	-0.05263593	0.040996484	-0.048810683	0.07719073	-0.07221097	0.09004679	-0.13732202	0.05753855	-0.05357304	0.08927855	-0.18539906	0.11761215	-0.05422579	0.09871727	-0.124497525	0.17283583	-0.17583865	0.08615171	-0.06676184	0.99999803	-0.8250126	0.10771978	-0.078276515	0.062157314	-0.29175544	0.23601764	-0.09792547	0.09442857	-0.059172276	0.21945292	-0.26333514	0.11949827	-0.05343665	0.0639287
-0.05608222	0.050381944	-0.039859414	0.046959925	-0.080373056	0.06709698	-0.08885368	0.1278661	-0.0588739	0.055139255	-0.084789544	0.17207468	-0.119243704	0.055147193	-0.1032695	0.1030522	-0.22450317	0.16812395	-0.09062905	0.06904971	-0.8250126	0.99999803	-0.123952314	0.08372878	-0.06638824	0.21785167	-0.3016517	0.10352026	-0.10239881	0.062223963	-0.24079058	0.22354366	-0.12847748	0.056570817	-0.06835832
0.04143404	-0.042565513	0.039631654	-0.048796825	0.09616759	-0.04720855	0.0614605	-0.15781565	0.073503286	-0.071839914	0.040520765	-0.13695075	0.09844953	-0.07467942	0.13360812	-0.052727576	0.09200596	-0.12910981	0.14501163	-0.13034543	0.10771978	-0.123952314	0.9999983	-0.64735913	0.20422462	-0.06822446	0.10569474	-0.48955172	0.31119126	-0.21537338	0.07834929	-0.118752725	0.27022657	-0.14895535	0.14781359
-0.031178365	0.032040168	-0.030371375	0.037415355	-0.077196606	0.03512228	-0.045959644	0.117361195	-0.061548892	0.0599374	-0.02997475	0.10040735	-0.07344583	0.0644913	-0.11703079	0.03885533	-0.06776252	0.092912756	-0.16173188	0.13426578	-0.078276515	0.08372878	-0.64735913	0.99999833	-0.33510745	0.048926383	-0.07660024	0.26451844	-0.5496627	0.24911426	-0.057634465	0.08429448	-0.23125447	0.1480266	-0.15583876
0.030565979	-0.03169536	0.030733759	-0.03803118	0.08162661	-0.034042887	0.044549488	-0.117162995	0.06709179	-0.06672067	0.028133819	-0.09700655	0.0706097	-0.07250574	0.13858439	-0.03663309	0.06191102	-0.08677875	0.1785233	-0.22959189	0.062157314	-0.06638824	0.20422462	-0.33510745	0.9999985	-0.03819943	0.057617735	-0.16667591	0.2655311	-0.8220482	0.045529656	-0.06581418	0.15504141	-0.1146416	0.12190956
-0.024317712	0.022727653	-0.018536309	0.022225367	-0.038311966	0.029331572	-0.037696872	0.063929975	-0.02824758	0.02674375	-0.033489022	0.07428246	-0.04976033	0.026903365	-0.049647156	0.043004997	-0.06447433	0.06833101	-0.044235528	0.035040118	-0.29175544	0.21785167	-0.06822446	0.048926383	-0.03819943	0.99999833	-0.46249193	0.07820802	-0.06306041	0.03682563	-0.77859217	0.30191717	-0.08996735	0.03658982	-0.042432666
0.030580567	-0.029088195	0.024351157	-0.02930641	0.052409913	-0.036395665	0.047230706	-0.08640496	0.038617134	-0.03678378	0.039061386	-0.09661089	0.065177016	-0.037014022	0.06838425	-0.049895693	0.08280798	-0.08888657	0.061913844	-0.049763102	0.23601764	-0.3016517	0.10569474	-0.07660024	0.057617735	-0.46249193	0.99999833	-0.14849675	0.09799383	-0.05651576	0.30579743	-0.74569595	0.14590038	-0.057713605	0.06484742
-0.032808296	0.033487197	-0.031004127	0.038104404	-0.07606815	0.0373993	-0.04875209	0.12121184	-0.057657786	0.056219444	-0.032651443	0.10557912	-0.07565829	0.057932794	-0.10610962	0.04232128	-0.07105033	0.09478574	-0.11256305	0.09734581	-0.09792547	0.10352026	-0.48955172	0.26451844	-0.16667591	0.07820802	-0.14849675	0.9999983	-0.4077147	0.16727021	-0.08854765	0.14116657	-0.6573871	0.17912921	-0.18276714
0.041598063	-0.043008752	0.04037604	-0.049861453	0.09976648	-0.047190767	0.06132687	-0.16036516	0.076534756	-0.07516564	0.03953185	-0.13497803	0.0959424	-0.0781962	0.14139853	-0.05164117	0.085146	-0.11803636	0.15490766	-0.1433737	0.09442857	-0.10239881	0.31119126	-0.5496627	0.2655311	-0.06306041	0.09799383	-0.4077147	0.99999845	-0.3902671	0.073590785	-0.112756625	0.2710429	-0.27668113	0.21576242
-0.027804734	0.028710399	-0.027970491	0.034492157	-0.07678104	0.030832557	-0.040510997	0.10459348	-0.06290911	0.06161679	-0.025663747	0.08704357	-0.06406297	0.0668785	-0.1326356	0.033296496	-0.05670722	0.078521065	-0.17514658	0.16650778	-0.059172276	0.062223963	-0.21537338	0.24911426	-0.8220482	0.03682563	-0.05651576	0.16727021	-0.3902671	0.9999987	-0.044075698	0.06336045	-0.16909383	0.12970704	-0.15066755
0.028540613	-0.027158247	0.022469133	-0.02705687	0.04690039	-0.034397293	0.04406652	-0.07979929	0.034577284	-0.032771662	0.036774915	-0.090598375	0.060269266	-0.0329658	0.06060731	-0.047943313	0.07486032	-0.08233169	0.053599644	-0.04258046	0.21945292	-0.24079058	0.07834929	-0.057634465	0.045529656	-0.77859217	0.30579743	-0.08854765	0.073590785	-0.044075698	0.99999887	-0.47380581	0.10572893	-0.043901805	0.05086868
-0.033220544	0.03137614	-0.026242234	0.031546425	-0.057769742	0.039168578	-0.05133861	0.09043388	-0.042252503	0.04042598	-0.04235785	0.0960891	-0.06687705	0.04048425	-0.075715445	0.05314106	-0.07987	0.087175705	-0.06869401	0.054949902	-0.26333514	0.22354366	-0.118752725	0.08429448	-0.06581418	0.30191717	-0.74569595	0.14116657	-0.112756625	0.06336045	-0.47380581	0.99999887	-0.18826744	0.06818498	-0.07874952
0.04862313	-0.05014984	0.04635222	-0.057171553	0.11132543	-0.0556395	0.07203734	-0.18674849	0.08222809	-0.08034768	0.04701183	-0.15822795	0.11084865	-0.08110758	0.14697672	-0.06151108	0.09877261	-0.1352576	0.13746816	-0.11925658	0.11949827	-0.12847748	0.27022657	-0.23125447	0.15504141	-0.08996735	0.14590038	-0.6573871	0.2710429	-0.16909383	0.10572893	-0.18826744	0.9999992	-0.2833052	0.21907389
-0.02284493	0.023581028	-0.022024445	0.027166469	-0.054408796	0.025964268	-0.03373529	0.08754041	-0.040931042	0.040066354	-0.02181299	0.07366681	-0.052216295	0.04101217	-0.07516012	0.02847979	-0.046252295	0.06353027	-0.07670726	0.0675016	-0.05343665	0.056570817	-0.14895535	0.1480266	-0.1146416	0.03658982	-0.057713605	0.17912921	-0.27668113	0.12970704	-0.043901805	0.06818498	-0.2833052	0.9999992	-0.8773846
0.029396083	-0.030453883	0.028400168	-0.03507574	0.069387004	-0.033471122	0.043380756	-0.114250764	0.051667806	-0.050637618	0.027814163	-0.09531827	0.067081966	-0.05141697	0.09357683	-0.03643407	0.058484133	-0.08101579	0.09087565	-0.08055625	0.0639287	-0.06835832	0.14781359	-0.15583876	0.12190956	-0.042432666	0.06484742	-0.18276714	0.21576242	-0.15066755	0.05086868	-0.07874952	0.21907389	-0.8773846	0.9999992
