0.4593305457383394
0.252798467874527
1.5542446989566088
0.8450633529573679
0.39680646173655987
1.1713074278086424
0.7559811342507601
1.5543476473540068
0.040583567693829536
1.3311540763825178
1.909122759476304
1.630342312157154
1.2546255812048912
1.8787863906472921
1.8232186902314425
0.4207849856466055
0.3754825238138437
1.039195392280817
1.1460064761340618
0.25071764551103115
1.1650006137788296
1.1051419209688902
0.7091546170413494
0.2981993015855551
1.0822314992547035
0.8040375430136919
1.3952005691826344
1.8325244765728712
1.0449314787983894
1.2027356438338757
0.6990011874586344
0.9871742706745863
1.4873996209353209
0.02734936960041523
1.2762052230536938
1.3827553857117891
0.2450142353773117
1.0133414901793003
0.10802505910396576
1.1006898880004883
1.6951493620872498
0.2406451255083084
0.012475429102778435
1.585577541962266
1.6189357750117779
0.7098449133336544
1.8728052228689194
1.705670753493905
1.934716572985053
1.0958490055054426
1.5692261569201946
1.0303692743182182
1.35929168574512
0.22251409478485584
1.0949203222990036
0.8638937901705503
0.515588840469718
1.3779902569949627
