0.5743357352912426
0.3138276617974043
0.4842237401753664
0.6361450236290693
1.9858053624629974
0.8360581826418638
1.2044276241213083
0.23291057907044888
1.3480417393147945
1.2244460973888636
1.6413464285433292
1.7217242140322924
1.0875570680946112
0.5301456805318594
1.8210715726017952
0.6429805718362331
0.2965228818356991
0.10885869152843952
0.9964393954724073
1.896021492779255
0.9662780296057463
1.865446075797081
0.47928715869784355
1.1292264834046364
1.048121465370059
0.6870672143995762
0.6072997618466616
0.42670441791415215
0.14185640774667263
0.11247786320745945
0.22951822355389595
1.7235763650387526
0.31242808885872364
1.8946156837046146
0.0638385210186243
0.9079676680266857
1.4519400522112846
0.009081518277525902
0.22407164797186852
1.708798000589013
0.34598638117313385
1.7967075258493423
1.5390801467001438
0.5427355635911226
1.4511394165456295
0.875235803425312
1.623735286295414
0.41567479260265827
1.267206035554409
1.8336967639625072
1.376766636967659
0.2865925058722496
1.9629136826843023
0.24655028991401196
0.45182190649211407
0.2934940941631794
1.8595515508204699
1.185670217499137
