1.0000001	-0.9414796	0.04375269	-0.03901491	0.033057828	-0.24808201	0.18402962	-0.047401465	0.043775775	-0.028971205	0.079461135	-0.11509922	0.045776308	-0.0397338	0.03204098	-0.069449455	0.08971298	-0.049822535	0.048081234	-0.031934716	0.048580818	-0.04637097	0.02720769	-0.027751531	0.026286758	-0.042353302	0.040605992	-0.026673086	0.022265075	-0.021714048	0.035981216	-0.025168113	0.031725336	-0.015094773	0.018575275
-0.9414796	1.0000001	-0.047374733	0.04025632	-0.034471404	0.1957409	-0.2318995	0.04939511	-0.04621719	0.029924458	-0.08180897	0.115308076	-0.047507383	0.040702045	-0.033170797	0.06912578	-0.095830366	0.050881762	-0.05001976	0.0327913	-0.051317338	0.04831407	-0.028294776	0.028568527	-0.02716899	0.043724716	-0.042653747	0.02762678	-0.023001548	0.022337051	-0.03784765	0.026304048	-0.032739684	0.015564009	-0.019157745
0.04375269	-0.047374733	1.0000006	-0.7879738	0.20168647	-0.09074755	0.081349775	-0.4672199	0.28841063	-0.19070685	0.047115494	-0.07171687	0.12698913	-0.1258704	0.11541462	-0.047088206	0.06360665	-0.10854764	0.10212574	-0.11909448	0.04030198	-0.040247258	0.04319555	-0.06958756	0.06743488	-0.044496562	0.0401168	-0.043949965	0.04889082	-0.0559905	0.03390244	-0.025480878	0.051797263	-0.028911864	0.034557708
-0.03901491	0.04025632	-0.7879738	1.0000004	-0.31535614	0.08114586	-0.07377531	0.2883789	-0.39967462	0.2035839	-0.04441328	0.06601258	-0.12909198	0.12553543	-0.12453837	0.04418663	-0.061128605	0.10419421	-0.10531842	0.11806848	-0.038952347	0.038671356	-0.042275373	0.06801556	-0.06772081	0.042809494	-0.038950205	0.04271417	-0.04841875	0.054863352	-0.03297347	0.024706502	-0.05096698	0.0284416	-0.03409889
0.033057828	-0.034471404	0.20168647	-0.31535614	1.0	-0.09813414	0.07694355	-0.20879053	0.22291856	-0.7902026	0.053734664	-0.078448065	0.14216389	-0.1585382	0.2511525	-0.056468178	0.077460185	-0.15438434	0.14580017	-0.27016252	0.05375325	-0.05442727	0.07141633	-0.13339493	0.1294897	-0.064870976	0.057651695	-0.07400138	0.08860495	-0.10781516	0.047700394	-0.036865186	0.0834154	-0.049840793	0.058638975
-0.24808201	0.1957409	-0.09074755	0.08114586	-0.09813414	1.0000002	-0.6556371	0.1212539	-0.124669164	0.08237857	-0.33039248	0.31410134	-0.1447233	0.120274924	-0.102728784	0.23274127	-0.359762	0.16149601	-0.1685675	0.09967573	-0.19356592	0.17371185	-0.10014461	0.09392197	-0.08989062	0.15486497	-0.15912043	0.09640882	-0.07794691	0.07323222	-0.14325838	0.09707451	-0.11532295	0.05363416	-0.0663816
0.18402962	-0.2318995	0.081349775	-0.07377531	0.07694355	-0.6556371	1.0000001	-0.13450138	0.11274187	-0.0681568	0.23615645	-0.5758895	0.1306408	-0.11276221	0.080091715	-0.21403219	0.2442726	-0.1333128	0.121957235	-0.07999292	0.12378069	-0.12579091	0.06787158	-0.06895659	0.064795874	-0.10983353	0.101775855	-0.067031704	0.054599907	-0.053528372	0.08833968	-0.063215725	0.07642562	-0.0366838	0.044922877
-0.047401465	0.04939511	-0.4672199	0.2883789	-0.20879053	0.1212539	-0.13450138	1.0000001	-0.74300736	0.1834776	-0.06666106	0.104347266	-0.24180615	0.19475468	-0.1401347	0.0641335	-0.088064685	0.14152941	-0.1429614	0.12849678	-0.05289552	0.0524302	-0.05159994	0.07713674	-0.076927185	0.05531021	-0.05081263	0.05159424	-0.0559052	0.061728742	-0.043199852	0.032042388	-0.060966667	0.033271525	-0.040040642
0.043775775	-0.04621719	0.28841063	-0.39967462	0.22291856	-0.124669164	0.11274187	-0.74300736	0.99999964	-0.27240908	0.06587853	-0.102774866	0.20715913	-0.25347927	0.16307104	-0.06574003	0.088403344	-0.15960455	0.15054475	-0.15944327	0.054931484	-0.05504054	0.057811536	-0.091236085	0.08924098	-0.05993744	0.054130163	-0.05852246	0.0642399	-0.073035724	0.045687735	-0.034321547	0.067917965	-0.037848756	0.04523477
-0.028971205	0.029924458	-0.19070685	0.2035839	-0.7902026	0.08237857	-0.0681568	0.1834776	-0.27240908	0.9999996	-0.04715889	0.068829566	-0.14516146	0.15537395	-0.3924996	0.04860972	-0.06811655	0.13195708	-0.13942192	0.23018241	-0.046323616	0.046514057	-0.06042067	0.109084144	-0.118360125	0.0542609	-0.04920427	0.061141856	-0.07598338	0.08871216	-0.040926825	0.031304475	-0.070789	0.041969918	-0.04990075
0.079461135	-0.08180897	0.047115494	-0.04441328	0.053734664	-0.33039248	0.23615645	-0.06666106	0.06587853	-0.04715889	0.9999993	-0.46721825	0.10121806	-0.08533994	0.06119159	-0.7412871	0.28853604	-0.11402989	0.10090545	-0.061448324	0.12831627	-0.13493717	0.06059936	-0.056769893	0.052654237	-0.10645874	0.09799296	-0.059886184	0.044984978	-0.043261405	0.082438745	-0.059880123	0.062890105	-0.030107694	0.036674343
-0.11509922	0.115308076	-0.07171687	0.06601258	-0.078448065	0.31410134	-0.5758895	0.104347266	-0.102774866	0.068829566	-0.46721825	0.99999934	-0.18675396	0.133135	-0.08997836	0.28083828	-0.45485172	0.15520875	-0.14595178	0.087880865	-0.17295346	0.16977444	-0.081797704	0.07743549	-0.07307784	0.13290165	-0.13217622	0.07958461	-0.061380293	0.05920421	-0.11139273	0.07886944	-0.0837445	0.04042136	-0.04921829
0.045776308	-0.047507383	0.12698913	-0.12909198	0.14216389	-0.1447233	0.1306408	-0.24180615	0.20715913	-0.14516146	0.10121806	-0.18675396	0.99999917	-0.7718459	0.20732515	-0.099557795	0.13821557	-0.37969068	0.2703814	-0.20707135	0.078913845	-0.080382094	0.08180929	-0.11804781	0.113895096	-0.08293369	0.07577756	-0.081403516	0.08229002	-0.09197649	0.06312479	-0.047592565	0.086324826	-0.048002653	0.057093397
-0.0397338	0.040702045	-0.1258704	0.12553543	-0.1585382	0.120274924	-0.11276221	0.19475468	-0.25347927	0.15537395	-0.08533994	0.133135	-0.7718459	0.99999887	-0.30658197	0.081695564	-0.11929143	0.26458776	-0.35334828	0.20940147	-0.069927	0.06984946	-0.07460086	0.11310608	-0.116497725	0.07334499	-0.068033576	0.07349294	-0.08005033	0.08836707	-0.05691601	0.042658977	-0.08078985	0.04549796	-0.054319702
0.03204098	-0.033170797	0.11541462	-0.12453837	0.2511525	-0.102728784	0.080091715	-0.1401347	0.16307104	-0.3924996	0.06119159	-0.08997836	0.20732515	-0.30658197	0.9999985	-0.06473435	0.09084952	-0.20212755	0.20881212	-0.7156491	0.06394926	-0.065323815	0.09576445	-0.2005051	0.21302898	-0.07834494	0.07064137	-0.098594785	0.12616207	-0.16096975	0.05737421	-0.04498329	0.101926	-0.065565884	0.07609805
-0.069449455	0.06912578	-0.047088206	0.04418663	-0.056468178	0.23274127	-0.21403219	0.0641335	-0.06574003	0.04860972	-0.7412871	0.28083828	-0.099557795	0.081695564	-0.06473435	0.9999984	-0.4990636	0.121427484	-0.113248765	0.06426736	-0.1782489	0.1729489	-0.072485015	0.06291534	-0.05846952	0.12782831	-0.12609494	0.07052327	-0.05053265	0.047492813	-0.10417795	0.07434224	-0.070883155	0.033706598	-0.040991645
0.08971298	-0.095830366	0.06360665	-0.061128605	0.077460185	-0.359762	0.2442726	-0.088064685	0.088403344	-0.06811655	0.28853604	-0.45485172	0.13821557	-0.11929143	0.09084952	-0.4990636	0.99999875	-0.21815184	0.16219363	-0.0932437	0.2429611	-0.41746798	0.10675201	-0.09311746	0.083551995	-0.21100602	0.18285675	-0.10833996	0.072283044	-0.06897443	0.14171393	-0.11242221	0.1001637	-0.04820377	0.058124457
-0.049822535	0.050881762	-0.10854764	0.10419421	-0.15438434	0.16149601	-0.1333128	0.14152941	-0.15960455	0.13195708	-0.11402989	0.15520875	-0.37969068	0.26458776	-0.20212755	0.121427484	-0.21815184	0.9999986	-0.77239853	0.19658558	-0.11523546	0.11592224	-0.13909219	0.14790808	-0.14420632	0.11693793	-0.112500854	0.121596366	-0.11173584	0.11037587	-0.093040146	0.06949096	-0.12718788	0.06632967	-0.08012054
0.048081234	-0.05001976	0.10212574	-0.10531842	0.14580017	-0.1685675	0.121957235	-0.1429614	0.15054475	-0.13942192	0.10090545	-0.14595178	0.2703814	-0.35334828	0.20881212	-0.113248765	0.16219363	-0.77239853	0.99999857	-0.27432597	0.09929185	-0.10327236	0.12342326	-0.17913799	0.15781473	-0.113148704	0.10086805	-0.1223374	0.118243374	-0.12718031	0.0829443	-0.06403997	0.123983115	-0.06858596	0.0812744
-0.031934716	0.0327913	-0.11909448	0.11806848	-0.27016252	0.09967573	-0.07999292	0.12849678	-0.15944327	0.23018241	-0.061448324	0.087880865	-0.20707135	0.20940147	-0.7156491	0.06426736	-0.0932437	0.19658558	-0.27432597	0.99999857	-0.06639243	0.067064695	-0.10566233	0.21356143	-0.3840397	0.07988192	-0.07450438	0.102461025	-0.15201615	0.17585242	-0.060695328	0.047070105	-0.11255193	0.07320522	-0.08695757
0.048580818	-0.051317338	0.04030198	-0.038952347	0.05375325	-0.19356592	0.12378069	-0.05289552	0.054931484	-0.046323616	0.12831627	-0.17295346	0.078913845	-0.069927	0.06394926	-0.1782489	0.2429611	-0.11523546	0.09929185	-0.06639243	0.9999983	-0.6895228	0.12150573	-0.0847329	0.07290481	-0.5437804	0.26481295	-0.12647672	0.06633867	-0.05995559	0.19345252	-0.16175525	0.09434777	-0.04458544	0.0528394
-0.04637097	0.04831407	-0.040247258	0.038671356	-0.05442727	0.17371185	-0.12579091	0.0524302	-0.05504054	0.046514057	-0.13493717	0.16977444	-0.080382094	0.06984946	-0.065323815	0.1729489	-0.41746798	0.11592224	-0.10327236	0.067064695	-0.6895228	0.999998	-0.14875463	0.088565126	-0.07679834	0.29747882	-0.38588008	0.14061564	-0.06959821	0.061473813	-0.21853778	0.17248763	-0.0961231	0.045460783	-0.053582206
0.02720769	-0.028294776	0.04319555	-0.042275373	0.07141633	-0.10014461	0.06787158	-0.05159994	0.057811536	-0.06042067	0.06059936	-0.081797704	0.08180929	-0.07460086	0.09576445	-0.072485015	0.10675201	-0.13909219	0.12342326	-0.10566233	0.12150573	-0.14875463	0.9999982	-0.32581064	0.17576703	-0.18428273	0.19503531	-0.8348281	0.15882985	-0.13253336	0.11940624	-0.11939084	0.16510512	-0.08879556	0.09366198
-0.027751531	0.028568527	-0.06958756	0.06801556	-0.13339493	0.09392197	-0.06895659	0.07713674	-0.091236085	0.109084144	-0.056769893	0.07743549	-0.11804781	0.11310608	-0.2005051	0.06291534	-0.09311746	0.14790808	-0.17913799	0.21356143	-0.0847329	0.088565126	-0.32581064	0.9999981	-0.6265042	0.113299824	-0.11558063	0.21717347	-0.4852746	0.30283237	-0.08568976	0.07058742	-0.1833114	0.14069857	-0.1593196
0.026286758	-0.02716899	0.06743488	-0.06772081	0.1294897	-0.08989062	0.064795874	-0.076927185	0.08924098	-0.118360125	0.052654237	-0.07307784	0.113895096	-0.116497725	0.21302898	-0.05846952	0.083551995	-0.14420632	0.15781473	-0.3840397	0.07290481	-0.07679834	0.17576703	-0.6265042	0.99999774	-0.10143826	0.09411143	-0.18020207	0.2958673	-0.49400645	0.07149555	-0.05982526	0.15009646	-0.12368854	0.13812271
-0.042353302	0.043724716	-0.044496562	0.042809494	-0.064870976	0.15486497	-0.10983353	0.05531021	-0.05993744	0.0542609	-0.10645874	0.13290165	-0.08293369	0.07334499	-0.07834494	0.12782831	-0.21100602	0.11693793	-0.113148704	0.07988192	-0.5437804	0.29747882	-0.18428273	0.113299824	-0.10143826	0.9999977	-0.532222	0.17677215	-0.09453246	0.08080398	-0.43003795	0.26445946	-0.13634804	0.062782004	-0.07462926
0.040605992	-0.042653747	0.0401168	-0.038950205	0.057651695	-0.15912043	0.101775855	-0.05081263	0.054130163	-0.04920427	0.09799296	-0.13217622	0.07577756	-0.068033576	0.07064137	-0.12609494	0.18285675	-0.112500854	0.10086805	-0.07450438	0.26481295	-0.38588008	0.19503531	-0.11558063	0.09411143	-0.532222	0.9999975	-0.2824748	0.087414965	-0.07659713	0.30970842	-0.52468544	0.12243623	-0.05820083	0.066462554
-0.026673086	0.02762678	-0.043949965	0.04271417	-0.07400138	0.09640882	-0.067031704	0.05159424	-0.05852246	0.061141856	-0.059886184	0.07958461	-0.081403516	0.07349294	-0.098594785	0.07052327	-0.10833996	0.121596366	-0.1223374	0.102461025	-0.12647672	0.14061564	-0.8348281	0.21717347	-0.18020207	0.17677215	-0.2824748	0.9999974	-0.16745754	0.12776323	-0.13968971	0.13027038	-0.21177629	0.09460868	-0.10142964
0.022265075	-0.023001548	0.04889082	-0.04841875	0.08860495	-0.07794691	0.054599907	-0.0559052	0.0642399	-0.07598338	0.044984978	-0.061380293	0.08229002	-0.08005033	0.12616207	-0.05053265	0.072283044	-0.11173584	0.118243374	-0.15201615	0.06633867	-0.06959821	0.15882985	-0.4852746	0.2958673	-0.09453246	0.087414965	-0.16745754	0.9999977	-0.7167256	0.06704512	-0.05617296	0.18412209	-0.2571457	0.21473259
-0.021714048	0.022337051	-0.0559905	0.054863352	-0.10781516	0.07323222	-0.053528372	0.061728742	-0.073035724	0.08871216	-0.043261405	0.05920421	-0.09197649	0.08836707	-0.16096975	0.047492813	-0.06897443	0.11037587	-0.12718031	0.17585242	-0.05995559	0.061473813	-0.13253336	0.30283237	-0.49400645	0.08080398	-0.07659713	0.12776323	-0.7167256	0.99999785	-0.060590804	0.048914976	-0.17894907	0.19342664	-0.25451759
0.035981216	-0.03784765	0.03390244	-0.03297347	0.047700394	-0.14325838	0.08833968	-0.043199852	0.045687735	-0.040926825	0.082438745	-0.11139273	0.06312479	-0.05691601	0.05737421	-0.10417795	0.14171393	-0.093040146	0.0829443	-0.060695328	0.19345252	-0.21853778	0.11940624	-0.08568976	0.07149555	-0.43003795	0.30970842	-0.13968971	0.06704512	-0.060590804	0.99999774	-0.7720722	0.10348873	-0.048031952	0.055711497
-0.025168113	0.026304048	-0.025480878	0.024706502	-0.036865186	0.09707451	-0.063215725	0.032042388	-0.034321547	0.031304475	-0.059880123	0.07886944	-0.047592565	0.042658977	-0.04498329	0.07434224	-0.11242221	0.06949096	-0.06403997	0.047070105	-0.16175525	0.17248763	-0.11939084	0.07058742	-0.05982526	0.26445946	-0.52468544	0.13027038	-0.05617296	0.048914976	-0.7720722	0.99999774	-0.08722289	0.039350618	-0.044846788
0.031725336	-0.032739684	0.051797263	-0.05096698	0.0834154	-0.11532295	0.07642562	-0.060966667	0.067917965	-0.070789	0.062890105	-0.0837445	0.086324826	-0.08078985	0.101926	-0.070883155	0.1001637	-0.12718788	0.123983115	-0.11255193	0.09434777	-0.0961231	0.16510512	-0.1833114	0.15009646	-0.13634804	0.12243623	-0.21177629	0.18412209	-0.17894907	0.10348873	-0.08722289	0.999998	-0.4070977	0.2775593
-0.015094773	0.015564009	-0.028911864	0.0284416	-0.049840793	0.05363416	-0.0366838	0.033271525	-0.037848756	0.041969918	-0.030107694	0.04042136	-0.048002653	0.04549796	-0.065565884	0.033706598	-0.04820377	0.06632967	-0.06858596	0.07320522	-0.04458544	0.045460783	-0.08879556	0.14069857	-0.12368854	0.062782004	-0.05820083	0.09460868	-0.2571457	0.19342664	-0.048031952	0.039350618	-0.4070977	0.9999981	-0.8221392
0.018575275	-0.019157745	0.034557708	-0.03409889	0.058638975	-0.0663816	0.044922877	-0.040040642	0.04523477	-0.04990075	0.036674343	-0.04921829	0.057093397	-0.054319702	0.07609805	-0.040991645	0.058124457	-0.08012054	0.0812744	-0.08695757	0.0528394	-0.053582206	0.09366198	-0.1593196	0.13812271	-0.07462926	0.066462554	-0.10142964	0.21473259	-0.25451759	0.055711497	-0.044846788	0.2775593	-0.8221392	0.9999981
