0.99999994	-0.77632016	0.17173705	-0.07225218	0.085568994	-0.25089228	0.27386463	-0.1636329	0.09698835	-0.08090682	0.18985471	-0.23695196	0.19303252	-0.12014344	0.10854802	-0.20980383	0.16293882	-0.16910963	0.16562213	-0.21359687	0.20629065	-0.17880696	0.13293451	-0.12872691	0.1461898	-0.0704485	0.07216709	-0.1107187	0.07794184	-0.036900487	0.050108068	-0.044966668	0.13403958	-0.104617715	0.036826093
-0.77632016	1.0	-0.18653758	0.06866559	-0.08220444	0.21415934	-0.44746342	0.1544948	-0.09010472	0.073157646	-0.18924907	0.2227403	-0.19957535	0.10813961	-0.10071532	0.16952926	-0.14442822	0.14366692	-0.14590944	0.15906402	-0.17865534	0.14393197	-0.11069106	0.1042094	-0.11945304	0.05688349	-0.05895789	0.08707335	-0.061942868	0.029030286	-0.040233597	0.03598428	-0.10714102	0.08086612	-0.02916138
0.17173705	-0.18653758	1.0000001	-0.23817341	0.19372176	-0.15643917	0.17821774	-0.7801336	0.15473226	-0.13363399	0.14595559	-0.21090378	0.263482	-0.16421384	0.14029586	-0.17970498	0.1531936	-0.18737663	0.17546576	-0.21488458	0.18227832	-0.17083101	0.13084845	-0.12875938	0.14271584	-0.06524831	0.06692111	-0.1060709	0.07459131	-0.03514566	0.046468504	-0.04176407	0.124797285	-0.099103436	0.035050824
-0.07225218	0.06866559	-0.23817341	1.0000004	-0.8794689	0.06405183	-0.072048925	0.16153759	-0.30404368	0.19639248	-0.062328625	0.083978325	-0.10973171	0.12958226	-0.12283946	0.07813586	-0.06846866	0.08576919	-0.092179246	0.10639777	-0.083957985	0.07743929	-0.06178132	0.06236676	-0.06997851	0.030125393	-0.030996513	0.04961784	-0.03510833	0.016590023	-0.021753589	0.019518856	-0.058781967	0.04630533	-0.016574778
0.085568994	-0.08220444	0.19372176	-0.8794689	1.0000007	-0.077671185	0.084916286	-0.18343753	0.23040363	-0.24144146	0.07469353	-0.100625254	0.12487591	-0.15451905	0.13617097	-0.09609637	0.08294985	-0.10380785	0.109063976	-0.1349657	0.102652356	-0.09565897	0.07551963	-0.076804124	0.08590917	-0.037264664	0.038241804	-0.061623394	0.043481138	-0.020603577	0.026904698	-0.024161173	0.07270849	-0.05778164	0.020548504
-0.25089228	0.21415934	-0.15643917	0.06405183	-0.077671185	1.0000004	-0.49215218	0.14434724	-0.0902347	0.07331412	-0.7053468	0.27551976	-0.21631019	0.11312163	-0.10414606	0.2513994	-0.19271158	0.16235203	-0.16137685	0.15857144	-0.22465122	0.1665333	-0.1245058	0.11286849	-0.12747656	0.06407922	-0.06680578	0.09277021	-0.066162884	0.030512694	-0.04317739	0.038658883	-0.112445146	0.084318876	-0.030747496
0.27386463	-0.44746342	0.17821774	-0.072048925	0.084916286	-0.49215218	1.0000001	-0.19721591	0.09872297	-0.08266855	0.2821865	-0.54299796	0.25172478	-0.13233522	0.1140584	-0.23857957	0.19544376	-0.18616967	0.16878866	-0.18096018	0.19731498	-0.18511474	0.13142575	-0.12269055	0.13379732	-0.06549028	0.06752081	-0.10035086	0.070712596	-0.032713257	0.04463517	-0.040138546	0.117556415	-0.09154763	0.03277005
-0.1636329	0.1544948	-0.7801336	0.16153759	-0.18343753	0.14434724	-0.19721591	1.0000004	-0.15818241	0.12357781	-0.14558683	0.20888245	-0.4193082	0.1633399	-0.14849687	0.1571273	-0.14555915	0.17583956	-0.17407839	0.17264694	-0.16500379	0.14804624	-0.118771285	0.113165654	-0.12622145	0.05638873	-0.058449376	0.090362564	-0.06423198	0.029927341	-0.040139213	0.03596698	-0.10769893	0.082990386	-0.030028924
0.09698835	-0.09010472	0.15473226	-0.30404368	0.23040363	-0.0902347	0.09872297	-0.15818241	1.0000007	-0.77063364	0.08858677	-0.12196478	0.16036	-0.3405149	0.27877134	-0.11473144	0.10248821	-0.13676399	0.15276444	-0.1709864	0.121421956	-0.117504396	0.094769284	-0.098659545	0.10806249	-0.04471603	0.045988776	-0.0750198	0.05305688	-0.025000457	0.03220711	-0.028932437	0.08715905	-0.069461904	0.024960333
-0.08090682	0.073157646	-0.13363399	0.19639248	-0.24144146	0.07331412	-0.08266855	0.12357781	-0.77063364	1.0000006	-0.07352115	0.099616535	-0.14102522	0.2647654	-0.46452576	0.09241958	-0.08455309	0.112089545	-0.1353416	0.13506597	-0.10007427	0.094405875	-0.07818188	0.08044341	-0.09031029	0.03619987	-0.037402913	0.06048914	-0.043053627	0.020256003	-0.02624359	0.023528142	-0.07118751	0.055723518	-0.020291444
0.18985471	-0.18924907	0.14595559	-0.062328625	0.07469353	-0.7053468	0.2821865	-0.14558683	0.08858677	-0.07352115	1.0000001	-0.35979062	0.21105681	-0.11661431	0.10304481	-0.43490672	0.2178014	-0.1818949	0.16508216	-0.17053808	0.22251827	-0.19323803	0.13265035	-0.12103547	0.13142678	-0.06794037	0.06991677	-0.099052474	0.0698681	-0.032066964	0.044660144	-0.04020446	0.115657285	-0.08949194	0.032178268
-0.23695196	0.2227403	-0.21090378	0.083978325	-0.100625254	0.27551976	-0.54299796	0.20888245	-0.12196478	0.099616535	-0.35979062	1.0000006	-0.5273973	0.16865969	-0.14965461	0.2486518	-0.30432433	0.22824547	-0.20959055	0.18980326	-0.21922033	0.2093664	-0.15459737	0.13799503	-0.15023354	0.07147709	-0.074790694	0.10924197	-0.077735156	0.03545799	-0.04864671	0.04365548	-0.12807208	0.09778997	-0.03569145
0.19303252	-0.19957535	0.263482	-0.10973171	0.12487591	-0.21631019	0.25172478	-0.4193082	0.16036	-0.14102522	0.21105681	-0.5273973	1.0000006	-0.32266197	0.20482494	-0.24491744	0.23340005	-0.36632112	0.25424567	-0.24268956	0.21856855	-0.23043396	0.17566675	-0.16678008	0.17297092	-0.07880933	0.08133185	-0.12878898	0.090315044	-0.041413225	0.05448763	-0.049066745	0.1451977	-0.11557626	0.041414496
-0.12014344	0.10813961	-0.16421384	0.12958226	-0.15451905	0.11312163	-0.13233522	0.1633399	-0.3405149	0.2647654	-0.11661431	0.16865969	-0.32266197	1.0000006	-0.73480904	0.14253153	-0.13868502	0.19862577	-0.30167127	0.19583827	-0.1493292	0.14677268	-0.12564106	0.13027337	-0.13939084	0.054248255	-0.05630386	0.09164819	-0.06549304	0.030337283	-0.038997762	0.03497571	-0.105698854	0.08275831	-0.030444069
0.10854802	-0.10071532	0.14029586	-0.12283946	0.13617097	-0.10414606	0.1140584	-0.14849687	0.27877134	-0.46452576	0.10304481	-0.14965461	0.20482494	-0.73480904	1.0000007	-0.13374619	0.12263672	-0.17408279	0.20050788	-0.21394975	0.13831632	-0.1387873	0.11358651	-0.12049289	0.13041843	-0.051440675	0.05301501	-0.08724841	0.061801415	-0.028960831	0.036942825	-0.03319167	0.10007947	-0.07975898	0.028949136
-0.20980383	0.16952926	-0.17970498	0.07813586	-0.09609637	0.2513994	-0.23857957	0.1571273	-0.11473144	0.09241958	-0.43490672	0.2486518	-0.24491744	0.14253153	-0.13374619	1.0000008	-0.52533615	0.2502687	-0.24897805	0.22058894	-0.4875608	0.28164527	-0.20357163	0.17174442	-0.19265664	0.10731185	-0.11247315	0.14064926	-0.10087365	0.04556606	-0.06714971	0.060161863	-0.16874917	0.12498399	-0.046093613
0.16293882	-0.14442822	0.1531936	-0.06846866	0.08294985	-0.19271158	0.19544376	-0.14555915	0.10248821	-0.08455309	0.2178014	-0.30432433	0.23340005	-0.13868502	0.12263672	-0.52533615	1.0000006	-0.43365705	0.25636947	-0.21548685	0.27081418	-0.5452804	0.23377174	-0.19132847	0.18379448	-0.099625856	0.104568996	-0.144629	0.10060809	-0.043763302	0.060747877	-0.05512342	0.15425208	-0.12081922	0.04404043
-0.16910963	0.14366692	-0.18737663	0.08576919	-0.10380785	0.16235203	-0.18616967	0.17583956	-0.13676399	0.112089545	-0.1818949	0.22824547	-0.36632112	0.19862577	-0.17408279	0.2502687	-0.43365705	1.0000007	-0.6182883	0.25395742	-0.25159082	0.28171447	-0.3195041	0.23627019	-0.22757384	0.091609076	-0.097565725	0.16133611	-0.116157725	0.04983955	-0.06445716	0.057779085	-0.17463797	0.13395105	-0.05044595
0.16562213	-0.14590944	0.17546576	-0.092179246	0.109063976	-0.16137685	0.16878866	-0.17407839	0.15276444	-0.1353416	0.16508216	-0.20959055	0.25424567	-0.30167127	0.20050788	-0.24897805	0.25636947	-0.6182883	1.0000005	-0.38627928	0.24152859	-0.29345343	0.26074353	-0.34795326	0.25849387	-0.097182624	0.10048517	-0.1790204	0.1263838	-0.056412913	0.06820453	-0.061574582	0.18502921	-0.15475926	0.056173366
-0.21359687	0.15906402	-0.21488458	0.10639777	-0.1349657	0.15857144	-0.18096018	0.17264694	-0.1709864	0.13506597	-0.17053808	0.18980326	-0.24268956	0.19583827	-0.21394975	0.22058894	-0.21548685	0.25395742	-0.38627928	1.0000008	-0.32351014	0.24879424	-0.27093324	0.28507006	-0.60379124	0.11229225	-0.11939963	0.1953151	-0.14747785	0.07580456	-0.09454142	0.08298522	-0.27179998	0.17983872	-0.078079045
0.20629065	-0.17865534	0.18227832	-0.083957985	0.102652356	-0.22465122	0.19731498	-0.16500379	0.121421956	-0.10007427	0.22251827	-0.21922033	0.21856855	-0.1493292	0.13831632	-0.4875608	0.27081418	-0.25159082	0.24152859	-0.32351014	1.0000005	-0.36882612	0.22455256	-0.21316548	0.22791716	-0.20326044	0.17130785	-0.1981467	0.13572405	-0.06289285	0.09764309	-0.08992632	0.22387575	-0.18401799	0.06233726
-0.17880696	0.14393197	-0.17083101	0.07743929	-0.09565897	0.1665333	-0.18511474	0.14804624	-0.117504396	0.094405875	-0.19323803	0.2093664	-0.23043396	0.14677268	-0.1387873	0.28164527	-0.5452804	0.28171447	-0.29345343	0.24879424	-0.36882612	1.0000004	-0.47665098	0.25521404	-0.26726943	0.1459479	-0.17708743	0.20140374	-0.14603733	0.060158458	-0.08807879	0.079381116	-0.22056246	0.16078103	-0.06146728
0.13293451	-0.11069106	0.13084845	-0.06178132	0.07551963	-0.1245058	0.13142575	-0.118771285	0.094769284	-0.07818188	0.13265035	-0.15459737	0.17566675	-0.12564106	0.11358651	-0.20357163	0.23377174	-0.3195041	0.26074353	-0.27093324	0.22455256	-0.47665098	1.0000004	-0.5836549	0.2774314	-0.11294655	0.120719075	-0.35990766	0.19337773	-0.07032271	0.07803432	-0.07106228	0.21894242	-0.19855888	0.069896415
-0.12872691	0.1042094	-0.12875938	0.06236676	-0.076804124	0.11286849	-0.12269055	0.113165654	-0.098659545	0.08044341	-0.12103547	0.13799503	-0.16678008	0.13027337	-0.12049289	0.17174442	-0.19132847	0.23627019	-0.34795326	0.28507006	-0.21316548	0.25521404	-0.5836549	1.0	-0.5747188	0.09344432	-0.101092376	0.2189525	-0.18904184	0.069660656	-0.07198416	0.06443941	-0.20811458	0.17208722	-0.070482425
0.1461898	-0.11945304	0.14271584	-0.06997851	0.08590917	-0.12747656	0.13379732	-0.12622145	0.10806249	-0.09031029	0.13142678	-0.15023354	0.17297092	-0.13939084	0.13041843	-0.19265664	0.18379448	-0.22757384	0.25849387	-0.60379124	0.22791716	-0.26726943	0.2774314	-0.5747188	0.99999994	-0.10018358	0.103547916	-0.21438831	0.15401554	-0.08611581	0.07446034	-0.0672917	0.20829053	-0.19205363	0.0811324
-0.0704485	0.05688349	-0.06524831	0.030125393	-0.037264664	0.06407922	-0.06549028	0.05638873	-0.04471603	0.03619987	-0.06794037	0.07147709	-0.07880933	0.054248255	-0.051440675	0.10731185	-0.099625856	0.091609076	-0.097182624	0.11229225	-0.20326044	0.1459479	-0.11294655	0.09344432	-0.10018358	0.9999999	-0.9004157	0.14785792	-0.10090283	0.038451396	-0.22557417	0.17252666	-0.17653233	0.11794123	-0.038954306
0.07216709	-0.05895789	0.06692111	-0.030996513	0.038241804	-0.06680578	0.06752081	-0.058449376	0.045988776	-0.037402913	0.06991677	-0.074790694	0.08133185	-0.05630386	0.05301501	-0.11247315	0.104568996	-0.097565725	0.10048517	-0.11939963	0.17130785	-0.17708743	0.120719075	-0.101092376	0.103547916	-0.9004157	0.99999976	-0.18421988	0.10833991	-0.041284055	0.17584506	-0.19061165	0.16775255	-0.13189693	0.041127946
-0.1107187	0.08707335	-0.1060709	0.04961784	-0.061623394	0.09277021	-0.10035086	0.090362564	-0.0750198	0.06048914	-0.099052474	0.10924197	-0.12878898	0.09164819	-0.08724841	0.14064926	-0.144629	0.16133611	-0.1790204	0.1953151	-0.1981467	0.20140374	-0.35990766	0.2189525	-0.21438831	0.14785792	-0.18421988	0.9999996	-0.6369371	0.1209199	-0.131816	0.11779635	-0.45193523	0.3170873	-0.12835364
0.07794184	-0.061942868	0.07459131	-0.03510833	0.043481138	-0.066162884	0.070712596	-0.06423198	0.05305688	-0.043053627	0.0698681	-0.077735156	0.090315044	-0.06549304	0.061801415	-0.10087365	0.10060809	-0.116157725	0.1263838	-0.14747785	0.13572405	-0.14603733	0.19337773	-0.18904184	0.15401554	-0.10090283	0.10833991	-0.6369371	0.9999994	-0.17033967	0.08628269	-0.079311274	0.28405842	-0.63326573	0.14747503
-0.036900487	0.029030286	-0.03514566	0.016590023	-0.020603577	0.030512694	-0.032713257	0.029927341	-0.025000457	0.020256003	-0.032066964	0.03545799	-0.041413225	0.030337283	-0.028960831	0.04556606	-0.043763302	0.04983955	-0.056412913	0.07580456	-0.06289285	0.060158458	-0.07032271	0.069660656	-0.08611581	0.038451396	-0.041284055	0.1209199	-0.17033967	0.9999994	-0.037032347	0.033159845	-0.12005843	0.14941517	-0.96264255
0.050108068	-0.040233597	0.046468504	-0.021753589	0.026904698	-0.04317739	0.04463517	-0.040139213	0.03220711	-0.02624359	0.044660144	-0.04864671	0.05448763	-0.038997762	0.036942825	-0.06714971	0.060747877	-0.06445716	0.06820453	-0.09454142	0.09764309	-0.08807879	0.07803432	-0.07198416	0.07446034	-0.22557417	0.17584506	-0.131816	0.08628269	-0.037032347	0.9999996	-0.91162276	0.20394452	-0.14635119	0.03570149
-0.044966668	0.03598428	-0.04176407	0.019518856	-0.024161173	0.038658883	-0.040138546	0.03596698	-0.028932437	0.023528142	-0.04020446	0.04365548	-0.049066745	0.03497571	-0.03319167	0.060161863	-0.05512342	0.057779085	-0.061574582	0.08298522	-0.08992632	0.079381116	-0.07106228	0.06443941	-0.0672917	0.17252666	-0.19061165	0.11779635	-0.079311274	0.033159845	-0.91162276	0.9999994	-0.27193925	0.12921363	-0.03233369
0.13403958	-0.10714102	0.124797285	-0.058781967	0.07270849	-0.112445146	0.117556415	-0.10769893	0.08715905	-0.07118751	0.115657285	-0.12807208	0.1451977	-0.105698854	0.10007947	-0.16874917	0.15425208	-0.17463797	0.18502921	-0.27179998	0.22387575	-0.22056246	0.21894242	-0.20811458	0.20829053	-0.17653233	0.16775255	-0.45193523	0.28405842	-0.12005843	0.20394452	-0.27193925	0.9999994	-0.5650153	0.11410118
-0.104617715	0.08086612	-0.099103436	0.04630533	-0.05778164	0.084318876	-0.09154763	0.082990386	-0.069461904	0.055723518	-0.08949194	0.09778997	-0.11557626	0.08275831	-0.07975898	0.12498399	-0.12081922	0.13395105	-0.15475926	0.17983872	-0.18401799	0.16078103	-0.19855888	0.17208722	-0.19205363	0.11794123	-0.13189693	0.3170873	-0.63326573	0.14941517	-0.14635119	0.12921363	-0.5650153	0.99999946	-0.17257081
0.036826093	-0.02916138	0.035050824	-0.016574778	0.020548504	-0.030747496	0.03277005	-0.030028924	0.024960333	-0.020291444	0.032178268	-0.03569145	0.041414496	-0.030444069	0.028949136	-0.046093613	0.04404043	-0.05044595	0.056173366	-0.078079045	0.06233726	-0.06146728	0.069896415	-0.070482425	0.0811324	-0.038954306	0.041127946	-0.12835364	0.14747503	-0.96264255	0.03570149	-0.03233369	0.11410118	-0.17257081	0.99999946
