0.3217473514378071
0.44321615248918533
0.21907558292150497
1.9624228533357382
0.5362489130347967
1.1958192866295576
0.030473170801997185
0.864437885582447
1.9650243110954762
1.0606500189751387
0.9854297898709774
1.6977215092629194
0.08923254162073135
1.5270723961293697
0.26126415468752384
1.3761345501989126
1.4904206357896328
0.9852167032659054
1.4543541949242353
1.7490701470524073
0.6713197976350784
1.0804050881415606
1.3725995924323797
1.8290620315819979
1.1456210315227509
1.4280359502881765
0.3349617775529623
1.6854229550808668
1.395278686657548
1.6780487298965454
1.1006876025348902
1.6315971612930298
0.7807000335305929
0.3605041243135929
0.32590880803763866
1.508455516770482
1.2410149276256561
1.3947553280740976
1.7314294539391994
0.7657734025269747
1.2099307551980019
0.4735476914793253
0.9080488365143538
1.0995250158011913
0.725302767008543
0.5895376726984978
1.1849378421902657
1.2388077396899462
0.660762220621109
1.413078984245658
1.9624439850449562
1.3262997716665268
0.4540959019213915
0.6505329124629498
0.7514724805951118
1.0331581886857748
0.5247989147901535
1.7636148035526276
