1.0000001	-0.9822777	0.06068374	-0.03988422	0.028090667	-0.11147306	0.11572474	-0.06696938	0.042879246	-0.035253003	0.042282473	-0.068212174	0.052495856	-0.04461086	0.024643566	-0.03720059	0.040573586	-0.036851417	0.036649086	-0.022034584	0.029586261	-0.031241395	0.030416952	-0.028861234	0.042016417	-0.03845825	0.025312707	-0.025123054	0.026096169	-0.012141642	0.024114855	-0.015185262	0.01898114	-0.02361753	0.012083202
-0.9822777	1.0000001	-0.060977954	0.038152456	-0.027029032	0.10027688	-0.1308542	0.06472516	-0.04167336	0.03346818	-0.040162716	0.06479853	-0.051468447	0.042492673	-0.023695707	0.03475338	-0.039135516	0.035164244	-0.035271954	0.021081483	-0.028022582	0.029647905	-0.02906689	0.027544856	-0.040468503	0.036061153	-0.024193276	0.023901422	-0.024989061	0.011556991	-0.02305819	0.014491968	-0.018082637	0.022403304	-0.011527448
0.06068374	-0.060977954	0.99999976	-0.4119558	0.20127621	-0.3494684	0.27417496	-0.65547633	0.27910003	-0.25464675	0.1585194	-0.26444796	0.24916708	-0.24782155	0.120409235	-0.1490413	0.17552173	-0.17458916	0.17787161	-0.109341405	0.12582755	-0.13904095	0.13637833	-0.13745701	0.18949614	-0.17031352	0.11199689	-0.11651466	0.12093939	-0.05608602	0.10683833	-0.06768655	0.08718973	-0.11012221	0.055213742
-0.03988422	0.038152456	-0.4119558	0.99999976	-0.5301757	0.18833734	-0.17594756	0.2371978	-0.56988776	0.31301016	-0.11801273	0.17062816	-0.19039002	0.23567535	-0.12610593	0.10632988	-0.15292832	0.14378878	-0.18121915	0.10694766	-0.101003215	0.115063295	-0.120624684	0.12637104	-0.1910376	0.13012823	-0.10053729	0.101988554	-0.1140754	0.049838983	-0.09666393	0.06016274	-0.077240005	0.09419902	-0.049976896
0.028090667	-0.027029032	0.20127621	-0.5301757	0.9999996	-0.14433803	0.120157965	-0.15479703	0.2671081	-0.7599224	0.08784941	-0.12455843	0.12810308	-0.1696656	0.103218034	-0.08134914	0.11032123	-0.10597734	0.12567325	-0.09040217	0.0772397	-0.08802094	0.090445295	-0.0950827	0.14399414	-0.103313565	0.077587195	-0.07835043	0.084562086	-0.039323024	0.074932076	-0.046612073	0.059442513	-0.0741481	0.039056346
-0.11147306	0.10027688	-0.3494684	0.18833734	-0.14433803	0.9999991	-0.6447796	0.27767208	-0.22328249	0.16479525	-0.33875516	0.27622744	-0.26570687	0.21289735	-0.13927443	0.21393006	-0.22858126	0.1879176	-0.20054494	0.11972168	-0.17217776	0.16891102	-0.17108741	0.15526506	-0.25454268	0.1983958	-0.14827782	0.13511814	-0.14589603	0.066798925	-0.14208941	0.08747029	-0.10416499	0.124884315	-0.06809132
0.11572474	-0.1308542	0.27417496	-0.17594756	0.120157965	-0.6447796	0.999999	-0.451164	0.19462787	-0.14963618	0.19053297	-0.43547967	0.26540387	-0.20404832	0.104897246	-0.16360043	0.18239623	-0.16609733	0.16134061	-0.093648255	0.12564531	-0.1337799	0.12953822	-0.12352611	0.1755967	-0.15959981	0.10471323	-0.105977476	0.11083831	-0.049971502	0.09926771	-0.0628371	0.07933722	-0.09812809	0.04979474
-0.06696938	0.06472516	-0.65547633	0.2371978	-0.15479703	0.27767208	-0.451164	0.999999	-0.32258457	0.17900422	-0.14514026	0.26636454	-0.37257546	0.2267337	-0.10867088	0.12602656	-0.17031507	0.1619884	-0.17039229	0.09553724	-0.10917014	0.12130456	-0.12251082	0.121862836	-0.1718509	0.13891067	-0.0978559	0.10101394	-0.108947344	0.04763687	-0.09304059	0.05872657	-0.07557858	0.092915624	-0.047476973
0.042879246	-0.04167336	0.27910003	-0.56988776	0.2671081	-0.22328249	0.19462787	-0.32258457	0.9999993	-0.39257675	0.1314904	-0.21427722	0.22848359	-0.47950512	0.14147317	-0.12243903	0.17183812	-0.17848884	0.21835724	-0.12716122	0.113555044	-0.1325265	0.13532415	-0.15329573	0.19675504	-0.15008809	0.107427895	-0.118343666	0.12847424	-0.05504948	0.10250485	-0.06502509	0.08691279	-0.10853327	0.054293633
-0.035253003	0.03346818	-0.25464675	0.31301016	-0.7599224	0.16479525	-0.14963618	0.17900422	-0.39257675	0.9999992	-0.11171431	0.14995995	-0.1638764	0.20383123	-0.15020753	0.10057454	-0.14630568	0.13478993	-0.16966505	0.120175056	-0.098979056	0.11288993	-0.11959535	0.12436537	-0.20682718	0.12785216	-0.104852624	0.101532705	-0.1136167	0.051886372	-0.10177174	0.062462855	-0.07799115	0.09492109	-0.052360848
0.042282473	-0.040162716	0.1585194	-0.11801273	0.08784941	-0.33875516	0.19053297	-0.14514026	0.1314904	-0.11171431	0.9999992	-0.23307414	0.16983362	-0.1562513	0.09596463	-0.7751578	0.20102286	-0.16803646	0.14766286	-0.0865783	0.25298023	-0.19660915	0.16008024	-0.12610188	0.17744818	-0.30663174	0.12353958	-0.12157719	0.117365636	-0.05351742	0.11309453	-0.07436638	0.089844406	-0.11101079	0.05335144
-0.068212174	0.06479853	-0.26444796	0.17062816	-0.12455843	0.27622744	-0.43547967	0.26636454	-0.21427722	0.14995995	-0.23307414	0.99999917	-0.6597171	0.25327507	-0.12964977	0.17638162	-0.3153583	0.23343185	-0.22130841	0.11261733	-0.14710487	0.16602674	-0.16436473	0.15204713	-0.212007	0.17390321	-0.12222111	0.12743652	-0.13838169	0.05724153	-0.11433786	0.07302793	-0.09450665	0.11369407	-0.05741786
0.052495856	-0.051468447	0.24916708	-0.19039002	0.12810308	-0.26570687	0.26540387	-0.37257546	0.22848359	-0.1638764	0.16983362	-0.6597171	0.99999905	-0.4143008	0.12864624	-0.15564588	0.23872	-0.29088607	0.23116292	-0.11642964	0.13108069	-0.15513967	0.15313832	-0.15624681	0.19257005	-0.16637155	0.111007825	-0.12487896	0.13338791	-0.054654088	0.104007155	-0.06721656	0.090271115	-0.11130533	0.054029092
-0.04461086	0.042492673	-0.24782155	0.23567535	-0.1696656	0.21289735	-0.20404832	0.2267337	-0.47950512	0.20383123	-0.1562513	0.25327507	-0.4143008	0.99999887	-0.2284462	0.14157757	-0.2474193	0.25095192	-0.5068395	0.17829576	-0.13894108	0.1670025	-0.18183438	0.21837273	-0.26561007	0.17358649	-0.13169192	0.15359823	-0.18836817	0.0672567	-0.12441519	0.07951052	-0.111661	0.13346954	-0.06685987
0.024643566	-0.023695707	0.120409235	-0.12610593	0.103218034	-0.13927443	0.104897246	-0.10867088	0.14147317	-0.15020753	0.09596463	-0.12964977	0.12864624	-0.2284462	0.9999989	-0.09450106	0.13060853	-0.13867484	0.17961287	-0.8757424	0.09659524	-0.11660877	0.118028075	-0.14690544	0.24595425	-0.14042674	0.098487064	-0.113374904	0.11758775	-0.060144443	0.095157295	-0.06048008	0.083303116	-0.110691935	0.055947863
-0.03720059	0.03475338	-0.1490413	0.10632988	-0.08134914	0.21393006	-0.16360043	0.12602656	-0.12243903	0.10057454	-0.7751578	0.17638162	-0.15564588	0.14157757	-0.09450106	0.99999887	-0.24188222	0.1649859	-0.14768146	0.08389723	-0.4060618	0.20435464	-0.17409329	0.12375871	-0.1809385	0.26222703	-0.12769914	0.12003479	-0.118766546	0.051892478	-0.115328744	0.075216904	-0.089410864	0.10629224	-0.05244362
0.040573586	-0.039135516	0.17552173	-0.15292832	0.11032123	-0.22858126	0.18239623	-0.17031507	0.17183812	-0.14630568	0.20102286	-0.3153583	0.23872	-0.2474193	0.13060853	-0.24188222	0.999999	-0.6629354	0.2686586	-0.12468758	0.21077038	-0.38028428	0.2508861	-0.20821562	0.2226721	-0.24841952	0.15076385	-0.18546727	0.17527068	-0.06930598	0.13304538	-0.09285356	0.12583736	-0.15628995	0.06792856
-0.036851417	0.035164244	-0.17458916	0.14378878	-0.10597734	0.1879176	-0.16609733	0.1619884	-0.17848884	0.13478993	-0.16803646	0.23343185	-0.29088607	0.25095192	-0.13867484	0.1649859	-0.6629354	0.99999905	-0.48092413	0.12815931	-0.1689261	0.23514095	-0.2754532	0.21911895	-0.22905932	0.19172464	-0.13579838	0.17473628	-0.19401355	0.06459736	-0.12215132	0.08224778	-0.11992596	0.1404735	-0.06408493
0.036649086	-0.035271954	0.17787161	-0.18121915	0.12567325	-0.20054494	0.16134061	-0.17039229	0.21835724	-0.16966505	0.14766286	-0.22130841	0.23116292	-0.5068395	0.17961287	-0.14768146	0.2686586	-0.48092413	0.9999988	-0.19621481	0.1483365	-0.19966014	0.21262047	-0.45352763	0.25555107	-0.19276159	0.1336875	-0.20227516	0.23725401	-0.074066125	0.12438989	-0.08313278	0.13068904	-0.16288413	0.0714551
-0.022034584	0.021081483	-0.109341405	0.10694766	-0.09040217	0.11972168	-0.093648255	0.09553724	-0.12716122	0.120175056	-0.0865783	0.11261733	-0.11642964	0.17829576	-0.8757424	0.08389723	-0.12468758	0.12815931	-0.19621481	0.99999875	-0.08723296	0.10578912	-0.11154429	0.14291596	-0.33915797	0.12235846	-0.089637026	0.10468386	-0.116646595	0.054640915	-0.08632497	0.054845355	-0.076871134	0.09905856	-0.051639084
0.029586261	-0.028022582	0.12582755	-0.101003215	0.0772397	-0.17217776	0.12564531	-0.10917014	0.113555044	-0.098979056	0.25298023	-0.14710487	0.13108069	-0.13894108	0.09659524	-0.4060618	0.21077038	-0.1689261	0.1483365	-0.08723296	0.99999857	-0.46798712	0.23715524	-0.1423479	0.19393314	-0.6666841	0.15863024	-0.15699291	0.1382897	-0.059441354	0.13580672	-0.09528808	0.11007994	-0.1319313	0.05971596
-0.031241395	0.029647905	-0.13904095	0.115063295	-0.08802094	0.16891102	-0.1337799	0.12130456	-0.1325265	0.11288993	-0.19660915	0.16602674	-0.15513967	0.1670025	-0.11660877	0.20435464	-0.38028428	0.23514095	-0.19966014	0.10578912	-0.46798712	0.99999857	-0.59088844	0.19226204	-0.23788837	0.28991282	-0.23417686	0.22754736	-0.20097297	0.07193391	-0.16698255	0.12650084	-0.15627721	0.1689461	-0.07260891
0.030416952	-0.02906689	0.13637833	-0.120624684	0.090445295	-0.17108741	0.12953822	-0.12251082	0.13532415	-0.11959535	0.16008024	-0.16436473	0.15313832	-0.18183438	0.118028075	-0.17409329	0.2508861	-0.2754532	0.21262047	-0.11154429	0.23715524	-0.59088844	0.9999987	-0.28239322	0.23540543	-0.2882561	0.17751351	-0.4792055	0.25433457	-0.08227346	0.15119235	-0.11501786	0.20591676	-0.2441319	0.08051746
-0.028861234	0.027544856	-0.13745701	0.12637104	-0.0950827	0.15526506	-0.12352611	0.121862836	-0.15329573	0.12436537	-0.12610188	0.15204713	-0.15624681	0.21837273	-0.14690544	0.12375871	-0.20821562	0.21911895	-0.45352763	0.14291596	-0.1423479	0.19226204	-0.28239322	0.99999875	-0.37739608	0.17888442	-0.1400693	0.26666808	-0.63799244	0.08588693	-0.13031982	0.08798591	-0.16960806	0.18398106	-0.08373856
0.042016417	-0.040468503	0.18949614	-0.1910376	0.14399414	-0.25454268	0.1755967	-0.1718509	0.19675504	-0.20682718	0.17744818	-0.212007	0.19257005	-0.26561007	0.24595425	-0.1809385	0.2226721	-0.22905932	0.25555107	-0.33915797	0.19393314	-0.23788837	0.23540543	-0.37739608	0.9999988	-0.30393603	0.2074681	-0.2527179	0.2453372	-0.15149313	0.2026913	-0.12901	0.18120958	-0.25460166	0.13253173
-0.03845825	0.036061153	-0.17031352	0.13012823	-0.103313565	0.1983958	-0.15959981	0.13891067	-0.15008809	0.12785216	-0.30663174	0.17390321	-0.16637155	0.17358649	-0.14042674	0.26222703	-0.24841952	0.19172464	-0.19276159	0.12235846	-0.6666841	0.28991282	-0.2882561	0.17888442	-0.30393603	0.99999887	-0.24382645	0.1820318	-0.18304612	0.082770355	-0.2198529	0.13731839	-0.14277552	0.16145587	-0.08594185
0.025312707	-0.024193276	0.11199689	-0.10053729	0.077587195	-0.14827782	0.10471323	-0.0978559	0.107427895	-0.104852624	0.12353958	-0.12222111	0.111007825	-0.13169192	0.098487064	-0.12769914	0.15076385	-0.13579838	0.1336875	-0.089637026	0.15863024	-0.23417686	0.17751351	-0.1400693	0.2074681	-0.24382645	0.99999887	-0.16536018	0.13787556	-0.08396824	0.33026907	-0.6586027	0.1555421	-0.19564945	0.08109508
-0.025123054	0.023901422	-0.11651466	0.101988554	-0.07835043	0.13511814	-0.105977476	0.10101394	-0.118343666	0.101532705	-0.12157719	0.12743652	-0.12487896	0.15359823	-0.113374904	0.12003479	-0.18546727	0.17473628	-0.20227516	0.10468386	-0.15699291	0.22754736	-0.4792055	0.26666808	-0.2527179	0.1820318	-0.16536018	0.9999987	-0.5397821	0.08682448	-0.14957818	0.11145556	-0.45426384	0.28240025	-0.08849602
0.026096169	-0.024989061	0.12093939	-0.1140754	0.084562086	-0.14589603	0.11083831	-0.108947344	0.12847424	-0.1136167	0.117365636	-0.13838169	0.13338791	-0.18836817	0.11758775	-0.118766546	0.17527068	-0.19401355	0.23725401	-0.116646595	0.1382897	-0.20097297	0.25433457	-0.63799244	0.2453372	-0.18304612	0.13787556	-0.5397821	0.99999887	-0.102589116	0.12794477	-0.09179659	0.21298996	-0.2569009	0.09379327
-0.012141642	0.011556991	-0.05608602	0.049838983	-0.039323024	0.066798925	-0.049971502	0.04763687	-0.05504948	0.051886372	-0.05351742	0.05724153	-0.054654088	0.0672567	-0.060144443	0.051892478	-0.06930598	0.06459736	-0.074066125	0.054640915	-0.059441354	0.07193391	-0.08227346	0.08588693	-0.15149313	0.082770355	-0.08396824	0.08682448	-0.102589116	0.9999985	-0.08466235	0.052255735	-0.088650286	0.11347389	-0.9619875
0.024114855	-0.02305819	0.10683833	-0.09666393	0.074932076	-0.14208941	0.09926771	-0.09304059	0.10250485	-0.10177174	0.11309453	-0.11433786	0.104007155	-0.12441519	0.095157295	-0.115328744	0.13304538	-0.12215132	0.12438989	-0.08632497	0.13580672	-0.16698255	0.15119235	-0.13031982	0.2026913	-0.2198529	0.33026907	-0.14957818	0.12794477	-0.08466235	0.99999803	-0.65782875	0.14983383	-0.19283055	0.081497155
-0.015185262	0.014491968	-0.06768655	0.06016274	-0.046612073	0.08747029	-0.0628371	0.05872657	-0.06502509	0.062462855	-0.07436638	0.07302793	-0.06721656	0.07951052	-0.06048008	0.075216904	-0.09285356	0.08224778	-0.08313278	0.054845355	-0.09528808	0.12650084	-0.11501786	0.08798591	-0.12901	0.13731839	-0.6586027	0.11145556	-0.09179659	0.052255735	-0.65782875	0.9999979	-0.14673427	0.14509812	-0.05115562
0.01898114	-0.018082637	0.08718973	-0.077240005	0.059442513	-0.10416499	0.07933722	-0.07557858	0.08691279	-0.07799115	0.089844406	-0.09450665	0.090271115	-0.111661	0.083303116	-0.089410864	0.12583736	-0.11992596	0.13068904	-0.076871134	0.11007994	-0.15627721	0.20591676	-0.16960806	0.18120958	-0.14277552	0.1555421	-0.45426384	0.21298996	-0.088650286	0.14983383	-0.14673427	0.9999976	-0.79246557	0.08902516
-0.02361753	0.022403304	-0.11012221	0.09419902	-0.0741481	0.124884315	-0.09812809	0.092915624	-0.10853327	0.09492109	-0.11101079	0.11369407	-0.11130533	0.13346954	-0.110691935	0.10629224	-0.15628995	0.1404735	-0.16288413	0.09905856	-0.1319313	0.1689461	-0.2441319	0.18398106	-0.25460166	0.16145587	-0.19564945	0.28240025	-0.2569009	0.11347389	-0.19283055	0.14509812	-0.79246557	0.9999976	-0.1301019
0.012083202	-0.011527448	0.055213742	-0.049976896	0.039056346	-0.06809132	0.04979474	-0.047476973	0.054293633	-0.052360848	0.05335144	-0.05741786	0.054029092	-0.06685987	0.055947863	-0.05244362	0.06792856	-0.06408493	0.0714551	-0.051639084	0.05971596	-0.07260891	0.08051746	-0.08373856	0.13253173	-0.08594185	0.08109508	-0.08849602	0.09379327	-0.9619875	0.081497155	-0.05115562	0.08902516	-0.1301019	0.9999976
