1.0000001	-0.4021689	0.09850968	-0.11877518	0.05633414	-0.7178802	0.26457995	-0.1863709	0.15385179	-0.12899457	0.27562836	-0.2579947	0.19623461	-0.13008544	0.094130814	-0.26042482	0.20100105	-0.15100673	0.1240995	-0.11526108	0.1433394	-0.11610718	0.11849546	-0.17111	0.091846325	-0.05912885	0.05048936	-0.056272797	0.061027877	-0.07431357	0.046773154	-0.041037817	0.05125728	-0.049205855	0.069545574
-0.4021689	1.0000002	-0.12707147	0.12019787	-0.04354223	0.22897296	-0.825789	0.1659187	-0.14098056	0.08804084	-0.18497503	0.19983397	-0.17133985	0.09745959	-0.0675607	0.15091956	-0.1615842	0.10705772	-0.0931782	0.07853859	-0.10279375	0.08047183	-0.08721416	0.11151294	-0.06322298	0.040807135	-0.035367895	0.038988598	-0.042206224	0.050536603	-0.032952078	0.028532034	-0.035903785	0.033938907	-0.04861257
0.09850968	-0.12707147	1.0000001	-0.8706375	0.07139792	-0.07703182	0.11937253	-0.3833884	0.21184418	-0.08080006	0.084054306	-0.09594904	0.15575051	-0.09789023	0.06405626	-0.08086813	0.09507374	-0.07866514	0.08762341	-0.06928083	0.06944592	-0.05392097	0.06418009	-0.09329639	0.05547959	-0.029726952	0.026153997	-0.030351926	0.03458203	-0.042088248	0.024520582	-0.02131832	0.02828332	-0.027487947	0.040571388
-0.11877518	0.12019787	-0.8706375	1.0000002	-0.096025795	0.08971761	-0.13147464	0.26759318	-0.2864168	0.09633417	-0.10280715	0.11225003	-0.19153823	0.11875084	-0.078399025	0.09720799	-0.1184799	0.09545988	-0.1095006	0.08327399	-0.08695821	0.066398166	-0.08004041	0.11070094	-0.06742543	0.036675304	-0.032372918	0.03728249	-0.04237749	0.051142182	-0.030449228	0.026325166	-0.034904607	0.033685397	-0.050001223
0.05633414	-0.04354223	0.07139792	-0.096025795	1.0000005	-0.045210585	0.04759744	-0.09087633	0.09404599	-0.071210474	0.05213248	-0.055324394	0.08129186	-0.06186904	0.05188577	-0.056211997	0.06537246	-0.056363363	0.06236062	-0.057462864	0.053570054	-0.040623263	0.048443086	-0.08352722	0.04744192	-0.025309125	0.022258557	-0.026662895	0.031164091	-0.03851018	0.021195056	-0.018462373	0.025043065	-0.02494936	0.03746205
-0.7178802	0.22897296	-0.07703182	0.08971761	-0.045210585	1.0000005	-0.2706013	0.14920321	-0.13459848	0.10229699	-0.4984239	0.24174853	-0.1957848	0.11021427	-0.07770442	0.22954968	-0.20944497	0.13418217	-0.107572906	0.092435665	-0.14203565	0.10649936	-0.111921355	0.13311572	-0.07461618	0.052762445	-0.04549061	0.048693843	-0.051523384	0.061011076	-0.042375132	0.036432862	-0.044747747	0.041620087	-0.058954805
0.26457995	-0.825789	0.11937253	-0.13147464	0.04759744	-0.2706013	1.0000001	-0.2126222	0.15113823	-0.10236216	0.19386771	-0.28367344	0.18629366	-0.11122733	0.076897986	-0.17485985	0.17180628	-0.12149235	0.10382139	-0.090757154	0.11102687	-0.08980512	0.09529226	-0.13037412	0.07236591	-0.0453986	0.039163392	-0.04372231	0.047613766	-0.057634708	0.036336213	-0.031734496	0.04005099	-0.038270216	0.054596614
-0.1863709	0.1659187	-0.3833884	0.26759318	-0.09087633	0.14920321	-0.2126222	0.9999997	-0.6103868	0.1759452	-0.18132405	0.20847799	-0.4469397	0.228989	-0.14489813	0.17066076	-0.21075727	0.17464255	-0.20390992	0.15150388	-0.15251258	0.11775626	-0.14342187	0.19885425	-0.12155153	0.06434127	-0.056832697	0.06577751	-0.07493805	0.09072092	-0.0532596	0.046188198	-0.06144839	0.05943354	-0.08806001
0.15385179	-0.14098056	0.21184418	-0.2864168	0.09404599	-0.13459848	0.15113823	-0.6103868	0.9999996	-0.29283935	0.1537019	-0.18338458	0.28937858	-0.41042748	0.2101294	-0.16852915	0.18900993	-0.19245538	0.25600618	-0.22884898	0.14903823	-0.12114566	0.1456558	-0.30532864	0.17129289	-0.07219424	0.06350152	-0.07959401	0.09626218	-0.12325479	0.058946636	-0.05269788	0.0734893	-0.075553864	0.11138989
-0.12899457	0.08804084	-0.08080006	0.09633417	-0.071210474	0.10229699	-0.10236216	0.1759452	-0.29283935	0.9999994	-0.13088161	0.14109288	-0.246729	0.27088812	-0.77994883	0.13517237	-0.17310515	0.15948233	-0.28214183	0.25222355	-0.14363569	0.10782697	-0.13949826	0.22022234	-0.2200155	0.06715606	-0.060944878	0.076315254	-0.099182814	0.1216275	-0.057360984	0.05022951	-0.074148975	0.075448595	-0.12388668
0.27562836	-0.18497503	0.084054306	-0.10280715	0.05213248	-0.4984239	0.19386771	-0.18132405	0.1537019	-0.13088161	0.9999995	-0.5354343	0.24081749	-0.14133729	0.09741954	-0.48891112	0.2809394	-0.18117064	0.13320556	-0.11792799	0.18817192	-0.14708471	0.14305942	-0.1708345	0.09393895	-0.06859307	0.05835254	-0.061889492	0.064631194	-0.07680055	0.05371973	-0.046617135	0.05627859	-0.05231518	0.07315727
-0.2579947	0.19983397	-0.09594904	0.11225003	-0.055324394	0.24174853	-0.28367344	0.20847799	-0.18338458	0.14109288	-0.5354343	0.9999995	-0.48255563	0.17026563	-0.11065338	0.28812975	-0.46375936	0.20733108	-0.15920077	0.12725256	-0.18916294	0.15320285	-0.16245611	0.17708318	-0.10166494	0.07004901	-0.060893334	0.06534225	-0.06869817	0.08109259	-0.056022726	0.048472982	-0.059804507	0.055330474	-0.07824383
0.19623461	-0.17133985	0.15575051	-0.19153823	0.08129186	-0.1957848	0.18629366	-0.4469397	0.28937858	-0.246729	0.24081749	-0.48255563	0.9999994	-0.37138772	0.187092	-0.25034285	0.2713531	-0.29506665	0.25010735	-0.21056868	0.18883733	-0.16207795	0.18902487	-0.28544122	0.16034667	-0.08342835	0.07270278	-0.0859511	0.096833654	-0.120047316	0.06691363	-0.05938712	0.07838051	-0.07697186	0.11069567
-0.13008544	0.09745959	-0.09789023	0.11875084	-0.06186904	0.11021427	-0.11122733	0.228989	-0.41042748	0.27088812	-0.14133729	0.17026563	-0.37138772	0.99999946	-0.37476084	0.14765333	-0.18519968	0.20013626	-0.6353912	0.24396285	-0.14541359	0.11602205	-0.15420005	0.2488256	-0.18547562	0.06594116	-0.059110496	0.07306804	-0.09013887	0.11197227	-0.054823376	0.04842404	-0.0688426	0.06927786	-0.106605664
0.094130814	-0.0675607	0.06405626	-0.078399025	0.05188577	-0.07770442	0.076897986	-0.14489813	0.2101294	-0.77994883	0.09741954	-0.11065338	0.187092	-0.37476084	0.9999995	-0.10479753	0.12926124	-0.13333261	0.25099298	-0.35956174	0.10761592	-0.08396818	0.10799016	-0.21930252	0.20023239	-0.05301094	0.04795511	-0.062418994	0.082955174	-0.109060094	0.044629414	-0.039814886	0.059677064	-0.06267773	0.1003126
-0.26042482	0.15091956	-0.08086813	0.09720799	-0.056211997	0.22954968	-0.17485985	0.17066076	-0.16852915	0.13517237	-0.48891112	0.28812975	-0.25034285	0.14765333	-0.10479753	0.9999997	-0.54657656	0.24250402	-0.15450752	0.12716928	-0.43642816	0.23934408	-0.23259372	0.1816449	-0.104687065	0.106938384	-0.09153508	0.08592949	-0.08292451	0.09188178	-0.08485357	0.070101425	-0.07909655	0.067864984	-0.09304611
0.20100105	-0.1615842	0.09507374	-0.1184799	0.06537246	-0.20944497	0.17180628	-0.21075727	0.18900993	-0.17310515	0.2809394	-0.46375936	0.2713531	-0.18519968	0.12926124	-0.54657656	0.9999996	-0.4034166	0.18765333	-0.16166021	0.27188593	-0.29836664	0.24789245	-0.23410337	0.12869431	-0.103813276	0.08924062	-0.09295478	0.09224262	-0.10759806	0.07965178	-0.07065347	0.082964	-0.075173885	0.102868676
-0.15100673	0.10705772	-0.07866514	0.09545988	-0.056363363	0.13418217	-0.12149235	0.17464255	-0.19245538	0.15948233	-0.18117064	0.20733108	-0.29506665	0.20013626	-0.13333261	0.24250402	-0.4034166	0.9999994	-0.29950428	0.16465601	-0.32861552	0.28243023	-0.6500806	0.21623808	-0.13500883	0.11216683	-0.10305341	0.11312247	-0.1044022	0.111464605	-0.0917472	0.07898362	-0.10231461	0.08409001	-0.11452563
0.1240995	-0.0931782	0.08762341	-0.1095006	0.06236062	-0.107572906	0.10382139	-0.20390992	0.25600618	-0.28214183	0.13320556	-0.15920077	0.25010735	-0.6353912	0.25099298	-0.15450752	0.18765333	-0.29950428	0.9999991	-0.40623996	0.15738961	-0.13305202	0.17920128	-0.3858412	0.23824093	-0.07575186	0.06796282	-0.0877337	0.11089139	-0.1430662	0.0623412	-0.056064937	0.08151442	-0.08447467	0.12760149
-0.11526108	0.07853859	-0.06928083	0.08327399	-0.057462864	0.092435665	-0.090757154	0.15150388	-0.22884898	0.25222355	-0.11792799	0.12725256	-0.21056868	0.24396285	-0.35956174	0.12716928	-0.16166021	0.16465601	-0.40623996	0.99999934	-0.14109494	0.10758106	-0.14298984	0.30775535	-0.6626814	0.074265726	-0.068672	0.09446585	-0.14173447	0.18664111	-0.06362037	0.057386324	-0.09299429	0.1010176	-0.17451537
0.1433394	-0.10279375	0.06944592	-0.08695821	0.053570054	-0.14203565	0.11102687	-0.15251258	0.14903823	-0.14363569	0.18817192	-0.18916294	0.18883733	-0.14541359	0.10761592	-0.43642816	0.27188593	-0.32861552	0.15738961	-0.14109494	0.99999917	-0.66154057	0.28756526	-0.21069835	0.11531425	-0.20583113	0.14515296	-0.11815724	0.10083348	-0.10899307	0.12528357	-0.10859197	0.10255657	-0.084740646	0.10779405
-0.11610718	0.08047183	-0.05392097	0.066398166	-0.040623263	0.10649936	-0.08980512	0.11775626	-0.12114566	0.10782697	-0.14708471	0.15320285	-0.16207795	0.11602205	-0.08396818	0.23934408	-0.29836664	0.28243023	-0.13305202	0.10758106	-0.66154057	0.99999917	-0.5599409	0.1558197	-0.090190396	0.14310679	-0.14382212	0.108377166	-0.08738095	0.087843165	-0.10675118	0.0943247	-0.09489127	0.07243673	-0.09155334
0.11849546	-0.08721416	0.06418009	-0.08004041	0.048443086	-0.111921355	0.09529226	-0.14342187	0.1456558	-0.13949826	0.14305942	-0.16245611	0.18902487	-0.15420005	0.10799016	-0.23259372	0.24789245	-0.6500806	0.17920128	-0.14298984	0.28756526	-0.5599409	0.9999991	-0.20852165	0.116082646	-0.119671226	0.109684624	-0.13675217	0.10197694	-0.10641261	0.08964012	-0.0841571	0.1056737	-0.08431732	0.10581554
-0.17111	0.11151294	-0.09329639	0.11070094	-0.08352722	0.13311572	-0.13037412	0.19885425	-0.30532864	0.22022234	-0.1708345	0.17708318	-0.28544122	0.2488256	-0.21930252	0.1816449	-0.23410337	0.21623808	-0.3858412	0.30775535	-0.21069835	0.1558197	-0.20852165	0.9999991	-0.54712206	0.111145765	-0.10390554	0.14244911	-0.22869052	0.23591635	-0.096937366	0.086542524	-0.14182848	0.15198724	-0.25214207
0.091846325	-0.06322298	0.05547959	-0.06742543	0.04744192	-0.07461618	0.07236591	-0.12155153	0.17129289	-0.2200155	0.09393895	-0.10166494	0.16034667	-0.18547562	0.20023239	-0.104687065	0.12869431	-0.13500883	0.23824093	-0.6626814	0.11531425	-0.090190396	0.116082646	-0.54712206	0.99999917	-0.07171073	0.06677872	-0.10222176	0.16551964	-0.30697647	0.060732193	-0.05697215	0.09824589	-0.11616825	0.19183512
-0.05912885	0.040807135	-0.029726952	0.036675304	-0.025309125	0.052762445	-0.0453986	0.06434127	-0.07219424	0.06715606	-0.06859307	0.07004901	-0.08342835	0.06594116	-0.05301094	0.106938384	-0.103813276	0.11216683	-0.07575186	0.074265726	-0.20583113	0.14310679	-0.119671226	0.111145765	-0.07171073	0.9999992	-0.65191025	0.21450637	-0.150762	0.11673639	-0.5806071	0.3233138	-0.21403837	0.12955727	-0.14487207
0.05048936	-0.035367895	0.026153997	-0.032372918	0.022258557	-0.04549061	0.039163392	-0.056832697	0.06350152	-0.060944878	0.05835254	-0.060893334	0.07270278	-0.059110496	0.04795511	-0.09153508	0.08924062	-0.10305341	0.06796282	-0.068672	0.14515296	-0.14382212	0.109684624	-0.10390554	0.06677872	-0.65191025	0.99999917	-0.34076038	0.1490426	-0.11681476	0.31955284	-0.5495423	0.21993983	-0.13572712	0.13204268
-0.056272797	0.038988598	-0.030351926	0.03728249	-0.026662895	0.048693843	-0.04372231	0.06577751	-0.07959401	0.076315254	-0.061889492	0.06534225	-0.0859511	0.07306804	-0.062418994	0.08592949	-0.09295478	0.11312247	-0.0877337	0.09446585	-0.11815724	0.108377166	-0.13675217	0.14244911	-0.10222176	0.21450637	-0.34076038	0.9999994	-0.41658524	0.21732217	-0.19144876	0.2108812	-0.6998695	0.28870717	-0.27512762
0.061027877	-0.042206224	0.03458203	-0.04237749	0.031164091	-0.051523384	0.047613766	-0.07493805	0.09626218	-0.099182814	0.064631194	-0.06869817	0.096833654	-0.09013887	0.082955174	-0.08292451	0.09224262	-0.1044022	0.11089139	-0.14173447	0.10083348	-0.08738095	0.10197694	-0.22869052	0.16551964	-0.150762	0.1490426	-0.41658524	0.9999992	-0.5533745	0.116952285	-0.1334026	0.28387657	-0.5618027	0.3252238
-0.07431357	0.050536603	-0.042088248	0.051142182	-0.03851018	0.061011076	-0.057634708	0.09072092	-0.12325479	0.1216275	-0.07680055	0.08109259	-0.120047316	0.11197227	-0.109060094	0.09188178	-0.10759806	0.111464605	-0.1430662	0.18664111	-0.10899307	0.087843165	-0.10641261	0.23591635	-0.30697647	0.11673639	-0.11681476	0.21732217	-0.5533745	0.99999887	-0.10158619	0.102656804	-0.22611251	0.29257506	-0.63671327
0.046773154	-0.032952078	0.024520582	-0.030449228	0.021195056	-0.042375132	0.036336213	-0.0532596	0.058946636	-0.057360984	0.05371973	-0.056022726	0.06691363	-0.054823376	0.044629414	-0.08485357	0.07965178	-0.0917472	0.0623412	-0.06362037	0.12528357	-0.10675118	0.08964012	-0.096937366	0.060732193	-0.5806071	0.31955284	-0.19144876	0.116952285	-0.10158619	0.99999875	-0.71051663	0.1737739	-0.11508711	0.111671805
-0.041037817	0.028532034	-0.02131832	0.026325166	-0.018462373	0.036432862	-0.031734496	0.046188198	-0.05269788	0.05022951	-0.046617135	0.048472982	-0.05938712	0.04842404	-0.039814886	0.070101425	-0.07065347	0.07898362	-0.056064937	0.057386324	-0.10859197	0.0943247	-0.0841571	0.086542524	-0.05697215	0.3233138	-0.5495423	0.2108812	-0.1334026	0.102656804	-0.71051663	0.9999988	-0.25004372	0.12749387	-0.124427214
0.05125728	-0.035903785	0.02828332	-0.034904607	0.025043065	-0.044747747	0.04005099	-0.06144839	0.0734893	-0.074148975	0.05627859	-0.059804507	0.07838051	-0.0688426	0.059677064	-0.07909655	0.082964	-0.10231461	0.08151442	-0.09299429	0.10255657	-0.09489127	0.1056737	-0.14182848	0.09824589	-0.21403837	0.21993983	-0.6998695	0.28387657	-0.22611251	0.1737739	-0.25004372	0.9999986	-0.49801058	0.24378273
-0.049205855	0.033938907	-0.027487947	0.033685397	-0.02494936	0.041620087	-0.038270216	0.05943354	-0.075553864	0.075448595	-0.05231518	0.055330474	-0.07697186	0.06927786	-0.06267773	0.067864984	-0.075173885	0.08409001	-0.08447467	0.1010176	-0.084740646	0.07243673	-0.08431732	0.15198724	-0.11616825	0.12955727	-0.13572712	0.28870717	-0.5618027	0.29257506	-0.11508711	0.12749387	-0.49801058	0.99999875	-0.54679406
0.069545574	-0.04861257	0.040571388	-0.050001223	0.03746205	-0.058954805	0.054596614	-0.08806001	0.11138989	-0.12388668	0.07315727	-0.07824383	0.11069567	-0.106605664	0.1003126	-0.09304611	0.102868676	-0.11452563	0.12760149	-0.17451537	0.10779405	-0.09155334	0.10581554	-0.25214207	0.19183512	-0.14487207	0.13204268	-0.27512762	0.3252238	-0.63671327	0.111671805	-0.124427214	0.24378273	-0.54679406	0.99999875
