1.0000001	-0.42387897	0.23171559	-0.06727091	0.07676469	-0.6488932	0.26210892	-0.20853837	0.105750434	-0.10555656	0.23058909	-0.17965531	0.15756595	-0.1308346	0.09468529	-0.19403714	0.16877466	-0.14214405	0.11083607	-0.1043346	0.11684481	-0.14750981	0.12736048	-0.123834595	0.19491933	-0.12084922	0.12056397	-0.12399906	0.09835378	-0.07985956	0.07497107	-0.083360404	0.084513426	-0.067514814	0.07950572
-0.42387897	1.0000002	-0.5613047	0.057922862	-0.061750267	0.22602335	-0.6007667	0.28909168	-0.09467943	0.08353821	-0.112040706	0.20275685	-0.19349474	0.09778296	-0.069673434	0.09424741	-0.09653633	0.07888839	-0.071797356	0.06708452	-0.058208793	0.07694961	-0.069162704	0.06513442	-0.100462765	0.05883248	-0.062885255	0.06463231	-0.051655333	0.041163217	-0.037657056	0.041520964	-0.043335382	0.03472646	-0.04075048
0.23171559	-0.5613047	1.0000001	-0.0822365	0.08041998	-0.2218672	0.31712082	-0.64605546	0.12988682	-0.114552155	0.11647103	-0.257102	0.22720183	-0.12592864	0.08715105	-0.10229307	0.10737004	-0.09010215	0.085700914	-0.08190106	0.06358048	-0.08641135	0.077829145	-0.073558986	0.11132565	-0.06458307	0.07002116	-0.07268694	0.057938717	-0.04593053	0.041504186	-0.045877036	0.048093606	-0.03871355	0.045219067
-0.06727091	0.057922862	-0.0822365	1.0000001	-0.7393455	0.063353814	-0.07920735	0.0980316	-0.57075	0.28536257	-0.051708885	0.070170805	-0.07610107	0.1822712	-0.15185456	0.046373814	-0.060071934	0.059278794	-0.10371926	0.10534361	-0.032582004	0.0486992	-0.051489346	0.048965998	-0.07681583	0.031920154	-0.04187995	0.044456165	-0.038043085	0.030076375	-0.022699073	0.024650393	-0.030179156	0.024497522	-0.029020017
0.07676469	-0.061750267	0.08041998	-0.7393455	1.0000002	-0.075681046	0.08182488	-0.09687623	0.32057235	-0.50134826	0.06249159	-0.08069359	0.08297575	-0.24503943	0.19312088	-0.056900896	0.07316703	-0.07425542	0.12781806	-0.1438517	0.040219583	-0.060841557	0.06376325	-0.061722863	0.0951638	-0.03964156	0.051970847	-0.055792898	0.047485255	-0.037705556	0.02815419	-0.030685116	0.037526228	-0.030629795	0.036105637
-0.6488932	0.22602335	-0.2218672	0.063353814	-0.075681046	1.0000002	-0.2765538	0.17218345	-0.1029185	0.09839885	-0.46599767	0.16471328	-0.16057445	0.12410324	-0.09424724	0.23193137	-0.215298	0.15176009	-0.116136566	0.10467275	-0.1394141	0.15458636	-0.1426976	0.12804182	-0.21939592	0.12785515	-0.13409828	0.1287106	-0.10587115	0.08587601	-0.08301935	0.088256106	-0.09299584	0.07251894	-0.08753154
0.26210892	-0.6007667	0.31712082	-0.07920735	0.08182488	-0.2765538	1.0000001	-0.46555805	0.12592055	-0.11531583	0.14112066	-0.39553437	0.2607102	-0.13497852	0.09359293	-0.12383216	0.12955193	-0.10636501	0.09565839	-0.09032086	0.07565303	-0.10231297	0.09131539	-0.085797206	0.12919621	-0.076848105	0.08241251	-0.08532638	0.06766744	-0.05350321	0.049054272	-0.05425418	0.0561962	-0.04521931	0.052731838
-0.20853837	0.28909168	-0.64605546	0.0980316	-0.09687623	0.17218345	-0.46555805	1.0	-0.18978566	0.12836953	-0.10583642	0.27462813	-0.4228469	0.14026153	-0.099327244	0.091193266	-0.10443991	0.08547691	-0.09145697	0.08524614	-0.057323005	0.07892826	-0.07375927	0.06811867	-0.10369957	0.057120737	-0.064652935	0.06668955	-0.053842176	0.042310562	-0.037501182	0.04112789	-0.044197798	0.035543233	-0.041626852
0.105750434	-0.09467943	0.12988682	-0.57075	0.32057235	-0.1029185	0.12592055	-0.18978566	0.9999996	-0.55845183	0.0824926	-0.120075524	0.12707044	-0.37976637	0.24380167	-0.07490573	0.09604256	-0.096650645	0.16837864	-0.18113153	0.052244067	-0.07865899	0.08249243	-0.07910274	0.12075589	-0.051471222	0.06696816	-0.07170546	0.060908258	-0.047983024	0.036344383	-0.03961262	0.047938995	-0.039104756	0.046007663
-0.10555656	0.08353821	-0.114552155	0.28536257	-0.50134826	0.09839885	-0.11531583	0.12836953	-0.55845183	0.99999976	-0.086022526	0.10342382	-0.11310926	0.29039285	-0.47417495	0.07687388	-0.10412703	0.10408838	-0.20729075	0.20790583	-0.05483647	0.08262696	-0.091226056	0.085383356	-0.13882954	0.05312274	-0.07222694	0.07635033	-0.0666995	0.05252835	-0.03848751	0.04155698	-0.05241662	0.042449925	-0.050733916
0.23058909	-0.112040706	0.11647103	-0.051708885	0.06249159	-0.46599767	0.14112066	-0.10583642	0.0824926	-0.086022526	0.99999946	-0.14087565	0.11864939	-0.11927366	0.08758956	-0.6675125	0.26561913	-0.20750111	0.11935918	-0.109463476	0.20044507	-0.20819947	0.16656353	-0.14707851	0.18760125	-0.20665486	0.15623082	-0.15706196	0.11565536	-0.084974006	0.10620869	-0.11950215	0.09166632	-0.07483916	0.08276056
-0.17965531	0.20275685	-0.257102	0.070170805	-0.08069359	0.16471328	-0.39553437	0.27462813	-0.120075524	0.10342382	-0.14087565	0.99999946	-0.78980684	0.14885628	-0.10554859	0.12035586	-0.17169103	0.11313239	-0.10618067	0.09218336	-0.07033781	0.09901535	-0.09280179	0.079761066	-0.114309885	0.068447396	-0.07864089	0.08000313	-0.063304	0.047804084	-0.04466652	0.048772532	-0.050450042	0.040694848	-0.046921823
0.15756595	-0.19349474	0.22720183	-0.07610107	0.08297575	-0.16057445	0.2607102	-0.4228469	0.12707044	-0.11310926	0.11864939	-0.78980684	0.999999	-0.18875808	0.111331835	-0.109571405	0.13435175	-0.107140064	0.107041754	-0.096090525	0.06494367	-0.0937152	0.08635045	-0.077196814	0.10914012	-0.06465317	0.073650435	-0.07667911	0.06045629	-0.045915406	0.042001996	-0.04622472	0.048042696	-0.038966764	0.04479271
-0.1308346	0.09778296	-0.12592864	0.1822712	-0.24503943	0.12410324	-0.13497852	0.14026153	-0.37976637	0.29039285	-0.11927366	0.14885628	-0.18875808	0.9999989	-0.60421616	0.10730549	-0.1573698	0.1623566	-0.44703525	0.300683	-0.07630836	0.11728691	-0.13952133	0.123682365	-0.18772592	0.07287593	-0.10325849	0.10877532	-0.096837424	0.07213004	-0.053566612	0.057524543	-0.07267284	0.058899056	-0.069633625
0.09468529	-0.069673434	0.08715105	-0.15185456	0.19312088	-0.09424724	0.09359293	-0.099327244	0.24380167	-0.47417495	0.08758956	-0.10554859	0.111331835	-0.60421616	0.9999989	-0.08144356	0.114063494	-0.12711303	0.28731155	-0.50102496	0.05792233	-0.091179	0.104032926	-0.09896183	0.14849529	-0.05628934	0.07850643	-0.08557166	0.0746901	-0.05781178	0.040935725	-0.044422302	0.05593371	-0.046125393	0.054106746
-0.19403714	0.09424741	-0.10229307	0.046373814	-0.056900896	0.23193137	-0.12383216	0.091193266	-0.07490573	0.07687388	-0.6675125	0.12035586	-0.109571405	0.10730549	-0.08144356	0.9999989	-0.4871839	0.21328658	-0.11892941	0.10223079	-0.3091128	0.20479798	-0.18311328	0.13619016	-0.18248174	0.20725755	-0.16303633	0.1476317	-0.112513795	0.08020768	-0.11096802	0.11652511	-0.08897039	0.0710695	-0.07964587
0.16877466	-0.09653633	0.10737004	-0.060071934	0.07316703	-0.215298	0.12955193	-0.10443991	0.09604256	-0.10412703	0.26561913	-0.17169103	0.13435175	-0.1573698	0.114063494	-0.4871839	0.999999	-0.5508355	0.17996158	-0.16010499	0.1879936	-0.35659805	0.2788594	-0.20083787	0.21011317	-0.17924967	0.21503393	-0.22402374	0.15525372	-0.101714194	0.11216257	-0.12397011	0.1098404	-0.09131252	0.09726728
-0.14214405	0.07888839	-0.09010215	0.059278794	-0.07425542	0.15176009	-0.10636501	0.08547691	-0.096650645	0.10408838	-0.20750111	0.11313239	-0.107140064	0.1623566	-0.12711303	0.21328658	-0.5508355	0.9999992	-0.298731	0.18379048	-0.14240104	0.255399	-0.59703726	0.20399518	-0.22359397	0.12774087	-0.21017012	0.22220029	-0.17068465	0.10163277	-0.096007064	0.101907775	-0.11270016	0.09110885	-0.099624276
0.11083607	-0.071797356	0.085700914	-0.10371926	0.12781806	-0.116136566	0.09565839	-0.09145697	0.16837864	-0.20729075	0.11935918	-0.10618067	0.107041754	-0.44703525	0.28731155	-0.11892941	0.17996158	-0.298731	0.99999887	-0.71040654	0.08347449	-0.14202587	0.17952468	-0.17578247	0.19833915	-0.08068568	0.11944809	-0.13670601	0.12074003	-0.08283736	0.059451513	-0.06468241	0.080926925	-0.067811705	0.0765681
-0.1043346	0.06708452	-0.08190106	0.10534361	-0.1438517	0.10467275	-0.09032086	0.08524614	-0.18113153	0.20790583	-0.109463476	0.09218336	-0.096090525	0.300683	-0.50102496	0.10223079	-0.16010499	0.18379048	-0.71040654	0.99999887	-0.0741586	0.11935503	-0.15375659	0.13825941	-0.23450902	0.07068612	-0.10553078	0.11451999	-0.105354674	0.07934489	-0.052982524	0.057027336	-0.07509379	0.06196461	-0.07372664
0.11684481	-0.058208793	0.06358048	-0.032582004	0.040219583	-0.1394141	0.07565303	-0.057323005	0.052244067	-0.05483647	0.20044507	-0.07033781	0.06494367	-0.07630836	0.05792233	-0.3091128	0.1879936	-0.14240104	0.08347449	-0.0741586	0.99999857	-0.27046254	0.14684989	-0.120782755	0.14304008	-0.8057203	0.1909124	-0.1436482	0.10185645	-0.07075068	0.21710394	-0.2437651	0.082510926	-0.06703122	0.068884104
-0.14750981	0.07694961	-0.08641135	0.0486992	-0.060841557	0.15458636	-0.10231297	0.07892826	-0.07865899	0.08262696	-0.20819947	0.09901535	-0.0937152	0.11728691	-0.091179	0.20479798	-0.35659805	0.255399	-0.14202587	0.11935503	-0.27046254	0.9999986	-0.4247043	0.21592496	-0.23290226	0.20368521	-0.62395185	0.28530896	-0.20407367	0.11688325	-0.18587478	0.1864348	-0.13821836	0.110109806	-0.11589913
0.12736048	-0.069162704	0.077829145	-0.051489346	0.06376325	-0.1426976	0.09131539	-0.07375927	0.08249243	-0.091226056	0.16656353	-0.09280179	0.08635045	-0.13952133	0.104032926	-0.18311328	0.2788594	-0.59703726	0.17952468	-0.15375659	0.14684989	-0.4247043	0.99999845	-0.33678877	0.2203657	-0.14008693	0.26547995	-0.41744098	0.23340073	-0.11996538	0.10932503	-0.1206946	0.13242622	-0.11305075	0.11268415
-0.123834595	0.06513442	-0.073558986	0.048965998	-0.061722863	0.12804182	-0.085797206	0.06811867	-0.07910274	0.085383356	-0.14707851	0.079761066	-0.077196814	0.123682365	-0.09896183	0.13619016	-0.20083787	0.20399518	-0.17578247	0.13825941	-0.120782755	0.21592496	-0.33678877	0.9999986	-0.3861258	0.11425939	-0.25140667	0.30100286	-0.6895531	0.18700977	-0.103068404	0.10876193	-0.20674093	0.17310925	-0.18323736
0.19491933	-0.100462765	0.11132565	-0.07681583	0.0951638	-0.21939592	0.12919621	-0.10369957	0.12075589	-0.13882954	0.18760125	-0.114309885	0.10914012	-0.18772592	0.14849529	-0.18248174	0.21011317	-0.22359397	0.19833915	-0.23450902	0.14304008	-0.23290226	0.2203657	-0.3861258	0.9999987	-0.14898391	0.20264436	-0.25767237	0.23684661	-0.32233745	0.10876895	-0.122946516	0.18970598	-0.17481554	0.21915907
-0.12084922	0.05883248	-0.06458307	0.031920154	-0.03964156	0.12785515	-0.076848105	0.057120737	-0.051471222	0.05312274	-0.20665486	0.068447396	-0.06465317	0.07287593	-0.05628934	0.20725755	-0.17924967	0.12774087	-0.08068568	0.07068612	-0.8057203	0.20368521	-0.14008693	0.11425939	-0.14898391	0.99999887	-0.20397237	0.13565795	-0.10085989	0.07061134	-0.34891862	0.23268372	-0.084723756	0.06667499	-0.070410274
0.12056397	-0.062885255	0.07002116	-0.04187995	0.051970847	-0.13409828	0.08241251	-0.064652935	0.06696816	-0.07222694	0.15623082	-0.07864089	0.073650435	-0.10325849	0.07850643	-0.16303633	0.21503393	-0.21017012	0.11944809	-0.10553078	0.1909124	-0.62395185	0.26547995	-0.25140667	0.20264436	-0.20397237	0.99999857	-0.51052976	0.22168766	-0.12020211	0.19979978	-0.2929617	0.13804778	-0.11848956	0.111974016
-0.12399906	0.06463231	-0.07268694	0.044456165	-0.055792898	0.1287106	-0.08532638	0.06668955	-0.07170546	0.07635033	-0.15706196	0.08000313	-0.07667911	0.10877532	-0.08557166	0.1476317	-0.22402374	0.22220029	-0.13670601	0.11451999	-0.1436482	0.28530896	-0.41744098	0.30100286	-0.25767237	0.13565795	-0.51052976	0.9999985	-0.5211985	0.15795118	-0.13651788	0.1459952	-0.21269798	0.1646905	-0.15688606
0.09835378	-0.051655333	0.057938717	-0.038043085	0.047485255	-0.10587115	0.06766744	-0.053842176	0.060908258	-0.0666995	0.11565536	-0.063304	0.06045629	-0.096837424	0.0746901	-0.112513795	0.15525372	-0.17068465	0.12074003	-0.105354674	0.10185645	-0.20407367	0.23340073	-0.6895531	0.23684661	-0.10085989	0.22168766	-0.5211985	0.9999984	-0.22183521	0.08872231	-0.099653296	0.20168713	-0.22512303	0.17807774
-0.07985956	0.041163217	-0.04593053	0.030076375	-0.037705556	0.08587601	-0.05350321	0.042310562	-0.047983024	0.05252835	-0.084974006	0.047804084	-0.045915406	0.07213004	-0.05781178	0.08020768	-0.101714194	0.10163277	-0.08283736	0.07934489	-0.07075068	0.11688325	-0.11996538	0.18700977	-0.32233745	0.07061134	-0.12020211	0.15795118	-0.22183521	0.9999984	-0.062143993	0.068418056	-0.29642785	0.24605986	-0.82033795
0.07497107	-0.037657056	0.041504186	-0.022699073	0.02815419	-0.08301935	0.049054272	-0.037501182	0.036344383	-0.03848751	0.10620869	-0.04466652	0.042001996	-0.053566612	0.040935725	-0.11096802	0.11216257	-0.096007064	0.059451513	-0.052982524	0.21710394	-0.18587478	0.10932503	-0.103068404	0.10876895	-0.34891862	0.19979978	-0.13651788	0.08872231	-0.062143993	0.99999845	-0.8581761	0.08171845	-0.06739649	0.059110448
-0.083360404	0.041520964	-0.045877036	0.024650393	-0.030685116	0.088256106	-0.05425418	0.04112789	-0.03961262	0.04155698	-0.11950215	0.048772532	-0.04622472	0.057524543	-0.044422302	0.11652511	-0.12397011	0.101907775	-0.06468241	0.057027336	-0.2437651	0.1864348	-0.1206946	0.10876193	-0.122946516	0.23268372	-0.2929617	0.1459952	-0.099653296	0.068418056	-0.8581761	0.99999845	-0.09795156	0.07498747	-0.066787824
0.084513426	-0.043335382	0.048093606	-0.030179156	0.037526228	-0.09299584	0.0561962	-0.044197798	0.047938995	-0.05241662	0.09166632	-0.050450042	0.048042696	-0.07267284	0.05593371	-0.08897039	0.1098404	-0.11270016	0.080926925	-0.07509379	0.082510926	-0.13821836	0.13242622	-0.20674093	0.18970598	-0.084723756	0.13804778	-0.21269798	0.20168713	-0.29642785	0.08171845	-0.09795156	0.9999984	-0.8359268	0.2539089
-0.067514814	0.03472646	-0.03871355	0.024497522	-0.030629795	0.07251894	-0.04521931	0.035543233	-0.039104756	0.042449925	-0.07483916	0.040694848	-0.038966764	0.058899056	-0.046125393	0.0710695	-0.09131252	0.09110885	-0.067811705	0.06196461	-0.06703122	0.110109806	-0.11305075	0.17310925	-0.17481554	0.06667499	-0.11848956	0.1646905	-0.22512303	0.24605986	-0.06739649	0.07498747	-0.8359268	0.9999984	-0.37809947
0.07950572	-0.04075048	0.045219067	-0.029020017	0.036105637	-0.08753154	0.052731838	-0.041626852	0.046007663	-0.050733916	0.08276056	-0.046921823	0.04479271	-0.069633625	0.054106746	-0.07964587	0.09726728	-0.099624276	0.0765681	-0.07372664	0.068884104	-0.11589913	0.11268415	-0.18323736	0.21915907	-0.070410274	0.111974016	-0.15688606	0.17807774	-0.82033795	0.059110448	-0.066787824	0.2539089	-0.37809947	0.9999984
