1.0000001	-0.59221894	0.28776443	-0.23902787	0.23007031	-0.47612393	0.2769136	-0.24727982	0.19419275	-0.35469726	0.15585056	-0.18216737	0.16286981	-0.16494982	0.16548084	-0.15196578	0.16925009	-0.13595986	0.13649823	-0.1296585	0.08317923	-0.12261565	0.15568912	-0.05876121	0.055495214	-0.105710074	0.11568498	-0.09212851	0.05861609	-0.060359243	0.12797081	-0.1372093	0.1056234	-0.048725452	0.05728663
-0.59221894	0.99999994	-0.6270839	0.23976748	-0.26146957	0.24901646	-0.28504884	0.18759163	-0.15255764	0.21823236	-0.10154999	0.1289926	-0.1185281	0.11807578	-0.11785228	0.09475115	-0.118641436	0.09389142	-0.095989406	0.08922118	-0.05308186	0.07993802	-0.10485472	0.03921477	-0.03735488	0.06659089	-0.075801894	0.06063381	-0.039121103	0.040347155	-0.08079023	0.08676431	-0.06931971	0.031988703	-0.037644684
0.28776443	-0.6270839	0.9999996	-0.51891035	0.2868987	-0.24299525	0.20878495	-0.22687955	0.17434144	-0.28149647	0.10625532	-0.13989213	0.12859608	-0.1376619	0.13315177	-0.10366277	0.12940073	-0.10547413	0.10785182	-0.10268315	0.05956298	-0.09207901	0.11907379	-0.045340978	0.043123197	-0.07545261	0.087410256	-0.07017254	0.045150496	-0.046798732	0.09748935	-0.10415045	0.080499634	-0.0372392	0.043788653
-0.23902787	0.23976748	-0.51891035	0.99999946	-0.731672	0.1718633	-0.15952136	0.1708144	-0.18814531	0.224709	-0.084424935	0.1121942	-0.10931723	0.122895226	-0.118052565	0.080936976	-0.108510286	0.088346936	-0.093323655	0.08746344	-0.047538053	0.074957065	-0.09935554	0.03772532	-0.036156554	0.05978842	-0.07173226	0.057753474	-0.037592128	0.039007753	-0.0787449	0.08372071	-0.06634191	0.030692825	-0.03614904
0.23007031	-0.26146957	0.2868987	-0.731672	0.99999934	-0.22839864	0.1863343	-0.21444203	0.19314277	-0.3740916	0.115249656	-0.15239927	0.14260922	-0.15832375	0.15515988	-0.11431432	0.14740257	-0.12141396	0.12497046	-0.120528124	0.06827517	-0.1089856	0.14102903	-0.05405025	0.051299922	-0.08674891	0.104603514	-0.0840831	0.05388464	-0.055809617	0.1219366	-0.1284066	0.097291514	-0.044979732	0.052974906
-0.47612393	0.24901646	-0.24299525	0.1718633	-0.22839864	0.9999995	-0.6332956	0.26589876	-0.23561601	0.25468653	-0.27016935	0.21487269	-0.2012727	0.1776236	-0.18713894	0.18777762	-0.20778018	0.15306753	-0.15568663	0.13745722	-0.09527651	0.12681375	-0.16972622	0.060490087	-0.057555083	0.1147302	-0.12011531	0.09423497	-0.060693596	0.06156431	-0.113012195	0.12279467	-0.10704709	0.048934534	-0.057744194
0.2769136	-0.28504884	0.20878495	-0.15952136	0.1863343	-0.6332956	0.99999964	-0.49631456	0.24899657	-0.27194104	0.17099309	-0.28476614	0.20828669	-0.19624928	0.17731325	-0.15584041	0.19027169	-0.14956585	0.14645988	-0.1357108	0.080668695	-0.11562465	0.15109172	-0.05634167	0.054081425	-0.100440145	0.106351815	-0.0853979	0.055824537	-0.058239404	0.10247049	-0.11429669	0.09525164	-0.04419264	0.051709916
-0.24727982	0.18759163	-0.22687955	0.1708144	-0.21444203	0.26589876	-0.49631456	0.99999964	-0.62817425	0.26878282	-0.14144592	0.21691255	-0.2581612	0.26157078	-0.24297726	0.12622458	-0.20045137	0.16404831	-0.18276368	0.16064034	-0.073291905	0.11649399	-0.16449246	0.061847504	-0.06091353	0.08993317	-0.11000952	0.08991314	-0.061308306	0.06441023	-0.104634166	0.11514018	-0.10079879	0.04693604	-0.055122625
0.19419275	-0.15255764	0.17434144	-0.18814531	0.19314277	-0.23561601	0.24899657	-0.62817425	0.99999976	-0.3667215	0.12641107	-0.21466675	0.23039292	-0.5062761	0.2549721	-0.120125525	0.18576391	-0.16722037	0.1878154	-0.18296036	0.07059901	-0.11525345	0.15736026	-0.063637175	0.0636796	-0.0878559	0.106952585	-0.08884151	0.062068924	-0.06795467	0.103716396	-0.115958445	0.098344	-0.046608526	0.054351564
-0.35469726	0.21823236	-0.28149647	0.224709	-0.3740916	0.25468653	-0.27194104	0.26878282	-0.3667215	0.99999976	-0.1777697	0.23496297	-0.2588749	0.26797986	-0.38388675	0.16123082	-0.28456694	0.22054105	-0.25733557	0.22514902	-0.104853295	0.18155536	-0.27590552	0.09796277	-0.095587574	0.12693328	-0.18945615	0.15106139	-0.09990457	0.09997359	-0.20437218	0.1917686	-0.18176813	0.08249703	-0.09961256
0.15585056	-0.10154999	0.10625532	-0.084424935	0.115249656	-0.27016935	0.17099309	-0.14144592	0.12641107	-0.1777697	1.0	-0.24447495	0.16765077	-0.12758574	0.12940392	-0.8120327	0.20710061	-0.14747378	0.123167805	-0.11214141	0.21889727	-0.16609015	0.1623882	-0.05539499	0.049906444	-0.2731507	0.1351186	-0.09507151	0.055518657	-0.054563362	0.09700561	-0.11734651	0.10157986	-0.04570097	0.05302591
-0.18216737	0.1289926	-0.13989213	0.1121942	-0.15239927	0.21487269	-0.28476614	0.21691255	-0.21466675	0.23496297	-0.24447495	1.0	-0.6608323	0.24434848	-0.23442423	0.19022834	-0.47061938	0.27222067	-0.22088265	0.18547392	-0.10144826	0.15644051	-0.22052799	0.07432738	-0.071033165	0.12159052	-0.13733384	0.11259861	-0.07329428	0.075755894	-0.11232869	0.13503554	-0.11958024	0.05529976	-0.06404183
0.16286981	-0.1185281	0.12859608	-0.10931723	0.14260922	-0.2012727	0.20828669	-0.2581612	0.23039292	-0.2588749	0.16765077	-0.6608323	0.9999999	-0.41025576	0.24342771	-0.16280483	0.29636326	-0.3734442	0.23015003	-0.21592794	0.09223292	-0.1556417	0.21057256	-0.07752282	0.07505497	-0.11472585	0.13152456	-0.113080405	0.07474363	-0.08104504	0.11270146	-0.1394149	0.11646786	-0.05525522	0.06323508
-0.16494982	0.11807578	-0.1376619	0.122895226	-0.15832375	0.1776236	-0.19624928	0.26157078	-0.5062761	0.26797986	-0.12758574	0.24434848	-0.41025576	0.9999998	-0.54853624	0.11970882	-0.22843064	0.21626629	-0.31742826	0.25737455	-0.07278945	0.124945775	-0.18120196	0.07621502	-0.079664156	0.08954017	-0.1141306	0.09755093	-0.07357069	0.082261495	-0.10165837	0.11866422	-0.10513674	0.05066156	-0.058714636
0.16548084	-0.11785228	0.13315177	-0.118052565	0.15515988	-0.18713894	0.17731325	-0.24297726	0.2549721	-0.38388675	0.12940392	-0.23442423	0.24342771	-0.54853624	0.9999999	-0.12793252	0.2188218	-0.2249507	0.29257858	-0.53913504	0.0796968	-0.13995166	0.19011804	-0.0968147	0.11252521	-0.09967475	0.1271574	-0.111273564	0.09029333	-0.11862379	0.117266566	-0.1390196	0.11902145	-0.060364597	0.06917669
-0.15196578	0.09475115	-0.10366277	0.080936976	-0.11431432	0.18777762	-0.15584041	0.12622458	-0.120125525	0.16123082	-0.8120327	0.19022834	-0.16280483	0.11970882	-0.12793252	0.99999976	-0.2491117	0.14855658	-0.12513334	0.10881819	-0.3257075	0.1655986	-0.17318723	0.05534909	-0.049622487	0.24010608	-0.14435251	0.09702636	-0.056116953	0.053839818	-0.09521653	0.11248629	-0.10517776	0.046426725	-0.054306243
0.16925009	-0.118641436	0.12940073	-0.108510286	0.14740257	-0.20778018	0.19027169	-0.20045137	0.18576391	-0.28456694	0.20710061	-0.47061938	0.29636326	-0.22843064	0.2188218	-0.2491117	0.9999999	-0.5781056	0.25780997	-0.24748407	0.13302873	-0.24604087	0.27635625	-0.09879034	0.09142584	-0.16320762	0.1822236	-0.15472929	0.09483691	-0.10075511	0.1457458	-0.19155742	0.15253223	-0.07210296	0.08147194
-0.13595986	0.09389142	-0.10547413	0.088346936	-0.12141396	0.15306753	-0.14956585	0.16404831	-0.16722037	0.22054105	-0.14747378	0.27222067	-0.3734442	0.21626629	-0.2249507	0.14855658	-0.5781056	0.99999976	-0.45751458	0.24679558	-0.097686075	0.19498454	-0.42019626	0.09503021	-0.0880574	0.11733745	-0.15935907	0.14600493	-0.09211552	0.09284769	-0.117419526	0.15344809	-0.1409273	0.0645129	-0.07319135
0.13649823	-0.095989406	0.10785182	-0.093323655	0.12497046	-0.15568663	0.14645988	-0.18276368	0.1878154	-0.25733557	0.123167805	-0.22088265	0.23015003	-0.31742826	0.29257858	-0.12513334	0.25780997	-0.45751458	0.9999994	-0.6608062	0.08110452	-0.1540583	0.21989582	-0.13139208	0.13142022	-0.10087242	0.1330494	-0.12402053	0.11244959	-0.13615823	0.11095045	-0.14038408	0.12435771	-0.06416189	0.072476365
-0.1296585	0.08922118	-0.10268315	0.08746344	-0.120528124	0.13745722	-0.1357108	0.16064034	-0.18296036	0.22514902	-0.11214141	0.18547392	-0.21592794	0.25737455	-0.53913504	0.10881819	-0.24748407	0.24679558	-0.6608062	0.99999934	-0.071249604	0.1324467	-0.20566925	0.120470546	-0.18513149	0.08708235	-0.1231619	0.11238816	-0.11305934	0.15004791	-0.100498095	0.122698985	-0.118905	0.062741056	-0.07244948
0.08317923	-0.05308186	0.05956298	-0.047538053	0.06827517	-0.09527651	0.080668695	-0.073291905	0.07059901	-0.104853295	0.21889727	-0.10144826	0.09223292	-0.07278945	0.0796968	-0.3257075	0.13302873	-0.097686075	0.08110452	-0.071249604	0.99999887	-0.30030218	0.1620425	-0.047112226	0.038756654	-0.84533864	0.18040973	-0.09830707	0.04872449	-0.042833578	0.07818944	-0.09952945	0.099191725	-0.041856457	0.048379283
-0.12261565	0.07993802	-0.09207901	0.074957065	-0.1089856	0.12681375	-0.11562465	0.11649399	-0.11525345	0.18155536	-0.16609015	0.15644051	-0.1556417	0.124945775	-0.13995166	0.1655986	-0.24604087	0.19498454	-0.1540583	0.1324467	-0.30030218	0.9999983	-0.4823365	0.10693215	-0.08263769	0.23506175	-0.64504087	0.2540157	-0.11368356	0.092010595	-0.16248804	0.21756724	-0.24614765	0.09736929	-0.1118902
0.15568912	-0.10485472	0.11907379	-0.09935554	0.14102903	-0.16972622	0.15109172	-0.16449246	0.15736026	-0.27590552	0.1623882	-0.22052799	0.21057256	-0.18120196	0.19011804	-0.17318723	0.27635625	-0.42019626	0.21989582	-0.20566925	0.1620425	-0.4823365	0.99999845	-0.14785041	0.10960449	-0.20091426	0.29486564	-0.36203486	0.14238003	-0.12530388	0.1975158	-0.29799926	0.2502081	-0.11274694	0.12115724
-0.05876121	0.03921477	-0.045340978	0.03772532	-0.05405025	0.060490087	-0.05634167	0.061847504	-0.063637175	0.09796277	-0.05539499	0.07432738	-0.07752282	0.07621502	-0.0968147	0.05534909	-0.09879034	0.09503021	-0.13139208	0.120470546	-0.047112226	0.10693215	-0.14785041	0.99999833	-0.38449994	0.057542194	-0.1346522	0.18362953	-0.8285694	0.26880595	-0.07645625	0.10739523	-0.17403942	0.0943746	-0.10737484
0.055495214	-0.03735488	0.043123197	-0.036156554	0.051299922	-0.057555083	0.054081425	-0.06091353	0.0636796	-0.095587574	0.049906444	-0.071033165	0.07505497	-0.079664156	0.11252521	-0.049622487	0.09142584	-0.0880574	0.13142022	-0.18513149	0.038756654	-0.08263769	0.10960449	-0.38449994	0.9999982	-0.047844082	0.09145158	-0.1150645	0.2594721	-0.84404844	0.06356095	-0.088186875	0.11337261	-0.10226928	0.110859424
-0.105710074	0.06659089	-0.07545261	0.05978842	-0.08674891	0.1147302	-0.100440145	0.08993317	-0.0878559	0.12693328	-0.2731507	0.12159052	-0.11472585	0.08954017	-0.09967475	0.24010608	-0.16320762	0.11733745	-0.10087242	0.08708235	-0.84533864	0.23506175	-0.20091426	0.057542194	-0.047844082	0.9999982	-0.2273049	0.11869869	-0.060183927	0.052490864	-0.09754064	0.1187226	-0.12554272	0.05226439	-0.061196644
0.11568498	-0.075801894	0.087410256	-0.07173226	0.104603514	-0.12011531	0.106351815	-0.11000952	0.106952585	-0.18945615	0.1351186	-0.13733384	0.13152456	-0.1141306	0.1271574	-0.14435251	0.1822236	-0.15935907	0.1330494	-0.1231619	0.18040973	-0.64504087	0.29486564	-0.1346522	0.09145158	-0.2273049	0.99999815	-0.4531812	0.13629398	-0.10711676	0.18693906	-0.32930973	0.26863685	-0.114471406	0.120929055
-0.09212851	0.06063381	-0.07017254	0.057753474	-0.0840831	0.09423497	-0.0853979	0.08991314	-0.08884151	0.15106139	-0.09507151	0.11259861	-0.113080405	0.09755093	-0.111273564	0.09702636	-0.15472929	0.14600493	-0.12402053	0.11238816	-0.09830707	0.2540157	-0.36203486	0.18362953	-0.1150645	0.11869869	-0.4531812	0.9999983	-0.25707728	0.13214621	-0.15215541	0.235353	-0.6616475	0.16251299	-0.1784234
0.05861609	-0.039121103	0.045150496	-0.037592128	0.05388464	-0.060693596	0.055824537	-0.061308306	0.062068924	-0.09990457	0.055518657	-0.07329428	0.07474363	-0.07357069	0.09029333	-0.056116953	0.09483691	-0.09211552	0.11244959	-0.11305934	0.04872449	-0.11368356	0.14238003	-0.8285694	0.2594721	-0.060183927	0.13629398	-0.25707728	0.9999982	-0.35621637	0.07893619	-0.1159889	0.17332342	-0.10696544	0.11045893
-0.060359243	0.040347155	-0.046798732	0.039007753	-0.055809617	0.06156431	-0.058239404	0.06441023	-0.06795467	0.09997359	-0.054563362	0.075755894	-0.08104504	0.082261495	-0.11862379	0.053839818	-0.10075511	0.09284769	-0.13615823	0.15004791	-0.042833578	0.092010595	-0.12530388	0.26880595	-0.84404844	0.052490864	-0.10711676	0.13214621	-0.35621637	0.9999985	-0.071069315	0.09723098	-0.13862832	0.11691475	-0.15050852
0.12797081	-0.08079023	0.09748935	-0.0787449	0.1219366	-0.113012195	0.10247049	-0.104634166	0.103716396	-0.20437218	0.09700561	-0.11232869	0.11270146	-0.10165837	0.117266566	-0.09521653	0.1457458	-0.117419526	0.11095045	-0.100498095	0.07818944	-0.16248804	0.1975158	-0.07645625	0.06356095	-0.09754064	0.18693906	-0.15215541	0.07893619	-0.071069315	0.9999987	-0.65207535	0.19771466	-0.08435115	0.0981517
-0.1372093	0.08676431	-0.10415045	0.08372071	-0.1284066	0.12279467	-0.11429669	0.11514018	-0.115958445	0.1917686	-0.11734651	0.13503554	-0.1394149	0.11866422	-0.1390196	0.11248629	-0.19155742	0.15344809	-0.14038408	0.122698985	-0.09952945	0.21756724	-0.29799926	0.10739523	-0.088186875	0.1187226	-0.32930973	0.235353	-0.1159889	0.09723098	-0.65207535	0.9999987	-0.38897192	0.13577951	-0.16636841
0.1056234	-0.06931971	0.080499634	-0.06634191	0.097291514	-0.10704709	0.09525164	-0.10079879	0.098344	-0.18176813	0.10157986	-0.11958024	0.11646786	-0.10513674	0.11902145	-0.10517776	0.15253223	-0.1409273	0.12435771	-0.118905	0.099191725	-0.24614765	0.2502081	-0.17403942	0.11337261	-0.12554272	0.26863685	-0.6616475	0.17332342	-0.13862832	0.19771466	-0.38897192	0.9999988	-0.3035474	0.22210369
-0.048725452	0.031988703	-0.0372392	0.030692825	-0.044979732	0.048934534	-0.04419264	0.04693604	-0.046608526	0.08249703	-0.04570097	0.05529976	-0.05525522	0.05066156	-0.060364597	0.046426725	-0.07210296	0.0645129	-0.06416189	0.062741056	-0.041856457	0.09736929	-0.11274694	0.0943746	-0.10226928	0.05226439	-0.114471406	0.16251299	-0.10696544	0.11691475	-0.08435115	0.13577951	-0.3035474	0.9999988	-0.906387
0.05728663	-0.037644684	0.043788653	-0.03614904	0.052974906	-0.057744194	0.051709916	-0.055122625	0.054351564	-0.09961256	0.05302591	-0.06404183	0.06323508	-0.058714636	0.06917669	-0.054306243	0.08147194	-0.07319135	0.072476365	-0.07244948	0.048379283	-0.1118902	0.12115724	-0.10737484	0.110859424	-0.061196644	0.120929055	-0.1784234	0.11045893	-0.15050852	0.0981517	-0.16636841	0.22210369	-0.906387	0.9999988
