1.0000001	-0.5416051	0.2069981	-0.1485652	0.15878336	-0.70723325	0.2720383	-0.19396035	0.08990171	-0.07623651	0.21783896	-0.2040722	0.15968472	-0.098612	0.084307015	-0.15444209	0.1435295	-0.16318247	0.059637945	-0.05652003	0.11858967	-0.12049702	0.09666553	-0.0812571	0.07938064	-0.06294844	0.08147077	-0.085157305	0.05454504	-0.05698998	0.0653925	-0.053235646	0.08165484	-0.057026908	0.06560061
-0.5416051	1.0000002	-0.41501567	0.20098455	-0.2176159	0.2974475	-0.547469	0.24033953	-0.11860248	0.09736196	-0.21115147	0.20310183	-0.20514326	0.12294854	-0.10781601	0.14551933	-0.15472935	0.17774978	-0.068525694	0.064261235	-0.12620649	0.12333377	-0.107528	0.08980811	-0.08959017	0.069115154	-0.09068092	0.09327905	-0.060681764	0.06330333	-0.073370606	0.059309907	-0.09205333	0.063332446	-0.07371348
0.2069981	-0.41501567	1.0000002	-0.63480675	0.30006832	-0.22407296	0.24080086	-0.27741712	0.19592108	-0.1620768	0.16783114	-0.17974639	0.2034373	-0.20539147	0.15613635	-0.14775561	0.14776413	-0.21385336	0.087684676	-0.08507582	0.13087001	-0.14021724	0.12472413	-0.11326131	0.109525345	-0.08473357	0.10704286	-0.1142173	0.07435013	-0.078764096	0.08807584	-0.07132318	0.10975065	-0.07829774	0.08994673
-0.1485652	0.20098455	-0.63480675	1.0000005	-0.5609246	0.14562292	-0.17447595	0.1784722	-0.32521167	0.19665341	-0.126743	0.1289785	-0.16558644	0.21980472	-0.19015008	0.10846873	-0.11161826	0.15792021	-0.07633102	0.072843425	-0.10128263	0.10549973	-0.0971188	0.08903507	-0.08817588	0.06568198	-0.084039144	0.087827496	-0.0583031	0.06178138	-0.069421425	0.055937957	-0.08681103	0.061244287	-0.07115401
0.15878336	-0.2176159	0.30006832	-0.5609246	1.0000007	-0.18987992	0.19125685	-0.2283975	0.23798501	-0.29009572	0.16599756	-0.17717065	0.20073946	-0.2572233	0.22150329	-0.16112769	0.15799034	-0.24490726	0.11098684	-0.11023136	0.1499595	-0.16622438	0.15033022	-0.14430837	0.13904358	-0.107900545	0.13392083	-0.14227419	0.09412554	-0.100694634	0.11210293	-0.09029961	0.13902868	-0.099944286	0.1149304
-0.70723325	0.2974475	-0.22407296	0.14562292	-0.18987992	1.0000005	-0.36452225	0.20417227	-0.10014129	0.084338754	-0.38463113	0.2339778	-0.19335853	0.10713588	-0.09696753	0.1832158	-0.1781218	0.17975858	-0.06843689	0.063733265	-0.14879003	0.13812557	-0.11317661	0.09233004	-0.09265907	0.07264955	-0.09624651	0.09722548	-0.063092925	0.065511666	-0.07715749	0.062418737	-0.096735075	0.06577705	-0.07669917
0.2720383	-0.547469	0.24080086	-0.17447595	0.19125685	-0.36452225	1.0000004	-0.50104123	0.11872304	-0.09778001	0.23932628	-0.34928617	0.26306573	-0.13324554	0.10954139	-0.18120696	0.19589658	-0.23623228	0.077537395	-0.07322622	0.14485177	-0.1475423	0.12574455	-0.10333687	0.100446925	-0.0782787	0.10186786	-0.10906916	0.06901714	-0.07187596	0.08145223	-0.066500805	0.102168135	-0.07177106	0.08233314
-0.19396035	0.24033953	-0.27741712	0.1784722	-0.2283975	0.20417227	-0.50104123	1.0000004	-0.16550934	0.12190566	-0.20960972	0.22918856	-0.64876944	0.17482021	-0.14583273	0.16316849	-0.19426587	0.2611434	-0.09108711	0.083253294	-0.15201038	0.14705922	-0.14524125	0.11337829	-0.11444731	0.085253425	-0.1141606	0.118903294	-0.076900825	0.07943491	-0.09174166	0.07423881	-0.116215356	0.07936182	-0.09281263
0.08990171	-0.11860248	0.19592108	-0.32521167	0.23798501	-0.10014129	0.11872304	-0.16550934	1.0000001	-0.5162271	0.093921326	-0.10200218	0.16482593	-0.6826948	0.31441703	-0.08474134	0.08933817	-0.1398171	0.08643782	-0.08367226	0.079109445	-0.083632916	0.08016568	-0.077597566	0.07616445	-0.052060064	0.06657875	-0.07192596	0.048053924	-0.051285557	0.054643173	-0.04436148	0.06867822	-0.04999076	0.057741873
-0.07623651	0.09736196	-0.1620768	0.19665341	-0.29009572	0.084338754	-0.09778001	0.12190566	-0.5162271	1.0000005	-0.080145754	0.084760636	-0.1268029	0.3138361	-0.73134905	0.07283055	-0.0759384	0.11581796	-0.07901441	0.07685316	-0.0692662	0.07333649	-0.07027473	0.06935497	-0.06962134	0.04666596	-0.059528347	0.063634224	-0.043088727	0.046162717	-0.049145445	0.039784502	-0.06170839	0.04490151	-0.05213479
0.21783896	-0.21115147	0.16783114	-0.126743	0.16599756	-0.38463113	0.23932628	-0.20960972	0.093921326	-0.080145754	1.0000005	-0.6078494	0.20622566	-0.107307464	0.09283975	-0.47963288	0.30088952	-0.25114715	0.080073096	-0.07547716	0.22220273	-0.22300264	0.14533451	-0.1153584	0.109925374	-0.09189365	0.11903391	-0.12573323	0.077544205	-0.08026139	0.092034146	-0.07625291	0.11433401	-0.08059233	0.091050215
-0.2040722	0.20310183	-0.17974639	0.1289785	-0.17717065	0.2339778	-0.34928617	0.22918856	-0.10200218	0.084760636	-0.6078494	1.0000005	-0.28797352	0.11488279	-0.10085185	0.29297128	-0.50479794	0.25816953	-0.082584575	0.075953506	-0.21319103	0.19503771	-0.14863577	0.112629674	-0.1112515	0.08866622	-0.11888342	0.122256674	-0.0769555	0.079062656	-0.092394054	0.075705156	-0.11599229	0.07944072	-0.09152794
0.15968472	-0.20514326	0.2034373	-0.16558644	0.20073946	-0.19335853	0.26306573	-0.64876944	0.16482593	-0.1268029	0.20622566	-0.28797352	1.0000005	-0.2426607	0.15105425	-0.18597938	0.21858072	-0.4827691	0.103859335	-0.09715762	0.15931155	-0.16624337	0.16787304	-0.12954272	0.12313444	-0.09204623	0.12067777	-0.13964616	0.08478267	-0.08754261	0.09553968	-0.07874635	0.121109486	-0.08689135	0.09862768
-0.098612	0.12294854	-0.20539147	0.21980472	-0.2572233	0.10713588	-0.13324554	0.17482021	-0.6826948	0.3138361	-0.107307464	0.11488279	-0.2426607	1.0000004	-0.5176195	0.09461544	-0.102914125	0.15835693	-0.11966172	0.10438606	-0.09027584	0.09344375	-0.09250021	0.08966309	-0.08981585	0.058442526	-0.07564273	0.08120487	-0.05494923	0.058581356	-0.061914813	0.05024163	-0.07817744	0.056786615	-0.066066734
0.084307015	-0.10781601	0.15613635	-0.19015008	0.22150329	-0.09696753	0.10954139	-0.14583273	0.31441703	-0.73134905	0.09283975	-0.10085185	0.15105425	-0.5176195	1.0000006	-0.08684461	0.09015699	-0.14393638	0.1007061	-0.10618276	0.08178265	-0.088026434	0.08459513	-0.08577503	0.08482624	-0.0559367	0.07087997	-0.077168286	0.052146208	-0.056131665	0.058422323	-0.047477376	0.07336001	-0.05427964	0.06258899
-0.15444209	0.14551933	-0.14775561	0.10846873	-0.16112769	0.1832158	-0.18120696	0.16316849	-0.08474134	0.07283055	-0.47963288	0.29297128	-0.18597938	0.09461544	-0.08684461	1.0000006	-0.5712385	0.24843436	-0.08333419	0.076322064	-0.48292565	0.27139604	-0.16786377	0.12142665	-0.11961698	0.100838065	-0.1375758	0.13570642	-0.0843316	0.08588818	-0.103264645	0.08530532	-0.12886779	0.086913556	-0.0995707
0.1435295	-0.15472935	0.14776413	-0.11161826	0.15799034	-0.1781218	0.19589658	-0.19426587	0.08933817	-0.0759384	0.30088952	-0.50479794	0.21858072	-0.102914125	0.09015699	-0.5712385	1.0000002	-0.43465868	0.091053404	-0.084373385	0.2617657	-0.30117613	0.18031693	-0.1291649	0.12181997	-0.10130407	0.13499963	-0.14649944	0.08687222	-0.088540025	0.10098898	-0.08468363	0.12631547	-0.08895557	0.09982562
-0.16318247	0.17774978	-0.21385336	0.15792021	-0.24490726	0.17975858	-0.23623228	0.2611434	-0.1398171	0.11581796	-0.25114715	0.25816953	-0.4827691	0.15835693	-0.14393638	0.24843436	-0.43465868	1.0000004	-0.17263766	0.14131978	-0.2539185	0.24174882	-0.37120414	0.19846065	-0.19955954	0.14078572	-0.1977195	0.22230752	-0.1363501	0.13540336	-0.15297386	0.12557034	-0.19875504	0.1351431	-0.15734589
0.059637945	-0.068525694	0.087684676	-0.07633102	0.11098684	-0.06843689	0.077537395	-0.09108711	0.08643782	-0.07901441	0.080073096	-0.082584575	0.103859335	-0.11966172	0.1007061	-0.08333419	0.091053404	-0.17263766	1.0000004	-0.8917935	0.08984818	-0.10205652	0.13126908	-0.271371	0.23267281	-0.073920846	0.09360252	-0.11912884	0.099836744	-0.11600682	0.07576004	-0.06446314	0.099798486	-0.09658338	0.10929414
-0.05652003	0.064261235	-0.08507582	0.072843425	-0.11023136	0.063733265	-0.07322622	0.083253294	-0.08367226	0.07685316	-0.07547716	0.075953506	-0.09715762	0.10438606	-0.10618276	0.076322064	-0.084373385	0.14131978	-0.8917935	1.0000002	-0.085330434	0.09382269	-0.122640036	0.21660422	-0.31336385	0.07035632	-0.090682	0.109688535	-0.09764163	0.114888266	-0.07405099	0.062350444	-0.09803188	0.092709236	-0.11277686
0.11858967	-0.12620649	0.13087001	-0.10128263	0.1499595	-0.14879003	0.14485177	-0.15201038	0.079109445	-0.0692662	0.22220273	-0.21319103	0.15931155	-0.09027584	0.08178265	-0.48292565	0.2617657	-0.2539185	0.08984818	-0.085330434	1.0000001	-0.70503163	0.21113026	-0.15496074	0.13839386	-0.1402004	0.17944857	-0.1839318	0.104566544	-0.10668937	0.12538347	-0.10905039	0.15097703	-0.10845611	0.11701752
-0.12049702	0.12333377	-0.14021724	0.10549973	-0.16622438	0.13812557	-0.1475423	0.14705922	-0.083632916	0.07333649	-0.22300264	0.19503771	-0.16624337	0.09344375	-0.088026434	0.27139604	-0.30117613	0.24174882	-0.10205652	0.09382269	-0.70503163	1.0	-0.33671722	0.17712586	-0.171105	0.16796894	-0.27736548	0.2213906	-0.12900996	0.1263686	-0.16440296	0.14121602	-0.20201245	0.13032939	-0.14555885
0.09666553	-0.107528	0.12472413	-0.0971188	0.15033022	-0.11317661	0.12574455	-0.14524125	0.08016568	-0.07027473	0.14533451	-0.14863577	0.16787304	-0.09250021	0.08459513	-0.16786377	0.18031693	-0.37120414	0.13126908	-0.122640036	0.21113026	-0.33671722	0.9999998	-0.37743977	0.23815599	-0.17217149	0.22871186	-0.63808113	0.20785342	-0.19325083	0.15958357	-0.14850233	0.21660176	-0.19070409	0.18617034
-0.0812571	0.08980811	-0.11326131	0.08903507	-0.14430837	0.09233004	-0.10333687	0.11337829	-0.077597566	0.06935497	-0.1153584	0.112629674	-0.12954272	0.08966309	-0.08577503	0.12142665	-0.1291649	0.19846065	-0.271371	0.21660422	-0.15496074	0.17712586	-0.37743977	0.99999976	-0.695269	0.14171833	-0.18978292	0.25114983	-0.28677836	0.2535928	-0.15069865	0.12979001	-0.20893307	0.2130958	-0.26403567
0.07938064	-0.08959017	0.109525345	-0.08817588	0.13904358	-0.09265907	0.100446925	-0.11444731	0.07616445	-0.06962134	0.109925374	-0.1112515	0.12313444	-0.08981585	0.08482624	-0.11961698	0.12181997	-0.19955954	0.23267281	-0.31336385	0.13839386	-0.171105	0.23815599	-0.695269	0.99999994	-0.13676903	0.16640095	-0.2416969	0.23614761	-0.37439263	0.13388363	-0.11903235	0.18116732	-0.22330862	0.24039465
-0.06294844	0.069115154	-0.08473357	0.06568198	-0.107900545	0.07264955	-0.0782787	0.085253425	-0.052060064	0.04666596	-0.09189365	0.08866622	-0.09204623	0.058442526	-0.0559367	0.100838065	-0.10130407	0.14078572	-0.073920846	0.07035632	-0.1402004	0.16796894	-0.17217149	0.14171833	-0.13676903	0.9999998	-0.6043852	0.20902656	-0.12878142	0.123659745	-0.6351045	0.30079895	-0.3198878	0.14587449	-0.14757414
0.08147077	-0.09068092	0.10704286	-0.084039144	0.13392083	-0.09624651	0.10186786	-0.1141606	0.06657875	-0.059528347	0.11903391	-0.11888342	0.12067777	-0.07564273	0.07087997	-0.1375758	0.13499963	-0.1977195	0.09360252	-0.090682	0.17944857	-0.27736548	0.22871186	-0.18978292	0.16640095	-0.6043852	0.9999998	-0.3688015	0.16293354	-0.15938394	0.31393957	-0.41827294	0.29234755	-0.18310377	0.16694173
-0.085157305	0.09327905	-0.1142173	0.087827496	-0.14227419	0.09722548	-0.10906916	0.118903294	-0.07192596	0.063634224	-0.12573323	0.122256674	-0.13964616	0.08120487	-0.077168286	0.13570642	-0.14649944	0.22230752	-0.11912884	0.109688535	-0.1839318	0.2213906	-0.63808113	0.25114983	-0.2416969	0.20902656	-0.3688015	0.9999999	-0.34203798	0.21830341	-0.21167949	0.19866307	-0.33448803	0.22960435	-0.23196474
0.05454504	-0.060681764	0.07435013	-0.0583031	0.09412554	-0.063092925	0.06901714	-0.076900825	0.048053924	-0.043088727	0.077544205	-0.0769555	0.08478267	-0.05494923	0.052146208	-0.0843316	0.08687222	-0.1363501	0.099836744	-0.09764163	0.104566544	-0.12900996	0.20785342	-0.28677836	0.23614761	-0.12878142	0.16293354	-0.34203798	0.99999994	-0.5772269	0.12792121	-0.12752262	0.20373726	-0.59584934	0.3243851
-0.05698998	0.06330333	-0.078764096	0.06178138	-0.100694634	0.065511666	-0.07187596	0.07943491	-0.051285557	0.046162717	-0.08026139	0.079062656	-0.08754261	0.058581356	-0.056131665	0.08588818	-0.088540025	0.13540336	-0.11600682	0.114888266	-0.10668937	0.1263686	-0.19325083	0.2535928	-0.37439263	0.123659745	-0.15938394	0.21830341	-0.5772269	0.99999994	-0.12992284	0.11902601	-0.19654863	0.31800476	-0.60059357
0.0653925	-0.073370606	0.08807584	-0.069421425	0.11210293	-0.07715749	0.08145223	-0.09174166	0.054643173	-0.049145445	0.092034146	-0.092394054	0.09553968	-0.061914813	0.058422323	-0.103264645	0.10098898	-0.15297386	0.07576004	-0.07405099	0.12538347	-0.16440296	0.15958357	-0.15069865	0.13388363	-0.6351045	0.31393957	-0.21167949	0.12792121	-0.12992284	0.9999997	-0.57030994	0.2922867	-0.15957427	0.14137197
-0.053235646	0.059309907	-0.07132318	0.055937957	-0.09029961	0.062418737	-0.066500805	0.07423881	-0.04436148	0.039784502	-0.07625291	0.075705156	-0.07874635	0.05024163	-0.047477376	0.08530532	-0.08468363	0.12557034	-0.06446314	0.062350444	-0.10905039	0.14121602	-0.14850233	0.12979001	-0.11903235	0.30079895	-0.41827294	0.19866307	-0.12752262	0.11902601	-0.57030994	0.99999946	-0.6168589	0.15965532	-0.14092588
0.08165484	-0.09205333	0.10975065	-0.08681103	0.13902868	-0.096735075	0.102168135	-0.116215356	0.06867822	-0.06170839	0.11433401	-0.11599229	0.121109486	-0.07817744	0.07336001	-0.12886779	0.12631547	-0.19875504	0.099798486	-0.09803188	0.15097703	-0.20201245	0.21660176	-0.20893307	0.18116732	-0.3198878	0.29234755	-0.33448803	0.20373726	-0.19654863	0.2922867	-0.6168589	0.9999995	-0.3206621	0.21435894
-0.057026908	0.063332446	-0.07829774	0.061244287	-0.099944286	0.06577705	-0.07177106	0.07936182	-0.04999076	0.04490151	-0.08059233	0.07944072	-0.08689135	0.056786615	-0.05427964	0.086913556	-0.08895557	0.1351431	-0.09658338	0.092709236	-0.10845611	0.13032939	-0.19070409	0.2130958	-0.22330862	0.14587449	-0.18310377	0.22960435	-0.59584934	0.31800476	-0.15957427	0.15965532	-0.3206621	0.9999994	-0.5989354
0.06560061	-0.07371348	0.08994673	-0.07115401	0.1149304	-0.07669917	0.08233314	-0.09281263	0.057741873	-0.05213479	0.091050215	-0.09152794	0.09862768	-0.066066734	0.06258899	-0.0995707	0.09982562	-0.15734589	0.10929414	-0.11277686	0.11701752	-0.14555885	0.18617034	-0.26403567	0.24039465	-0.14757414	0.16694173	-0.23196474	0.3243851	-0.60059357	0.14137197	-0.14092588	0.21435894	-0.5989354	0.9999994
