1.0	-0.55846083	0.1305525	-0.124180384	0.07703625	-0.74336267	0.3043342	-0.11881869	0.09599455	-0.06512063	0.05010791	-0.14546797	0.12291692	-0.091944985	0.053918257	-0.0487554	0.10818499	-0.091734596	0.093313955	-0.06633237	0.033683833	-0.0825421	0.09889114	-0.048852388	0.04661752	-0.020448614	0.05932389	-0.042067643	0.038534615	-0.038221695	0.02388232	-0.035826758	0.0368511	-0.031931154	0.05179795
-0.55846083	0.99999994	-0.21012819	0.15638247	-0.09775655	0.3198093	-0.68106484	0.15397535	-0.12698555	0.080505975	-0.04568888	0.1891802	-0.16560954	0.10968994	-0.06519588	0.04321	-0.14693828	0.11299839	-0.11567311	0.07823185	-0.0375989	0.10178622	-0.12642746	0.058077786	-0.055749852	0.022877812	-0.070282474	0.049936775	-0.045385525	0.044819042	-0.026863525	0.04003368	-0.04330303	0.037463322	-0.06021016
0.1305525	-0.21012819	1.0000001	-0.8468237	0.17154968	-0.14380333	0.16440506	-0.32027975	0.2368312	-0.15912464	0.03258514	-0.14138946	0.17076164	-0.16548924	0.092477426	-0.031316385	0.10784899	-0.126541	0.13266268	-0.109958984	0.038374305	-0.09227923	0.111009344	-0.06777478	0.06495588	-0.023374448	0.07182394	-0.0516804	0.04932629	-0.049902312	0.028068468	-0.04216683	0.04603867	-0.040457014	0.06654523
-0.124180384	0.15638247	-0.8468237	1.0000001	-0.2277603	0.12400267	-0.15628022	0.247661	-0.31669202	0.17267677	-0.032108646	0.1298631	-0.17234956	0.1598083	-0.09495424	0.030496612	-0.107842706	0.12183875	-0.14027743	0.10590167	-0.03874948	0.08954441	-0.113987006	0.067556836	-0.06610493	0.023521742	-0.07351433	0.052349586	-0.050212238	0.050471626	-0.028314788	0.042034417	-0.047006268	0.04098948	-0.06830808
0.07703625	-0.09775655	0.17154968	-0.2277603	1.0000001	-0.101293854	0.10497294	-0.280053	0.2755167	-0.8420734	0.02955811	-0.1275982	0.16430849	-0.21460356	0.13012181	-0.028494535	0.10025042	-0.13332155	0.14381717	-0.15205167	0.04018723	-0.09096642	0.10927944	-0.07900597	0.075525224	-0.02450919	0.07552606	-0.054940153	0.053959567	-0.055525254	0.029674282	-0.044843197	0.049459886	-0.044003613	0.07256004
-0.74336267	0.3198093	-0.14380333	0.12400267	-0.101293854	0.9999999	-0.48971063	0.14398283	-0.12345931	0.08110687	-0.07239672	0.18349138	-0.16967398	0.11504506	-0.06960093	0.06512153	-0.15448268	0.121205635	-0.12824029	0.083964	-0.045752227	0.110495254	-0.14154342	0.06501771	-0.06275244	0.02762586	-0.08184824	0.057467457	-0.05242353	0.051533982	-0.032286033	0.047772605	-0.05038794	0.043299418	-0.07047907
0.3043342	-0.68106484	0.16440506	-0.15628022	0.10497294	-0.48971063	1.0000001	-0.20497222	0.14131394	-0.09022936	0.05470189	-0.32602108	0.19270252	-0.12918152	0.074707694	-0.053089444	0.17311949	-0.13487972	0.12948388	-0.091237776	0.04273282	-0.12553559	0.1412295	-0.06644126	0.06303846	-0.026120776	0.07890768	-0.05664881	0.051160336	-0.050771113	0.030488152	-0.045899313	0.04868483	-0.04239663	0.06746621
-0.11881869	0.15397535	-0.32027975	0.247661	-0.280053	0.14398283	-0.20497222	0.9999999	-0.65445673	0.22803615	-0.0438782	0.20442094	-0.42918426	0.24263714	-0.1417724	0.04175198	-0.16180019	0.19732016	-0.2164873	0.15176077	-0.050946668	0.13099796	-0.16489963	0.09485707	-0.09277301	0.031111255	-0.09865175	0.07127797	-0.06793531	0.06842882	-0.037163544	0.055538826	-0.0630289	0.055313256	-0.09043658
0.09599455	-0.12698555	0.2368312	-0.31669202	0.2755167	-0.12345931	0.14131394	-0.65445673	0.99999976	-0.40790248	0.036239948	-0.16723219	0.23986335	-0.3481289	0.15745057	-0.03480956	0.12830028	-0.17195156	0.18768132	-0.1697565	0.04516352	-0.11209676	0.13627824	-0.09034323	0.08789291	-0.027625633	0.086734675	-0.06335353	0.06158303	-0.062979475	0.033156276	-0.049930606	0.056367327	-0.050029427	0.08180019
-0.06512063	0.080505975	-0.15912464	0.17267677	-0.8420734	0.08110687	-0.09022936	0.22803615	-0.40790248	0.99999964	-0.02531439	0.10565753	-0.15107085	0.17809846	-0.12721568	0.024189852	-0.08723766	0.11136319	-0.13095611	0.12450659	-0.0338911	0.07637806	-0.09593309	0.0661365	-0.065105036	0.020634102	-0.06476576	0.046744063	-0.046005648	0.04699871	-0.024954252	0.0373244	-0.042242385	0.037306875	-0.062142767
0.05010791	-0.04568888	0.03258514	-0.032108646	0.02955811	-0.07239672	0.05470189	-0.0438782	0.036239948	-0.02531439	0.9999996	-0.09165202	0.062109318	-0.0497561	0.028903026	-0.97679603	0.11195616	-0.06270514	0.052706186	-0.038264953	0.06900912	-0.0806846	0.068178505	-0.032105763	0.029463764	-0.043367088	0.046003405	-0.032509204	0.027605366	-0.027142094	0.0361666	-0.059695672	0.02759283	-0.023959583	0.036124792
-0.14546797	0.1891802	-0.14138946	0.1298631	-0.1275982	0.18349138	-0.32602108	0.20442094	-0.16723219	0.10565753	-0.09165202	0.99999934	-0.5009199	0.19093971	-0.112636335	0.0860649	-0.59169626	0.25113368	-0.22188863	0.13786572	-0.06827029	0.25911635	-0.300227	0.109351374	-0.103146255	0.042054266	-0.13580187	0.097760245	-0.08428092	0.08229384	-0.04820945	0.07256844	-0.08054798	0.0698274	-0.10642914
0.12291692	-0.16560954	0.17076164	-0.17234956	0.16430849	-0.16967398	0.19270252	-0.42918426	0.23986335	-0.15107085	0.062109318	-0.5009199	0.9999994	-0.33565158	0.16421805	-0.060747918	0.25679025	-0.45402843	0.2744872	-0.20774318	0.06703196	-0.22319381	0.24004574	-0.12951511	0.119391695	-0.04146603	0.12939952	-0.096823946	0.08872562	-0.089870036	0.0487462	-0.07465495	0.0820504	-0.07316735	0.11388233
-0.091944985	0.10968994	-0.16548924	0.1598083	-0.21460356	0.11504506	-0.12918152	0.24263714	-0.3481289	0.17809846	-0.0497561	0.19093971	-0.33565158	0.99999934	-0.53840256	0.04688001	-0.1822866	0.2467869	-0.44084954	0.30638304	-0.06854204	0.15456901	-0.21584652	0.15593222	-0.16780818	0.041892976	-0.13839737	0.10096605	-0.10291969	0.105396435	-0.050561443	0.074870415	-0.09195724	0.08141526	-0.13757466
0.053918257	-0.06519588	0.092477426	-0.09495424	0.13012181	-0.06960093	0.074707694	-0.1417724	0.15745057	-0.12721568	0.028903026	-0.112636335	0.16421805	-0.53840256	0.9999994	-0.02748784	0.10327776	-0.15091196	0.230571	-0.7474331	0.043820404	-0.09409044	0.1261721	-0.14634196	0.15180142	-0.027000256	0.089490116	-0.068677165	0.07530293	-0.082569644	0.032715335	-0.049361337	0.06268885	-0.058278833	0.094556555
-0.0487554	0.04321	-0.031316385	0.030496612	-0.028494535	0.06512153	-0.053089444	0.04175198	-0.03480956	0.024189852	-0.97679603	0.0860649	-0.060747918	0.04688001	-0.02748784	0.999999	-0.12666793	0.059780497	-0.05137696	0.03609846	-0.07376983	0.07752467	-0.068400905	0.030745793	-0.028356561	0.04230672	-0.044835024	0.031412728	-0.02662135	0.026047418	-0.035580583	0.056541435	-0.02664777	0.023039429	-0.03474392
0.10818499	-0.14693828	0.10784899	-0.107842706	0.10025042	-0.15448268	0.17311949	-0.16180019	0.12830028	-0.08723766	0.11195616	-0.59169626	0.25679025	-0.1822866	0.10327776	-0.12666793	0.9999986	-0.29696658	0.19805846	-0.13720535	0.07180597	-0.5718038	0.2941605	-0.11086706	0.09919852	-0.045260735	0.13774423	-0.103120804	0.08359466	-0.08260099	0.049811207	-0.07767158	0.07979048	-0.07085908	0.10273726
-0.091734596	0.11299839	-0.126541	0.12183875	-0.13332155	0.121205635	-0.13487972	0.19732016	-0.17195156	0.11136319	-0.06270514	0.25113368	-0.45402843	0.2467869	-0.15091196	0.059780497	-0.29696658	0.99999857	-0.6209395	0.1909076	-0.06950848	0.2387632	-0.41281348	0.1483644	-0.13641867	0.043163862	-0.14360657	0.11056042	-0.0992049	0.09783368	-0.050535988	0.07676797	-0.0913202	0.080454335	-0.12225123
0.093313955	-0.11567311	0.13266268	-0.14027743	0.14381717	-0.12824029	0.12948388	-0.2164873	0.18768132	-0.13095611	0.052706186	-0.22188863	0.2744872	-0.44084954	0.230571	-0.05137696	0.19805846	-0.6209395	0.999999	-0.35486642	0.07462333	-0.19743259	0.24317065	-0.2240945	0.18057029	-0.046246607	0.1464652	-0.114488974	0.11479297	-0.11940802	0.0554895	-0.085636675	0.09944803	-0.09207662	0.1420173
-0.06633237	0.07823185	-0.109958984	0.10590167	-0.15205167	0.083964	-0.091237776	0.15176077	-0.1697565	0.12450659	-0.038264953	0.13786572	-0.20774318	0.30638304	-0.7474331	0.03609846	-0.13720535	0.1909076	-0.35486642	0.9999987	-0.05897102	0.12225884	-0.17370963	0.18975756	-0.25844285	0.036284916	-0.12307827	0.09318063	-0.104376	0.11288654	-0.044007704	0.06567242	-0.086384445	0.079149134	-0.13356385
0.033683833	-0.0375989	0.038374305	-0.03874948	0.04018723	-0.045752227	0.04273282	-0.050946668	0.04516352	-0.0338911	0.06900912	-0.06827029	0.06703196	-0.06854204	0.043820404	-0.07376983	0.07180597	-0.06950848	0.07462333	-0.05897102	0.9999988	-0.08580085	0.0920316	-0.072412305	0.06792735	-0.6711878	0.17346331	-0.113339394	0.091838844	-0.088136144	0.3275549	-0.5653006	0.10344942	-0.08706128	0.1270995
-0.0825421	0.10178622	-0.09227923	0.08954441	-0.09096642	0.110495254	-0.12553559	0.13099796	-0.11209676	0.07637806	-0.0806846	0.25911635	-0.22319381	0.15456901	-0.09409044	0.07752467	-0.5718038	0.2387632	-0.19743259	0.12225884	-0.08580085	0.9999987	-0.6626071	0.12467784	-0.11322426	0.053793527	-0.203428	0.13880804	-0.10245302	0.096483216	-0.05796517	0.088933006	-0.100206785	0.086398765	-0.11759125
0.09889114	-0.12642746	0.111009344	-0.113987006	0.10927944	-0.14154342	0.1412295	-0.16489963	0.13627824	-0.09593309	0.068178505	-0.300227	0.24004574	-0.21584652	0.1261721	-0.068400905	0.2941605	-0.41281348	0.24317065	-0.17370963	0.0920316	-0.6626071	0.9999989	-0.19151801	0.15148166	-0.059150428	0.19922154	-0.19106284	0.13103697	-0.12694485	0.066850595	-0.10582119	0.12442578	-0.11182285	0.14778455
-0.048852388	0.058077786	-0.06777478	0.067556836	-0.07900597	0.06501771	-0.06644126	0.09485707	-0.09034323	0.0661365	-0.032105763	0.109351374	-0.12951511	0.15593222	-0.14634196	0.030745793	-0.11086706	0.1483644	-0.2240945	0.18975756	-0.072412305	0.12467784	-0.19151801	0.9999988	-0.8216754	0.04620726	-0.18211034	0.15747567	-0.27553302	0.23856391	-0.056190323	0.086124316	-0.1544843	0.1535329	-0.23597737
0.04661752	-0.055749852	0.06495588	-0.06610493	0.075525224	-0.06275244	0.06303846	-0.09277301	0.08789291	-0.065105036	0.029463764	-0.103146255	0.119391695	-0.16780818	0.15180142	-0.028356561	0.09919852	-0.13641867	0.18057029	-0.25844285	0.06792735	-0.11322426	0.15148166	-0.8216754	0.9999989	-0.043266065	0.15716645	-0.14628819	0.21279553	-0.31442615	0.052922543	-0.08344842	0.1344047	-0.1458911	0.21070084
-0.020448614	0.022877812	-0.023374448	0.023521742	-0.02450919	0.02762586	-0.026120776	0.031111255	-0.027625633	0.020634102	-0.043367088	0.042054266	-0.04146603	0.041892976	-0.027000256	0.04230672	-0.045260735	0.043163862	-0.046246607	0.036284916	-0.6711878	0.053793527	-0.059150428	0.04620726	-0.043266065	0.9999989	-0.14165622	0.08136786	-0.061200146	0.05737738	-0.64644635	0.31658158	-0.06901599	0.057349868	-0.080557846
0.05932389	-0.070282474	0.07182394	-0.07351433	0.07552606	-0.08184824	0.07890768	-0.09865175	0.086734675	-0.06476576	0.046003405	-0.13580187	0.12939952	-0.13839737	0.089490116	-0.044835024	0.13774423	-0.14360657	0.1464652	-0.12307827	0.17346331	-0.203428	0.19922154	-0.18211034	0.15716645	-0.14165622	0.99999905	-0.6415206	0.25211436	-0.24572042	0.14618973	-0.24898012	0.26092118	-0.25255403	0.24672328
-0.042067643	0.049936775	-0.0516804	0.052349586	-0.054940153	0.057467457	-0.05664881	0.07127797	-0.06335353	0.046744063	-0.032509204	0.097760245	-0.096823946	0.10096605	-0.068677165	0.031412728	-0.103120804	0.11056042	-0.114488974	0.09318063	-0.113339394	0.13880804	-0.19106284	0.15747567	-0.14628819	0.08136786	-0.6415206	0.99999905	-0.40848574	0.22599252	-0.09342759	0.14176647	-0.47396508	0.28042185	-0.25017253
0.038534615	-0.045385525	0.04932629	-0.050212238	0.053959567	-0.05242353	0.051160336	-0.06793531	0.06158303	-0.046005648	0.027605366	-0.08428092	0.08872562	-0.10291969	0.07530293	-0.02662135	0.08359466	-0.0992049	0.11479297	-0.104376	0.091838844	-0.10245302	0.13103697	-0.27553302	0.21279553	-0.061200146	0.25211436	-0.40848574	0.99999887	-0.5576588	0.07460035	-0.12264882	0.29082835	-0.4997591	0.2919229
-0.038221695	0.044819042	-0.049902312	0.050471626	-0.055525254	0.051533982	-0.050771113	0.06842882	-0.062979475	0.04699871	-0.027142094	0.08229384	-0.089870036	0.105396435	-0.082569644	0.026047418	-0.08260099	0.09783368	-0.11940802	0.11288654	-0.088136144	0.096483216	-0.12694485	0.23856391	-0.31442615	0.05737738	-0.24572042	0.22599252	-0.5576588	0.9999986	-0.07046509	0.10999938	-0.23601379	0.2447599	-0.62217325
0.02388232	-0.026863525	0.028068468	-0.028314788	0.029674282	-0.032286033	0.030488152	-0.037163544	0.033156276	-0.024954252	0.0361666	-0.04820945	0.0487462	-0.050561443	0.032715335	-0.035580583	0.049811207	-0.050535988	0.0554895	-0.044007704	0.3275549	-0.05796517	0.066850595	-0.056190323	0.052922543	-0.64644635	0.14618973	-0.09342759	0.07460035	-0.07046509	0.99999857	-0.6471528	0.086998165	-0.07190031	0.10173897
-0.035826758	0.04003368	-0.04216683	0.042034417	-0.044843197	0.047772605	-0.045899313	0.055538826	-0.049930606	0.0373244	-0.059695672	0.07256844	-0.07465495	0.074870415	-0.049361337	0.056541435	-0.07767158	0.07676797	-0.085636675	0.06567242	-0.5653006	0.088933006	-0.10582119	0.086124316	-0.08344842	0.31658158	-0.24898012	0.14176647	-0.12264882	0.10999938	-0.6471528	0.99999845	-0.15210018	0.11316006	-0.17135295
0.0368511	-0.04330303	0.04603867	-0.047006268	0.049459886	-0.05038794	0.04868483	-0.0630289	0.056367327	-0.042242385	0.02759283	-0.08054798	0.0820504	-0.09195724	0.06268885	-0.02664777	0.07979048	-0.0913202	0.09944803	-0.086384445	0.10344942	-0.100206785	0.12442578	-0.1544843	0.1344047	-0.06901599	0.26092118	-0.47396508	0.29082835	-0.23601379	0.086998165	-0.15210018	0.9999983	-0.7157089	0.22819608
-0.031931154	0.037463322	-0.040457014	0.04098948	-0.044003613	0.043299418	-0.04239663	0.055313256	-0.050029427	0.037306875	-0.023959583	0.0698274	-0.07316735	0.08141526	-0.058278833	0.023039429	-0.07085908	0.080454335	-0.09207662	0.079149134	-0.08706128	0.086398765	-0.11182285	0.1535329	-0.1458911	0.057349868	-0.25255403	0.28042185	-0.4997591	0.2447599	-0.07190031	0.11316006	-0.7157089	0.99999833	-0.2975279
0.05179795	-0.06021016	0.06654523	-0.06830808	0.07256004	-0.07047907	0.06746621	-0.09043658	0.08180019	-0.062142767	0.036124792	-0.10642914	0.11388233	-0.13757466	0.094556555	-0.03474392	0.10273726	-0.12225123	0.1420173	-0.13356385	0.1270995	-0.11759125	0.14778455	-0.23597737	0.21070084	-0.080557846	0.24672328	-0.25017253	0.2919229	-0.62217325	0.10173897	-0.17135295	0.22819608	-0.2975279	0.99999833
