1.0	-0.40243816	0.26228893	-0.32200143	0.038731046	-0.6225205	0.28915688	-0.23658384	0.20267372	-0.039676115	0.29291967	-0.26369107	0.2190382	-0.29365984	0.14357005	-0.16027422	0.13379543	-0.17959325	0.14659691	-0.10416655	0.1416464	-0.1299133	0.15253218	-0.13508853	0.11408571	-0.096815795	0.085010454	-0.15798533	0.10968416	-0.09245914	0.049742993	-0.045427762	0.123417966	-0.086129434	0.13357998
-0.40243816	1.0	-0.7527809	0.23521148	-0.030264143	0.22570907	-0.3586282	0.21602577	-0.1728781	0.030555772	-0.22720963	0.20478097	-0.20169146	0.20105213	-0.10629306	0.11040454	-0.100659944	0.13022584	-0.10777296	0.07527262	-0.10564538	0.09348715	-0.11476431	0.09439579	-0.08176095	0.06729143	-0.06034387	0.10857795	-0.07776198	0.06539824	-0.035375137	0.032039322	-0.08789432	0.060972203	-0.09524631
0.26228893	-0.7527809	0.9999997	-0.36211574	0.0397273	-0.1996258	0.25355762	-0.27908102	0.21283652	-0.040508203	0.20092086	-0.20552716	0.21207044	-0.26958093	0.12975481	-0.12137819	0.10812784	-0.1566414	0.13159244	-0.09292049	0.11727887	-0.1061642	0.13348278	-0.117482565	0.10064231	-0.08081613	0.07171402	-0.13452831	0.09569104	-0.08089718	0.042344004	-0.038573217	0.108344726	-0.07532843	0.117582954
-0.32200143	0.23521148	-0.36211574	0.9999998	-0.0953991	0.2063328	-0.28061432	0.28258404	-0.603126	0.08754088	-0.2713339	0.2212607	-0.29899427	0.32060784	-0.21264735	0.14865004	-0.14091735	0.19795541	-0.20077895	0.13824101	-0.16329297	0.13611695	-0.1888849	0.15994811	-0.15138155	0.104352884	-0.096289195	0.17327282	-0.13651311	0.11682231	-0.058595244	0.05253434	-0.16252458	0.11020233	-0.17814736
0.038731046	-0.030264143	0.0397273	-0.0953991	0.9999998	-0.026929244	0.03649793	-0.045474283	0.08215727	-0.9893927	0.034415852	-0.030684622	0.041111305	-0.06406014	0.03643592	-0.020777397	0.019443767	-0.030114133	0.030603236	-0.02456419	0.02231926	-0.01927423	0.026831744	-0.024856653	0.021968113	-0.015202151	0.013819097	-0.026157824	0.020053359	-0.017289564	0.008297678	-0.007508055	0.022593709	-0.015702605	0.024753192
-0.6225205	0.22570907	-0.1996258	0.2063328	-0.026929244	0.9999998	-0.4341577	0.2043576	-0.15419018	0.027399195	-0.5390331	0.27204373	-0.20706092	0.19521262	-0.10134637	0.13864404	-0.12024546	0.13387926	-0.10471202	0.07304986	-0.11870384	0.10467007	-0.11696483	0.09321922	-0.07921117	0.07052425	-0.062935464	0.1095294	-0.07650285	0.063857086	-0.03622883	0.03281163	-0.08512336	0.059383504	-0.0918632
0.28915688	-0.3586282	0.25355762	-0.28061432	0.03649793	-0.4341577	0.9999996	-0.44374156	0.22077833	-0.03732651	0.3062723	-0.5187457	0.29424557	-0.26272467	0.12647296	-0.15384023	0.14118685	-0.17320934	0.13186376	-0.09162822	0.13386045	-0.12682337	0.14448601	-0.11519584	0.09740588	-0.08397879	0.07484641	-0.13372844	0.09391413	-0.07842719	0.04321481	-0.03925827	0.10385879	-0.072608285	0.11224467
-0.23658384	0.21602577	-0.27908102	0.28258404	-0.045474283	0.2043576	-0.44374156	0.99999964	-0.44924563	0.045741715	-0.24568373	0.27578515	-0.60399044	0.27660665	-0.13470034	0.1276609	-0.12305691	0.18400045	-0.14225167	0.095454246	-0.12568276	0.1135301	-0.15549922	0.11436874	-0.0987088	0.07857538	-0.071340136	0.12874432	-0.0940574	0.07832446	-0.041585777	0.03758905	-0.103632845	0.07220223	-0.11232102
0.20267372	-0.1728781	0.21283652	-0.603126	0.08215727	-0.15419018	0.22077833	-0.44924563	0.99999934	-0.08910054	0.18842869	-0.18745297	0.26172665	-0.54273546	0.15450071	-0.11211194	0.10499904	-0.16520283	0.1596902	-0.10892109	0.1166772	-0.102686346	0.14143315	-0.12380495	0.10782667	-0.07768764	0.07058256	-0.13179965	0.100176685	-0.08477127	0.04203534	-0.0380216	0.11194326	-0.07777018	0.122277625
-0.039676115	0.030555772	-0.040508203	0.08754088	-0.9893927	0.027399195	-0.03732651	0.045741715	-0.08910054	0.99999905	-0.035185687	0.03111447	-0.04206403	0.06255224	-0.03766212	0.02103746	-0.019732883	0.030349035	-0.031062689	0.024852807	-0.022666423	0.019510562	-0.027214948	0.02505764	-0.022292908	0.015353002	-0.013978848	0.02636443	-0.020294942	0.017500686	-0.008402072	0.007596475	-0.02292883	0.015912008	-0.02512989
0.29291967	-0.22720963	0.20092086	-0.2713339	0.034415852	-0.5390331	0.3062723	-0.24568373	0.18842869	-0.035185687	0.9999986	-0.5514991	0.25624776	-0.26597458	0.13481107	-0.25323302	0.18291308	-0.18818937	0.14065138	-0.09861516	0.17173387	-0.1576472	0.15985903	-0.12779	0.106815234	-0.100723356	0.088790394	-0.15271229	0.10428711	-0.086723655	0.05050781	-0.04589079	0.11479024	-0.080477856	0.1235798
-0.26369107	0.20478097	-0.20552716	0.2212607	-0.030684622	0.27204373	-0.5187457	0.27578515	-0.18745297	0.03111447	-0.5514991	0.9999987	-0.47197077	0.22255899	-0.12067596	0.18342975	-0.20936996	0.1797781	-0.12841436	0.08730879	-0.15508655	0.1473305	-0.15669261	0.10974755	-0.092882045	0.0858226	-0.07762514	0.12960684	-0.090534344	0.07465585	-0.043852225	0.039574992	-0.0987745	0.06909385	-0.10626389
0.2190382	-0.20169146	0.21207044	-0.29899427	0.041111305	-0.20706092	0.29424557	-0.60399044	0.26172665	-0.04206403	0.25624776	-0.47197077	0.9999985	-0.34146598	0.15213014	-0.15743092	0.15068947	-0.3014204	0.16849177	-0.11337944	0.14695224	-0.14238639	0.19256388	-0.13773032	0.11389639	-0.09463536	0.08503928	-0.15742907	0.11087743	-0.09158483	0.048877634	-0.044456962	0.11868994	-0.08366712	0.12817107
-0.29365984	0.20105213	-0.26958093	0.32060784	-0.06406014	0.19521262	-0.26272467	0.27660665	-0.54273546	0.06255224	-0.26597458	0.22255899	-0.34146598	0.9999985	-0.29715443	0.1561744	-0.14988357	0.23291168	-0.32185557	0.19323239	-0.17471643	0.14758779	-0.21670511	0.19943416	-0.18185148	0.11584532	-0.10703979	0.19978131	-0.1638099	0.13892026	-0.064767174	0.058287315	-0.18217143	0.12608789	-0.20071127
0.14357005	-0.10629306	0.12975481	-0.21264735	0.03643592	-0.10134637	0.12647296	-0.13470034	0.15450071	-0.03766212	0.13481107	-0.12067596	0.15213014	-0.29715443	0.99999833	-0.12090286	0.11161921	-0.24842201	0.3156863	-0.71084017	0.13467792	-0.12449463	0.18953136	-0.2774259	0.2102866	-0.11982383	0.10543019	-0.24205929	0.18279909	-0.17671345	0.061316296	-0.057113927	0.16793078	-0.12979434	0.1866479
-0.16027422	0.11040454	-0.12137819	0.14865004	-0.020777397	0.13864404	-0.15384023	0.1276609	-0.11211194	0.02103746	-0.25323302	0.18342975	-0.15743092	0.1561744	-0.12090286	0.99999815	-0.6614059	0.19148594	-0.13000558	0.08806115	-0.55380255	0.3173958	-0.21311349	0.12015032	-0.10098316	0.156511	-0.14540471	0.16179669	-0.10456921	0.08240781	-0.07482308	0.065124765	-0.110864684	0.077560745	-0.115876235
0.13379543	-0.100659944	0.10812784	-0.14091735	0.019443767	-0.12024546	0.14118685	-0.12305691	0.10499904	-0.019732883	0.18291308	-0.20936996	0.15068947	-0.14988357	0.11161921	-0.6614059	0.9999977	-0.2334167	0.12535106	-0.08467453	0.31594884	-0.5779573	0.21872354	-0.11672982	0.093283504	-0.13778578	0.12368135	-0.15890606	0.09808312	-0.077033475	0.06213986	-0.056509737	0.10039177	-0.07139816	0.10522883
-0.17959325	0.13022584	-0.1566414	0.19795541	-0.030114133	0.13387926	-0.17320934	0.18400045	-0.16520283	0.030349035	-0.18818937	0.1797781	-0.3014204	0.23291168	-0.24842201	0.19148594	-0.2334167	0.9999977	-0.38832518	0.19338557	-0.23159868	0.22932205	-0.6584813	0.22099937	-0.17685136	0.13930878	-0.13233475	0.25039938	-0.18181108	0.14001583	-0.07341449	0.066267245	-0.17369592	0.12439585	-0.18502401
0.14659691	-0.10777296	0.13159244	-0.20077895	0.030603236	-0.10471202	0.13186376	-0.14225167	0.1596902	-0.031062689	0.14065138	-0.12841436	0.16849177	-0.32185557	0.3156863	-0.13000558	0.12535106	-0.38832518	0.9999975	-0.5615085	0.14643884	-0.13879615	0.23480763	-0.42528537	0.21704815	-0.12245587	0.11027773	-0.2528421	0.21610294	-0.17843175	0.0632968	-0.058697045	0.17440578	-0.13729073	0.19249359
-0.10416655	0.07527262	-0.09292049	0.13824101	-0.02456419	0.07304986	-0.09162822	0.095454246	-0.10892109	0.024852807	-0.09861516	0.08730879	-0.11337944	0.19323239	-0.71084017	0.08806115	-0.08467453	0.19338557	-0.5615085	0.99999744	-0.101786084	0.093029134	-0.1573447	0.22323158	-0.23482837	0.08515719	-0.077188954	0.17235442	-0.15573227	0.15449674	-0.04523972	0.04180352	-0.13158615	0.10284435	-0.15145111
0.1416464	-0.10564538	0.11727887	-0.16329297	0.02231926	-0.11870384	0.13386045	-0.12568276	0.1166772	-0.022666423	0.17173387	-0.15508655	0.14695224	-0.17471643	0.13467792	-0.55380255	0.31594884	-0.23159868	0.14643884	-0.101786084	0.99999774	-0.58479714	0.24013816	-0.15081823	0.11912487	-0.30195057	0.20316291	-0.22472125	0.12891084	-0.10025575	0.09944658	-0.0908432	0.13127194	-0.09386896	0.13586323
-0.1299133	0.09348715	-0.1061642	0.13611695	-0.01927423	0.10467007	-0.12682337	0.1135301	-0.102686346	0.019510562	-0.1576472	0.1473305	-0.14238639	0.14758779	-0.12449463	0.3173958	-0.5779573	0.22932205	-0.13879615	0.093029134	-0.58479714	0.9999976	-0.37344423	0.13237274	-0.1071541	0.18266273	-0.18846616	0.19028954	-0.11577183	0.08843478	-0.08446263	0.07536911	-0.117156684	0.08283451	-0.121217035
0.15253218	-0.11476431	0.13348278	-0.1888849	0.026831744	-0.11696483	0.14448601	-0.15549922	0.14143315	-0.027214948	0.15985903	-0.15669261	0.19256388	-0.21670511	0.18953136	-0.21311349	0.21872354	-0.6584813	0.23480763	-0.1573447	0.24013816	-0.37344423	0.99999756	-0.24490407	0.16717032	-0.17343734	0.15840025	-0.3932191	0.19263873	-0.1427772	0.08188538	-0.07639057	0.1723458	-0.1279579	0.1795859
-0.13508853	0.09439579	-0.117482565	0.15994811	-0.024856653	0.09321922	-0.11519584	0.11436874	-0.12380495	0.02505764	-0.12779	0.10974755	-0.13773032	0.19943416	-0.2774259	0.12015032	-0.11672982	0.22099937	-0.42528537	0.22323158	-0.15081823	0.13237274	-0.24490407	0.9999975	-0.38645345	0.13088681	-0.12818101	0.2898123	-0.5815046	0.27426663	-0.07617974	0.06973737	-0.2688515	0.21833917	-0.30032703
0.11408571	-0.08176095	0.10064231	-0.15138155	0.021968113	-0.07921117	0.09740588	-0.0987088	0.10782667	-0.022292908	0.106815234	-0.092882045	0.11389639	-0.18185148	0.2102866	-0.10098316	0.093283504	-0.17685136	0.21704815	-0.23482837	0.11912487	-0.1071541	0.16717032	-0.38645345	0.99999744	-0.11965335	0.10812943	-0.2758685	0.2883281	-0.72444504	0.06348061	-0.05987433	0.2040597	-0.19496328	0.26918635
-0.096815795	0.06729143	-0.08081613	0.104352884	-0.015202151	0.07052425	-0.08397879	0.07857538	-0.07768764	0.015353002	-0.100723356	0.0858226	-0.09463536	0.11584532	-0.11982383	0.156511	-0.13778578	0.13930878	-0.12245587	0.08515719	-0.30195057	0.18266273	-0.17343734	0.13088681	-0.11965335	0.99999744	-0.8009998	0.2348511	-0.1408152	0.099492185	-0.27577877	0.21540281	-0.14999132	0.10128506	-0.14377941
0.085010454	-0.06034387	0.07171402	-0.096289195	0.013819097	-0.062935464	0.07484641	-0.071340136	0.07058256	-0.013978848	0.088790394	-0.07762514	0.08503928	-0.10703979	0.10543019	-0.14540471	0.12368135	-0.13233475	0.11027773	-0.077188954	0.20316291	-0.18846616	0.15840025	-0.12818101	0.10812943	-0.8009998	0.9999975	-0.3288407	0.13597852	-0.094136156	0.22769769	-0.29890367	0.13412626	-0.09477127	0.126985
-0.15798533	0.10857795	-0.13452831	0.17327282	-0.026157824	0.1095294	-0.13372844	0.12874432	-0.13179965	0.02636443	-0.15271229	0.12960684	-0.15742907	0.19978131	-0.24205929	0.16179669	-0.15890606	0.25039938	-0.2528421	0.17235442	-0.22472125	0.19028954	-0.3932191	0.2898123	-0.2758685	0.2348511	-0.3288407	0.99999744	-0.472484	0.23306513	-0.13733347	0.124246106	-0.3391337	0.22984967	-0.31814542
0.10968416	-0.07776198	0.09569104	-0.13651311	0.020053359	-0.07650285	0.09391413	-0.0940574	0.100176685	-0.020294942	0.10428711	-0.090534344	0.11087743	-0.1638099	0.18279909	-0.10456921	0.09808312	-0.18181108	0.21610294	-0.15573227	0.12891084	-0.11577183	0.19263873	-0.5815046	0.2883281	-0.1408152	0.13597852	-0.472484	0.99999756	-0.42579463	0.07456798	-0.07103165	0.25680116	-0.3271333	0.27948478
-0.09245914	0.06539824	-0.08089718	0.11682231	-0.017289564	0.063857086	-0.07842719	0.07832446	-0.08477127	0.017500686	-0.086723655	0.07465585	-0.09158483	0.13892026	-0.17671345	0.08240781	-0.077033475	0.14001583	-0.17843175	0.15449674	-0.10025575	0.08843478	-0.1427772	0.27426663	-0.72444504	0.099492185	-0.094136156	0.23306513	-0.42579463	0.9999974	-0.056553166	0.05294457	-0.2178735	0.20928289	-0.39888152
0.049742993	-0.035375137	0.042344004	-0.058595244	0.008297678	-0.03622883	0.04321481	-0.041585777	0.04203534	-0.008402072	0.05050781	-0.043852225	0.048877634	-0.064767174	0.061316296	-0.07482308	0.06213986	-0.07341449	0.0632968	-0.04523972	0.09944658	-0.08446263	0.08188538	-0.07617974	0.06348061	-0.27577877	0.22769769	-0.13733347	0.07456798	-0.056553166	0.9999974	-0.91631883	0.10154271	-0.07019016	0.07969171
-0.045427762	0.032039322	-0.038573217	0.05253434	-0.007508055	0.03281163	-0.03925827	0.03758905	-0.0380216	0.007596475	-0.04589079	0.039574992	-0.044456962	0.058287315	-0.057113927	0.065124765	-0.056509737	0.066267245	-0.058697045	0.04180352	-0.0908432	0.07536911	-0.07639057	0.06973737	-0.05987433	0.21540281	-0.29890367	0.124246106	-0.07103165	0.05294457	-0.91631883	0.9999974	-0.10752144	0.06784989	-0.0769284
0.123417966	-0.08789432	0.108344726	-0.16252458	0.022593709	-0.08512336	0.10385879	-0.103632845	0.11194326	-0.02292883	0.11479024	-0.0987745	0.11868994	-0.18217143	0.16793078	-0.110864684	0.10039177	-0.17369592	0.17440578	-0.13158615	0.13127194	-0.117156684	0.1723458	-0.2688515	0.2040597	-0.14999132	0.13412626	-0.3391337	0.25680116	-0.2178735	0.10154271	-0.10752144	0.9999974	-0.69033265	0.31807002
-0.086129434	0.060972203	-0.07532843	0.11020233	-0.015702605	0.059383504	-0.072608285	0.07220223	-0.07777018	0.015912008	-0.080477856	0.06909385	-0.08366712	0.12608789	-0.12979434	0.077560745	-0.07139816	0.12439585	-0.13729073	0.10284435	-0.09386896	0.08283451	-0.1279579	0.21833917	-0.19496328	0.10128506	-0.09477127	0.22984967	-0.3271333	0.20928289	-0.07019016	0.06784989	-0.69033265	0.9999974	-0.5533098
0.13357998	-0.09524631	0.117582954	-0.17814736	0.024753192	-0.0918632	0.11224467	-0.11232102	0.122277625	-0.02512989	0.1235798	-0.10626389	0.12817107	-0.20071127	0.1866479	-0.115876235	0.10522883	-0.18502401	0.19249359	-0.15145111	0.13586323	-0.121217035	0.1795859	-0.30032703	0.26918635	-0.14377941	0.126985	-0.31814542	0.27948478	-0.39888152	0.07969171	-0.0769284	0.31807002	-0.5533098	0.9999974
