1.0000001	-0.97497064	0.060502045	-0.041868165	0.027453866	-0.14739738	0.090725556	-0.065687604	0.041176632	-0.025565958	0.098251335	-0.06952067	0.0555737	-0.04452118	0.03970607	-0.064115144	0.057312317	-0.05871606	0.041116256	-0.047206357	0.06632875	-0.04609116	0.039003566	-0.034486063	0.04025166	-0.043096684	0.032775603	-0.033487044	0.031849634	-0.024180098	0.046692718	-0.030315697	0.025651287	-0.029281659	0.029818224
-0.97497064	1.0000002	-0.06727357	0.04360709	-0.029051743	0.12760206	-0.097678736	0.06639556	-0.043616064	0.02678209	-0.10514533	0.07075481	-0.05821718	0.046050306	-0.042016912	0.06583623	-0.060201857	0.060275618	-0.043028835	0.04881536	-0.07174551	0.048282053	-0.041404482	0.036287095	-0.042787477	0.045298878	-0.034705184	0.035285965	-0.03382902	0.02562328	-0.05020774	0.031994097	-0.027195318	0.030886777	-0.0318015
0.060502045	-0.06727357	1.0000004	-0.74269307	0.21352747	-0.104356736	0.10902178	-0.13943356	0.30026972	-0.22165701	0.09607401	-0.12142876	0.11906385	-0.3431271	0.21018673	-0.11134684	0.11822439	-0.17230645	0.18141028	-0.2251928	0.1239965	-0.116417035	0.10270508	-0.11091672	0.12858802	-0.12032837	0.08862985	-0.095897794	0.093946785	-0.07502136	0.12429696	-0.088416286	0.073464744	-0.08967734	0.08757783
-0.041868165	0.04360709	-0.74269307	1.0000004	-0.28614637	0.07174339	-0.07996632	0.10017142	-0.4907703	0.21132185	-0.067987934	0.08462208	-0.08810013	0.25284064	-0.17294373	0.07658576	-0.08365138	0.118571244	-0.14015603	0.15077764	-0.08785236	0.07970228	-0.071714394	0.07589637	-0.091188714	0.081385985	-0.061084956	0.06555929	-0.06540961	0.05195507	-0.087104276	0.060299866	-0.050653223	0.061161634	-0.061526813
0.027453866	-0.029051743	0.21352747	-0.28614637	1.0000006	-0.0627723	0.066306084	-0.08148133	0.21805754	-0.8467931	0.0590171	-0.07401708	0.07233073	-0.19544187	0.23899958	-0.06922612	0.073431045	-0.10413198	0.1112375	-0.13421285	0.07943615	-0.0735506	0.065873146	-0.069977805	0.08225424	-0.080195844	0.05781895	-0.062158953	0.061105154	-0.048579585	0.08533137	-0.05804145	0.048159886	-0.058369245	0.057613704
-0.14739738	0.12760206	-0.104356736	0.07174339	-0.0627723	1.0000005	-0.48843542	0.228866	-0.101767205	0.05629498	-0.6932437	0.26321822	-0.20723791	0.10641883	-0.10214807	0.25506747	-0.22013311	0.18941322	-0.12196178	0.13159658	-0.25931957	0.15562198	-0.13030681	0.10728614	-0.12621856	0.13601086	-0.10669497	0.10642102	-0.10063109	0.07517337	-0.14928658	0.095008425	-0.08127918	0.09059053	-0.09384204
0.090725556	-0.097678736	0.10902178	-0.07996632	0.066306084	-0.48843542	1.0000004	-0.5520938	0.11586209	-0.06096926	0.27384323	-0.4923567	0.2912153	-0.124308854	0.10359698	-0.22164412	0.23515981	-0.2468833	0.13743167	-0.15057987	0.20123689	-0.16037987	0.12771225	-0.10960386	0.1256375	-0.1316112	0.10376059	-0.10611235	0.09852646	-0.07447331	0.13678132	-0.09375225	0.07930458	-0.090215035	0.09080734
-0.065687604	0.06639556	-0.13943356	0.10017142	-0.08148133	0.228866	-0.5520938	1.0000001	-0.16189805	0.07432944	-0.22812563	0.29876447	-0.6423359	0.1474431	-0.12175202	0.18481591	-0.22820145	0.25772703	-0.16218849	0.1586286	-0.20937374	0.15439989	-0.13556239	0.115247525	-0.14082207	0.13340737	-0.108396165	0.10966816	-0.106907226	0.08079153	-0.15183444	0.0977955	-0.08450381	0.09510254	-0.10064155
0.041176632	-0.043616064	0.30026972	-0.4907703	0.21805754	-0.101767205	0.11586209	-0.16189805	1.0000002	-0.2644767	0.0960688	-0.12469708	0.13277584	-0.6454506	0.20291281	-0.110091865	0.12252512	-0.1861913	0.22943035	-0.24902852	0.12352238	-0.1144205	0.1020683	-0.11060366	0.13207898	-0.11208757	0.08554477	-0.092305355	0.092166744	-0.073737055	0.11834806	-0.084034175	0.07071959	-0.085807085	0.085919335
-0.025565958	0.02678209	-0.22165701	0.21132185	-0.8467931	0.05629498	-0.06096926	0.07432944	-0.2644767	1.0000001	-0.053515043	0.06659714	-0.06668539	0.17905648	-0.32853964	0.061905637	-0.06650193	0.093163624	-0.10471479	0.11956653	-0.07187859	0.065605596	-0.059252493	0.062531434	-0.07471184	0.070623465	-0.05156131	0.055277597	-0.054850183	0.043527003	-0.07618516	0.051476303	-0.04295688	0.05185841	-0.051877625
0.098251335	-0.10514533	0.09607401	-0.067987934	0.0590171	-0.6932437	0.27384323	-0.22812563	0.0960688	-0.053515043	0.99999994	-0.33986482	0.19389027	-0.10606002	0.09625097	-0.46069625	0.23843355	-0.21000198	0.12170305	-0.13685082	0.24946669	-0.16930155	0.12962727	-0.108756155	0.12173508	-0.14248769	0.10731419	-0.10873093	0.098427266	-0.0738066	0.1401903	-0.09598654	0.080480136	-0.09094668	0.09005501
-0.06952067	0.07075481	-0.12142876	0.08462208	-0.07401708	0.26321822	-0.4923567	0.29876447	-0.12469708	0.06659714	-0.33986482	0.99999976	-0.46240416	0.13306656	-0.119116515	0.25687405	-0.49175262	0.28507522	-0.16332306	0.1653833	-0.26004305	0.20292158	-0.1674652	0.13104416	-0.15409103	0.15350261	-0.12965503	0.12851612	-0.12058984	0.089838184	-0.16787286	0.11215985	-0.09666825	0.107324734	-0.111255944
0.0555737	-0.05821718	0.11906385	-0.08810013	0.07233073	-0.20723791	0.2912153	-0.6423359	0.13277584	-0.06668539	0.19389027	-0.46240416	0.9999997	-0.15161368	0.11077896	-0.19091131	0.2530415	-0.45381308	0.17616667	-0.17503758	0.18983583	-0.16038316	0.13176705	-0.11396459	0.13453878	-0.12805702	0.10437816	-0.106980555	0.101474375	-0.07716558	0.13748175	-0.09406744	0.08037966	-0.09150833	0.09394074
-0.04452118	0.046050306	-0.3431271	0.25284064	-0.19544187	0.10641883	-0.124308854	0.1474431	-0.6454506	0.17905648	-0.10606002	0.13306656	-0.15161368	0.99999994	-0.25371706	0.11953983	-0.14252897	0.20708461	-0.45889077	0.26300842	-0.1425542	0.12561187	-0.11750375	0.12350432	-0.16079237	0.1215123	-0.095946305	0.102240734	-0.106305964	0.0842265	-0.13607025	0.09267868	-0.07965346	0.09498605	-0.10070664
0.03970607	-0.042016912	0.21018673	-0.17294373	0.23899958	-0.10214807	0.10359698	-0.12175202	0.20291281	-0.32853964	0.09625097	-0.119116515	0.11077896	-0.25371706	1.0	-0.116009295	0.11977722	-0.16483898	0.16374704	-0.21712376	0.13590126	-0.1262655	0.11385709	-0.11987666	0.13989787	-0.15016332	0.10356451	-0.11094321	0.108012706	-0.08567766	0.16211936	-0.1057053	0.08679388	-0.1049762	0.10276447
-0.064115144	0.06583623	-0.11134684	0.07658576	-0.06922612	0.25506747	-0.22164412	0.18481591	-0.110091865	0.061905637	-0.46069625	0.25687405	-0.19091131	0.11953983	-0.116009295	0.99999994	-0.4600566	0.23902379	-0.14746293	0.15923509	-0.5993857	0.23821302	-0.18295081	0.1401937	-0.1582462	0.1909977	-0.14795035	0.14367437	-0.12967463	0.09553045	-0.19202586	0.12573524	-0.1066789	0.1172638	-0.11809163
0.057312317	-0.060201857	0.11822439	-0.08365138	0.073431045	-0.22013311	0.23515981	-0.22820145	0.12252512	-0.06650193	0.23843355	-0.49175262	0.2530415	-0.14252897	0.11977722	-0.4600566	0.99999976	-0.48451763	0.18686272	-0.19698945	0.28775787	-0.36284918	0.2043655	-0.1564311	0.16886804	-0.17823762	0.15496477	-0.15566377	0.13495687	-0.10014173	0.17618355	-0.13070506	0.10988996	-0.122561	0.12044738
-0.05871606	0.060275618	-0.17230645	0.118571244	-0.10413198	0.18941322	-0.2468833	0.25772703	-0.1861913	0.093163624	-0.21000198	0.28507522	-0.45381308	0.20708461	-0.16483898	0.23902379	-0.48451763	0.99999964	-0.41624027	0.25971904	-0.27931064	0.22538805	-0.2065219	0.16981561	-0.2167541	0.17919391	-0.15454166	0.15574785	-0.15438272	0.11689959	-0.20673041	0.13617118	-0.11945269	0.13388659	-0.14482206
0.041116256	-0.043028835	0.18141028	-0.14015603	0.1112375	-0.12196178	0.13743167	-0.16218849	0.22943035	-0.10471479	0.12170305	-0.16332306	0.17616667	-0.45889077	0.16374704	-0.14746293	0.18686272	-0.41624027	0.9999996	-0.6465536	0.16582581	-0.15672557	0.14353862	-0.16760057	0.20914195	-0.13629867	0.112112924	-0.12160697	0.12700161	-0.10338833	0.14757784	-0.10720187	0.09247267	-0.11202978	0.11699558
-0.047206357	0.04881536	-0.2251928	0.15077764	-0.13421285	0.13159658	-0.15057987	0.1586286	-0.24902852	0.11956653	-0.13685082	0.1653833	-0.17503758	0.26300842	-0.21712376	0.15923509	-0.19698945	0.25971904	-0.6465536	0.9999992	-0.20659377	0.1835171	-0.19063815	0.21841659	-0.407254	0.17081068	-0.14492476	0.1568931	-0.18016472	0.14931497	-0.20068192	0.13881055	-0.12393558	0.14889237	-0.17424202
0.06632875	-0.07174551	0.1239965	-0.08785236	0.07943615	-0.25931957	0.20123689	-0.20937374	0.12352238	-0.07187859	0.24946669	-0.26004305	0.18983583	-0.1425542	0.13590126	-0.5993857	0.28775787	-0.27931064	0.16582581	-0.20659377	0.99999917	-0.40348363	0.23114724	-0.19128153	0.19102494	-0.3479898	0.20543787	-0.20618421	0.16679914	-0.12348225	0.24194174	-0.17857769	0.14321366	-0.16144705	0.14664245
-0.04609116	0.048282053	-0.116417035	0.07970228	-0.0735506	0.15562198	-0.16037987	0.15439989	-0.1144205	0.065605596	-0.16930155	0.20292158	-0.16038316	0.12561187	-0.1262655	0.23821302	-0.36284918	0.22538805	-0.15672557	0.1835171	-0.40348363	0.9999993	-0.59883314	0.24328974	-0.24907342	0.23885022	-0.34136307	0.27147284	-0.21436901	0.14685045	-0.24246354	0.2041832	-0.17919804	0.1806051	-0.17757154
0.039003566	-0.041404482	0.10270508	-0.071714394	0.065873146	-0.13030681	0.12771225	-0.13556239	0.1020683	-0.059252493	0.12962727	-0.1674652	0.13176705	-0.11750375	0.11385709	-0.18295081	0.2043655	-0.2065219	0.14353862	-0.19063815	0.23114724	-0.59883314	0.99999934	-0.44830933	0.25636235	-0.2297842	0.26036248	-0.44119024	0.23882408	-0.16335146	0.21228667	-0.21227702	0.18731749	-0.20538406	0.1773404
-0.034486063	0.036287095	-0.11091672	0.07589637	-0.069977805	0.10728614	-0.10960386	0.115247525	-0.11060366	0.062531434	-0.108756155	0.13104416	-0.11396459	0.12350432	-0.11987666	0.1401937	-0.1564311	0.16981561	-0.16760057	0.21841659	-0.19128153	0.24328974	-0.44830933	0.99999946	-0.6301823	0.18786873	-0.19454345	0.24078229	-0.42954656	0.23293255	-0.20074838	0.1799082	-0.17363392	0.22124551	-0.23741464
0.04025166	-0.042787477	0.12858802	-0.091188714	0.08225424	-0.12621856	0.1256375	-0.14082207	0.13207898	-0.07471184	0.12173508	-0.15409103	0.13453878	-0.16079237	0.13989787	-0.1582462	0.16886804	-0.2167541	0.20914195	-0.407254	0.19102494	-0.24907342	0.25636235	-0.6301823	0.9999995	-0.20953792	0.18577866	-0.2331257	0.27843565	-0.32732192	0.2014778	-0.1939648	0.16809142	-0.23728348	0.2399003
-0.043096684	0.045298878	-0.12032837	0.081385985	-0.080195844	0.13601086	-0.1316112	0.13340737	-0.11208757	0.070623465	-0.14248769	0.15350261	-0.12805702	0.1215123	-0.15016332	0.1909977	-0.17823762	0.17919391	-0.13629867	0.17081068	-0.3479898	0.23885022	-0.2297842	0.18786873	-0.20953792	0.9999993	-0.42225835	0.25677457	-0.21740708	0.1504917	-0.6834793	0.26522055	-0.21334618	0.205209	-0.19657576
0.032775603	-0.034705184	0.08862985	-0.061084956	0.05781895	-0.10669497	0.10376059	-0.108396165	0.08554477	-0.05156131	0.10731419	-0.12965503	0.10437816	-0.095946305	0.10356451	-0.14795035	0.15496477	-0.15454166	0.112112924	-0.14492476	0.20543787	-0.34136307	0.26036248	-0.19454345	0.18577866	-0.42225835	0.99999917	-0.57516325	0.2231757	-0.14844719	0.28511783	-0.48899677	0.2654864	-0.23634298	0.17752148
-0.033487044	0.035285965	-0.095897794	0.06555929	-0.062158953	0.10642102	-0.10611235	0.10966816	-0.092305355	0.055277597	-0.10873093	0.12851612	-0.106980555	0.102240734	-0.11094321	0.14367437	-0.15566377	0.15574785	-0.12160697	0.1568931	-0.20618421	0.27147284	-0.44119024	0.24078229	-0.2331257	0.25677457	-0.57516325	0.99999905	-0.3595441	0.18741389	-0.27853447	0.29337326	-0.36865315	0.26030576	-0.22891939
0.031849634	-0.03382902	0.093946785	-0.06540961	0.061105154	-0.10063109	0.09852646	-0.106907226	0.092166744	-0.054850183	0.098427266	-0.12058984	0.101474375	-0.106305964	0.108012706	-0.12967463	0.13495687	-0.15438272	0.12700161	-0.18016472	0.16679914	-0.21436901	0.23882408	-0.42954656	0.27843565	-0.21740708	0.2231757	-0.3595441	0.999999	-0.48751995	0.21115285	-0.2553189	0.24568579	-0.48355395	0.30714196
-0.024180098	0.02562328	-0.07502136	0.05195507	-0.048579585	0.07517337	-0.07447331	0.08079153	-0.073737055	0.043527003	-0.0738066	0.089838184	-0.07716558	0.0842265	-0.08567766	0.09553045	-0.10014173	0.11689959	-0.10338833	0.14931497	-0.12348225	0.14685045	-0.16335146	0.23293255	-0.32732192	0.1504917	-0.14844719	0.18741389	-0.48751995	0.99999917	-0.15672988	0.16295657	-0.16444996	0.25704902	-0.73537934
0.046692718	-0.05020774	0.12429696	-0.087104276	0.08533137	-0.14928658	0.13678132	-0.15183444	0.11834806	-0.07618516	0.1401903	-0.16787286	0.13748175	-0.13607025	0.16211936	-0.19202586	0.17618355	-0.20673041	0.14757784	-0.20068192	0.24194174	-0.24246354	0.21228667	-0.20074838	0.2014778	-0.6834793	0.28511783	-0.27853447	0.21115285	-0.15672988	0.9999991	-0.39435312	0.22975802	-0.25950226	0.18653797
-0.030315697	0.031994097	-0.088416286	0.060299866	-0.05804145	0.095008425	-0.09375225	0.0977955	-0.084034175	0.051476303	-0.09598654	0.11215985	-0.09406744	0.09267868	-0.1057053	0.12573524	-0.13070506	0.13617118	-0.10720187	0.13881055	-0.17857769	0.2041832	-0.21227702	0.1799082	-0.1939648	0.26522055	-0.48899677	0.29337326	-0.2553189	0.16295657	-0.39435312	0.9999993	-0.60600513	0.28251964	-0.22534047
0.025651287	-0.027195318	0.073464744	-0.050653223	0.048159886	-0.08127918	0.07930458	-0.08450381	0.07071959	-0.04295688	0.080480136	-0.09666825	0.08037966	-0.07965346	0.08679388	-0.1066789	0.10988996	-0.11945269	0.09247267	-0.12393558	0.14321366	-0.17919804	0.18731749	-0.17363392	0.16809142	-0.21334618	0.2654864	-0.36865315	0.24568579	-0.16444996	0.22975802	-0.60600513	0.99999946	-0.580213	0.20649527
-0.029281659	0.030886777	-0.08967734	0.061161634	-0.058369245	0.09059053	-0.090215035	0.09510254	-0.085807085	0.05185841	-0.09094668	0.107324734	-0.09150833	0.09498605	-0.1049762	0.1172638	-0.122561	0.13388659	-0.11202978	0.14889237	-0.16144705	0.1806051	-0.20538406	0.22124551	-0.23728348	0.205209	-0.23634298	0.26030576	-0.48355395	0.25704902	-0.25950226	0.28251964	-0.580213	0.99999946	-0.410047
0.029818224	-0.0318015	0.08757783	-0.061526813	0.057613704	-0.09384204	0.09080734	-0.10064155	0.085919335	-0.051877625	0.09005501	-0.111255944	0.09394074	-0.10070664	0.10276447	-0.11809163	0.12044738	-0.14482206	0.11699558	-0.17424202	0.14664245	-0.17757154	0.1773404	-0.23741464	0.2399003	-0.19657576	0.17752148	-0.22891939	0.30714196	-0.73537934	0.18653797	-0.22534047	0.20649527	-0.410047	0.99999946
