1.0	-0.4099973	0.16540207	-0.124084055	0.10245369	-0.79289395	0.27556694	-0.17771237	0.107061945	-0.101611294	0.10738081	-0.19627942	0.15157157	-0.09659852	0.08600713	-0.115767635	0.13026035	-0.123501025	0.08165977	-0.069132596	0.10570544	-0.101025686	0.119184285	-0.06365723	0.07129628	-0.049382832	0.045761146	-0.045672942	0.042724222	-0.03460358	0.06160858	-0.04275097	0.04290199	-0.033630874	0.033351563
-0.4099973	1.0000002	-0.54017735	0.23422965	-0.22169387	0.24372534	-0.37472907	0.28677484	-0.20958644	0.18073027	-0.14198628	0.22493152	-0.2670178	0.16884086	-0.16335276	0.1409611	-0.22220938	0.19236693	-0.15290238	0.12275936	-0.18479113	0.16301729	-0.21673219	0.11330419	-0.13128862	0.085409135	-0.080768526	0.08034391	-0.0770197	0.061942775	-0.109487355	0.07457108	-0.07647954	0.059810486	-0.060033888
0.16540207	-0.54017735	1.0000004	-0.46343312	0.23639391	-0.13425085	0.18954234	-0.566092	0.26212087	-0.21928477	0.08980045	-0.15332986	0.19907327	-0.16707216	0.14814481	-0.09392831	0.14107957	-0.14429043	0.1268138	-0.107624166	0.11264486	-0.10613978	0.13546488	-0.07822686	0.087662205	-0.052913945	0.050024386	-0.05099766	0.04992434	-0.040768195	0.06691881	-0.046716355	0.04799831	-0.03878681	0.03874849
-0.124084055	0.23422965	-0.46343312	1.0000006	-0.5657187	0.09832954	-0.1600266	0.29423293	-0.5124099	0.30601287	-0.07833469	0.12852216	-0.17942142	0.20336063	-0.19727933	0.080885276	-0.12835264	0.12854937	-0.15495971	0.127171	-0.10347883	0.09662589	-0.12874861	0.080111556	-0.08996437	0.048907466	-0.04672154	0.04834606	-0.04918919	0.040451773	-0.062146913	0.043703124	-0.04554657	0.037829295	-0.037998807
0.10245369	-0.22169387	0.23639391	-0.5657187	1.0000004	-0.08750951	0.13314366	-0.2763715	0.30907837	-0.66588056	0.0699683	-0.11772765	0.15633832	-0.20940974	0.1955593	-0.07425701	0.11283381	-0.12014084	0.14258738	-0.13596073	0.0913988	-0.08782454	0.11412807	-0.07485082	0.08203638	-0.04362587	0.041697267	-0.043643683	0.044676315	-0.037074566	0.055114374	-0.039266236	0.04087067	-0.034489036	0.034482136
-0.79289395	0.24372534	-0.13425085	0.09832954	-0.08750951	1.0000006	-0.4621015	0.13963984	-0.089928865	0.08387183	-0.11420365	0.19369987	-0.15220945	0.08535672	-0.07741655	0.110411175	-0.13152267	0.11633911	-0.07450866	0.0617199	-0.101887226	0.09526602	-0.11284173	0.05895271	-0.06640962	0.0468252	-0.043301273	0.0428719	-0.03987082	0.032203216	-0.058545053	0.0402774	-0.040330503	0.031372715	-0.03113327
0.27556694	-0.37472907	0.18954234	-0.1600266	0.13314366	-0.4621015	1.0000005	-0.24900173	0.14499907	-0.13959989	0.19581978	-0.5639927	0.25272974	-0.14443322	0.12313084	-0.21558602	0.21502945	-0.21099418	0.11866639	-0.10148849	0.1627579	-0.16423129	0.17709278	-0.0951611	0.10403522	-0.07597395	0.06920283	-0.06909445	0.063238546	-0.051464554	0.092758484	-0.065122366	0.064203136	-0.05028768	0.0494072
-0.17771237	0.28677484	-0.566092	0.29423293	-0.2763715	0.13963984	-0.24900173	1.0000006	-0.45945433	0.2446977	-0.118428886	0.19852555	-0.3559112	0.21966225	-0.20412263	0.11988921	-0.19770862	0.19736671	-0.17507102	0.1401654	-0.15028284	0.13994011	-0.18276529	0.1039735	-0.11766908	0.06998814	-0.06631304	0.06757351	-0.06640053	0.05410419	-0.08879546	0.061716735	-0.0637291	0.051388636	-0.05148892
0.107061945	-0.20958644	0.26212087	-0.5124099	0.30907837	-0.089928865	0.14499907	-0.45945433	1.0000006	-0.51452523	0.07627379	-0.13093846	0.19190761	-0.36435384	0.23588635	-0.08013191	0.12522918	-0.136996	0.17650904	-0.1549675	0.09783294	-0.09433147	0.12311182	-0.08287226	0.090509124	-0.04650523	0.044477683	-0.046794817	0.04844453	-0.040312856	0.058653437	-0.041897148	0.043751676	-0.037268	0.037300773
-0.101611294	0.18073027	-0.21928477	0.30601287	-0.66588056	0.08387183	-0.13959989	0.2446977	-0.51452523	1.0000011	-0.072264686	0.118959256	-0.1712263	0.24181989	-0.31650043	0.075151175	-0.12050779	0.124319956	-0.1835044	0.16196857	-0.0964035	0.091358446	-0.12304311	0.08371553	-0.093324766	0.04592842	-0.044141244	0.04652007	-0.049065277	0.04078056	-0.058213584	0.04150001	-0.043693654	0.037472177	-0.0377271
0.10738081	-0.14198628	0.08980045	-0.07833469	0.0699683	-0.11420365	0.19581978	-0.118428886	0.07627379	-0.072264686	1.0000013	-0.37526008	0.17850135	-0.08527934	0.073806174	-0.84718716	0.20002086	-0.16710258	0.07489386	-0.06252432	0.16473055	-0.15408894	0.13087283	-0.06590834	0.0707211	-0.06979051	0.05738125	-0.053726446	0.044862133	-0.036355976	0.07753191	-0.05407591	0.04900776	-0.03659174	0.035213698
-0.19627942	0.22493152	-0.15332986	0.12852216	-0.11772765	0.19369987	-0.5639927	0.19852555	-0.13093846	0.118959256	-0.37526008	1.0000011	-0.46716914	0.14917088	-0.12980117	0.25448775	-0.33573383	0.256038	-0.12631984	0.10232743	-0.1881036	0.18277836	-0.19040559	0.096266955	-0.10494782	0.0814177	-0.07294155	0.07121331	-0.063409284	0.05142564	-0.09878294	0.06774825	-0.06595492	0.050508644	-0.049484696
0.15157157	-0.2670178	0.19907327	-0.17942142	0.15633832	-0.15220945	0.25272974	-0.3559112	0.19190761	-0.1712263	0.17850135	-0.46716914	1.000001	-0.2865147	0.18739897	-0.19504268	0.28714013	-0.5503375	0.17709723	-0.149925	0.17636749	-0.19468844	0.21320188	-0.1177412	0.12275278	-0.08164015	0.07523292	-0.07845772	0.071943805	-0.059329648	0.0990721	-0.07118246	0.07150042	-0.057200167	0.055836514
-0.09659852	0.16884086	-0.16707216	0.20336063	-0.20940974	0.08535672	-0.14443322	0.21966225	-0.36435384	0.24181989	-0.08527934	0.14917088	-0.2865147	1.0000013	-0.6521484	0.08948219	-0.14677466	0.17240112	-0.43946853	0.2910269	-0.108584926	0.108682565	-0.14682592	0.12305611	-0.13228591	0.052206896	-0.050464604	0.055457246	-0.0633483	0.053816263	-0.065159604	0.04797619	-0.051482357	0.047529925	-0.04802279
0.08600713	-0.16335276	0.14814481	-0.19727933	0.1955593	-0.07741655	0.12313084	-0.20412263	0.23588635	-0.31650043	0.073806174	-0.12980117	0.18739897	-0.6521484	1.0000011	-0.07976939	0.123785794	-0.15007693	0.30863273	-0.5202088	0.09601325	-0.09742838	0.12912028	-0.11718267	0.122745305	-0.04683227	0.045387488	-0.050395526	0.058047317	-0.050543502	0.058327552	-0.04343631	0.046558138	-0.04406863	0.04412077
-0.115767635	0.1409611	-0.09392831	0.080885276	-0.07425701	0.110411175	-0.21558602	0.11988921	-0.08013191	0.075151175	-0.84718716	0.25448775	-0.19504268	0.08948219	-0.07976939	1.0000007	-0.26596618	0.17299137	-0.08146886	0.06672786	-0.22746445	0.17195538	-0.14881593	0.07242953	-0.07848889	0.083051056	-0.06768904	0.060601816	-0.049872145	0.04017979	-0.09343337	0.062259484	-0.05569192	0.040625956	-0.03916189
0.13026035	-0.22220938	0.14107957	-0.12835264	0.11283381	-0.13152267	0.21502945	-0.19770862	0.12522918	-0.12050779	0.20002086	-0.33573383	0.28714013	-0.14677466	0.123785794	-0.26596618	1.0000004	-0.61300826	0.13506539	-0.11392585	0.25032297	-0.44883618	0.2572438	-0.12348813	0.12651019	-0.109971166	0.09525239	-0.095525935	0.07917375	-0.064612664	0.12619744	-0.090000615	0.085527256	-0.06456227	0.061848577
-0.123501025	0.19236693	-0.14429043	0.12854937	-0.12014084	0.11633911	-0.21099418	0.19736671	-0.136996	0.124319956	-0.16710258	0.256038	-0.5503375	0.17240112	-0.15007693	0.17299137	-0.61300826	1.0000001	-0.17921194	0.1324145	-0.21583246	0.24214712	-0.32090226	0.13147481	-0.13653456	0.09512693	-0.0880936	0.09376508	-0.080540225	0.06553189	-0.11508257	0.08212812	-0.084783696	0.06414081	-0.062362656
0.08165977	-0.15290238	0.1268138	-0.15495971	0.14258738	-0.07450866	0.11866639	-0.17507102	0.17650904	-0.1835044	0.07489386	-0.12631984	0.17709723	-0.43946853	0.30863273	-0.08146886	0.13506539	-0.17921194	1.0000001	-0.74370426	0.10460198	-0.109816074	0.15526013	-0.21424417	0.1796042	-0.052451957	0.051935714	-0.06119752	0.079202704	-0.07004875	0.06490181	-0.050384574	0.05595449	-0.058534473	0.058496304
-0.069132596	0.12275936	-0.107624166	0.127171	-0.13596073	0.0617199	-0.10148849	0.1401654	-0.1549675	0.16196857	-0.06252432	0.10232743	-0.149925	0.2910269	-0.5202088	0.06672786	-0.11392585	0.1324145	-0.74370426	1.0	-0.08944991	0.09123744	-0.1354962	0.1599372	-0.18901917	0.04480116	-0.04471999	0.052803706	-0.07124408	0.0635485	-0.055769775	0.043239996	-0.048775084	0.05164408	-0.053207844
0.10570544	-0.18479113	0.11264486	-0.10347883	0.0913988	-0.101887226	0.1627579	-0.15028284	0.09783294	-0.0964035	0.16473055	-0.1881036	0.17636749	-0.108584926	0.09601325	-0.22746445	0.25032297	-0.21583246	0.10460198	-0.08944991	0.9999998	-0.6339437	0.26955897	-0.13126028	0.13517933	-0.36976948	0.18827142	-0.14801396	0.0986681	-0.07922839	0.24967887	-0.18178529	0.12856929	-0.08600591	0.07861645
-0.101025686	0.16301729	-0.10613978	0.09662589	-0.08782454	0.09526602	-0.16423129	0.13994011	-0.09433147	0.091358446	-0.15408894	0.18277836	-0.19468844	0.108682565	-0.09742838	0.17195538	-0.44883618	0.24214712	-0.109816074	0.09123744	-0.6339437	0.9999993	-0.4242085	0.14529203	-0.1522837	0.1900652	-0.15555215	0.13418621	-0.0993709	0.07903799	-0.21747172	0.13689655	-0.1216995	0.082028314	-0.07788039
0.119184285	-0.21673219	0.13546488	-0.12874861	0.11412807	-0.11284173	0.17709278	-0.18276529	0.12311182	-0.12304311	0.13087283	-0.19040559	0.21320188	-0.14682592	0.12912028	-0.14881593	0.2572438	-0.32090226	0.15526013	-0.1354962	0.26955897	-0.4242085	0.99999887	-0.37269875	0.2534664	-0.15088403	0.15552977	-0.2559191	0.16322498	-0.13734843	0.17497422	-0.1559831	0.18089981	-0.13846904	0.1250897
-0.06365723	0.11330419	-0.07822686	0.080111556	-0.07485082	0.05895271	-0.0951611	0.1039735	-0.08287226	0.08371553	-0.06590834	0.096266955	-0.1177412	0.12305611	-0.11718267	0.07242953	-0.12348813	0.13147481	-0.21424417	0.1599372	-0.13126028	0.14529203	-0.37269875	0.999999	-0.7913176	0.0751449	-0.08353411	0.12215553	-0.25805175	0.20019665	-0.09221964	0.08403116	-0.11113662	0.15099719	-0.15960257
0.07129628	-0.13128862	0.087662205	-0.08996437	0.08203638	-0.06640962	0.10403522	-0.11766908	0.090509124	-0.093324766	0.0707211	-0.10494782	0.12275278	-0.13228591	0.122745305	-0.07848889	0.12651019	-0.13653456	0.1796042	-0.18901917	0.13517933	-0.1522837	0.2534664	-0.7913176	0.999999	-0.07931978	0.08610434	-0.12427204	0.21922971	-0.28585818	0.09657935	-0.08914006	0.11033895	-0.16663246	0.16769929
-0.049382832	0.085409135	-0.052913945	0.048907466	-0.04362587	0.0468252	-0.07597395	0.06998814	-0.04650523	0.04592842	-0.06979051	0.0814177	-0.08164015	0.052206896	-0.04683227	0.083051056	-0.109971166	0.09512693	-0.052451957	0.04480116	-0.36976948	0.1900652	-0.15088403	0.0751449	-0.07931978	0.9999983	-0.47494936	0.16701478	-0.07811529	0.058787376	-0.70915	0.28621942	-0.1530817	0.07421188	-0.06413448
0.045761146	-0.080768526	0.050024386	-0.04672154	0.041697267	-0.043301273	0.06920283	-0.06631304	0.044477683	-0.044141244	0.05738125	-0.07294155	0.07523292	-0.050464604	0.045387488	-0.06768904	0.09525239	-0.0880936	0.051935714	-0.04471999	0.18827142	-0.15555215	0.15552977	-0.08353411	0.08610434	-0.47494936	0.99999803	-0.34975067	0.10410185	-0.07694218	0.30700016	-0.69560367	0.2489727	-0.107062906	0.08628612
-0.045672942	0.08034391	-0.05099766	0.04834606	-0.043643683	0.0428719	-0.06909445	0.06757351	-0.046794817	0.04652007	-0.053726446	0.07121331	-0.07845772	0.055457246	-0.050395526	0.060601816	-0.095525935	0.09376508	-0.06119752	0.052803706	-0.14801396	0.13418621	-0.2559191	0.12215553	-0.12427204	0.16701478	-0.34975067	0.9999983	-0.21699773	0.1360338	-0.20571958	0.26967442	-0.77936184	0.20285606	-0.17163081
0.042724222	-0.0770197	0.04992434	-0.04918919	0.044676315	-0.03987082	0.063238546	-0.06640053	0.04844453	-0.049065277	0.044862133	-0.063409284	0.071943805	-0.0633483	0.058047317	-0.049872145	0.07917375	-0.080540225	0.079202704	-0.07124408	0.0986681	-0.0993709	0.16322498	-0.25805175	0.21922971	-0.07811529	0.10410185	-0.21699773	0.99999815	-0.6198467	0.09409331	-0.11876491	0.18790108	-0.5838755	0.32685462
-0.03460358	0.061942775	-0.040768195	0.040451773	-0.037074566	0.032203216	-0.051464554	0.05410419	-0.040312856	0.04078056	-0.036355976	0.05142564	-0.059329648	0.053816263	-0.050543502	0.04017979	-0.064612664	0.06553189	-0.07004875	0.0635485	-0.07922839	0.07903799	-0.13734843	0.20019665	-0.28585818	0.058787376	-0.07694218	0.1360338	-0.6198467	0.999998	-0.07260514	0.08377	-0.13701758	0.3166802	-0.6307831
0.06160858	-0.109487355	0.06691881	-0.062146913	0.055114374	-0.058545053	0.092758484	-0.08879546	0.058653437	-0.058213584	0.07753191	-0.09878294	0.0990721	-0.065159604	0.058327552	-0.09343337	0.12619744	-0.11508257	0.06490181	-0.055769775	0.24967887	-0.21747172	0.17497422	-0.09221964	0.09657935	-0.70915	0.30700016	-0.20571958	0.09409331	-0.07260514	0.99999803	-0.45757386	0.17833816	-0.09222717	0.07744021
-0.04275097	0.07457108	-0.046716355	0.043703124	-0.039266236	0.0402774	-0.065122366	0.061716735	-0.041897148	0.04150001	-0.05407591	0.06774825	-0.07118246	0.04797619	-0.04343631	0.062259484	-0.090000615	0.08212812	-0.050384574	0.043239996	-0.18178529	0.13689655	-0.1559831	0.08403116	-0.08914006	0.28621942	-0.69560367	0.26967442	-0.11876491	0.08377	-0.45757386	0.9999982	-0.384667	0.12176962	-0.101941444
0.04290199	-0.07647954	0.04799831	-0.04554657	0.04087067	-0.040330503	0.064203136	-0.0637291	0.043751676	-0.043693654	0.04900776	-0.06595492	0.07150042	-0.051482357	0.046558138	-0.05569192	0.085527256	-0.084783696	0.05595449	-0.048775084	0.12856929	-0.1216995	0.18089981	-0.11113662	0.11033895	-0.1530817	0.2489727	-0.77936184	0.18790108	-0.13701758	0.17833816	-0.384667	0.9999985	-0.28760412	0.16570635
-0.033630874	0.059810486	-0.03878681	0.037829295	-0.034489036	0.031372715	-0.05028768	0.051388636	-0.037268	0.037472177	-0.03659174	0.050508644	-0.057200167	0.047529925	-0.04406863	0.040625956	-0.06456227	0.06414081	-0.058534473	0.05164408	-0.08600591	0.082028314	-0.13846904	0.15099719	-0.16663246	0.07421188	-0.107062906	0.20285606	-0.5838755	0.3166802	-0.09222717	0.12176962	-0.28760412	0.9999987	-0.64896286
0.033351563	-0.060033888	0.03874849	-0.037998807	0.034482136	-0.03113327	0.0494072	-0.05148892	0.037300773	-0.0377271	0.035213698	-0.049484696	0.055836514	-0.04802279	0.04412077	-0.03916189	0.061848577	-0.062362656	0.058496304	-0.053207844	0.07861645	-0.07788039	0.1250897	-0.15960257	0.16769929	-0.06413448	0.08628612	-0.17163081	0.32685462	-0.6307831	0.07744021	-0.101941444	0.16570635	-0.64896286	0.9999987
