0.34101823531091213
1.1393747571855783
0.5476298220455647
0.01951739750802517
1.9588620532304049
1.629153810441494
0.2202130127698183
1.2891614884138107
0.6241125967353582
1.879933588206768
1.3296436723321676
1.7324585244059563
0.2661060504615307
1.9090201649814844
1.442427322268486
1.7508861031383276
1.6123437322676182
1.7523045055568218
1.8469593897461891
1.220280908048153
0.474227087572217
0.0753105990588665
0.05056333914399147
1.9454896673560143
1.8376460820436478
1.259467599913478
1.0035752039402723
1.1141092609614134
1.063834574073553
0.24536384269595146
1.9669894929975271
0.8238430507481098
1.4698602445423603
0.1461554728448391
1.0502863507717848
1.9096192978322506
1.2749168816953897
0.24760843627154827
1.6521794591099024
0.2257281430065632
0.0628580804914236
1.7831649146974087
1.89017971791327
0.08606084808707237
0.41016112081706524
1.0614362377673388
1.710159046575427
0.0015316270291805267
0.8710575476288795
1.572733012959361
0.30015586875379086
0.9884549900889397
0.825154285877943
1.1622378528118134
1.8329935669898987
1.8698730953037739
0.39757621102035046
1.8970481641590595
