1.567317072302103
1.4444503523409367
0.46800997853279114
0.07415895350277424
0.6491740066558123
1.2908182051032782
1.6204121839255095
0.2900931779295206
0.786927442997694
0.22168751060962677
1.330284807831049
1.2969881929457188
1.210683710873127
1.513688825070858
1.5413497928529978
0.2054590154439211
0.8299685548990965
0.5169854760169983
0.3396166320890188
0.7589178793132305
0.7927156966179609
0.006928356364369392
1.7980112079530954
1.4036615211516619
0.018817489966750145
0.3927892241626978
1.6836004499346018
0.5682874787598848
1.0600259937345982
1.3382938914000988
0.7857511527836323
0.10159668698906898
0.4994495529681444
0.7494075167924166
1.9681036341935396
1.1914255805313587
0.33396654203534126
1.126805080100894
0.2035276722162962
0.18374210223555565
1.3381391055881977
0.6469352897256613
1.2185565400868654
0.6586356163024902
0.059119656682014465
1.9447542298585176
1.373080337420106
0.21364129148423672
1.429218776524067
1.0725212898105383
1.8274024277925491
0.11818519607186317
0.8061788845807314
0.8688500039279461
1.3824873678386211
1.1875753663480282
0.46558889001607895
1.8315867595374584
