1.0000002	-0.71876717	0.29505646	-0.30473465	0.24341421	-0.23145333	0.21922302	-0.25694057	0.19937958	-0.2647238	0.18596083	-0.2219907	0.22537825	-0.31370857	0.08003588	-0.11912985	0.13168061	-0.11036138	0.12515485	-0.085491024	0.1051234	-0.12700509	0.10496911	-0.08722238	0.1098274	-0.09272822	0.10047582	-0.08166588	0.07824871	-0.08050946	0.05717497	-0.085500784	0.08035648	-0.08500979	0.12572236
-0.71876717	1.0000001	-0.51253396	0.25061625	-0.23283026	0.16744535	-0.2472486	0.23046058	-0.15674502	0.18405002	-0.1583204	0.18532844	-0.2138485	0.20799065	-0.055943657	0.09201889	-0.106036	0.08568692	-0.09774836	0.058459215	-0.08317022	0.097049564	-0.07978929	0.06479432	-0.08054989	0.06784178	-0.07557771	0.061123814	-0.05835729	0.05883836	-0.04208431	0.06240847	-0.05909969	0.061859276	-0.09130173
0.29505646	-0.51253396	0.9999999	-0.5755511	0.27605432	-0.16011256	0.20849407	-0.40370476	0.21482904	-0.24675538	0.14932008	-0.19414666	0.2409283	-0.26768634	0.06799325	-0.096138634	0.11125109	-0.09402868	0.10704256	-0.07100812	0.08640453	-0.104063	0.08719618	-0.07176783	0.0902194	-0.07478461	0.0826199	-0.06713872	0.06450607	-0.06576689	0.046332456	-0.06899372	0.06544545	-0.06873377	0.102101125
-0.30473465	0.25061625	-0.5755511	0.9999998	-0.5890722	0.14283825	-0.1788937	0.24603856	-0.3068293	0.26404637	-0.14829816	0.16738507	-0.24187037	0.26914886	-0.072517104	0.09392153	-0.11020176	0.094443426	-0.110999286	0.0738127	-0.08667532	0.10214884	-0.09015419	0.07408429	-0.09631852	0.07547379	-0.08508558	0.06890829	-0.06720542	0.069118835	-0.04715223	0.06990651	-0.06803442	0.0707259	-0.10931982
0.24341421	-0.23283026	0.27605432	-0.5890722	0.99999964	-0.16555706	0.18112461	-0.25737074	0.28762215	-0.43249473	0.16291608	-0.19299318	0.23843408	-0.447126	0.110591836	-0.11839718	0.13564767	-0.122040845	0.1430123	-0.11827088	0.10778534	-0.13279994	0.12068689	-0.10282838	0.13676198	-0.106465876	0.11551335	-0.094270036	0.09279659	-0.09868944	0.06604173	-0.0991103	0.09586711	-0.10120177	0.15818012
-0.23145333	0.16744535	-0.16011256	0.14283825	-0.16555706	0.9999995	-0.41445875	0.21063364	-0.12612616	0.15093338	-0.76954705	0.2602819	-0.2324526	0.17787015	-0.052794557	0.19075435	-0.17568478	0.117730714	-0.13412766	0.055055965	-0.17163402	0.15163575	-0.10857548	0.08278847	-0.092982225	0.09096296	-0.1033505	0.081724524	-0.07452863	0.07002397	-0.056367185	0.081507005	-0.07426251	0.077070534	-0.10346535
0.21922302	-0.2472486	0.20849407	-0.1788937	0.18112461	-0.41445875	0.9999995	-0.46027637	0.16249025	-0.18598893	0.2635059	-0.62865686	0.30215576	-0.209055	0.057657246	-0.14585689	0.17653754	-0.12320754	0.12968883	-0.060019705	0.124355406	-0.15189427	0.103520505	-0.08090556	0.09083221	-0.08716616	0.09750825	-0.0788336	0.07182187	-0.06843336	0.053557646	-0.07901896	0.07156923	-0.075109966	0.10130068
-0.25694057	0.23046058	-0.40370476	0.24603856	-0.25737074	0.21063364	-0.46027637	0.99999946	-0.30253416	0.24528636	-0.21400903	0.29139915	-0.5817497	0.25967982	-0.07109187	0.12462892	-0.15332592	0.12751625	-0.14095087	0.072317146	-0.113119505	0.133661	-0.10812773	0.08609081	-0.102442816	0.08823199	-0.10032238	0.08154395	-0.07707573	0.07530954	-0.054838754	0.080947906	-0.07627968	0.07942187	-0.11415484
0.19937958	-0.15674502	0.21482904	-0.3068293	0.28762215	-0.12612616	0.16249025	-0.30253416	0.9999994	-0.6913206	0.13343434	-0.15460806	0.23153313	-0.5210638	0.09786396	-0.08711726	0.10490308	-0.09462855	0.11521364	-0.09395972	0.08119591	-0.09640148	0.08869461	-0.07345353	0.098381236	-0.07160481	0.08269645	-0.06726089	0.06680258	-0.06922907	0.04509516	-0.066630326	0.066423	-0.068337895	0.10835073
-0.2647238	0.18405002	-0.24675538	0.26404637	-0.43249473	0.15093338	-0.18598893	0.24528636	-0.6913206	0.99999934	-0.17028971	0.17785726	-0.2847258	0.32297432	-0.12561879	0.10939988	-0.13230552	0.11650486	-0.14499299	0.111431465	-0.10408627	0.12089776	-0.11621472	0.09563607	-0.13350633	0.09234638	-0.10874026	0.087668106	-0.08825032	0.09237445	-0.058670264	0.08622664	-0.08830872	0.08982682	-0.14853504
0.18596083	-0.1583204	0.14932008	-0.14829816	0.16291608	-0.76954705	0.2635059	-0.21400903	0.13343434	-0.17028971	0.9999992	-0.31004947	0.21530259	-0.20562375	0.05904227	-0.30450255	0.19145468	-0.13126825	0.14182316	-0.06236483	0.19349828	-0.18701048	0.120041914	-0.09325013	0.10244573	-0.10817354	0.11653569	-0.092889555	0.08282619	-0.07845172	0.06574349	-0.09644008	0.08440096	-0.08934794	0.114330076
-0.2219907	0.18532844	-0.19414666	0.16738507	-0.19299318	0.2602819	-0.62865686	0.29139915	-0.15460806	0.17785726	-0.31004947	0.99999934	-0.48909122	0.20832509	-0.06185821	0.1764141	-0.30393583	0.16369793	-0.1738315	0.064214	-0.15990958	0.19178548	-0.13185194	0.099358685	-0.10689632	0.104276374	-0.12149137	0.09780565	-0.08836457	0.08120524	-0.064633876	0.09436846	-0.08597333	0.08922302	-0.1183501
0.22537825	-0.2138485	0.2409283	-0.24187037	0.23843408	-0.2324526	0.30215576	-0.5817497	0.23153313	-0.2847258	0.21530259	-0.48909122	0.99999946	-0.33922228	0.08697535	-0.16155127	0.19931819	-0.19578992	0.1814684	-0.09158016	0.13977791	-0.18458277	0.13952428	-0.11313624	0.12648773	-0.117762655	0.12864162	-0.10692541	0.09875585	-0.09542951	0.07205385	-0.107800946	0.09767504	-0.103722245	0.1405032
-0.31370857	0.20799065	-0.26768634	0.26914886	-0.447126	0.17787015	-0.209055	0.25967982	-0.5210638	0.32297432	-0.20562375	0.20832509	-0.33922228	0.9999995	-0.18631873	0.137577	-0.17000386	0.15889986	-0.21520884	0.1535281	-0.13189851	0.15461768	-0.15424661	0.12825964	-0.17924514	0.1192664	-0.1423954	0.11566279	-0.117871955	0.122995615	-0.0761196	0.11186646	-0.11603377	0.11754704	-0.19613175
0.08003588	-0.055943657	0.06799325	-0.072517104	0.110591836	-0.052794557	0.057657246	-0.07109187	0.09786396	-0.12561879	0.05904227	-0.06185821	0.08697535	-0.18631873	0.9999988	-0.04828554	0.05921948	-0.06612134	0.08466687	-0.9504212	0.045459248	-0.057973906	0.062053885	-0.068243206	0.11944105	-0.050114565	0.05638928	-0.04974258	0.058143508	-0.082517006	0.03141819	-0.047626715	0.048399903	-0.052744247	0.08337417
-0.11912985	0.09201889	-0.096138634	0.09392153	-0.11839718	0.19075435	-0.14585689	0.12462892	-0.08711726	0.10939988	-0.30450255	0.1764141	-0.16155127	0.137577	-0.04828554	0.9999986	-0.4085782	0.17823029	-0.19960481	0.050378907	-0.74283713	0.29997972	-0.16177514	0.11059769	-0.10618114	0.13974556	-0.15883747	0.118964076	-0.09952217	0.08418445	-0.0866716	0.11405638	-0.097918704	0.09839848	-0.11640323
0.13168061	-0.106036	0.11125109	-0.11020176	0.13564767	-0.17568478	0.17653754	-0.15332592	0.10490308	-0.13230552	0.19145468	-0.30393583	0.19931819	-0.17000386	0.05921948	-0.4085782	0.9999989	-0.4196301	0.26684836	-0.0626006	0.2815605	-0.5993398	0.20731854	-0.14862198	0.12704752	-0.1625731	0.18958813	-0.1585072	0.12492806	-0.10460311	0.09701505	-0.14357261	0.11756757	-0.12434833	0.13739204
-0.11036138	0.08568692	-0.09402868	0.094443426	-0.122040845	0.117730714	-0.12320754	0.12751625	-0.09462855	0.11650486	-0.13126825	0.16369793	-0.19578992	0.15889986	-0.06612134	0.17823029	-0.4196301	0.99999905	-0.75503033	0.069063015	-0.16132142	0.24043386	-0.2995281	0.18509956	-0.1369559	0.1386524	-0.17317072	0.17411773	-0.15362532	0.112773255	-0.08505646	0.1275987	-0.11534855	0.120528385	-0.13752547
0.12515485	-0.09774836	0.10704256	-0.110999286	0.1430123	-0.13412766	0.12968883	-0.14095087	0.11521364	-0.14499299	0.14182316	-0.1738315	0.1814684	-0.21520884	0.08466687	-0.19960481	0.26684836	-0.75503033	0.99999934	-0.09391623	0.16601008	-0.26909202	0.23973559	-0.27619028	0.1630166	-0.1708076	0.18410471	-0.19016622	0.18074004	-0.13978282	0.1019092	-0.15752701	0.13450141	-0.14868659	0.16379912
-0.085491024	0.058459215	-0.07100812	0.0738127	-0.11827088	0.055055965	-0.060019705	0.072317146	-0.09395972	0.111431465	-0.06236483	0.064214	-0.09158016	0.1535281	-0.9504212	0.050378907	-0.0626006	0.069063015	-0.09391623	0.99999946	-0.04779693	0.060405858	-0.0658143	0.071011245	-0.14503117	0.051856842	-0.059465114	0.052184373	-0.06180383	0.08615574	-0.03267445	0.049311284	-0.051031735	0.054964893	-0.09007244
0.1051234	-0.08317022	0.08640453	-0.08667532	0.10778534	-0.17163402	0.124355406	-0.113119505	0.08119591	-0.10408627	0.19349828	-0.15990958	0.13977791	-0.13189851	0.045459248	-0.74283713	0.2815605	-0.16132142	0.16601008	-0.04779693	0.9999994	-0.49666375	0.1606499	-0.11022268	0.10276185	-0.17820539	0.16932727	-0.12653838	0.09766728	-0.0835174	0.099491596	-0.1316875	0.10152996	-0.10438937	0.11417068
-0.12700509	0.097049564	-0.104063	0.10214884	-0.13279994	0.15163575	-0.15189427	0.133661	-0.09640148	0.12089776	-0.18701048	0.19178548	-0.18458277	0.15461768	-0.057973906	0.29997972	-0.5993398	0.24043386	-0.26909202	0.060405858	-0.49666375	0.9999991	-0.2837653	0.15667813	-0.13873875	0.18266337	-0.29433814	0.19182272	-0.1422928	0.11309228	-0.11409805	0.15977298	-0.13532683	0.13437457	-0.14965507
0.10496911	-0.07978929	0.08719618	-0.09015419	0.12068689	-0.10857548	0.103520505	-0.10812773	0.08869461	-0.11621472	0.120041914	-0.13185194	0.13952428	-0.15424661	0.062053885	-0.16177514	0.20731854	-0.2995281	0.23973559	-0.0658143	0.1606499	-0.2837653	0.9999994	-0.33724836	0.18904762	-0.25720048	0.3001205	-0.64838314	0.2503121	-0.17828374	0.15017843	-0.24029195	0.20455252	-0.22446781	0.19563863
-0.08722238	0.06479432	-0.07176783	0.07408429	-0.10282838	0.08278847	-0.08090556	0.08609081	-0.07345353	0.09563607	-0.09325013	0.099358685	-0.11313624	0.12825964	-0.068243206	0.11059769	-0.14862198	0.18509956	-0.27619028	0.071011245	-0.11022268	0.15667813	-0.33724836	0.9999995	-0.34399724	0.15305507	-0.21304612	0.24598669	-0.7321833	0.26819894	-0.09768378	0.14728105	-0.16386871	0.17042981	-0.24029297
0.1098274	-0.08054989	0.0902194	-0.09631852	0.13676198	-0.092982225	0.09083221	-0.102442816	0.098381236	-0.13350633	0.10244573	-0.10689632	0.12648773	-0.17924514	0.11944105	-0.10618114	0.12704752	-0.1369559	0.1630166	-0.14503117	0.10276185	-0.13873875	0.18904762	-0.34399724	0.9999994	-0.15876144	0.17067909	-0.17115152	0.267541	-0.6814062	0.09882791	-0.15401244	0.16172002	-0.19823664	0.30720258
-0.09272822	0.06784178	-0.07478461	0.07547379	-0.106465876	0.09096296	-0.08716616	0.08823199	-0.07160481	0.09234638	-0.10817354	0.104276374	-0.117762655	0.1192664	-0.050114565	0.13974556	-0.1625731	0.1386524	-0.1708076	0.051856842	-0.17820539	0.18266337	-0.25720048	0.15305507	-0.15876144	0.99999946	-0.4653581	0.2151883	-0.15663773	0.12769641	-0.6538983	0.32564184	-0.22740674	0.17938991	-0.18912216
0.10047582	-0.07557771	0.0826199	-0.08508558	0.11551335	-0.1033505	0.09750825	-0.10032238	0.08269645	-0.10874026	0.11653569	-0.12149137	0.12864162	-0.1423954	0.05638928	-0.15883747	0.18958813	-0.17317072	0.18410471	-0.059465114	0.16932727	-0.29433814	0.3001205	-0.21304612	0.17067909	-0.4653581	0.9999996	-0.52755904	0.19900164	-0.15679426	0.24495499	-0.41305506	0.22436455	-0.22897854	0.19205104
-0.08166588	0.061123814	-0.06713872	0.06890829	-0.094270036	0.081724524	-0.0788336	0.08154395	-0.06726089	0.087668106	-0.092889555	0.09780565	-0.10692541	0.11566279	-0.04974258	0.118964076	-0.1585072	0.17411773	-0.19016622	0.052184373	-0.12653838	0.19182272	-0.64838314	0.24598669	-0.17115152	0.2151883	-0.52755904	0.9999995	-0.32660857	0.16163065	-0.1376468	0.20675246	-0.24216413	0.19785072	-0.17491835
0.07824871	-0.05835729	0.06450607	-0.06720542	0.09279659	-0.07452863	0.07182187	-0.07707573	0.06680258	-0.08825032	0.08282619	-0.08836457	0.09875585	-0.117871955	0.058143508	-0.09952217	0.12492806	-0.15362532	0.18074004	-0.06180383	0.09766728	-0.1422928	0.2503121	-0.7321833	0.267541	-0.15663773	0.19900164	-0.32660857	0.99999976	-0.41382036	0.096910544	-0.1508666	0.15957265	-0.1875513	0.220766
-0.08050946	0.05883836	-0.06576689	0.069118835	-0.09868944	0.07002397	-0.06843336	0.07530954	-0.06922907	0.09237445	-0.07845172	0.08120524	-0.09542951	0.122995615	-0.082517006	0.08418445	-0.10460311	0.112773255	-0.13978282	0.08615574	-0.0835174	0.11309228	-0.17828374	0.26819894	-0.6814062	0.12769641	-0.15679426	0.16163065	-0.41382036	0.9999995	-0.08200816	0.12542273	-0.14860517	0.1731052	-0.4709376
0.05717497	-0.04208431	0.046332456	-0.04715223	0.06604173	-0.056367185	0.053557646	-0.054838754	0.04509516	-0.058670264	0.06574349	-0.064633876	0.07205385	-0.0761196	0.03141819	-0.0866716	0.09701505	-0.08505646	0.1019092	-0.03267445	0.099491596	-0.11409805	0.15017843	-0.09768378	0.09882791	-0.6538983	0.24495499	-0.1376468	0.096910544	-0.08200816	0.99999934	-0.66167957	0.17622115	-0.15178774	0.121050626
-0.085500784	0.06240847	-0.06899372	0.06990651	-0.0991103	0.081507005	-0.07901896	0.080947906	-0.066630326	0.08622664	-0.09644008	0.09436846	-0.107800946	0.11186646	-0.047626715	0.11405638	-0.14357261	0.1275987	-0.15752701	0.049311284	-0.1316875	0.15977298	-0.24029195	0.14728105	-0.15401244	0.32564184	-0.41305506	0.20675246	-0.1508666	0.12542273	-0.66167957	0.9999995	-0.3424846	0.21871883	-0.19094823
0.08035648	-0.05909969	0.06544545	-0.06803442	0.09586711	-0.07426251	0.07156923	-0.07627968	0.066423	-0.08830872	0.08440096	-0.08597333	0.09767504	-0.11603377	0.048399903	-0.097918704	0.11756757	-0.11534855	0.13450141	-0.051031735	0.10152996	-0.13532683	0.20455252	-0.16386871	0.16172002	-0.22740674	0.22436455	-0.24216413	0.15957265	-0.14860517	0.17622115	-0.3424846	0.9999992	-0.7885772	0.23322164
-0.08500979	0.061859276	-0.06873377	0.0707259	-0.10120177	0.077070534	-0.075109966	0.07942187	-0.068337895	0.08982682	-0.08934794	0.08922302	-0.103722245	0.11754704	-0.052744247	0.09839848	-0.12434833	0.120528385	-0.14868659	0.054964893	-0.10438937	0.13437457	-0.22446781	0.17042981	-0.19823664	0.17938991	-0.22897854	0.19785072	-0.1875513	0.1731052	-0.15178774	0.21871883	-0.7885772	0.99999934	-0.36553347
0.12572236	-0.09130173	0.102101125	-0.10931982	0.15818012	-0.10346535	0.10130068	-0.11415484	0.10835073	-0.14853504	0.114330076	-0.1183501	0.1405032	-0.19613175	0.08337417	-0.11640323	0.13739204	-0.13752547	0.16379912	-0.09007244	0.11417068	-0.14965507	0.19563863	-0.24029297	0.30720258	-0.18912216	0.19205104	-0.17491835	0.220766	-0.4709376	0.121050626	-0.19094823	0.23322164	-0.36553347	0.99999934
