1.0000001	-0.71328276	0.22430718	-0.13054892	0.078291066	-0.5851419	0.27720425	-0.18219613	0.1096373	-0.07337713	0.12526743	-0.062105935	0.05170189	-0.039544713	0.041825805	-0.12527981	0.07431422	-0.04365089	0.0350293	-0.03379596	0.059520524	-0.045738146	0.04518986	-0.03382959	0.03216074	-0.03741893	0.0338698	-0.04391561	0.03448864	-0.024781438	0.007353688	-0.0070730117	0.027824149	-0.02744184	0.042795926
-0.71328276	1.0	-0.38878977	0.16515222	-0.10834261	0.31887197	-0.42850497	0.22526771	-0.15054126	0.096357904	-0.12135618	0.076099604	-0.06566364	0.051134292	-0.054747567	0.11112492	-0.09499285	0.05496339	-0.04545435	0.04364648	-0.07228935	0.055107765	-0.057858087	0.04337313	-0.042112425	0.044044923	-0.041705772	0.05573722	-0.044571858	0.032304928	-0.009255957	0.008880624	-0.035983797	0.03532781	-0.056276854
0.22430718	-0.38878977	1.0000001	-0.46405	0.19872645	-0.3235027	0.29008418	-0.51882994	0.27012265	-0.20403787	0.14274424	-0.12569964	0.10810926	-0.09059817	0.09404255	-0.15489383	0.15218522	-0.09370285	0.078840114	-0.07711682	0.11342928	-0.08998654	0.096725844	-0.07594272	0.073433444	-0.071517654	0.067798205	-0.10029553	0.07762824	-0.05678276	0.015698472	-0.015074115	0.063298434	-0.06269815	0.09835599
-0.13054892	0.16515222	-0.46405	0.99999994	-0.4991092	0.16025415	-0.2177566	0.28232285	-0.5708863	0.29917234	-0.08900421	0.093370005	-0.086388886	0.09123418	-0.098563656	0.08605087	-0.11775442	0.07224304	-0.06827373	0.06582146	-0.082638904	0.06494545	-0.07653374	0.061025266	-0.060783695	0.050014738	-0.049838774	0.07535493	-0.062468823	0.046294373	-0.011840861	0.011333256	-0.04953626	0.048873477	-0.079488605
0.078291066	-0.10834261	0.19872645	-0.4991092	0.99999994	-0.10815321	0.12761483	-0.21198349	0.30067095	-0.772099	0.053606555	-0.061466232	0.055568345	-0.06835281	0.07146304	-0.054138925	0.06765724	-0.0457812	0.043873444	-0.04407579	0.04712895	-0.03847538	0.04664756	-0.03866591	0.03706219	-0.029461298	0.028892715	-0.047071632	0.038438145	-0.028502496	0.0069915457	-0.006707438	0.029917683	-0.030025925	0.046872508
-0.5851419	0.31887197	-0.3235027	0.16025415	-0.10815321	0.9999998	-0.5781588	0.23892233	-0.15638132	0.096769705	-0.22683884	0.08509958	-0.07179235	0.05366303	-0.057276517	0.16932927	-0.10282544	0.05920959	-0.047491666	0.045550447	-0.08233637	0.062022828	-0.061747316	0.045608517	-0.043493446	0.05055968	-0.046184517	0.05868847	-0.046587687	0.033424184	-0.00995259	0.009566632	-0.0374712	0.036859244	-0.057831634
0.27720425	-0.42850497	0.29008418	-0.2177566	0.12761483	-0.5781588	0.9999998	-0.528081	0.20100889	-0.13144298	0.13439028	-0.09468358	0.07889547	-0.059449628	0.06163098	-0.1354671	0.09654748	-0.061297674	0.0484285	-0.046700086	0.07264166	-0.05748215	0.061761778	-0.045986	0.043194056	-0.045844395	0.04243569	-0.058475137	0.04642595	-0.033255834	0.0094372835	-0.009072876	0.036949527	-0.036563717	0.056714114
-0.18219613	0.22526771	-0.51882994	0.28232285	-0.21198349	0.23892233	-0.528081	0.9999998	-0.49036363	0.19956201	-0.104526214	0.10124817	-0.10111678	0.079065114	-0.08211653	0.099694595	-0.10836481	0.07213263	-0.059380513	0.056879714	-0.07653446	0.06119116	-0.072517484	0.0545165	-0.051889658	0.047304057	-0.04592804	0.06770866	-0.05502056	0.039733868	-0.010600829	0.010169141	-0.043374132	0.042907365	-0.06755687
0.1096373	-0.15054126	0.27012265	-0.5708863	0.30067095	-0.15638132	0.20100889	-0.49036363	0.9999997	-0.5041382	0.07061838	-0.079448	0.07476175	-0.096159056	0.090763755	-0.07063156	0.08394147	-0.058210276	0.055027653	-0.053615484	0.058337174	-0.047657426	0.05838905	-0.047553465	0.045121256	-0.036454882	0.0356592	-0.057046555	0.047081444	-0.03454485	0.008540928	-0.008194687	0.036344655	-0.036407422	0.05686016
-0.07337713	0.096357904	-0.20403787	0.29917234	-0.772099	0.096769705	-0.13144298	0.19956201	-0.5041382	0.99999946	-0.04931036	0.0575932	-0.053805426	0.07105835	-0.07896247	0.04863592	-0.06275174	0.042958125	-0.042588703	0.042474516	-0.043247055	0.03533941	-0.043814152	0.036350403	-0.034947667	0.02691867	-0.026546199	0.04329771	-0.036006134	0.0266998	-0.006431268	0.0061682295	-0.027682783	0.027795972	-0.04357923
0.12526743	-0.12135618	0.14274424	-0.08900421	0.053606555	-0.22683884	0.13439028	-0.104526214	0.07061838	-0.04931036	1.0	-0.140322	0.09611597	-0.059829067	0.06291351	-0.89900666	0.15680502	-0.085257076	0.059127655	-0.057046786	0.15925413	-0.118549444	0.08561434	-0.06082428	0.053799987	-0.10572638	0.0818248	-0.08210875	0.060905695	-0.041974053	0.01563166	-0.015171721	0.049383257	-0.04900061	0.07145593
-0.062105935	0.076099604	-0.12569964	0.093370005	-0.061466232	0.08509958	-0.09468358	0.10124817	-0.079448	0.0575932	-0.140322	0.99999994	-0.7241696	0.2074984	-0.23272508	0.12543356	-0.41068533	0.27502644	-0.16616262	0.14808732	-0.15758911	0.16176084	-0.27850205	0.1546089	-0.13043144	0.10429169	-0.11197951	0.1744572	-0.15239476	0.09867275	-0.025527555	0.024514776	-0.11081376	0.1084832	-0.1618124
0.05170189	-0.06566364	0.10810926	-0.086388886	0.055568345	-0.07179235	0.07889547	-0.10111678	0.07476175	-0.053805426	0.09611597	-0.7241696	0.99999994	-0.29805362	0.21505302	-0.096327305	0.2473523	-0.44427547	0.155431	-0.1443659	0.1212435	-0.13239777	0.24785055	-0.15017223	0.11220662	-0.08461153	0.08738538	-0.16809344	0.13481647	-0.08714314	0.021218698	-0.020459633	0.097239405	-0.09824833	0.13485722
-0.039544713	0.051134292	-0.09059817	0.09123418	-0.06835281	0.05366303	-0.059449628	0.079065114	-0.096159056	0.07105835	-0.059829067	0.2074984	-0.29805362	1.0000002	-0.84089595	0.059551924	-0.15334538	0.1606022	-0.27338037	0.22060493	-0.08459596	0.0834933	-0.15261173	0.15188116	-0.13547096	0.05666318	-0.059214357	0.13860847	-0.1362328	0.099087305	-0.016831174	0.016180992	-0.08736298	0.092271715	-0.13757189
0.041825805	-0.054747567	0.09404255	-0.098563656	0.07146304	-0.057276517	0.06163098	-0.08211653	0.090763755	-0.07896247	0.06291351	-0.23272508	0.21505302	-0.84089595	1.0000002	-0.0638472	0.15304345	-0.16397229	0.22567055	-0.30290574	0.08802825	-0.08790769	0.1466564	-0.1582411	0.14282234	-0.060186237	0.06155074	-0.15231553	0.13566251	-0.10995398	0.01764973	-0.01701176	0.091277346	-0.09881315	0.14071651
-0.12527981	0.11112492	-0.15489383	0.08605087	-0.054138925	0.16932927	-0.1354671	0.099694595	-0.07063156	0.04863592	-0.89900666	0.12543356	-0.096327305	0.059551924	-0.0638472	1.0	-0.18565162	0.08579016	-0.05995086	0.05718799	-0.2104299	0.12467541	-0.088697515	0.061138783	-0.05467621	0.110096544	-0.0894445	0.08113645	-0.061702937	0.04242472	-0.016417576	0.015881378	-0.049854178	0.049084257	-0.0727246
0.07431422	-0.09499285	0.15218522	-0.11775442	0.06765724	-0.10282544	0.09654748	-0.10836481	0.08394147	-0.06275174	0.15680502	-0.41068533	0.2473523	-0.15334538	0.15304345	-0.18565162	0.9999994	-0.33071554	0.16276303	-0.16010404	0.26163843	-0.42045462	0.25530666	-0.18027891	0.1440171	-0.21381637	0.20730507	-0.25109556	0.1719586	-0.11474649	0.040064506	-0.039097015	0.13892527	-0.14072555	0.18921295
-0.04365089	0.05496339	-0.09370285	0.07224304	-0.0457812	0.05920959	-0.061297674	0.07213263	-0.058210276	0.042958125	-0.085257076	0.27502644	-0.44427547	0.1606022	-0.16397229	0.08579016	-0.33071554	0.99999905	-0.20189191	0.15702374	-0.14568526	0.16645114	-0.7008443	0.20679584	-0.13703462	0.09901816	-0.11080836	0.20902221	-0.18816438	0.104694776	-0.026550086	0.025497915	-0.12713613	0.1222772	-0.16735725
0.0350293	-0.04545435	0.078840114	-0.06827373	0.043873444	-0.047491666	0.0484285	-0.059380513	0.055027653	-0.042588703	0.059127655	-0.16616262	0.155431	-0.27338037	0.22567055	-0.05995086	0.16276303	-0.20189191	0.9999989	-0.65825325	0.09916173	-0.099574134	0.20219988	-0.4852425	0.23494631	-0.06752732	0.07063778	-0.24051529	0.25309315	-0.18711248	0.024046877	-0.023197884	0.14195158	-0.16558997	0.20898394
-0.03379596	0.04364648	-0.07711682	0.06582146	-0.04407579	0.045550447	-0.046700086	0.056879714	-0.053615484	0.042474516	-0.057046786	0.14808732	-0.1443659	0.22060493	-0.30290574	0.05718799	-0.16010404	0.15702374	-0.65825325	0.9999987	-0.09669024	0.09246702	-0.17792492	0.25884587	-0.44438457	0.064036846	-0.06777545	0.2064614	-0.24747802	0.22867508	-0.023796573	0.022838753	-0.14219713	0.15578878	-0.2817748
0.059520524	-0.07228935	0.11342928	-0.082638904	0.04712895	-0.08233637	0.07264166	-0.07653446	0.058337174	-0.043247055	0.15925413	-0.15758911	0.1212435	-0.08459596	0.08802825	-0.2104299	0.26163843	-0.14568526	0.09916173	-0.09669024	0.9999987	-0.53135705	0.15794168	-0.110346586	0.09285744	-0.5947539	0.314174	-0.15907682	0.10958089	-0.07355252	0.04756306	-0.04691059	0.09233944	-0.09153733	0.12533653
-0.045738146	0.055107765	-0.08998654	0.06494545	-0.03847538	0.062022828	-0.05748215	0.06119116	-0.047657426	0.03533941	-0.118549444	0.16176084	-0.13239777	0.0834933	-0.08790769	0.12467541	-0.42045462	0.16645114	-0.099574134	0.09246702	-0.53135705	0.9999987	-0.21692178	0.11141984	-0.08831287	0.31203038	-0.5870647	0.14531142	-0.10949223	0.06913213	-0.05441162	0.052374206	-0.08814396	0.08520884	-0.11680449
0.04518986	-0.057858087	0.096725844	-0.07653374	0.04664756	-0.061747316	0.061761778	-0.072517484	0.05838905	-0.043814152	0.08561434	-0.27850205	0.24785055	-0.15261173	0.1466564	-0.088697515	0.25530666	-0.7008443	0.20219988	-0.17792492	0.15794168	-0.21692178	0.9999984	-0.33865136	0.14790843	-0.113777615	0.12407146	-0.32338378	0.22595818	-0.11825469	0.030727344	-0.02969985	0.15364651	-0.1536154	0.18073219
-0.03382959	0.04337313	-0.07594272	0.061025266	-0.03866591	0.045608517	-0.045986	0.0545165	-0.047553465	0.036350403	-0.06082428	0.1546089	-0.15017223	0.15188116	-0.1582411	0.061138783	-0.18027891	0.20679584	-0.4852425	0.25884587	-0.110346586	0.11141984	-0.33865136	0.9999983	-0.23348159	0.07357387	-0.08009204	0.26946706	-0.631777	0.1716905	-0.02912196	0.027913127	-0.18705355	0.20226927	-0.24111558
0.03216074	-0.042112425	0.073433444	-0.060783695	0.03706219	-0.043493446	0.043194056	-0.051889658	0.045121256	-0.034947667	0.053799987	-0.13043144	0.11220662	-0.13547096	0.14282234	-0.05467621	0.1440171	-0.13703462	0.23494631	-0.44438457	0.09285744	-0.08831287	0.14790843	-0.23348159	0.9999982	-0.06290719	0.06461676	-0.23905529	0.20242308	-0.6937985	0.02393123	-0.023170821	0.14437082	-0.18190457	0.30385312
-0.03741893	0.044044923	-0.071517654	0.050014738	-0.029461298	0.05055968	-0.045844395	0.047304057	-0.036454882	0.02691867	-0.10572638	0.10429169	-0.08461153	0.05666318	-0.060186237	0.110096544	-0.21381637	0.09901816	-0.06752732	0.064036846	-0.5947539	0.31203038	-0.113777615	0.07357387	-0.06290719	0.99999845	-0.69015384	0.103258006	-0.07511959	0.04934485	-0.06631938	0.06236349	-0.06518622	0.062049333	-0.085010596
0.0338698	-0.041705772	0.067798205	-0.049838774	0.028892715	-0.046184517	0.04243569	-0.04592804	0.0356592	-0.026546199	0.0818248	-0.11197951	0.08738538	-0.059214357	0.06155074	-0.0894445	0.20730507	-0.11080836	0.07063778	-0.06777545	0.314174	-0.5870647	0.12407146	-0.08009204	0.06461676	-0.69015384	0.9999981	-0.116028905	0.07941933	-0.05124734	0.07207095	-0.077022985	0.06891869	-0.06648569	0.08665382
-0.04391561	0.05573722	-0.10029553	0.07535493	-0.047071632	0.05868847	-0.058475137	0.06770866	-0.057046555	0.04329771	-0.08210875	0.1744572	-0.16809344	0.13860847	-0.15231553	0.08113645	-0.25109556	0.20902221	-0.24051529	0.2064614	-0.15907682	0.14531142	-0.32338378	0.26946706	-0.23905529	0.103258006	-0.116028905	0.9999985	-0.47307807	0.19045871	-0.060027152	0.056745905	-0.5087316	0.30519238	-0.34958106
0.03448864	-0.044571858	0.07762824	-0.062468823	0.038438145	-0.046587687	0.04642595	-0.05502056	0.047081444	-0.036006134	0.060905695	-0.15239476	0.13481647	-0.1362328	0.13566251	-0.061702937	0.1719586	-0.18816438	0.25309315	-0.24747802	0.10958089	-0.10949223	0.22595818	-0.631777	0.20242308	-0.07511959	0.07941933	-0.47307807	0.99999833	-0.20100504	0.03525919	-0.0341251	0.2511127	-0.3709258	0.24254513
-0.024781438	0.032304928	-0.05678276	0.046294373	-0.028502496	0.033424184	-0.033255834	0.039733868	-0.03454485	0.0266998	-0.041974053	0.09867275	-0.08714314	0.099087305	-0.10995398	0.04242472	-0.11474649	0.104694776	-0.18711248	0.22867508	-0.07355252	0.06913213	-0.11825469	0.1716905	-0.6937985	0.04934485	-0.05124734	0.19045871	-0.20100504	0.99999845	-0.021042803	0.020280853	-0.13758267	0.16755997	-0.5848575
0.007353688	-0.009255957	0.015698472	-0.011840861	0.0069915457	-0.00995259	0.0094372835	-0.010600829	0.008540928	-0.006431268	0.01563166	-0.025527555	0.021218698	-0.016831174	0.01764973	-0.016417576	0.040064506	-0.026550086	0.024046877	-0.023796573	0.04756306	-0.05441162	0.030727344	-0.02912196	0.02393123	-0.06631938	0.07207095	-0.060027152	0.03525919	-0.021042803	0.99999833	-0.98796225	0.075768314	-0.06284994	0.035663504
-0.0070730117	0.008880624	-0.015074115	0.011333256	-0.006707438	0.009566632	-0.009072876	0.010169141	-0.008194687	0.0061682295	-0.015171721	0.024514776	-0.020459633	0.016180992	-0.01701176	0.015881378	-0.039097015	0.025497915	-0.023197884	0.022838753	-0.04691059	0.052374206	-0.02969985	0.027913127	-0.023170821	0.06236349	-0.077022985	0.056745905	-0.0341251	0.020280853	-0.98796225	0.99999833	-0.081896394	0.059796594	-0.034704924
0.027824149	-0.035983797	0.063298434	-0.04953626	0.029917683	-0.0374712	0.036949527	-0.043374132	0.036344655	-0.027682783	0.049383257	-0.11081376	0.097239405	-0.08736298	0.091277346	-0.049854178	0.13892527	-0.12713613	0.14195158	-0.14219713	0.09233944	-0.08814396	0.15364651	-0.18705355	0.14437082	-0.06518622	0.06891869	-0.5087316	0.2511127	-0.13758267	0.075768314	-0.081896394	0.9999984	-0.75396556	0.22871888
-0.02744184	0.03532781	-0.06269815	0.048873477	-0.030025925	0.036859244	-0.036563717	0.042907365	-0.036407422	0.027795972	-0.04900061	0.1084832	-0.09824833	0.092271715	-0.09881315	0.049084257	-0.14072555	0.1222772	-0.16558997	0.15578878	-0.09153733	0.08520884	-0.1536154	0.20226927	-0.18190457	0.062049333	-0.06648569	0.30519238	-0.3709258	0.16755997	-0.06284994	0.059796594	-0.75396556	0.9999985	-0.35485724
0.042795926	-0.056276854	0.09835599	-0.079488605	0.046872508	-0.057831634	0.056714114	-0.06755687	0.05686016	-0.04357923	0.07145593	-0.1618124	0.13485722	-0.13757189	0.14071651	-0.0727246	0.18921295	-0.16735725	0.20898394	-0.2817748	0.12533653	-0.11680449	0.18073219	-0.24111558	0.30385312	-0.085010596	0.08665382	-0.34958106	0.24254513	-0.5848575	0.035663504	-0.034704924	0.22871888	-0.35485724	0.9999985
