0.99999994	-0.39925915	0.092108935	-0.08221015	0.09519055	-0.8145302	0.25599143	-0.10465015	0.08774874	-0.063110575	0.17010292	-0.1889157	0.101308495	-0.08553981	0.09213204	-0.19387475	0.15909113	-0.13021483	0.08057385	-0.095045045	0.15545118	-0.12401052	0.0863884	-0.08303328	0.06726577	-0.093531	0.086290814	-0.07200625	0.096437074	-0.065829694	0.085894324	-0.07501113	0.07136632	-0.07316197	0.11098708
-0.39925915	1.0	-0.11030518	0.08588427	-0.08910366	0.26239184	-0.80479056	0.11789857	-0.091303654	0.060064506	-0.14004897	0.2223564	-0.111579224	0.08385736	-0.08685116	0.13757032	-0.20641007	0.124538325	-0.07710917	0.08555325	-0.16323419	0.12322807	-0.082089536	0.07593277	-0.060731806	0.0877426	-0.087812595	0.066638	-0.088838786	0.058832653	-0.07911831	0.067906715	-0.06481646	0.06538549	-0.09666311
0.092108935	-0.11030518	0.99999976	-0.7074456	0.17582588	-0.10293692	0.10237494	-0.49609253	0.2887596	-0.14327115	0.06729625	-0.10910319	0.24592519	-0.23239043	0.17950696	-0.07967074	0.105720185	-0.24771518	0.16647089	-0.18227996	0.10578207	-0.08755686	0.1269245	-0.15573165	0.1109876	-0.071887106	0.06744013	-0.10563524	0.14631946	-0.10495383	0.08710224	-0.07733711	0.092053354	-0.09764972	0.14827722
-0.08221015	0.08588427	-0.7074456	0.9999996	-0.22004773	0.08857484	-0.0847761	0.281524	-0.5110672	0.17121042	-0.058995362	0.09312593	-0.22831953	0.23642874	-0.21323557	0.06904236	-0.09366505	0.20005874	-0.1804236	0.17950937	-0.09897126	0.079007246	-0.12281785	0.15126239	-0.11292144	0.066369444	-0.06255758	0.099518046	-0.14956474	0.104035676	-0.08485722	0.07384717	-0.09043971	0.09457383	-0.1511222
0.09519055	-0.08910366	0.17582588	-0.22004773	0.9999996	-0.11252539	0.0851598	-0.21311884	0.24611975	-0.68861353	0.070137344	-0.108199425	0.18375646	-0.2507221	0.32150704	-0.08606106	0.10716643	-0.24516088	0.2015119	-0.33224306	0.11955568	-0.098346055	0.14448828	-0.2054057	0.1570824	-0.08497127	0.07794151	-0.1261091	0.18333142	-0.15114135	0.10931418	-0.0977925	0.11540296	-0.12620004	0.20140558
-0.8145302	0.26239184	-0.10293692	0.08857484	-0.11252539	0.99999946	-0.3149629	0.11235569	-0.09962288	0.07276578	-0.22558863	0.19631611	-0.11366841	0.09511761	-0.10748076	0.19152904	-0.19165991	0.13974829	-0.091397434	0.10567102	-0.19901364	0.13832313	-0.099848874	0.09312301	-0.07724642	0.1059394	-0.10144982	0.08187121	-0.11232529	0.07521429	-0.10207626	0.08589619	-0.08296513	0.08360705	-0.13068691
0.25599143	-0.80479056	0.10237494	-0.0847761	0.0851598	-0.3149629	0.99999934	-0.13399048	0.08983329	-0.058390904	0.15135202	-0.34286314	0.11466561	-0.084236376	0.08371873	-0.15782312	0.20143741	-0.12971744	0.0757034	-0.08423974	0.15073735	-0.12846927	0.08012886	-0.07479199	0.058957115	-0.087430775	0.08538325	-0.06556165	0.08579714	-0.057227027	0.075814165	-0.06639817	0.06273256	-0.06372773	0.09260202
-0.10465015	0.11789857	-0.49609253	0.281524	-0.21311884	0.11235569	-0.13399048	0.99999887	-0.38865963	0.16192393	-0.07969515	0.13156168	-0.6032404	0.25959423	-0.21554856	0.089849725	-0.13045494	0.27604043	-0.19801246	0.19117512	-0.12536961	0.100856975	-0.15723142	0.16749117	-0.12493777	0.0820386	-0.07860511	0.12117564	-0.17352393	0.11615025	-0.1012615	0.08795169	-0.10757229	0.110445604	-0.1710519
0.08774874	-0.091303654	0.2887596	-0.5110672	0.24611975	-0.09962288	0.08983329	-0.38865963	0.99999887	-0.30244344	0.066571556	-0.107064344	0.25889847	-0.525036	0.2618309	-0.079287924	0.10584314	-0.25462565	0.23860955	-0.2463375	0.10945182	-0.09023209	0.1402135	-0.20834655	0.13893346	-0.07565862	0.070873335	-0.11788654	0.17309627	-0.12835617	0.095500514	-0.084891014	0.10350002	-0.11104588	0.17174977
-0.063110575	0.060064506	-0.14327115	0.17121042	-0.68861353	0.07276578	-0.058390904	0.16192393	-0.30244344	0.99999887	-0.046805307	0.07285575	-0.14490299	0.21589185	-0.5714943	0.056633573	-0.072882995	0.16557796	-0.161156	0.2303528	-0.080335006	0.06549716	-0.10103122	0.14548047	-0.11300728	0.05639608	-0.052244287	0.086381435	-0.13053827	0.10360355	-0.0734864	0.065182045	-0.07899836	0.0854503	-0.13918607
0.17010292	-0.14004897	0.06729625	-0.058995362	0.070137344	-0.22558863	0.15135202	-0.07969515	0.066571556	-0.046805307	0.999999	-0.3890596	0.08957705	-0.06645234	0.068777114	-0.8339682	0.22999725	-0.112718225	0.062678844	-0.07012305	0.17734678	-0.14547934	0.07242556	-0.063231766	0.050483562	-0.0978246	0.09340868	-0.059431143	0.07536269	-0.049408827	0.074633986	-0.0657929	0.05773395	-0.058130812	0.08124253
-0.1889157	0.2223564	-0.10910319	0.09312593	-0.108199425	0.19631611	-0.34286314	0.13156168	-0.107064344	0.07285575	-0.3890596	0.9999988	-0.17044048	0.10693523	-0.107107	0.2669643	-0.66513234	0.18601337	-0.099904984	0.107608	-0.27435863	0.23276648	-0.11623972	0.0978871	-0.07755487	0.14346215	-0.15644184	0.092975594	-0.11704461	0.07552806	-0.11427819	0.0992479	-0.088734545	0.0883536	-0.12244522
0.101308495	-0.111579224	0.24592519	-0.22831953	0.18375646	-0.11366841	0.11466561	-0.6032404	0.25889847	-0.14490299	0.08957705	-0.17044048	0.99999875	-0.3694082	0.20015845	-0.10267277	0.15419161	-0.53670913	0.2138473	-0.2039919	0.13246953	-0.11405331	0.17684028	-0.18663082	0.12902889	-0.08899503	0.08551164	-0.14043684	0.1782609	-0.12142061	0.1043259	-0.09307963	0.11284366	-0.11765083	0.17012134
-0.08553981	0.08385736	-0.23239043	0.23642874	-0.2507221	0.09511761	-0.084236376	0.25959423	-0.525036	0.21589185	-0.06645234	0.10693523	-0.3694082	0.9999986	-0.36655197	0.07798717	-0.10862818	0.25611177	-0.50376296	0.27109832	-0.11308648	0.09186877	-0.15738659	0.24600944	-0.16685103	0.07786633	-0.07363574	0.12850514	-0.20822242	0.14444421	-0.10207301	0.08986151	-0.113954514	0.12089774	-0.19256468
0.09213204	-0.08685116	0.17950696	-0.21323557	0.32150704	-0.10748076	0.08371873	-0.21554856	0.2618309	-0.5714943	0.068777114	-0.107107	0.20015845	-0.36655197	0.9999987	-0.08381499	0.10681607	-0.24881653	0.24559857	-0.46137434	0.11826622	-0.09716129	0.14977786	-0.23061019	0.17998159	-0.08395993	0.07751503	-0.13001986	0.19674897	-0.16567567	0.10942503	-0.09781423	0.11822417	-0.12939052	0.20929648
-0.19387475	0.13757032	-0.07967074	0.06904236	-0.08606106	0.19152904	-0.15782312	0.089849725	-0.079287924	0.056633573	-0.8339682	0.2669643	-0.10267277	0.07798717	-0.08381499	0.9999988	-0.29285595	0.12899055	-0.075328134	0.08415557	-0.25370702	0.16769141	-0.08843207	0.07599821	-0.06151972	0.11862651	-0.11715178	0.07198425	-0.09256908	0.06016406	-0.093715556	0.08068533	-0.07111444	0.07099966	-0.100402735
0.15909113	-0.20641007	0.105720185	-0.09366505	0.10716643	-0.19165991	0.20143741	-0.13045494	0.10584314	-0.072882995	0.22999725	-0.66513234	0.15419161	-0.10862818	0.10681607	-0.29285595	0.9999987	-0.25099987	0.103067115	-0.11196606	0.26480734	-0.4444495	0.12722424	-0.1028668	0.07991071	-0.18154229	0.18546414	-0.10356342	0.1214503	-0.07851805	0.122223884	-0.11283704	0.09474716	-0.09517301	0.1244977
-0.13021483	0.124538325	-0.24771518	0.20005874	-0.24516088	0.13974829	-0.12971744	0.27604043	-0.25462565	0.16557796	-0.112718225	0.18601337	-0.53670913	0.25611177	-0.24881653	0.12899055	-0.25099987	0.9999988	-0.2828054	0.23951183	-0.19467086	0.16297033	-0.38641065	0.22908722	-0.17610529	0.12839314	-0.12741172	0.2270964	-0.28269687	0.16668716	-0.15959285	0.13871306	-0.18154001	0.17626326	-0.25201836
0.08057385	-0.07710917	0.16647089	-0.1804236	0.2015119	-0.091397434	0.0757034	-0.19801246	0.23860955	-0.161156	0.062678844	-0.099904984	0.2138473	-0.50376296	0.24559857	-0.075328134	0.103067115	-0.2828054	0.9999991	-0.4578564	0.11051913	-0.09157663	0.1666985	-0.5582109	0.22464633	-0.079180226	0.074457966	-0.1460668	0.247194	-0.18963498	0.10606238	-0.09557647	0.12404972	-0.13758479	0.21218078
-0.095045045	0.08555325	-0.18227996	0.17950937	-0.33224306	0.10567102	-0.08423974	0.19117512	-0.2463375	0.2303528	-0.07012305	0.107608	-0.2039919	0.27109832	-0.46137434	0.08415557	-0.11196606	0.23951183	-0.4578564	0.9999993	-0.13251403	0.104911804	-0.19152176	0.29837888	-0.39515284	0.093880184	-0.08804743	0.16247085	-0.2967561	0.24988869	-0.13540046	0.1178323	-0.15630774	0.16838107	-0.32797432
0.15545118	-0.16323419	0.10578207	-0.09897126	0.11955568	-0.19901364	0.15073735	-0.12536961	0.10945182	-0.080335006	0.17734678	-0.27435863	0.13246953	-0.11308648	0.11826622	-0.25370702	0.26480734	-0.19467086	0.11051913	-0.13251403	0.99999934	-0.5850714	0.1443114	-0.12085565	0.095377274	-0.49816617	0.305323	-0.12896028	0.14491466	-0.096354306	0.19620636	-0.1949081	0.13013026	-0.1346032	0.15626608
-0.12401052	0.12322807	-0.08755686	0.079007246	-0.098346055	0.13832313	-0.12846927	0.100856975	-0.09023209	0.06549716	-0.14547934	0.23276648	-0.11405331	0.09186877	-0.09716129	0.16769141	-0.4444495	0.16297033	-0.09157663	0.104911804	-0.5850714	0.99999934	-0.1419023	0.098278716	-0.078324534	0.29886016	-0.5108463	0.1171212	-0.12528265	0.07875323	-0.17872839	0.16034168	-0.11358011	0.1091809	-0.12893358
0.0863884	-0.082089536	0.1269245	-0.12281785	0.14448828	-0.099848874	0.08012886	-0.15723142	0.1402135	-0.10103122	0.07242556	-0.11623972	0.17684028	-0.15738659	0.14977786	-0.08843207	0.12722424	-0.38641065	0.1666985	-0.19152176	0.1443114	-0.1419023	0.99999905	-0.2214827	0.14659356	-0.121819906	0.12016369	-0.7407597	0.27315262	-0.16054478	0.14876282	-0.15609926	0.22590849	-0.23780909	0.20235722
-0.08303328	0.07593277	-0.15573165	0.15126239	-0.2054057	0.09312301	-0.07479199	0.16749117	-0.20834655	0.14548047	-0.063231766	0.0978871	-0.18663082	0.24600944	-0.23061019	0.07599821	-0.1028668	0.22908722	-0.5582109	0.29837888	-0.12085565	0.098278716	-0.2214827	0.9999989	-0.40911567	0.0888037	-0.08421773	0.19164509	-0.481291	0.26182848	-0.128462	0.11532956	-0.16347235	0.17963488	-0.28357643
0.06726577	-0.060731806	0.1109876	-0.11292144	0.1570824	-0.07724642	0.058957115	-0.12493777	0.13893346	-0.11300728	0.050483562	-0.07755487	0.12902889	-0.16685103	0.17998159	-0.06151972	0.07991071	-0.17610529	0.22464633	-0.39515284	0.095377274	-0.078324534	0.14659356	-0.40911567	0.99999887	-0.07155107	0.06650963	-0.13996631	0.2662696	-0.71385884	0.10233817	-0.09508079	0.12608032	-0.15283015	0.2711457
-0.093531	0.0877426	-0.071887106	0.066369444	-0.08497127	0.1059394	-0.087430775	0.0820386	-0.07565862	0.05639608	-0.0978246	0.14346215	-0.08899503	0.07786633	-0.08395993	0.11862651	-0.18154229	0.12839314	-0.079180226	0.093880184	-0.49816617	0.29886016	-0.121819906	0.0888037	-0.07155107	0.9999993	-0.7205958	0.1123682	-0.117470294	0.073156066	-0.28942472	0.21284671	-0.12285783	0.11581428	-0.1218049
0.086290814	-0.087812595	0.06744013	-0.06255758	0.07794151	-0.10144982	0.08538325	-0.07860511	0.070873335	-0.052244287	0.09340868	-0.15644184	0.08551164	-0.07363574	0.07751503	-0.11715178	0.18546414	-0.12741172	0.074457966	-0.08804743	0.305323	-0.5108463	0.12016369	-0.08421773	0.06650963	-0.7205958	0.9999992	-0.12337977	0.11056145	-0.068528846	0.21273708	-0.24818353	0.11914863	-0.11290486	0.11079209
-0.07200625	0.066638	-0.10563524	0.099518046	-0.1261091	0.08187121	-0.06556165	0.12117564	-0.11788654	0.086381435	-0.059431143	0.092975594	-0.14043684	0.12850514	-0.13001986	0.07198425	-0.10356342	0.2270964	-0.1460668	0.16247085	-0.12896028	0.1171212	-0.7407597	0.19164509	-0.13996631	0.1123682	-0.12337977	0.99999934	-0.41206214	0.15311335	-0.15277842	0.15295804	-0.3440284	0.23954931	-0.19951555
0.096437074	-0.088838786	0.14631946	-0.14956474	0.18333142	-0.11232529	0.08579714	-0.17352393	0.17309627	-0.13053827	0.07536269	-0.11704461	0.1782609	-0.20822242	0.19674897	-0.09256908	0.1214503	-0.28269687	0.247194	-0.2967561	0.14491466	-0.12528265	0.27315262	-0.481291	0.2662696	-0.117470294	0.11056145	-0.41206214	0.9999994	-0.37486887	0.1647037	-0.16381349	0.2386555	-0.336784	0.2897696
-0.065829694	0.058832653	-0.10495383	0.104035676	-0.15114135	0.07521429	-0.057227027	0.11615025	-0.12835617	0.10360355	-0.049408827	0.07552806	-0.12142061	0.14444421	-0.16567567	0.06016406	-0.07851805	0.16668716	-0.18963498	0.24988869	-0.096354306	0.07875323	-0.16054478	0.26182848	-0.71385884	0.073156066	-0.068528846	0.15311335	-0.37486887	0.9999991	-0.10934699	0.10085072	-0.14385863	0.1725908	-0.45185342
0.085894324	-0.07911831	0.08710224	-0.08485722	0.10931418	-0.10207626	0.075814165	-0.1012615	0.095500514	-0.0734864	0.074633986	-0.11427819	0.1043259	-0.10207301	0.10942503	-0.093715556	0.122223884	-0.15959285	0.10606238	-0.13540046	0.19620636	-0.17872839	0.14876282	-0.128462	0.10233817	-0.28942472	0.21273708	-0.15277842	0.1647037	-0.10934699	0.99999857	-0.8024089	0.24073918	-0.2596016	0.18057747
-0.07501113	0.067906715	-0.07733711	0.07384717	-0.0977925	0.08589619	-0.06639817	0.08795169	-0.084891014	0.065182045	-0.0657929	0.0992479	-0.09307963	0.08986151	-0.09781423	0.08068533	-0.11283704	0.13871306	-0.09557647	0.1178323	-0.1949081	0.16034168	-0.15609926	0.11532956	-0.09508079	0.21284671	-0.24818353	0.15295804	-0.16381349	0.10085072	-0.8024089	0.99999887	-0.3627231	0.22933768	-0.17869182
0.07136632	-0.06481646	0.092053354	-0.09043971	0.11540296	-0.08296513	0.06273256	-0.10757229	0.10350002	-0.07899836	0.05773395	-0.088734545	0.11284366	-0.113954514	0.11822417	-0.07111444	0.09474716	-0.18154001	0.12404972	-0.15630774	0.13013026	-0.11358011	0.22590849	-0.16347235	0.12608032	-0.12285783	0.11914863	-0.3440284	0.2386555	-0.14385863	0.24073918	-0.3627231	0.99999934	-0.7363855	0.22909823
-0.07316197	0.06538549	-0.09764972	0.09457383	-0.12620004	0.08360705	-0.06372773	0.110445604	-0.11104588	0.0854503	-0.058130812	0.0883536	-0.11765083	0.12089774	-0.12939052	0.07099966	-0.09517301	0.17626326	-0.13758479	0.16838107	-0.1346032	0.1091809	-0.23780909	0.17963488	-0.15283015	0.11581428	-0.11290486	0.23954931	-0.336784	0.1725908	-0.2596016	0.22933768	-0.7363855	0.9999993	-0.36556742
0.11098708	-0.09666311	0.14827722	-0.1511222	0.20140558	-0.13068691	0.09260202	-0.1710519	0.17174977	-0.13918607	0.08124253	-0.12244522	0.17012134	-0.19256468	0.20929648	-0.100402735	0.1244977	-0.25201836	0.21218078	-0.32797432	0.15626608	-0.12893358	0.20235722	-0.28357643	0.2711457	-0.1218049	0.11079209	-0.19951555	0.2897696	-0.45185342	0.18057747	-0.17869182	0.22909823	-0.36556742	0.9999993
