0.99999994	-0.24983092	0.056702107	-0.033200223	0.038425606	-0.92642194	0.19742155	-0.05474019	0.041682117	-0.03702108	0.15217827	-0.1491631	0.06341815	-0.052692413	0.043203387	-0.088005	0.048922922	-0.05926546	0.040505793	-0.019023126	0.045186855	-0.044662494	0.04025306	-0.03629633	0.021092817	-0.033209965	0.018019399	-0.0136385	0.01595058	-0.016823297	0.05541299	-0.018760892	0.016110929	-0.014736268	0.018202525
-0.24983092	0.99999976	-0.08554837	0.044739313	-0.05090377	0.19809446	-0.91326874	0.06823354	-0.053852558	0.047091916	-0.17330284	0.17271498	-0.08075389	0.06153053	-0.055459294	0.08756256	-0.058251448	0.06741675	-0.049180403	0.02399712	-0.057165105	0.050441395	-0.049642228	0.04268108	-0.02688057	0.040832866	-0.023051873	0.017283648	-0.02034032	0.021290287	-0.073232405	0.023994122	-0.020808699	0.018748242	-0.023316195
0.056702107	-0.08554837	0.99999976	-0.4511722	0.2920611	-0.053105045	0.074686706	-0.49496186	0.30405805	-0.29064924	0.14402261	-0.16835007	0.21563695	-0.23326491	0.24510138	-0.14851913	0.09045511	-0.21613736	0.16805725	-0.10404145	0.09623867	-0.09425226	0.1601345	-0.1503676	0.11230701	-0.07782737	0.069318034	-0.05337165	0.063747644	-0.0748974	0.13310607	-0.063675426	0.054287773	-0.057526883	0.075699136
-0.033200223	0.044739313	-0.4511722	0.9999998	-0.6382579	0.030802555	-0.041272465	0.2733506	-0.5136282	0.2625477	-0.09004547	0.1004875	-0.14861394	0.17673925	-0.20785782	0.08378504	-0.05314248	0.13861795	-0.125892	0.07728574	-0.05602013	0.053732786	-0.11154791	0.10156968	-0.08413978	0.04459787	-0.043615002	0.03371707	-0.04065031	0.0485175	-0.0773641	0.03844729	-0.033063497	0.035959464	-0.04856006
0.038425606	-0.05090377	0.2920611	-0.6382579	0.9999998	-0.035995852	0.046373643	-0.28542158	0.29552752	-0.4934909	0.1041619	-0.11937201	0.1577943	-0.19552647	0.25711617	-0.1063611	0.06545753	-0.15971594	0.13546763	-0.100268215	0.069867	-0.06800692	0.12513734	-0.11859216	0.104870096	-0.056539442	0.054710522	-0.042259727	0.051377323	-0.06248922	0.09706513	-0.04914388	0.041994393	-0.045862295	0.06183258
-0.92642194	0.19809446	-0.053105045	0.030802555	-0.035995852	0.9999998	-0.2398358	0.050309617	-0.03886178	0.034304727	-0.18299106	0.13955684	-0.060022168	0.04850276	-0.04054509	0.08310453	-0.047832396	0.05444636	-0.037718736	0.017806191	-0.044397507	0.042369187	-0.037689775	0.033513233	-0.019815369	0.032091558	-0.017217018	0.012980867	-0.015206995	0.015933795	-0.054573294	0.018049689	-0.01554603	0.014061584	-0.017358059
0.19742155	-0.91326874	0.074686706	-0.041272465	0.046373643	-0.2398358	0.99999994	-0.065945305	0.050297398	-0.04379168	0.15771104	-0.21481799	0.079554826	-0.060281247	0.05085138	-0.08320388	0.05356353	-0.06716475	0.047073346	-0.022097737	0.0508333	-0.0469481	0.046747483	-0.040897105	0.024594372	-0.036616158	0.020765075	-0.015656061	0.018355504	-0.019313872	0.064201325	-0.021454412	0.018550782	-0.016893737	0.020989964
-0.05474019	0.06823354	-0.49496186	0.2733506	-0.28542158	0.050309617	-0.065945305	0.9999993	-0.56775546	0.24074112	-0.16324498	0.1732193	-0.4061525	0.2606091	-0.25356373	0.12289989	-0.08293192	0.23915288	-0.20701586	0.09692358	-0.08463945	0.07892559	-0.19094953	0.15774758	-0.10822976	0.06499981	-0.061607786	0.047824305	-0.056063812	0.06424088	-0.114838466	0.053456087	-0.046329062	0.049243823	-0.06536206
0.041682117	-0.053852558	0.30405805	-0.5136282	0.29552752	-0.03886178	0.050297398	-0.56775546	0.9999993	-0.3632817	0.1193331	-0.13726111	0.22539353	-0.32945514	0.23934464	-0.10463967	0.067691684	-0.2082854	0.18513036	-0.09238982	0.06933877	-0.067076646	0.1540455	-0.14690253	0.098027766	-0.054612592	0.053141966	-0.04153805	0.049232464	-0.05798364	0.094481714	-0.04652304	0.040007725	-0.043428957	0.0577018
-0.03702108	0.047091916	-0.29064924	0.2625477	-0.4934909	0.034304727	-0.04379168	0.24074112	-0.3632817	0.9999991	-0.10250315	0.111919746	-0.16136214	0.20430273	-0.636665	0.09642568	-0.061451595	0.15412441	-0.14999892	0.16029377	-0.06587589	0.0624148	-0.13408281	0.1203097	-0.1779862	0.05287886	-0.061809275	0.047370758	-0.060766816	0.07758704	-0.092348516	0.052006125	-0.045190353	0.052331734	-0.076310955
0.15217827	-0.17330284	0.14402261	-0.09004547	0.1041619	-0.18299106	0.15771104	-0.16324498	0.1193331	-0.10250315	0.9999988	-0.7470343	0.21320826	-0.16774762	0.12002332	-0.40235695	0.17638174	-0.19658476	0.124793544	-0.053370275	0.14719546	-0.15250672	0.120455705	-0.11028227	0.058664348	-0.10515474	0.051981952	-0.03946271	0.04589703	-0.04779508	0.16879036	-0.055175487	0.047254845	-0.042542458	0.051914252
-0.1491631	0.17271498	-0.16835007	0.1004875	-0.11937201	0.13955684	-0.21481799	0.1732193	-0.13726111	0.111919746	-0.7470343	0.9999987	-0.3469707	0.17663053	-0.1377675	0.23989052	-0.17826961	0.20203003	-0.1426492	0.059450544	-0.15401341	0.13710527	-0.13908188	0.11687665	-0.06631469	0.105898716	-0.058024794	0.043712806	-0.050978776	0.05264682	-0.18939656	0.06045505	-0.052516606	0.046864353	-0.057784572
0.06341815	-0.08075389	0.21563695	-0.14861394	0.1577943	-0.060022168	0.079554826	-0.4061525	0.22539353	-0.16136214	0.21320826	-0.3469707	0.9999984	-0.44854724	0.18212962	-0.14148532	0.09872367	-0.5898635	0.26832074	-0.07831411	0.089130685	-0.0889552	0.22504456	-0.20611764	0.08317923	-0.06661853	0.056820057	-0.045416754	0.05078296	-0.055431057	0.11451037	-0.049876034	0.043059178	-0.044657487	0.05607363
-0.052692413	0.06153053	-0.23326491	0.17673925	-0.19552647	0.04850276	-0.060281247	0.2606091	-0.32945514	0.20430273	-0.16774762	0.17663053	-0.44854724	0.9999982	-0.29149374	0.11981543	-0.08387156	0.30637622	-0.6009588	0.10784442	-0.08270224	0.078040354	-0.28791657	0.24950428	-0.11318011	0.06289973	-0.0658368	0.052796893	-0.05929912	0.06598375	-0.11077966	0.054019377	-0.046984013	0.050955378	-0.06556405
0.043203387	-0.055459294	0.24510138	-0.20785782	0.25711617	-0.04054509	0.05085138	-0.25356373	0.23934464	-0.636665	0.12002332	-0.1377675	0.18212962	-0.29149374	0.9999979	-0.12440042	0.07653995	-0.19083102	0.17764485	-0.31432992	0.08192707	-0.08001661	0.15494722	-0.15288162	0.22253582	-0.06712311	0.07764165	-0.060612902	0.077832334	-0.106368855	0.11474363	-0.06773005	0.05792435	-0.06827407	0.09698103
-0.088005	0.08756256	-0.14851913	0.08378504	-0.1063611	0.08310453	-0.08320388	0.12289989	-0.10463967	0.09642568	-0.40235695	0.23989052	-0.14148532	0.11981543	-0.12440042	0.999998	-0.54339635	0.13625187	-0.1006947	0.0576305	-0.3862081	0.2987935	-0.10809247	0.090581276	-0.06564878	0.22469504	-0.08241669	0.05969405	-0.07135443	0.068663694	-0.39162683	0.10059368	-0.0874194	0.0684395	-0.0812031
0.048922922	-0.058251448	0.09045511	-0.05314248	0.06545753	-0.047832396	0.05356353	-0.08293192	0.067691684	-0.061451595	0.17638174	-0.17826961	0.09872367	-0.08387156	0.07653995	-0.54339635	0.9999979	-0.11111811	0.071562774	-0.035758223	0.25167698	-0.72513175	0.07594066	-0.06455384	0.040110137	-0.17266591	0.048261918	-0.03582354	0.04147083	-0.040790047	0.21040864	-0.058511037	0.049090266	-0.040014934	0.046623513
-0.05926546	0.06741675	-0.21613736	0.13861795	-0.15971594	0.05444636	-0.06716475	0.23915288	-0.2082854	0.15412441	-0.19658476	0.20203003	-0.5898635	0.30637622	-0.19083102	0.13625187	-0.11111811	0.99999774	-0.46023786	0.08630162	-0.094150394	0.09403266	-0.43389472	0.27234727	-0.09364788	0.06978919	-0.06991361	0.057371337	-0.060187474	0.06317943	-0.12161679	0.056171898	-0.048949823	0.05164856	-0.06361721
0.040505793	-0.049180403	0.16805725	-0.125892	0.13546763	-0.037718736	0.047073346	-0.20701586	0.18513036	-0.14999892	0.124793544	-0.1426492	0.26832074	-0.6009588	0.17764485	-0.1006947	0.071562774	-0.46023786	0.9999974	-0.09720915	0.06702156	-0.067511186	0.29926267	-0.50294197	0.09392969	-0.0516908	0.05858848	-0.048953347	0.054131687	-0.058208123	0.08876563	-0.04691583	0.04060127	-0.045734912	0.056129694
-0.019023126	0.02399712	-0.10404145	0.07728574	-0.100268215	0.017806191	-0.022097737	0.09692358	-0.09238982	0.16029377	-0.053370275	0.059450544	-0.07831411	0.10784442	-0.31432992	0.0576305	-0.035758223	0.08630162	-0.09720915	0.99999714	-0.03968935	0.038135	-0.07807868	0.07662492	-0.887125	0.03431359	-0.07943869	0.060259935	-0.09735685	0.15057534	-0.058918815	0.058845997	-0.05318769	0.07538617	-0.13579796
0.045186855	-0.057165105	0.09623867	-0.05602013	0.069867	-0.044397507	0.0508333	-0.08463945	0.06933877	-0.06587589	0.14719546	-0.15401341	0.089130685	-0.08270224	0.08192707	-0.3862081	0.25167698	-0.094150394	0.06702156	-0.03968935	0.99999696	-0.46567538	0.07172947	-0.06344425	0.04450628	-0.650564	0.059806515	-0.044871517	0.05231933	-0.051166862	0.31162325	-0.08545417	0.06643071	-0.05278194	0.058647558
-0.044662494	0.050441395	-0.09425226	0.053732786	-0.06800692	0.042369187	-0.0469481	0.07892559	-0.067076646	0.0624148	-0.15250672	0.13710527	-0.0889552	0.078040354	-0.08001661	0.2987935	-0.72513175	0.09403266	-0.067511186	0.038135	-0.46567538	0.9999968	-0.07543811	0.062267575	-0.043213792	0.2210398	-0.059854385	0.043509904	-0.05079328	0.048373368	-0.30582365	0.07513635	-0.0639974	0.04934221	-0.05704588
0.04025306	-0.049642228	0.1601345	-0.11154791	0.12513734	-0.037689775	0.046747483	-0.19094953	0.1540455	-0.13408281	0.120455705	-0.13908188	0.22504456	-0.28791657	0.15494722	-0.10809247	0.07594066	-0.43389472	0.29926267	-0.07807868	0.07172947	-0.07543811	0.99999654	-0.7539763	0.081746414	-0.05665122	0.08791544	-0.08612855	0.07418379	-0.07168805	0.095383964	-0.061172828	0.05284408	-0.06149431	0.0669898
-0.03629633	0.04268108	-0.1503676	0.10156968	-0.11859216	0.033513233	-0.040897105	0.15774758	-0.14690253	0.1203097	-0.11028227	0.11687665	-0.20611764	0.24950428	-0.15288162	0.090581276	-0.06455384	0.27234727	-0.50294197	0.07662492	-0.06344425	0.062267575	-0.7539763	0.9999967	-0.08270383	0.0494193	-0.078106314	0.068899795	-0.070699036	0.06496086	-0.08589003	0.053533383	-0.04712634	0.055240553	-0.061841235
0.021092817	-0.02688057	0.11230701	-0.08413978	0.104870096	-0.019815369	0.024594372	-0.10822976	0.098027766	-0.1779862	0.058664348	-0.06631469	0.08317923	-0.11318011	0.22253582	-0.06564878	0.040110137	-0.09364788	0.09392969	-0.887125	0.04450628	-0.043213792	0.081746414	-0.08270383	0.9999966	-0.03864861	0.08247496	-0.06548951	0.10324826	-0.20821725	0.06575032	-0.065323524	0.057600122	-0.08297069	0.13818122
-0.033209965	0.040832866	-0.07782737	0.04459787	-0.056539442	0.032091558	-0.036616158	0.06499981	-0.054612592	0.05287886	-0.10515474	0.105898716	-0.06661853	0.06289973	-0.06712311	0.22469504	-0.17266591	0.06978919	-0.0516908	0.03431359	-0.650564	0.2210398	-0.05665122	0.0494193	-0.03864861	0.9999967	-0.065644495	0.048007354	-0.057237037	0.052309163	-0.64926076	0.1036692	-0.084282346	0.058003645	-0.06361595
0.018019399	-0.023051873	0.069318034	-0.043615002	0.054710522	-0.017217018	0.020765075	-0.061607786	0.053141966	-0.061809275	0.051981952	-0.058024794	0.056820057	-0.0658368	0.07764165	-0.08241669	0.048261918	-0.06991361	0.05858848	-0.07943869	0.059806515	-0.059854385	0.08791544	-0.078106314	0.08247496	-0.065644495	0.99999636	-0.80952644	0.28460732	-0.27720523	0.10316536	-0.27939436	0.20841767	-0.27902263	0.19953553
-0.0136385	0.017283648	-0.05337165	0.03371707	-0.042259727	0.012980867	-0.015656061	0.047824305	-0.04153805	0.047370758	-0.03946271	0.043712806	-0.045416754	0.052796893	-0.060612902	0.05969405	-0.03582354	0.057371337	-0.048953347	0.060259935	-0.044871517	0.043509904	-0.08612855	0.068899795	-0.06548951	0.048007354	-0.80952644	0.9999969	-0.44129407	0.21253383	-0.07924775	0.20012379	-0.21843655	0.23104556	-0.18449505
0.01595058	-0.02034032	0.063747644	-0.04065031	0.051377323	-0.015206995	0.018355504	-0.056063812	0.049232464	-0.060766816	0.04589703	-0.050978776	0.05078296	-0.05929912	0.077832334	-0.07135443	0.04147083	-0.060187474	0.054131687	-0.09735685	0.05231933	-0.05079328	0.07418379	-0.070699036	0.10324826	-0.057237037	0.28460732	-0.44129407	0.9999971	-0.5093196	0.093191706	-0.2591877	0.22656691	-0.5740966	0.3033975
-0.016823297	0.021290287	-0.0748974	0.0485175	-0.06248922	0.015933795	-0.019313872	0.06424088	-0.05798364	0.07758704	-0.04779508	0.05264682	-0.055431057	0.06598375	-0.106368855	0.068663694	-0.040790047	0.06317943	-0.058208123	0.15057534	-0.051166862	0.048373368	-0.07168805	0.06496086	-0.20821725	0.052309163	-0.27720523	0.21253383	-0.5093196	0.9999971	-0.0888195	0.18482612	-0.17850608	0.29812998	-0.6906737
0.05541299	-0.073232405	0.13310607	-0.0773641	0.09706513	-0.054573294	0.064201325	-0.114838466	0.094481714	-0.092348516	0.16879036	-0.18939656	0.11451037	-0.11077966	0.11474363	-0.39162683	0.21040864	-0.12161679	0.08876563	-0.058918815	0.31162325	-0.30582365	0.095383964	-0.08589003	0.06575032	-0.64926076	0.10316536	-0.07924775	0.093191706	-0.0888195	0.9999971	-0.21268795	0.13574997	-0.10012448	0.10299589
-0.018760892	0.023994122	-0.063675426	0.03844729	-0.04914388	0.018049689	-0.021454412	0.053456087	-0.04652304	0.052006125	-0.055175487	0.06045505	-0.049876034	0.054019377	-0.06773005	0.10059368	-0.058511037	0.056171898	-0.04691583	0.058845997	-0.08545417	0.07513635	-0.061172828	0.053533383	-0.065323524	0.1036692	-0.27939436	0.20012379	-0.2591877	0.18482612	-0.21268795	0.99999726	-0.80262005	0.2729318	-0.2704233
0.016110929	-0.020808699	0.054287773	-0.033063497	0.041994393	-0.01554603	0.018550782	-0.046329062	0.040007725	-0.045190353	0.047254845	-0.052516606	0.043059178	-0.046984013	0.05792435	-0.0874194	0.049090266	-0.048949823	0.04060127	-0.05318769	0.06643071	-0.0639974	0.05284408	-0.04712634	0.057600122	-0.084282346	0.20841767	-0.21843655	0.22656691	-0.17850608	0.13574997	-0.80262005	0.9999973	-0.4314611	0.2158778
-0.014736268	0.018748242	-0.057526883	0.035959464	-0.045862295	0.014061584	-0.016893737	0.049243823	-0.043428957	0.052331734	-0.042542458	0.046864353	-0.044657487	0.050955378	-0.06827407	0.0684395	-0.040014934	0.05164856	-0.045734912	0.07538617	-0.05278194	0.04934221	-0.06149431	0.055240553	-0.08297069	0.058003645	-0.27902263	0.23104556	-0.5740966	0.29812998	-0.10012448	0.2729318	-0.4314611	0.9999973	-0.52516913
0.018202525	-0.023316195	0.075699136	-0.04856006	0.06183258	-0.017358059	0.020989964	-0.06536206	0.0577018	-0.076310955	0.051914252	-0.057784572	0.05607363	-0.06556405	0.09698103	-0.0812031	0.046623513	-0.06361721	0.056129694	-0.13579796	0.058647558	-0.05704588	0.0669898	-0.061841235	0.13818122	-0.06361595	0.19953553	-0.18449505	0.3033975	-0.6906737	0.10299589	-0.2704233	0.2158778	-0.52516913	0.9999973
