0.99999994	-0.30060267	0.1277564	-0.15722765	0.11994966	-0.23504737	0.15144496	-0.17153741	0.16938375	-0.13255168	0.1625245	-0.19379348	0.16616821	-0.14713785	0.12771708	-0.17218998	0.14129603	-0.23819308	0.16570938	-0.14181559	0.12072783	-0.1285157	0.1409859	-0.14747162	0.20333414	-0.09896251	0.12293742	-0.16125089	0.099062525	-0.095338054	0.19732188	-0.12192146	0.20355484	-0.12060232	0.09944352
-0.30060267	1.0	-0.44076338	0.273621	-0.2329699	0.13863379	-0.45340917	0.2833426	-0.29531267	0.1932166	-0.121021	0.16837208	-0.17800172	0.19144368	-0.17809117	0.12976113	-0.12157092	0.20958745	-0.21124588	0.16685307	-0.13420077	0.13616422	-0.15751196	0.16011731	-0.24719253	0.108065374	-0.13701688	0.15438086	-0.10328704	0.10449068	-0.22632036	0.13577007	-0.23215848	0.12382994	-0.112001486
0.1277564	-0.44076338	1.0	-0.80427337	0.19392873	-0.07024123	0.17493634	-0.19336922	0.17082457	-0.18441996	0.05987765	-0.09038814	0.09306008	-0.11519012	0.10057552	-0.06796281	0.06241191	-0.11351368	0.11065935	-0.09842064	0.062444687	-0.065411896	0.07800827	-0.08221445	0.112450644	-0.050079264	0.06345093	-0.073742114	0.04868956	-0.048664864	0.10017238	-0.061359536	0.102593645	-0.058130983	0.05136685
-0.15722765	0.273621	-0.80427337	0.9999998	-0.31358498	0.07802615	-0.16982792	0.16529988	-0.22283736	0.20814201	-0.06732149	0.09977767	-0.1050156	0.13532962	-0.12261699	0.0772252	-0.071498655	0.13034767	-0.13444023	0.11498014	-0.07619536	0.07895128	-0.09394971	0.097983755	-0.13929684	0.06113214	-0.077598475	0.08911175	-0.05926515	0.059567567	-0.12423675	0.07555838	-0.12733485	0.070763044	-0.06320052
0.11994966	-0.2329699	0.19392873	-0.31358498	0.99999964	-0.07400123	0.12527798	-0.14504033	0.20668745	-0.84357685	0.062146652	-0.099721126	0.10002937	-0.15409234	0.15852833	-0.07766482	0.069779195	-0.13815013	0.13560934	-0.15858115	0.06621199	-0.0721973	0.08902074	-0.09825007	0.11860801	-0.05292396	0.06703458	-0.08255491	0.0534606	-0.052889913	0.0998923	-0.06300262	0.10231751	-0.063575	0.054517914
-0.23504737	0.13863379	-0.07024123	0.07802615	-0.07400123	0.9999998	-0.14592905	0.12817907	-0.12965803	0.07565636	-0.8512195	0.22187722	-0.2189912	0.106339574	-0.09051593	0.2104521	-0.21023436	0.16857214	-0.12792186	0.09073535	-0.0837719	0.08497798	-0.10297101	0.09787126	-0.12361584	0.06440543	-0.08059207	0.08434024	-0.055615705	0.05446504	-0.11717499	0.07310029	-0.11692405	0.06615547	-0.05738835
0.15144496	-0.45340917	0.17493634	-0.16982792	0.12527798	-0.14592905	0.9999993	-0.7819958	0.22090378	-0.12723026	0.114550434	-0.17725152	0.16665228	-0.15641296	0.11721605	-0.107639626	0.09958157	-0.16175961	0.14167276	-0.11756761	0.076588884	-0.08146256	0.09959763	-0.1047943	0.13042034	-0.06084591	0.07694177	-0.08813049	0.05803275	-0.057313852	0.11649224	-0.072453305	0.11857592	-0.06898772	0.060067747
-0.17153741	0.2833426	-0.19336922	0.16529988	-0.14504033	0.12817907	-0.7819958	0.9999992	-0.3476491	0.13973986	-0.11309808	0.17201443	-0.20868397	0.18526708	-0.14199556	0.11013393	-0.10548027	0.1758375	-0.1719646	0.13420802	-0.08777174	0.09246803	-0.11494664	0.11943673	-0.1517204	0.06953758	-0.08839705	0.09973959	-0.06631537	0.065804586	-0.13467957	0.083312996	-0.13711125	0.07865791	-0.06923318
0.16938375	-0.29531267	0.17082457	-0.22283736	0.20668745	-0.12965803	0.22090378	-0.3476491	0.99999917	-0.2882934	0.108363986	-0.1925265	0.19433402	-0.62863004	0.24403912	-0.13984296	0.12549165	-0.26986745	0.27247176	-0.25918522	0.10505853	-0.12026438	0.15674417	-0.18864201	0.17597596	-0.08324899	0.10567208	-0.12857643	0.083852485	-0.08091583	0.14662372	-0.09530895	0.14924733	-0.098341785	0.082036115
-0.13255168	0.1932166	-0.18441996	0.20814201	-0.84357685	0.07565636	-0.12723026	0.13973986	-0.2882934	0.9999987	-0.06460216	0.10217554	-0.10691927	0.17348671	-0.21229616	0.07951201	-0.07295874	0.142292	-0.15725058	0.16702323	-0.073330544	0.07859472	-0.09839046	0.10630611	-0.13453452	0.058363024	-0.07431921	0.0885953	-0.058402322	0.058347177	-0.112102635	0.07000567	-0.11475926	0.069208115	-0.06066922
0.1625245	-0.121021	0.05987765	-0.06732149	0.062146652	-0.8512195	0.114550434	-0.11309808	0.108363986	-0.06460216	0.9999986	-0.29163843	0.19475673	-0.0929533	0.076762706	-0.29082862	0.20346281	-0.16236024	0.109549895	-0.07858755	0.07061559	-0.07286084	0.08778625	-0.08453824	0.10055335	-0.05439973	0.06703858	-0.07040851	0.04616479	-0.04488102	0.094894774	-0.06004431	0.09458302	-0.054830797	0.04699328
-0.19379348	0.16837208	-0.09038814	0.09977767	-0.099721126	0.22187722	-0.17725152	0.17201443	-0.1925265	0.10217554	-0.29163843	0.9999987	-0.75544274	0.17013843	-0.13385984	0.22959875	-0.30831736	0.26847523	-0.19303186	0.1302134	-0.10747582	0.11209404	-0.14608906	0.13715275	-0.15978622	0.08229758	-0.1044144	0.107432395	-0.07178027	0.07009082	-0.14712596	0.09269044	-0.14655705	0.08457514	-0.07352125
0.16616821	-0.17800172	0.09306008	-0.1050156	0.10002937	-0.2189912	0.16665228	-0.20868397	0.19433402	-0.10691927	0.19475673	-0.75544274	0.9999986	-0.21758269	0.13930635	-0.22158368	0.21741256	-0.40968758	0.2031829	-0.14329953	0.10048799	-0.110979356	0.14882906	-0.1465456	0.14803073	-0.077708244	0.09824915	-0.104484946	0.069220625	-0.06664599	0.1333538	-0.086022235	0.13313232	-0.081165336	0.06891477
-0.14713785	0.19144368	-0.11519012	0.13532962	-0.15409234	0.106339574	-0.15641296	0.18526708	-0.62863004	0.17348671	-0.0929533	0.17013843	-0.21758269	0.99999857	-0.40661395	0.11837217	-0.11315707	0.24140847	-0.47793904	0.27424237	-0.09943064	0.11224214	-0.1641096	0.18887846	-0.16934788	0.07720072	-0.09990105	0.114793725	-0.077651486	0.074986085	-0.13446455	0.08743592	-0.13626632	0.08929557	-0.076149814
0.12771708	-0.17809117	0.10057552	-0.12261699	0.15852833	-0.09051593	0.11721605	-0.14199556	0.24403912	-0.21229616	0.076762706	-0.13385984	0.13930635	-0.40661395	0.99999857	-0.10281301	0.09390323	-0.2087295	0.26421538	-0.78528106	0.085721925	-0.09840014	0.1332108	-0.15982756	0.1646702	-0.0676037	0.08649142	-0.11284834	0.073175736	-0.07416734	0.11768793	-0.07732796	0.12067117	-0.08608513	0.07229839
-0.17218998	0.12976113	-0.06796281	0.0772252	-0.07766482	0.2104521	-0.107639626	0.11013393	-0.13984296	0.07951201	-0.29082862	0.22959875	-0.22158368	0.11837217	-0.10281301	0.99999845	-0.8252803	0.23387043	-0.16090842	0.1031455	-0.120494075	0.11431073	-0.13471933	0.12098997	-0.13956793	0.086570285	-0.103412814	0.09564246	-0.063756354	0.06177726	-0.13622046	0.087222405	-0.13268594	0.075300895	-0.06485287
0.14129603	-0.12157092	0.06241191	-0.071498655	0.069779195	-0.21023436	0.09958157	-0.10548027	0.12549165	-0.07295874	0.20346281	-0.30831736	0.21741256	-0.11315707	0.09390323	-0.8252803	0.9999988	-0.31903306	0.15034881	-0.097532526	0.10038518	-0.10877685	0.12510277	-0.11541974	0.1198275	-0.075681664	0.09058204	-0.08508882	0.05637567	-0.054035556	0.11509054	-0.07547036	0.11248991	-0.06634647	0.0561765
-0.23819308	0.20958745	-0.11351368	0.13034767	-0.13815013	0.16857214	-0.16175961	0.1758375	-0.26986745	0.142292	-0.16236024	0.26847523	-0.40968758	0.24140847	-0.2087295	0.23387043	-0.31903306	0.9999986	-0.46359637	0.20819798	-0.17928489	0.1951873	-0.35259247	0.2663711	-0.2503996	0.1335482	-0.1767014	0.16813913	-0.11553551	0.110126264	-0.22594352	0.14590402	-0.22232854	0.13279392	-0.11449448
0.16570938	-0.21124588	0.11065935	-0.13444023	0.13560934	-0.12792186	0.14167276	-0.1719646	0.27247176	-0.15725058	0.109549895	-0.19303186	0.2031829	-0.47793904	0.26421538	-0.16090842	0.15034881	-0.46359637	0.9999984	-0.3797521	0.13190535	-0.1636774	0.25311485	-0.42948404	0.20614181	-0.10217825	0.13263348	-0.15330139	0.10612317	-0.097136006	0.16329214	-0.11086043	0.1645662	-0.118628465	0.09588861
-0.14181559	0.16685307	-0.09842064	0.11498014	-0.15858115	0.09073535	-0.11756761	0.13420802	-0.25918522	0.16702323	-0.07858755	0.1302134	-0.14329953	0.27424237	-0.78528106	0.1031455	-0.097532526	0.20819798	-0.3797521	0.99999845	-0.098045565	0.109297045	-0.1559478	0.17506552	-0.21632537	0.07645104	-0.09902787	0.12446654	-0.08323817	0.086807705	-0.1353651	0.088023596	-0.1389026	0.09692758	-0.085566305
0.12072783	-0.13420077	0.062444687	-0.07619536	0.06621199	-0.0837719	0.076588884	-0.08777174	0.10505853	-0.073330544	0.07061559	-0.10747582	0.10048799	-0.09943064	0.085721925	-0.120494075	0.10038518	-0.17928489	0.13190535	-0.098045565	0.99999833	-0.50703484	0.19545165	-0.19079673	0.14508773	-0.70625216	0.30791974	-0.14884032	0.09057671	-0.07928966	0.23775548	-0.20376137	0.18608387	-0.11114554	0.07926577
-0.1285157	0.13616422	-0.065411896	0.07895128	-0.0721973	0.08497798	-0.08146256	0.09246803	-0.12026438	0.07859472	-0.07286084	0.11209404	-0.110979356	0.11224214	-0.09840014	0.11431073	-0.10877685	0.1951873	-0.1636774	0.109297045	-0.50703484	0.99999815	-0.41954178	0.23566769	-0.17492619	0.2962958	-0.5551763	0.15579514	-0.10257301	0.089347884	-0.28353745	0.22999653	-0.23857713	0.1216429	-0.09106938
0.1409859	-0.15751196	0.07800827	-0.09394971	0.08902074	-0.10297101	0.09959763	-0.11494664	0.15674417	-0.09839046	0.08778625	-0.14608906	0.14882906	-0.1641096	0.1332108	-0.13471933	0.12510277	-0.35259247	0.25311485	-0.1559478	0.19545165	-0.41954178	0.999998	-0.6993582	0.20336287	-0.15065528	0.20203178	-0.17799349	0.12533024	-0.10503449	0.18370593	-0.14228933	0.17741548	-0.13519755	0.10136566
-0.14747162	0.16011731	-0.08221445	0.097983755	-0.09825007	0.09787126	-0.1047943	0.11943673	-0.18864201	0.10630611	-0.08453824	0.13715275	-0.1465456	0.18887846	-0.15982756	0.12098997	-0.11541974	0.2663711	-0.42948404	0.17506552	-0.19079673	0.23566769	-0.6993582	0.99999785	-0.28101963	0.136543	-0.19398394	0.18587536	-0.16138715	0.123267524	-0.19384103	0.13779394	-0.19177292	0.14988941	-0.12051994
0.20333414	-0.24719253	0.112450644	-0.13929684	0.11860801	-0.12361584	0.13042034	-0.1517204	0.17597596	-0.13453452	0.10055335	-0.15978622	0.14803073	-0.16934788	0.1646702	-0.13956793	0.1198275	-0.2503996	0.20614181	-0.21632537	0.14508773	-0.17492619	0.20336287	-0.28101963	0.99999774	-0.121664524	0.1527705	-0.45313224	0.26056212	-0.45406383	0.21533889	-0.1531701	0.2484342	-0.3373347	0.276509
-0.09896251	0.108065374	-0.050079264	0.06113214	-0.05292396	0.06440543	-0.06084591	0.06953758	-0.08324899	0.058363024	-0.05439973	0.08229758	-0.077708244	0.07720072	-0.0676037	0.086570285	-0.075681664	0.1335482	-0.10217825	0.07645104	-0.70625216	0.2962958	-0.15065528	0.136543	-0.121664524	0.9999977	-0.5180592	0.12605235	-0.07724565	0.06716151	-0.33448675	0.22690225	-0.19723642	0.09690235	-0.06821004
0.12293742	-0.13701688	0.06345093	-0.077598475	0.06703458	-0.08059207	0.07694177	-0.08839705	0.10567208	-0.07431921	0.06703858	-0.1044144	0.09824915	-0.09990105	0.08649142	-0.103412814	0.09058204	-0.1767014	0.13263348	-0.09902787	0.30791974	-0.5551763	0.20203178	-0.19398394	0.1527705	-0.5180592	0.9999972	-0.1643483	0.099896155	-0.08605478	0.28599104	-0.4406961	0.24158385	-0.12576592	0.08646801
-0.16125089	0.15438086	-0.073742114	0.08911175	-0.08255491	0.08434024	-0.08813049	0.09973959	-0.12857643	0.0885953	-0.07040851	0.107432395	-0.104484946	0.114793725	-0.11284834	0.09564246	-0.08508882	0.16813913	-0.15330139	0.12446654	-0.14884032	0.15579514	-0.17799349	0.18587536	-0.45313224	0.12605235	-0.1643483	0.9999973	-0.6081326	0.2508753	-0.26829886	0.17655994	-0.344657	0.31679818	-0.29494873
0.099062525	-0.10328704	0.04868956	-0.05926515	0.0534606	-0.055615705	0.05803275	-0.06631537	0.083852485	-0.058402322	0.04616479	-0.07178027	0.069220625	-0.077651486	0.073175736	-0.063756354	0.05637567	-0.11553551	0.10612317	-0.08323817	0.09057671	-0.10257301	0.12533024	-0.16138715	0.26056212	-0.07724565	0.099896155	-0.6081326	0.9999974	-0.32230252	0.14907138	-0.11068578	0.20492497	-0.6350942	0.26758453
-0.095338054	0.10449068	-0.048664864	0.059567567	-0.052889913	0.05446504	-0.057313852	0.065804586	-0.08091583	0.058347177	-0.04488102	0.07009082	-0.06664599	0.074986085	-0.07416734	0.06177726	-0.054035556	0.110126264	-0.097136006	0.086807705	-0.07928966	0.089347884	-0.10503449	0.123267524	-0.45406383	0.06716151	-0.08605478	0.2508753	-0.32230252	0.99999726	-0.12975447	0.09244038	-0.169476	0.28407568	-0.75543714
0.19732188	-0.22632036	0.10017238	-0.12423675	0.0998923	-0.11717499	0.11649224	-0.13467957	0.14662372	-0.112102635	0.094894774	-0.14712596	0.1333538	-0.13446455	0.11768793	-0.13622046	0.11509054	-0.22594352	0.16329214	-0.1353651	0.23775548	-0.28353745	0.18370593	-0.19384103	0.21533889	-0.33448675	0.28599104	-0.26829886	0.14907138	-0.12975447	0.9999974	-0.59732324	0.31826487	-0.19798392	0.12892088
-0.12192146	0.13577007	-0.061359536	0.07555838	-0.06300262	0.07310029	-0.072453305	0.083312996	-0.09530895	0.07000567	-0.06004431	0.09269044	-0.086022235	0.08743592	-0.07732796	0.087222405	-0.07547036	0.14590402	-0.11086043	0.088023596	-0.20376137	0.22999653	-0.14228933	0.13779394	-0.1531701	0.22690225	-0.4406961	0.17655994	-0.11068578	0.09244038	-0.59732324	0.99999744	-0.5592851	0.1493112	-0.09639024
0.20355484	-0.23215848	0.102593645	-0.12733485	0.10231751	-0.11692405	0.11857592	-0.13711125	0.14924733	-0.11475926	0.09458302	-0.14655705	0.13313232	-0.13626632	0.12067117	-0.13268594	0.11248991	-0.22232854	0.1645662	-0.1389026	0.18608387	-0.23857713	0.17741548	-0.19177292	0.2484342	-0.19723642	0.24158385	-0.344657	0.20492497	-0.169476	0.31826487	-0.5592851	0.99999744	-0.32873824	0.1717359
-0.12060232	0.12382994	-0.058130983	0.070763044	-0.063575	0.06615547	-0.06898772	0.07865791	-0.098341785	0.069208115	-0.054830797	0.08457514	-0.081165336	0.08929557	-0.08608513	0.075300895	-0.06634647	0.13279392	-0.118628465	0.09692758	-0.11114554	0.1216429	-0.13519755	0.14988941	-0.3373347	0.09690235	-0.12576592	0.31679818	-0.6350942	0.28407568	-0.19798392	0.1493112	-0.32873824	0.9999973	-0.4654791
0.09944352	-0.112001486	0.05136685	-0.06320052	0.054517914	-0.05738835	0.060067747	-0.06923318	0.082036115	-0.06066922	0.04699328	-0.07352125	0.06891477	-0.076149814	0.07229839	-0.06485287	0.0561765	-0.11449448	0.09588861	-0.085566305	0.07926577	-0.09106938	0.10136566	-0.12051994	0.276509	-0.06821004	0.08646801	-0.29494873	0.26758453	-0.75543714	0.12892088	-0.09639024	0.1717359	-0.4654791	0.9999973
