0.8153244592249393
1.7933408580720425
0.5794805902987719
1.1649987660348415
0.22761610336601734
1.5985654257237911
0.3767018262296915
0.44808585196733475
0.21528694033622742
0.35023337975144386
1.3311564605683088
1.8579526524990797
1.3406128380447626
1.312430229038
1.3672775123268366
1.0376889128237963
0.27498711459338665
0.2516443468630314
1.9224603176116943
0.16012571938335896
0.6514043882489204
1.0074536595493555
0.421104121953249
1.6216117832809687
0.7267442252486944
0.8462973572313786
1.9420381281524897
0.3212827406823635
1.9547551274299622
0.708595622330904
1.388225045055151
1.1797357685863972
1.2941263616085052
0.7956436760723591
0.5981463082134724
0.9492260366678238
1.5778844766318798
0.7995580621063709
0.6006805710494518
1.6729712020605803
1.5361591652035713
1.088330326601863
0.8953767195343971
0.654052997007966
1.1310852486640215
0.22550777904689312
0.789260758087039
0.426482355222106
0.5491836331784725
1.8941544499248266
1.5414720326662064
0.9136504717171192
0.284192081540823
1.3129509016871452
0.9178230222314596
1.7432161290198565
0.07486661523580551
1.9496518913656473
