1.0	-0.21621308	0.15960081	-0.09535157	0.09466026	-0.8356939	0.2145534	-0.20951866	0.11961896	-0.12995483	0.23477079	-0.21233083	0.15365058	-0.15190697	0.105654344	-0.15406805	0.139411	-0.1285037	0.10557445	-0.103040285	0.121290855	-0.10400634	0.116290346	-0.07625741	0.090097785	-0.036083814	0.036016732	-0.10733715	0.08070078	-0.061386768	0.02459901	-0.023546213	0.05422068	-0.04592681	0.06493311
-0.21621308	0.9999999	-0.8966555	0.1863787	-0.20057221	0.1460995	-0.17130078	0.15377118	-0.14115173	0.12901087	-0.1086434	0.097652435	-0.09719282	0.09324652	-0.08077017	0.073165886	-0.085972264	0.0782259	-0.07001318	0.07226004	-0.07125404	0.060535695	-0.07563373	0.050486013	-0.062250715	0.022456342	-0.022949295	0.06701132	-0.054077383	0.04060687	-0.015932586	0.015228245	-0.036687616	0.03064	-0.044306416
0.15960081	-0.8966555	0.9999997	-0.24866372	0.18324327	-0.14027342	0.15329243	-0.17282219	0.14005844	-0.13694786	0.10008358	-0.09571618	0.095014416	-0.09502428	0.080655314	-0.07091996	0.082291946	-0.07871077	0.06994494	-0.07369278	0.06792716	-0.058979068	0.07409086	-0.0505499	0.061817065	-0.022336626	0.022750856	-0.067545936	0.053850636	-0.040928386	0.015826486	-0.015161628	0.036538597	-0.030626139	0.044302646
-0.09535157	0.1863787	-0.24866372	0.9999994	-0.82313836	0.08001376	-0.15271145	0.154797	-0.3761939	0.2656271	-0.085527115	0.083567746	-0.0973111	0.10533155	-0.110628255	0.062695496	-0.08065405	0.08157065	-0.079290666	0.09283633	-0.06499249	0.0571555	-0.07658571	0.054564644	-0.06769417	0.022178393	-0.022840044	0.068692386	-0.056981463	0.042773545	-0.016072553	0.015419339	-0.03834874	0.032082547	-0.0465816
0.09466026	-0.20057221	0.18324327	-0.82313836	0.99999964	-0.081818834	0.14265467	-0.15502883	0.27099043	-0.39068595	0.08805797	-0.08757715	0.10137878	-0.11607301	0.12605529	-0.06638197	0.08528009	-0.090133354	0.08721645	-0.11071996	0.06865337	-0.061251223	0.08268665	-0.060585883	0.07445783	-0.02431467	0.024983438	-0.07637408	0.06267246	-0.04770565	0.017617922	-0.016938038	0.042167995	-0.035428163	0.051455475
-0.8356939	0.1460995	-0.14027342	0.08001376	-0.081818834	0.9999995	-0.26667157	0.1836186	-0.10509997	0.10880622	-0.33896008	0.19611387	-0.14583829	0.12882611	-0.09118451	0.1446995	-0.13310614	0.1106679	-0.09167016	0.08712524	-0.119353056	0.09499618	-0.10402359	0.06508119	-0.07731583	0.031241843	-0.031307485	0.09076529	-0.069044605	0.051495824	-0.021229222	0.02022739	-0.046181623	0.03899456	-0.05481538
0.2145534	-0.17130078	0.15329243	-0.15271145	0.14265467	-0.26667157	0.9999995	-0.7628317	0.23685579	-0.25380278	0.20329143	-0.2585965	0.22240363	-0.20502752	0.15477386	-0.1425822	0.16225372	-0.16618402	0.14241986	-0.14665823	0.13263431	-0.11749928	0.14549248	-0.09896612	0.118372776	-0.04306519	0.043598432	-0.13256852	0.1034865	-0.078375295	0.0302116	-0.028998319	0.069351524	-0.058556926	0.08355998
-0.20951866	0.15377118	-0.17282219	0.154797	-0.15502883	0.1836186	-0.7628317	0.9999991	-0.36768067	0.23510498	-0.19130601	0.20165063	-0.26683095	0.18997796	-0.15448412	0.12761171	-0.15712681	0.15415604	-0.13827604	0.13502921	-0.12708473	0.10969449	-0.14090377	0.09221437	-0.11266036	0.039180323	-0.040087406	0.119485356	-0.096889704	0.07117173	-0.027818158	0.026620587	-0.064573385	0.0541056	-0.07717795
0.11961896	-0.14115173	0.14005844	-0.3761939	0.27099043	-0.10509997	0.23685579	-0.36768067	0.99999887	-0.7198091	0.124390446	-0.13024884	0.1598752	-0.19844782	0.19293301	-0.0932193	0.11975	-0.13442448	0.13350181	-0.16891955	0.09620932	-0.08659137	0.11779264	-0.08710838	0.10555074	-0.033553034	0.03443717	-0.10729267	0.08794378	-0.06609785	0.024260033	-0.023352128	0.058287565	-0.049216907	0.07063498
-0.12995483	0.12901087	-0.13694786	0.2656271	-0.39068595	0.10880622	-0.25380278	0.23510498	-0.7198091	0.9999987	-0.13464294	0.13286486	-0.16506425	0.18534625	-0.3016256	0.09990238	-0.13293067	0.14001589	-0.14689384	0.18759517	-0.1062093	0.09423275	-0.13050343	0.09550836	-0.11997993	0.036319695	-0.03758016	0.11463999	-0.09757999	0.07195357	-0.026594514	0.025542362	-0.064737335	0.054209013	-0.07836491
0.23477079	-0.1086434	0.10008358	-0.085527115	0.08805797	-0.33896008	0.20329143	-0.19130601	0.124390446	-0.13464294	0.99999905	-0.6209895	0.25867674	-0.23315883	0.14129381	-0.43486297	0.24891663	-0.19987766	0.15509021	-0.14056784	0.23456553	-0.18715738	0.17889094	-0.10841622	0.124889575	-0.05482014	0.053919867	-0.15638529	0.11360513	-0.084199406	0.035997715	-0.034245644	0.07515067	-0.06401945	0.08807639
-0.21233083	0.097652435	-0.09571618	0.083567746	-0.08757715	0.19611387	-0.2585965	0.20165063	-0.13024884	0.13286486	-0.6209895	0.99999917	-0.5152843	0.24094875	-0.15185572	0.24052052	-0.3021801	0.20787346	-0.17079026	0.14170155	-0.22033195	0.17910707	-0.19095059	0.10881867	-0.1278261	0.05097276	-0.051302325	0.14863585	-0.113694005	0.08110766	-0.034432095	0.032716423	-0.07421945	0.062741406	-0.08617449
0.15365058	-0.09719282	0.095014416	-0.0973111	0.10137878	-0.14583829	0.22240363	-0.26683095	0.1598752	-0.16506425	0.25867674	-0.5152843	0.9999991	-0.5412601	0.20730257	-0.1863998	0.2172216	-0.3840168	0.25881982	-0.2048745	0.17294036	-0.16562092	0.21952514	-0.14269958	0.15977283	-0.05420093	0.054810908	-0.18191418	0.1391248	-0.09968157	0.037888616	-0.036566224	0.08864855	-0.07593462	0.1037487
-0.15190697	0.09324652	-0.09502428	0.10533155	-0.11607301	0.12882611	-0.20502752	0.18997796	-0.19844782	0.18534625	-0.23315883	0.24094875	-0.5412601	0.999999	-0.37369177	0.16381165	-0.22357337	0.29614237	-0.5037583	0.27249894	-0.17698278	0.16097853	-0.24003273	0.17803036	-0.20950979	0.056238968	-0.058182098	0.18838125	-0.16638659	0.11249268	-0.04109441	0.039624006	-0.10236216	0.08696828	-0.11975914
0.105654344	-0.08077017	0.080655314	-0.110628255	0.12605529	-0.09118451	0.15477386	-0.15448412	0.19293301	-0.3016256	0.14129381	-0.15185572	0.20730257	-0.37369177	0.9999988	-0.115583	0.15478037	-0.23882852	0.27536133	-0.7398544	0.12342289	-0.11933688	0.17627789	-0.1578298	0.18183492	-0.047026254	0.048236594	-0.16832615	0.13818757	-0.104168214	0.03440577	-0.033499956	0.08658154	-0.075414136	0.1046409
-0.15406805	0.073165886	-0.07091996	0.062695496	-0.06638197	0.1446995	-0.1425822	0.12761171	-0.0932193	0.09990238	-0.43486297	0.24052052	-0.1863998	0.16381165	-0.115583	0.9999986	-0.45874947	0.17171748	-0.13074182	0.11425385	-0.65385646	0.28277645	-0.21125253	0.098910056	-0.11394544	0.06702494	-0.065525554	0.15220077	-0.10760904	0.07601768	-0.041172057	0.03771332	-0.07123319	0.060303684	-0.08008797
0.139411	-0.085972264	0.082291946	-0.08065405	0.08528009	-0.13310614	0.16225372	-0.15712681	0.11975	-0.13293067	0.24891663	-0.3021801	0.2172216	-0.22357337	0.15478037	-0.45874947	0.9999984	-0.25871357	0.17849497	-0.1614011	0.3181045	-0.5844195	0.2802807	-0.14231108	0.15738936	-0.07756405	0.07569068	-0.2369988	0.15224223	-0.1103176	0.049140047	-0.047372155	0.09930478	-0.08548588	0.113328055
-0.1285037	0.0782259	-0.07871077	0.08157065	-0.090133354	0.1106679	-0.16618402	0.15415604	-0.13442448	0.14001589	-0.19987766	0.20787346	-0.3840168	0.29614237	-0.23882852	0.17171748	-0.25871357	0.9999982	-0.55359626	0.23459442	-0.20086992	0.21395572	-0.501987	0.19257717	-0.21487698	0.061498545	-0.06387842	0.2285736	-0.18882689	0.11794956	-0.04462132	0.043231137	-0.11223395	0.0950901	-0.124877386
0.10557445	-0.07001318	0.06994494	-0.079290666	0.08721645	-0.09167016	0.14241986	-0.13827604	0.13350181	-0.14689384	0.15509021	-0.17079026	0.25881982	-0.5037583	0.27536133	-0.13074182	0.17849497	-0.55359626	0.9999981	-0.44321373	0.14195792	-0.14862682	0.24103042	-0.2703422	0.2217961	-0.052189223	0.05373806	-0.2052812	0.17606188	-0.11556802	0.038365517	-0.037558906	0.09992097	-0.08891687	0.11535481
-0.103040285	0.07226004	-0.07369278	0.09283633	-0.11071996	0.08712524	-0.14665823	0.13502921	-0.16891955	0.18759517	-0.14056784	0.14170155	-0.2048745	0.27249894	-0.7398544	0.11425385	-0.1614011	0.23459442	-0.44321373	0.99999785	-0.12748162	0.12186278	-0.19434954	0.17775933	-0.23962249	0.046805035	-0.048671044	0.16733895	-0.15320472	0.10731607	-0.035147026	0.03417019	-0.092274405	0.07958204	-0.11080289
0.121290855	-0.07125404	0.06792716	-0.06499249	0.06865337	-0.119353056	0.13263431	-0.12708473	0.09620932	-0.1062093	0.23456553	-0.22033195	0.17294036	-0.17698278	0.12342289	-0.65385646	0.3181045	-0.20086992	0.14195792	-0.12748162	0.99999785	-0.5306035	0.23847117	-0.11377236	0.12641518	-0.09156307	0.08146343	-0.18920352	0.12285265	-0.08788978	0.050539203	-0.046308786	0.08129356	-0.06967048	0.09077369
-0.10400634	0.060535695	-0.058979068	0.0571555	-0.061251223	0.09499618	-0.11749928	0.10969449	-0.08659137	0.09423275	-0.18715738	0.17910707	-0.16562092	0.16097853	-0.11933688	0.28277645	-0.5844195	0.21395572	-0.14862682	0.12186278	-0.5306035	0.9999978	-0.47384977	0.1181136	-0.13106264	0.06974665	-0.07072526	0.19523032	-0.13011926	0.085487545	-0.043213237	0.041215643	-0.08212127	0.069752894	-0.08941917
0.116290346	-0.07563373	0.07409086	-0.07658571	0.08268665	-0.10402359	0.14549248	-0.14090377	0.11779264	-0.13050343	0.17889094	-0.19095059	0.21952514	-0.24003273	0.17627789	-0.21125253	0.2802807	-0.501987	0.24103042	-0.19434954	0.23847117	-0.47384977	0.99999774	-0.21208528	0.2055317	-0.078757524	0.08001074	-0.4305976	0.21711369	-0.1353388	0.053670753	-0.052944496	0.12847625	-0.11193864	0.13729759
-0.07625741	0.050486013	-0.0505499	0.054564644	-0.060585883	0.06508119	-0.09896612	0.09221437	-0.08710838	0.09550836	-0.10841622	0.10881867	-0.14269958	0.17803036	-0.1578298	0.098910056	-0.14231108	0.19257717	-0.2703422	0.17775933	-0.11377236	0.1181136	-0.21208528	0.99999785	-0.7122139	0.05876473	-0.062333286	0.26867062	-0.49237943	0.1912968	-0.04899791	0.04912951	-0.16433673	0.15586397	-0.18061373
0.090097785	-0.062250715	0.061817065	-0.06769417	0.07445783	-0.07731583	0.118372776	-0.11266036	0.10555074	-0.11997993	0.124889575	-0.1278261	0.15977283	-0.20950979	0.18183492	-0.11394544	0.15738936	-0.21487698	0.2217961	-0.23962249	0.12641518	-0.13106264	0.2055317	-0.7122139	0.9999977	-0.0691161	0.07109005	-0.3255227	0.29265377	-0.29237023	0.053559937	-0.05408801	0.15620129	-0.15713255	0.21131189
-0.036083814	0.022456342	-0.022336626	0.022178393	-0.02431467	0.031241843	-0.04306519	0.039180323	-0.033553034	0.036319695	-0.05482014	0.05097276	-0.05420093	0.056238968	-0.047026254	0.06702494	-0.07756405	0.061498545	-0.052189223	0.046805035	-0.09156307	0.06974665	-0.078757524	0.05876473	-0.0691161	0.99999785	-0.8268874	0.10910407	-0.08302566	0.060635578	-0.44425035	0.28950948	-0.10011241	0.080525085	-0.064900175
0.036016732	-0.022949295	0.022750856	-0.022840044	0.024983438	-0.031307485	0.043598432	-0.040087406	0.03443717	-0.03758016	0.053919867	-0.051302325	0.054810908	-0.058182098	0.048236594	-0.065525554	0.07569068	-0.06387842	0.05373806	-0.048671044	0.08146343	-0.07072526	0.08001074	-0.062333286	0.07109005	-0.8268874	0.99999774	-0.129015	0.08781028	-0.065912955	0.2916578	-0.43427795	0.10820836	-0.093631975	0.067681044
-0.10733715	0.06701132	-0.067545936	0.068692386	-0.07637408	0.09076529	-0.13256852	0.119485356	-0.10729267	0.11463999	-0.15638529	0.14863585	-0.18191418	0.18838125	-0.16832615	0.15220077	-0.2369988	0.2285736	-0.2052812	0.16733895	-0.18920352	0.19523032	-0.4305976	0.26867062	-0.3255227	0.10910407	-0.129015	0.9999977	-0.5887437	0.20718351	-0.0878615	0.08799343	-0.27818483	0.2178474	-0.23606491
0.08070078	-0.054077383	0.053850636	-0.056981463	0.06267246	-0.069044605	0.1034865	-0.096889704	0.08794378	-0.09757999	0.11360513	-0.113694005	0.1391248	-0.16638659	0.13818757	-0.10760904	0.15224223	-0.18882689	0.17606188	-0.15320472	0.12285265	-0.13011926	0.21711369	-0.49237943	0.29265377	-0.08302566	0.08781028	-0.5887437	0.999998	-0.2722855	0.06963377	-0.072551206	0.2470753	-0.34378332	0.2200032
-0.061386768	0.04060687	-0.040928386	0.042773545	-0.04770565	0.051495824	-0.078375295	0.07117173	-0.06609785	0.07195357	-0.084199406	0.08110766	-0.09968157	0.11249268	-0.104168214	0.07601768	-0.1103176	0.11794956	-0.11556802	0.10731607	-0.08788978	0.085487545	-0.1353388	0.1912968	-0.29237023	0.060635578	-0.065912955	0.20718351	-0.2722855	0.999998	-0.058152694	0.057994086	-0.21745822	0.19844632	-0.8444787
0.02459901	-0.015932586	0.015826486	-0.016072553	0.017617922	-0.021229222	0.0302116	-0.027818158	0.024260033	-0.026594514	0.035997715	-0.034432095	0.037888616	-0.04109441	0.03440577	-0.041172057	0.049140047	-0.04462132	0.038365517	-0.035147026	0.050539203	-0.043213237	0.053670753	-0.04899791	0.053559937	-0.44425035	0.2916578	-0.0878615	0.06963377	-0.058152694	0.99999803	-0.8306629	0.122634955	-0.108708926	0.05765964
-0.023546213	0.015228245	-0.015161628	0.015419339	-0.016938038	0.02022739	-0.028998319	0.026620587	-0.023352128	0.025542362	-0.034245644	0.032716423	-0.036566224	0.039624006	-0.033499956	0.03771332	-0.047372155	0.043231137	-0.037558906	0.03417019	-0.046308786	0.041215643	-0.052944496	0.04912951	-0.05408801	0.28950948	-0.43427795	0.08799343	-0.072551206	0.057994086	-0.8306629	0.99999785	-0.15851817	0.112388484	-0.059230525
0.05422068	-0.036687616	0.036538597	-0.03834874	0.042167995	-0.046181623	0.069351524	-0.064573385	0.058287565	-0.064737335	0.07515067	-0.07421945	0.08864855	-0.10236216	0.08658154	-0.07123319	0.09930478	-0.11223395	0.09992097	-0.092274405	0.08129356	-0.08212127	0.12847625	-0.16433673	0.15620129	-0.10011241	0.10820836	-0.27818483	0.2470753	-0.21745822	0.122634955	-0.15851817	0.9999978	-0.842553	0.2019227
-0.04592681	0.03064	-0.030626139	0.032082547	-0.035428163	0.03899456	-0.058556926	0.0541056	-0.049216907	0.054209013	-0.06401945	0.062741406	-0.07593462	0.08696828	-0.075414136	0.060303684	-0.08548588	0.0950901	-0.08891687	0.07958204	-0.06967048	0.069752894	-0.11193864	0.15586397	-0.15713255	0.080525085	-0.093631975	0.2178474	-0.34378332	0.19844632	-0.108708926	0.112388484	-0.842553	0.9999978	-0.2562486
0.06493311	-0.044306416	0.044302646	-0.0465816	0.051455475	-0.05481538	0.08355998	-0.07717795	0.07063498	-0.07836491	0.08807639	-0.08617449	0.1037487	-0.11975914	0.1046409	-0.08008797	0.113328055	-0.124877386	0.11535481	-0.11080289	0.09077369	-0.08941917	0.13729759	-0.18061373	0.21131189	-0.064900175	0.067681044	-0.23606491	0.2200032	-0.8444787	0.05765964	-0.059230525	0.2019227	-0.2562486	0.9999978
