1.0	0.008893043	-0.40463978	0.2049153	0.15355979	0.14142762	0.061930776	-0.050065164	-0.37212306	-0.28572604	-0.031131934	0.15640843	-0.13084993	-0.15894826	0.15936004	0.20671844	0.11902372	-0.07132383	-0.4178323	0.08808726	-0.024341518	-0.30097345	0.05301067	-0.0585817	-0.003976306
0.008893043	0.9999999	0.0539997	-0.098025605	0.21695416	-0.056353964	-0.3917168	-0.3426012	0.10883692	0.13178366	-0.43280846	-0.05407541	0.26067382	-0.1865735	-0.32988605	-0.13192374	0.1606462	-0.07142543	0.102552444	0.26514134	-0.26608253	0.09926294	0.06407276	0.11782868	0.19571531
-0.40463978	0.0539997	0.9999998	-0.38510007	-0.18841943	-0.20991726	-0.058814377	-0.06338726	0.2537905	0.088883415	0.036011778	-0.4368905	0.11740157	0.07894228	-0.21115318	-0.28328818	-0.035287924	-0.017413978	0.24742576	-0.088732526	0.0042393105	0.2841294	0.058562186	0.16909175	0.05812025
0.2049153	-0.098025605	-0.38510007	0.9999999	0.03274609	0.13379723	0.12566699	0.13623065	-0.31657684	-0.13038939	-0.028615784	0.28920758	-0.24978128	-0.015694458	0.22240771	0.2108391	0.018765043	0.1303261	-0.2445952	-0.007429304	0.07168453	-0.41681698	-0.19092813	-0.42598334	-0.16730148
0.15355979	0.21695416	-0.18841943	0.03274609	0.99999964	0.058660336	-0.18596493	-0.1193233	-0.077889085	0.10309603	-0.36075482	0.028743973	0.19459422	-0.44108328	-0.16429819	-0.068300165	0.25947717	-0.2303048	-0.022288676	0.29624516	-0.42455417	-0.043172743	0.14620227	0.03199592	0.13060543
0.14142762	-0.056353964	-0.20991726	0.13379723	0.058660336	0.9999996	-0.107316	-0.22289911	-0.47312325	0.14689563	-0.07608047	0.07572551	-0.03546074	-0.06696164	0.08575904	-0.09063733	0.12472752	0.11595259	-0.27803662	0.061406806	-0.006147442	-0.12909055	-0.12283003	-0.20348395	0.18105265
0.061930776	-0.3917168	-0.058814377	0.12566699	-0.18596493	-0.107316	0.9999996	0.26887494	-0.10055162	-0.3467072	0.2264101	0.12843128	-0.32917333	0.14058587	0.23875508	0.21563046	-0.09487324	-0.009176552	-0.13449264	-0.32073838	0.2288567	-0.2008141	0.016023401	-0.16304943	-0.4249541
-0.050065164	-0.3426012	-0.06338726	0.13623065	-0.1193233	-0.22289911	0.26887494	0.9999996	0.017204389	-0.12301423	0.17631003	0.14606838	-0.19520816	0.074383855	0.13182212	0.18000883	-0.1723501	0.02130599	-0.038685214	-0.24191451	0.1562859	-0.16825722	0.03682849	-0.24217127	-0.5487351
-0.37212306	0.10883692	0.2537905	-0.31657684	-0.077889085	-0.47312325	-0.10055162	0.017204389	0.9999996	0.0069504716	-0.0048489966	-0.1397544	0.16671982	0.072723776	-0.29790032	-0.19573517	-0.074895106	-0.06829017	0.28518617	-0.012739394	-0.08056462	0.22183956	0.04062341	0.18316232	-0.050156485
-0.28572604	0.13178366	0.088883415	-0.13038939	0.10309603	0.14689563	-0.3467072	-0.12301423	0.0069504716	0.9999997	-0.18805827	-0.066650346	0.1634889	-0.21195923	-0.21575062	-0.44890922	0.084494196	0.13528138	0.14172556	0.102284394	-0.16406962	0.17162214	-0.10853408	-0.0554891	0.20968015
-0.031131934	-0.43280846	0.036011778	-0.028615784	-0.36075482	-0.07608047	0.2264101	0.17631003	-0.0048489966	-0.18805827	0.99999964	-0.005743957	-0.32631537	0.2455837	0.19396007	0.14055955	-0.38883525	0.054724228	-0.08782193	-0.44136095	0.2987657	-0.056992434	-0.035230745	-0.023905024	-0.15925786
0.15640843	-0.05407541	-0.4368905	0.28920758	0.028743973	0.07572551	0.12843128	0.14606838	-0.1397544	-0.066650346	-0.005743957	0.9999995	-0.18860959	-0.09666334	0.19153605	0.16343392	0.009696701	0.16201495	-0.20246139	-0.0931537	0.06263456	-0.4705418	-0.26347414	-0.3592652	-0.12243878
-0.13084993	0.26067382	0.11740157	-0.24978128	0.19459422	-0.03546074	-0.32917333	-0.19520816	0.16671982	0.1634889	-0.32631537	-0.18860959	0.9999995	-0.16205789	-0.45290226	-0.19718835	0.08199588	-0.21793841	0.2231778	0.25027648	-0.35487583	0.21179125	0.11661879	0.21266405	0.15153843
-0.15894826	-0.1865735	0.07894228	-0.015694458	-0.44108328	-0.06696164	0.14058587	0.074383855	0.072723776	-0.21195923	0.2455837	-0.09666334	-0.16205789	0.99999934	0.1076852	0.12065725	-0.4273032	0.08731867	-0.009027774	-0.29073068	0.2571942	0.044936184	-0.2507528	0.037187442	-0.1906638
0.15936004	-0.32988605	-0.21115318	0.22240771	-0.16429819	0.08575904	0.23875508	0.13182212	-0.29790032	-0.21575062	0.19396007	0.19153605	-0.45290226	0.1076852	0.99999934	0.2092672	-0.022662949	0.12674148	-0.38998076	-0.24026285	0.21775955	-0.28091782	-0.12466651	-0.26917884	-0.10839056
0.20671844	-0.13192374	-0.28328818	0.2108391	-0.068300165	-0.09063733	0.21563046	0.18000883	-0.19573517	-0.44890922	0.14055955	0.16343392	-0.19718835	0.12065725	0.2092672	0.9999993	-0.15397348	-0.109724626	-0.29522872	-0.079813115	0.15888566	-0.3303493	0.008357727	-0.085080735	-0.30421114
0.11902372	0.1606462	-0.035287924	0.018765043	0.25947717	0.12472752	-0.09487324	-0.1723501	-0.074895106	0.084494196	-0.38883525	0.009696701	0.08199588	-0.4273032	-0.022662949	-0.15397348	0.9999991	-0.10527643	-0.11404366	0.22839169	-0.36205536	-0.0968767	0.13178791	0.00851044	0.1582357
-0.07132383	-0.07142543	-0.017413978	0.1303261	-0.2303048	0.11595259	-0.009176552	0.02130599	-0.06829017	0.13528138	0.054724228	0.16201495	-0.21793841	0.08731867	0.12674148	-0.109724626	-0.10527643	0.9999989	-0.023203792	-0.18160728	0.106532186	-0.0424921	-0.57667917	-0.38862786	0.04986119
-0.4178323	0.102552444	0.24742576	-0.2445952	-0.022288676	-0.27803662	-0.13449264	-0.038685214	0.28518617	0.14172556	-0.08782193	-0.20246139	0.2231778	-0.009027774	-0.38998076	-0.29522872	-0.11404366	-0.023203792	0.99999887	0.056567177	-0.17997752	0.25962287	0.052563634	0.16071159	0.024540722
0.08808726	0.26514134	-0.088732526	-0.007429304	0.29624516	0.061406806	-0.32073838	-0.24191451	-0.012739394	0.102284394	-0.44136095	-0.0931537	0.25027648	-0.29073068	-0.24026285	-0.079813115	0.22839169	-0.18160728	0.056567177	0.9999988	-0.48815316	0.05977042	0.13030268	0.10997535	0.16639626
-0.024341518	-0.26608253	0.0042393105	0.07168453	-0.42455417	-0.006147442	0.2288567	0.1562859	-0.08056462	-0.16406962	0.2987657	0.06263456	-0.35487583	0.2571942	0.21775955	0.15888566	-0.36205536	0.106532186	-0.17997752	-0.48815316	0.99999875	-0.082356244	-0.111302316	-0.11881886	-0.17914651
-0.30097345	0.09926294	0.2841294	-0.41681698	-0.043172743	-0.12909055	-0.2008141	-0.16825722	0.22183956	0.17162214	-0.056992434	-0.4705418	0.21179125	0.044936184	-0.28091782	-0.3303493	-0.0968767	-0.0424921	0.25962287	0.05977042	-0.082356244	0.99999875	0.024018306	0.21425693	0.14338244
0.05301067	0.06407276	0.058562186	-0.19092813	0.14620227	-0.12283003	0.016023401	0.03682849	0.04062341	-0.10853408	-0.035230745	-0.26347414	0.11661879	-0.2507528	-0.12466651	0.008357727	0.13178791	-0.57667917	0.052563634	0.13030268	-0.111302316	0.024018306	0.99999875	0.19896643	-0.09819592
-0.0585817	0.11782868	0.16909175	-0.42598334	0.03199592	-0.20348395	-0.16304943	-0.24217127	0.18316232	-0.0554891	-0.023905024	-0.3592652	0.21266405	0.037187442	-0.26917884	-0.085080735	0.00851044	-0.38862786	0.16071159	0.10997535	-0.11881886	0.21425693	0.19896643	0.9999988	0.09246923
-0.003976306	0.19571531	0.05812025	-0.16730148	0.13060543	0.18105265	-0.4249541	-0.5487351	-0.050156485	0.20968015	-0.15925786	-0.12243878	0.15153843	-0.1906638	-0.10839056	-0.30421114	0.1582357	0.04986119	0.024540722	0.16639626	-0.17914651	0.14338244	-0.09819592	0.09246923	0.9999988
