0.99999994	-0.0075222882	0.086218625	-0.24514149	-0.12819335	-0.3445689	-0.30401206	0.22779818	-0.122281045	-0.31256533	0.26358095	-0.34696025	-0.058315795	-0.24130544	-0.36681852	0.17977275	0.29170835	-0.37460783	-0.27141237	-0.010265319	0.2593316	0.21549334	0.16392457	0.02708645	0.30379486
-0.0075222882	1.0000001	-0.4231971	-0.19007602	0.09852797	0.033964362	0.15078901	0.102709554	0.29576188	-0.27093795	0.065056	0.087143324	-0.31127197	0.054767344	-0.25299507	-0.21388426	0.046228204	-0.112176634	-0.19603115	0.28568524	-0.011090814	0.17870252	-0.34142375	0.2615787	-0.04886544
0.086218625	-0.4231971	1.0000001	0.12811601	-0.022543434	-0.13051815	-0.30151322	-0.048447028	-0.4830414	0.15489498	-0.049876064	-0.14445037	0.075979404	-0.15504679	0.10521554	0.20144488	0.0059036417	-0.032613564	0.102728926	-0.23892109	0.09669492	-0.1256405	0.25562406	-0.41384256	0.14586857
-0.24514149	-0.19007602	0.12811601	1.0	0.09860615	0.12176912	0.032855567	-0.49036875	-0.09834797	0.27913606	-0.27937916	0.09989395	0.03298785	0.11162503	0.29069892	0.016218694	-0.3861957	0.22744875	0.2721926	-0.2883285	-0.15881133	-0.21773744	0.020382153	-0.26900294	-0.13114057
-0.12819335	0.09852797	-0.022543434	0.09860615	0.99999976	0.15260392	0.09349616	0.028575748	0.15187275	0.02039006	0.012552419	-0.11080757	-0.49401283	-0.06066784	0.11270231	-0.37079832	-0.081708595	-0.09845653	0.048689526	0.13867375	0.008734383	0.10018011	-0.23227733	-0.0027243576	-0.10368049
-0.3445689	0.033964362	-0.13051815	0.12176912	0.15260392	0.9999995	0.2815061	-0.090782136	0.15509945	0.14971323	-0.16143207	0.18513647	-0.07104058	0.19430739	0.19389763	-0.328426	-0.23857188	0.2073774	0.17268212	0.10552386	-0.29047552	-0.17632261	-0.32515898	0.012303068	-0.49329284
-0.30401206	0.15078901	-0.30151322	0.032855567	0.09349616	0.2815061	0.9999996	-0.14744584	0.20556176	0.060365666	-0.12708637	0.24033596	-0.0713905	0.25181255	0.08311776	-0.2745493	-0.20721906	0.17932945	0.119022064	0.15645364	-0.40255222	-0.14216582	-0.26898608	0.14370078	-0.4436316
0.22779818	0.102709554	-0.048447028	-0.49036875	0.028575748	-0.090782136	-0.14744584	0.99999964	0.08313772	-0.2869385	0.28213528	-0.38199523	-0.15700908	-0.29314792	-0.24982724	-0.003589376	0.24780877	-0.3359871	-0.22718629	0.13786724	0.237206	0.2570393	-0.066030286	0.13315032	0.14691873
-0.122281045	0.29576188	-0.4830414	-0.09834797	0.15187275	0.15509945	0.20556176	0.08313772	0.99999964	-0.1965068	0.024338493	0.08538428	-0.2678397	0.071109705	-0.07154097	-0.23677216	0.014495612	-0.071241006	-0.12980255	0.26437098	-0.03509018	0.119958565	-0.47564724	0.25090364	-0.18545933
-0.31256533	-0.27093795	0.15489498	0.27913606	0.02039006	0.14971323	0.060365666	-0.2869385	-0.1965068	0.9999997	-0.3770333	0.13556428	0.11361434	0.14665172	0.29486412	0.021114746	-0.3227706	0.25927994	0.31140855	-0.1816097	-0.19752717	-0.39497077	0.06126628	-0.32731158	-0.21194583
0.26358095	0.065056	-0.049876064	-0.27937916	0.012552419	-0.16143207	-0.12708637	0.28213528	0.024338493	-0.3770333	0.9999995	-0.40808845	-0.13135138	-0.41911796	-0.26416105	0.08614927	0.27443683	-0.3013268	-0.39629105	0.052430585	0.26382047	0.28250682	0.022763906	0.09855592	0.21083957
-0.34696025	0.087143324	-0.14445037	0.09989395	-0.11080757	0.18513647	0.24033596	-0.38199523	0.08538428	0.13556428	-0.40808845	0.99999934	0.11035465	0.3113364	0.10565434	-0.16518411	-0.21757022	0.23434304	0.16921438	0.05318593	-0.38488877	-0.25424817	-0.11023675	0.06629461	-0.27669585
-0.058315795	-0.31127197	0.075979404	0.03298785	-0.49401283	-0.07104058	-0.0713905	-0.15700908	-0.2678397	0.11361434	-0.13135138	0.11035465	0.9999992	0.095082976	0.058989625	0.17547168	-0.0306958	0.12777792	0.085761316	-0.32211226	-0.043925736	-0.293798	0.18368164	-0.019519206	-0.024928363
-0.24130544	0.054767344	-0.15504679	0.11162503	-0.06066784	0.19430739	0.25181255	-0.29314792	0.071109705	0.14665172	-0.41911796	0.3113364	0.095082976	0.99999946	0.116942786	-0.15670851	-0.26908737	0.23935449	0.19578552	0.021639077	-0.52315044	-0.32310906	-0.0719821	0.063646525	-0.26172224
-0.36681852	-0.25299507	0.10521554	0.29069892	0.11270231	0.19389763	0.08311776	-0.24982724	-0.07154097	0.29486412	-0.26416105	0.10565434	0.058989625	0.116942786	0.99999964	-0.08757277	-0.4317321	0.23308828	0.29919118	-0.2196792	-0.15266968	-0.27370414	-0.045625854	-0.21796449	-0.26427886
0.17977275	-0.21388426	0.20144488	0.016218694	-0.37079832	-0.328426	-0.2745493	-0.003589376	-0.23677216	0.021114746	0.08614927	-0.16518411	0.17547168	-0.15670851	-0.08757277	0.99999964	0.11040557	-0.07527268	-0.04123689	-0.40774202	0.12760732	-0.055869076	0.2866255	-0.29414302	0.2269616
0.29170835	0.046228204	0.0059036417	-0.3861957	-0.081708595	-0.23857188	-0.20721906	0.24780877	0.014495612	-0.3227706	0.27443683	-0.21757022	-0.0306958	-0.26908737	-0.4317321	0.11040557	0.9999995	-0.4071237	-0.4354125	0.076832026	0.24858798	0.22400334	0.07267062	0.113122225	0.24400027
-0.37460783	-0.112176634	-0.032613564	0.22744875	-0.09845653	0.2073774	0.17932945	-0.3359871	-0.071241006	0.25927994	-0.3013268	0.23434304	0.12777792	0.23935449	0.23308828	-0.07527268	-0.4071237	0.99999946	0.25457457	-0.08364574	-0.37727815	-0.22162573	-0.0035183316	-0.20674473	-0.2516515
-0.27141237	-0.19603115	0.102728926	0.2721926	0.048689526	0.17268212	0.119022064	-0.22718629	-0.12980255	0.31140855	-0.39629105	0.16921438	0.085761316	0.19578552	0.29919118	-0.04123689	-0.4354125	0.25457457	0.9999993	-0.21958089	-0.27274197	-0.40463448	0.015978847	-0.22642161	-0.25883517
-0.010265319	0.28568524	-0.23892109	-0.2883285	0.13867375	0.10552386	0.15645364	0.13786724	0.26437098	-0.1816097	0.052430585	0.05318593	-0.32211226	0.021639077	-0.2196792	-0.40774202	0.076832026	-0.08364574	-0.21958089	0.9999992	0.008286075	0.16943455	-0.34034342	0.24442539	-0.09763425
0.2593316	-0.011090814	0.09669492	-0.15881133	0.008734383	-0.29047552	-0.40255222	0.237206	-0.03509018	-0.19752717	0.26382047	-0.38488877	-0.043925736	-0.52315044	-0.15266968	0.12760732	0.24858798	-0.37727815	-0.27274197	0.008286075	0.9999991	0.23065123	0.062376607	-0.013862535	0.26040682
0.21549334	0.17870252	-0.1256405	-0.21773744	0.10018011	-0.17632261	-0.14216582	0.2570393	0.119958565	-0.39497077	0.28250682	-0.25424817	-0.293798	-0.32310906	-0.27370414	-0.055869076	0.22400334	-0.22162573	-0.40463448	0.16943455	0.23065123	0.99999905	-0.05582521	0.12592913	0.18174244
0.16392457	-0.34142375	0.25562406	0.020382153	-0.23227733	-0.32515898	-0.26898608	-0.066030286	-0.47564724	0.06126628	0.022763906	-0.11023675	0.18368164	-0.0719821	-0.045625854	0.2866255	0.07267062	-0.0035183316	0.015978847	-0.34034342	0.062376607	-0.05582521	0.99999887	-0.3101088	0.21390003
0.02708645	0.2615787	-0.41384256	-0.26900294	-0.0027243576	0.012303068	0.14370078	0.13315032	0.25090364	-0.32731158	0.09855592	0.06629461	-0.019519206	0.063646525	-0.21796449	-0.29414302	0.113122225	-0.20674473	-0.22642161	0.24442539	-0.013862535	0.12592913	-0.3101088	0.99999887	-0.060854133
0.30379486	-0.04886544	0.14586857	-0.13114057	-0.10368049	-0.49329284	-0.4436316	0.14691873	-0.18545933	-0.21194583	0.21083957	-0.27669585	-0.024928363	-0.26172224	-0.26427886	0.2269616	0.24400027	-0.2516515	-0.25883517	-0.09763425	0.26040682	0.18174244	0.21390003	-0.060854133	0.99999887
