1.0	-0.10410766	0.030003194	0.052993756	0.05004586	-0.25694206	0.04777192	0.053704392	-0.025329039	0.19148144	0.11966966	0.18388031	0.19557646	-0.114274636	0.031446807	0.018635377	-0.113666706	-0.024636434	-0.21782212	-0.16394237	-0.06876958	-0.039617695	0.14155212	-0.57579935	-0.0025805712
-0.10410766	0.99999994	-0.17592579	-0.3234754	0.06688858	0.2271742	0.25156403	-0.0007079887	-0.25646865	-0.21074633	-0.36094612	-0.4061335	-0.36070055	0.20283009	-0.28297254	-0.35577032	0.2954008	-0.04062753	0.03114368	0.24185623	0.15524983	0.26637533	-0.0875738	0.16642807	-0.061682407
0.030003194	-0.17592579	0.9999997	0.01738949	-0.4581002	-0.13149136	-0.12896766	0.23679753	-0.053044558	0.10520005	0.19091181	0.08934346	0.094798476	0.12215373	-0.13417347	0.19508697	-0.17205197	0.22725779	-0.18908451	-0.006407625	-0.55255246	0.010232109	0.25084993	-0.14747705	-0.24558419
0.052993756	-0.3234754	0.01738949	0.9999995	0.092909746	-0.0832436	-0.26663667	-0.22752926	0.29171115	0.026531246	0.18735929	0.2649955	0.20403285	-0.38784483	0.2741137	0.2117336	-0.3570044	-0.10141856	0.1395336	-0.4219736	-0.0132587	-0.49336618	-0.15481079	-0.108292796	0.17102444
0.05004586	0.06688858	-0.4581002	0.092909746	0.99999934	0.10392807	0.0007641191	-0.42748472	0.08154685	-0.17549361	-0.1718015	0.0072724693	-0.028951393	-0.26370504	0.19129261	-0.12297527	0.07293751	-0.30457553	0.23181455	-0.14936975	0.28956464	-0.114269294	-0.37851158	-0.0136738075	0.2632097
-0.25694206	0.2271742	-0.13149136	-0.0832436	0.10392807	0.99999934	0.07861494	-0.10675034	-0.03289234	-0.5129327	-0.43289402	-0.31979308	-0.34996706	0.107405245	-0.099316634	-0.08066831	0.12685068	-0.05006941	0.16307706	0.12993966	0.10690844	0.14625312	-0.19880325	0.20149878	0.0074747624
0.04777192	0.25156403	-0.12896766	-0.26663667	0.0007641191	0.07861494	0.9999995	0.06257698	-0.46085936	0.020716144	-0.20304461	-0.18857495	-0.22546704	0.2150005	-0.33210552	-0.49670416	0.27838737	-0.025002502	-0.095255144	0.21906458	0.07052949	0.23670772	0.07524471	0.00041583178	-0.094838604
0.053704392	-0.0007079887	0.23679753	-0.22752926	-0.42748472	-0.10675034	0.06257698	0.99999934	-0.15616031	0.16637443	0.08099006	-0.124489374	0.024484565	0.24067286	-0.25859803	-0.0084540425	0.014319765	0.28555927	-0.4104658	0.16830672	-0.3625258	0.1433223	0.30336428	-0.033929102	-0.3985334
-0.025329039	-0.25646865	-0.053044558	0.29171115	0.08154685	-0.03289234	-0.46085936	-0.15616031	0.99999917	0.0074822023	0.16680974	0.1890882	0.14865798	-0.2994311	0.25664252	0.21199824	-0.3530719	-0.07022052	0.12730154	-0.46804383	0.03131808	-0.3686778	-0.17961712	0.01812599	0.16025785
0.19148144	-0.21074633	0.10520005	0.026531246	-0.17549361	-0.5129327	0.020716144	0.16637443	0.0074822023	0.9999992	0.25053218	0.14752053	0.19430241	-0.0062391697	-0.04967469	-0.019428007	-0.06966021	0.14253102	-0.33802032	-0.110867254	-0.10935482	-0.092709035	0.20497687	-0.13439408	-0.14271717
0.11966966	-0.36094612	0.19091181	0.18735929	-0.1718015	-0.43289402	-0.20304461	0.08099006	0.16680974	0.25053218	0.9999992	0.254365	0.2370766	-0.16435164	0.096282564	0.18196288	-0.22532344	0.09305529	-0.14195895	-0.3338474	-0.24409184	-0.28536355	0.13039589	-0.12705456	-0.034575228
0.18388031	-0.4061335	0.08934346	0.2649955	0.0072724693	-0.31979308	-0.18857495	-0.124489374	0.1890882	0.14752053	0.254365	0.99999917	0.26811695	-0.34580222	0.199319	0.20396815	-0.296367	-0.044648204	0.0107111465	-0.31848648	-0.08371111	-0.30502495	-0.023711074	-0.34648526	0.10317446
0.19557646	-0.36070055	0.094798476	0.20403285	-0.028951393	-0.34996706	-0.22546704	0.024484565	0.14865798	0.19430241	0.2370766	0.26811695	0.99999905	-0.17397511	0.14589053	0.18611518	-0.41210443	0.043485563	-0.111695096	-0.16258124	-0.057979986	-0.32425985	0.110453255	-0.39123917	-0.0416313
-0.114274636	0.20283009	0.12215373	-0.38784483	-0.26370504	0.107405245	0.2150005	0.24067286	-0.2994311	-0.0062391697	-0.16435164	-0.34580222	-0.17397511	0.9999989	-0.42906728	-0.21504042	0.18462925	0.1886997	-0.19229104	0.2783749	-0.16236985	0.2757823	0.17911108	0.0793444	-0.26450583
0.031446807	-0.28297254	-0.13417347	0.2741137	0.19129261	-0.099316634	-0.33210552	-0.25859803	0.25664252	-0.04967469	0.096282564	0.199319	0.14589053	-0.42906728	0.9999988	0.14467002	-0.22070225	-0.3073393	0.19312954	-0.23643275	0.080372326	-0.40290597	-0.17714182	-0.02295345	0.2623333
0.018635377	-0.35577032	0.19508697	0.2117336	-0.12297527	-0.08066831	-0.49670416	-0.0084540425	0.21199824	-0.019428007	0.18196288	0.20396815	0.18611518	-0.21504042	0.14467002	0.9999988	-0.46402004	0.08186966	0.027043283	-0.20668183	-0.25512636	-0.13636506	0.022432532	-0.095904455	-0.022668185
-0.113666706	0.2954008	-0.17205197	-0.3570044	0.07293751	0.12685068	0.27838737	0.014319765	-0.3530719	-0.06966021	-0.22532344	-0.296367	-0.41210443	0.18462925	-0.22070225	-0.46402004	0.99999875	-0.018557727	-0.021242233	0.22722213	0.14190404	0.24255309	-0.032628205	0.15310559	-0.031097692
-0.024636434	-0.04062753	0.22725779	-0.10141856	-0.30457553	-0.05006941	-0.025002502	0.28555927	-0.07022052	0.14253102	0.09305529	-0.044648204	0.043485563	0.1886997	-0.3073393	0.08186966	-0.018557727	0.9999986	-0.41811243	0.109622136	-0.27324724	0.099405676	0.2539066	-0.033338666	-0.58787876
-0.21782212	0.03114368	-0.18908451	0.1395336	0.23181455	0.16307706	-0.095255144	-0.4104658	0.12730154	-0.33802032	-0.14195895	0.0107111465	-0.111695096	-0.19229104	0.19312954	0.027043283	-0.021242233	-0.41811243	0.9999985	-0.1093217	0.20663765	-0.13763751	-0.4500822	0.14032179	0.28005233
-0.16394237	0.24185623	-0.006407625	-0.4219736	-0.14936975	0.12993966	0.21906458	0.16830672	-0.46804383	-0.110867254	-0.3338474	-0.31848648	-0.16258124	0.2783749	-0.23643275	-0.20668183	0.22722213	0.109622136	-0.1093217	0.99999875	-0.008858208	0.28365993	0.12096471	0.096027225	-0.1989197
-0.06876958	0.15524983	-0.55255246	-0.0132587	0.28956464	0.10690844	0.07052949	-0.3625258	0.03131808	-0.10935482	-0.24409184	-0.08371111	-0.057979986	-0.16236985	0.080372326	-0.25512636	0.14190404	-0.27324724	0.20663765	-0.008858208	0.99999875	0.0058053564	-0.3596175	0.07594469	0.21517381
-0.039617695	0.26637533	0.010232109	-0.49336618	-0.114269294	0.14625312	0.23670772	0.1433223	-0.3686778	-0.092709035	-0.28536355	-0.30502495	-0.32425985	0.2757823	-0.40290597	-0.13636506	0.24255309	0.099405676	-0.13763751	0.28365993	0.0058053564	0.9999988	0.10034822	0.08896355	-0.20642613
0.14155212	-0.0875738	0.25084993	-0.15481079	-0.37851158	-0.19880325	0.07524471	0.30336428	-0.17961712	0.20497687	0.13039589	-0.023711074	0.110453255	0.17911108	-0.17714182	0.022432532	-0.032628205	0.2539066	-0.4500822	0.12096471	-0.3596175	0.10034822	0.9999989	-0.2259976	-0.3340396
-0.57579935	0.16642807	-0.14747705	-0.108292796	-0.0136738075	0.20149878	0.00041583178	-0.033929102	0.01812599	-0.13439408	-0.12705456	-0.34648526	-0.39123917	0.0793444	-0.02295345	-0.095904455	0.15310559	-0.033338666	0.14032179	0.096027225	0.07594469	0.08896355	-0.2259976	0.9999989	0.03905821
-0.0025805712	-0.061682407	-0.24558419	0.17102444	0.2632097	0.0074747624	-0.094838604	-0.3985334	0.16025785	-0.14271717	-0.034575228	0.10317446	-0.0416313	-0.26450583	0.2623333	-0.022668185	-0.031097692	-0.58787876	0.28005233	-0.1989197	0.21517381	-0.20642613	-0.3340396	0.03905821	0.9999989
