1.2908124726498713
0.3183400503517151
0.45881045747813287
1.5009637475161015
0.5055476100951888
0.48950330146145693
0.4217489535822345
1.8788301550220652
0.517268013394016
0.39564636598435987
0.8728960712943894
0.8831723737216768
1.346401125339793
1.5111448460032693
0.7592292361847615
1.9444877742521052
0.14385606436112308
1.5834925011280803
1.0799919778352252
1.3937315516088804
1.274269660846528
0.9473168856299254
0.4634218882151244
1.1983380187444925
0.9694613376750794
0.06202243496651949
1.4766611908597713
0.4111865271217632
1.1693092676692811
1.6067857575965592
0.6787162785101248
0.04270420812989273
1.7369404191754791
0.24020517276842468
0.8786243619319407
0.6781686227302006
1.815321676973776
1.737761396422936
1.4797860586209404
0.6086692088338861
1.110479228301807
1.4571455174456542
0.3878261998771475
0.7224438470402743
1.4250626159868607
0.15486289912547568
0.10714962220928914
0.6863768280598204
0.4871622831558362
0.894266383848368
0.004212739490250028
0.568961267108075
0.34901653073834615
1.8815516506499892
0.7092077423469572
1.0182860522191672
1.6609506692504794
0.16776865709027433
1.3272166889754051
1.183784312058898
0.35009250434649264
1.1853370101032668
1.4455971046169465
1.3110099555825945
1.0110779613594552
1.6544333266951488
0.5436940384916691
0.20261948427133758
1.532016095242718
1.3163702072128978
0.9517060122680283
0.20266991682538937
1.4176294520955932
1.4365404424128452
0.8842280787170969
0.8021239173376937
1.8717956806473783
0.18095030581897964
1.9306488016496943
0.026100859544578636
0.09775845510054415
1.2157790837013749
1.1450883680963129
1.8066327832952505
0.25751303542752835
0.9666324223872929
1.22518730630531
1.2802265917091509
0.9258352122278983
1.3717547384968622
1.3125891626880977
0.251701290898549
0.3768268610533754
1.3596202000212498
0.09598993705429248
1.5635241177108248
0.8897142355145926
1.593668593955724
0.19309913160046688
0.8758409026322544
0.643426125958408
1.1397102201135043
0.19971468125552816
1.1795839329706344
0.7413912887978844
0.3150604109498676
1.5188489677916719
1.5806415986431757
0.4253933352012278
1.4513024766604479
0.2732210693721475
0.28676318059948613
0.7088248058091182
1.1759992945332922
1.3211148808376079
1.5171934987709614
0.2942140002217579
0.02943403269767142
1.6779652965985965
1.6933168956829392
1.0989811619457914
0.4352929127339056
0.6105965157528277
0.3083685427341323
0.44569641748373345
1.9821569412846367
0.183300482605121
1.4825478089903097
1.6980796823893556
0.4526710356964163
1.2788407858536741
1.774953865128406
1.1400569330672914
0.021082537522736366
1.5716678099937724
0.2992293970139397
0.3685386500356971
0.28524722487085774
1.8815395916465574
1.8453357974343465
1.924415873880222
1.829996469899694
1.8925362574414997
1.8604026782281822
0.2840887836947876
0.29260052602007325
0.2577596377493927
0.2613027987695411
0.8349413368094956
0.3885730093686388
1.432729001211697
0.9396038317195516
1.9863549901851352
1.6668766175810672
1.781333512690409
1.7583233303045949
0.43761219712400634
0.8686051744398642
1.9222367989878344
0.06209439958844465
0.7781842142191246
0.49264631986413
1.3205135307452864
1.6752377314469995
0.9809524475880393
1.7285412730043417
1.9360684010475167
1.9616410478492246
1.161876841359999
0.4739458196485731
1.1389809207025414
1.1658909385744365
0.43422427389737295
1.1757396591602216
1.3468081301829318
0.9485982948906457
1.6536697686071702
0.714929498068926
0.8405304697129645
0.5002966620488767
0.17174012784422854
0.9127847254153356
1.444889215437041
1.199498869999266
0.935782799636689
1.2810420023338889
0.0010320348146399816
0.270424635808455
0.5896181552629749
1.2771088903982963
0.33463323827544156
0.8910311454988695
1.6458958271044906
1.6933325986501142
0.6172182804025255
0.7539038575730674
1.2881413717837236
1.7699886448397795
1.844924510113502
0.16322402261652247
1.1052564806695657
0.8100618047620738
0.09812608466385275
0.9202138127732644
1.065989574359853
0.9085522630003027
0.9532278527701545
1.0024057256037118
0.9879750304888848
0.19312758413671705
0.2461382682184987
0.36943667852564865
0.17269235184855258
0.6686693608497358
0.13328088864350307
0.4596166155560688
0.7649284628431561
0.4728603670005347
0.9271412093289182
1.0259580198313387
1.0513183755274016
0.4274558703678848
0.6617633407686319
0.3940115970258735
1.5443301885689908
0.25672122513926676
1.5209482309279094
1.1875190073608988
1.5810937269550902
1.2419642208213855
0.9223420598146275
1.724465841799494
1.1696264288131395
1.1880202785461729
0.7509174989148197
1.3108751739745574
1.7389885105001548
0.8611136488273257
0.27842276490799556
0.4422380764720726
0.9679612732806768
0.328332345735022
1.552283993584069
1.4103505567355672
1.4568211811701781
0.16436670014280064
1.4052977468974974
0.6456743918535077
1.4978767263057486
0.2830820120007562
1.2178637104115948
1.8810586292936675
1.0321050280331174
0.9679737137242845
0.2945132908799055
0.7040781536084184
1.2633088975861344
0.3695496794447044
1.541437445886517
0.7049228627167881
0.5241920381177838
1.2057112301562938
1.0112430115180469
1.60311706826967
1.2678524364807184
0.36707263270010393
0.5278346747928877
0.09867673832553159
1.2728699739693232
0.8189743384110402
0.8914219542264235
1.4859115273039007
0.5072823383285376
0.2837712993679935
0.507382436197267
1.716460273802041
1.772906447165085
1.9132034002279357
1.310559235910302
0.5554042837447648
1.2315714788700969
0.37643695347045214
0.8090943348827395
0.9779961519022071
1.37521120041495
1.0226147321816714
1.8306908737770162
0.6869324913865835
1.5308639064996736
0.47985537244445897
1.2768422733400706
1.0734302057516196
1.9377614378125894
1.1003060648280532
0.07790273192415653
0.14520199236686637
1.7471343555843382
1.3017476963931192
1.9936957669109459
1.3755040713425728
