1.0000001	-0.2995732	-0.24477726	0.23609108	0.27658212	0.12885216	-0.51168394	0.1481279	-0.10847223	0.2817405	-0.18238167	-0.3093758	-0.23780379	0.19009253	0.1942452	-0.41556406	0.13943934	-0.18745114	0.12105665	0.21266156	0.037595082	-0.26003712	0.053005435	-0.15329915	-0.39428613
-0.2995732	1.0000002	0.27375454	-0.38570184	-0.23911819	-0.2853114	0.23881884	-0.31649247	0.28028557	-0.2628642	6.372859e-5	0.2523277	0.22703616	-0.19775188	-0.025192725	0.25258282	-0.44624814	0.027593046	-0.40079573	-0.17229167	0.16430907	-0.06870578	0.13874146	0.20945218	0.2506224
-0.24477726	0.27375454	1.0000002	-0.43223435	-0.20787546	-0.47454923	0.19877253	-0.42085445	0.24478406	-0.28948855	0.07261324	0.22327387	0.24483	-0.2590949	0.01924335	0.23930615	-0.2223753	1.1461907e-5	-0.28431684	-0.16266862	0.111414485	-0.03073085	0.09459541	0.21520816	0.2680515
0.23609108	-0.38570184	-0.43223435	1.0000004	0.28844908	0.26469228	-0.25614846	0.25968438	-0.35320947	0.25287503	-0.13927908	-0.40560555	-0.33501142	0.19985959	0.088238105	-0.38095856	0.26136032	-0.13525845	0.24141712	0.2310772	-0.08727589	-0.008258326	-0.08553104	-0.20777416	-0.33949193
0.27658212	-0.23911819	-0.20787546	0.28844908	1.0000004	0.18669388	-0.36891487	0.18632564	-0.33700138	0.26202223	-0.13546889	-0.45884976	-0.36688814	0.20367241	0.16022587	-0.4745897	0.22708023	-0.16959687	0.18229361	0.24713673	-0.06327958	-0.12068848	0.016247792	-0.16483484	-0.39809474
0.12885216	-0.2853114	-0.47454923	0.26469228	0.18669388	1.0000005	-0.19128107	0.26261336	-0.33629385	0.1674558	-0.012554546	-0.22077298	-0.1504825	0.09163275	-0.04853673	-0.18919033	0.21828313	0.03955735	0.29615885	0.09426654	-0.3308827	0.07219016	-0.31185699	-0.13684632	-0.26385093
-0.51168394	0.23881884	0.19877253	-0.25614846	-0.36891487	-0.19128107	1.0000004	-0.11329078	0.20615172	-0.29346907	0.1570258	0.28338376	0.23531581	-0.32726902	-0.29220623	0.29747716	-0.22820015	0.18030414	-0.2321118	-0.24287437	0.03232191	0.13037914	-0.013764977	0.17293285	0.2633544
0.1481279	-0.31649247	-0.42085445	0.25968438	0.18632564	0.26261336	-0.11329078	1.0000002	-0.235715	0.1600802	0.02221198	-0.19387741	-0.34526354	0.18127245	-0.05873495	-0.18606305	0.249333	0.012971565	0.23689221	0.11185552	-0.17683265	0.09172194	-0.21813235	-0.40613866	-0.36038333
-0.10847223	0.28028557	0.24478406	-0.35320947	-0.33700138	-0.33629385	0.20615172	-0.235715	1.0000001	-0.13592996	0.08394294	0.2625284	0.25004154	-0.271249	-0.08550148	0.22905521	-0.5207267	0.0384685	-0.33546633	-0.29242918	0.09989178	-0.030215934	0.06370727	0.22774734	0.2326315
0.2817405	-0.2628642	-0.28948855	0.25287503	0.26202223	0.1674558	-0.29346907	0.1600802	-0.13592996	0.99999994	-0.16559881	-0.28377923	-0.29887858	0.09349279	0.20852794	-0.33894774	0.10639255	-0.38926297	0.14692336	0.23079169	0.0028948097	-0.27184993	-0.0054796827	-0.06127973	-0.3968126
-0.18238167	6.372859e-5	0.07261324	-0.13927908	-0.13546889	-0.012554546	0.1570258	0.02221198	0.08394294	-0.16559881	1.0000001	0.17656343	0.18382818	-0.14141878	-0.4037159	0.1267158	-0.033458285	0.2574815	0.08851711	-0.44011655	-0.3781479	0.24264432	-0.37883386	0.07893437	0.17131522
-0.3093758	0.2523277	0.22327387	-0.40560555	-0.45884976	-0.22077298	0.28338376	-0.19387741	0.2625284	-0.28377923	0.17656343	1.0	0.26424697	-0.16966222	-0.24885872	0.29998082	-0.2714383	0.1951226	-0.22038175	-0.382684	0.015891885	0.12563778	-0.006828555	0.1778144	0.28857464
-0.23780379	0.22703616	0.24483	-0.33501142	-0.36688814	-0.1504825	0.23531581	-0.34526354	0.25004154	-0.29887858	0.18382818	0.26424697	0.99999994	-0.37065357	-0.11458787	0.27283216	-0.32960367	0.12839887	-0.11517294	-0.35597038	-0.053662103	0.045127653	-0.11606178	0.2652343	0.29364392
0.19009253	-0.19775188	-0.2590949	0.19985959	0.20367241	0.09163275	-0.32726902	0.18127245	-0.271249	0.09349279	-0.14141878	-0.16966222	-0.37065357	1.0	0.028465552	-0.3113768	0.24973643	-0.003185297	0.08249035	0.19007431	0.034118425	0.0033554188	0.11770922	-0.57380617	-0.20048332
0.1942452	-0.025192725	0.01924335	0.088238105	0.16022587	-0.04853673	-0.29220623	-0.05873495	-0.08550148	0.20852794	-0.4037159	-0.24885872	-0.11458787	0.028465552	1.0000001	-0.12777625	0.0121057425	-0.5519012	-0.08177167	0.24835165	0.1934109	-0.3800253	0.17870635	0.010295904	-0.15750177
-0.41556406	0.25258282	0.23930615	-0.38095856	-0.4745897	-0.18919033	0.29747716	-0.18606305	0.22905521	-0.33894774	0.1267158	0.29998082	0.27283216	-0.3113768	-0.12777625	1.0	-0.21128514	0.13938326	-0.1927228	-0.25019005	0.039052393	0.112426735	-0.037319746	0.20450309	0.28928226
0.13943934	-0.44624814	-0.2223753	0.26136032	0.22708023	0.21828313	-0.22820015	0.249333	-0.5207267	0.10639255	-0.033458285	-0.2714383	-0.32960367	0.24973643	0.0121057425	-0.21128514	1.0	0.025296591	0.22116485	0.16319895	-0.11401076	0.073814064	-0.049393456	-0.37629175	-0.27302375
-0.18745114	0.027593046	1.1461907e-5	-0.13525845	-0.16959687	0.03955735	0.18030414	0.012971565	0.0384685	-0.38926297	0.2574815	0.1951226	0.12839887	-0.003185297	-0.5519012	0.13938326	0.025296591	1.0000001	0.013470675	-0.38371873	-0.20616151	0.2614004	-0.14267205	-0.004690137	0.16409959
0.12105665	-0.40079573	-0.28431684	0.24141712	0.18229361	0.29615885	-0.2321118	0.23689221	-0.33546633	0.14692336	0.08851711	-0.22038175	-0.11517294	0.08249035	-0.08177167	-0.1927228	0.22116485	0.013470675	1.0000002	0.04458991	-0.36017293	0.11145463	-0.4011156	-0.13044904	-0.14283545
0.21266156	-0.17229167	-0.16266862	0.2310772	0.24713673	0.09426654	-0.24287437	0.11185552	-0.29242918	0.23079169	-0.44011655	-0.382684	-0.35597038	0.19007431	0.24835165	-0.25019005	0.16319895	-0.38371873	0.04458991	1.0	0.11846644	-0.13241032	0.13848865	-0.21118817	-0.26112813
0.037595082	0.16430907	0.111414485	-0.08727589	-0.06327958	-0.3308827	0.03232191	-0.17683265	0.09989178	0.0028948097	-0.3781479	0.015891885	-0.053662103	0.034118425	0.1934109	0.039052393	-0.11401076	-0.20616151	-0.36017293	0.11846644	0.99999994	-0.3985351	0.31085637	-0.020579522	-0.030388763
-0.26003712	-0.06870578	-0.03073085	-0.008258326	-0.12068848	0.07219016	0.13037914	0.09172194	-0.030215934	-0.27184993	0.24264432	0.12563778	0.045127653	0.0033554188	-0.3800253	0.112426735	0.073814064	0.2614004	0.11145463	-0.13241032	-0.3985351	0.99999964	-0.30988735	-0.016601596	0.12283451
0.053005435	0.13874146	0.09459541	-0.08553104	0.016247792	-0.31185699	-0.013764977	-0.21813235	0.06370727	-0.0054796827	-0.37883386	-0.006828555	-0.11606178	0.11770922	0.17870635	-0.037319746	-0.049393456	-0.14267205	-0.4011156	0.13848865	0.31085637	-0.30988735	0.99999964	-0.06423983	-0.039463107
-0.15329915	0.20945218	0.21520816	-0.20777416	-0.16483484	-0.13684632	0.17293285	-0.40613866	0.22774734	-0.06127973	0.07893437	0.1778144	0.2652343	-0.57380617	0.010295904	0.20450309	-0.37629175	-0.004690137	-0.13044904	-0.21118817	-0.020579522	-0.016601596	-0.06423983	0.9999996	0.19003364
-0.39428613	0.2506224	0.2680515	-0.33949193	-0.39809474	-0.26385093	0.2633544	-0.36038333	0.2326315	-0.3968126	0.17131522	0.28857464	0.29364392	-0.20048332	-0.15750177	0.28928226	-0.27302375	0.16409959	-0.14283545	-0.26112813	-0.030388763	0.12283451	-0.039463107	0.19003364	0.9999996
