1.0	-0.167505	0.12956539	-0.15643726	-0.11305862	0.10543066	0.26104152	-0.38381523	0.20181644	-0.1326011	0.25841463	0.027108125	-0.16214345	0.2873795	0.25878352	-0.25706494	-0.19472826	0.2418556	0.18789786	-0.3234386	0.20497993	-0.40412524	-0.4496642	0.23024349	-0.26561937
-0.167505	0.9999999	-0.33167377	0.15995449	0.19905145	-0.39819765	-0.15396427	0.16300808	-0.32004327	0.26427332	-0.12040585	0.20120037	-0.12551641	-0.115217835	-0.084589854	0.1435845	0.14348796	-0.119475566	-0.24129982	0.08578263	0.009912443	0.05132573	0.01757886	-0.38397628	-0.11212299
0.12956539	-0.33167377	0.99999976	0.004125205	-0.6256724	0.0806321	0.024397902	-0.09775561	0.29469952	-0.11695097	0.06213049	-0.18643723	0.06167792	0.11480889	0.10786974	-0.24591301	0.027226558	0.08939572	-0.017042186	-0.20908806	0.0932928	-0.0043928544	-0.13822958	0.13406669	-0.0029544344
-0.15643726	0.15995449	0.004125205	0.99999964	0.0053796866	-0.38319695	-0.281841	0.26398894	-0.07327701	0.25772867	-0.30524528	-0.015190179	0.10505232	-0.21241911	-0.37430236	0.23317863	0.29669088	-0.3531003	-0.49759582	0.17590573	-0.11229296	0.23760736	0.096165694	-0.40284204	0.10595098
-0.11305862	0.19905145	-0.6256724	0.0053796866	0.99999976	-0.09260936	0.0063629057	0.053894285	-0.50800735	0.109212376	-0.049025245	0.12609532	-0.052907486	-0.11933611	-0.12804076	0.14983997	-0.05742717	-0.06625897	0.025693294	0.17170455	-0.19688836	-0.0008335074	0.12216384	-0.14694534	0.020670803
0.10543066	-0.39819765	0.0806321	-0.38319695	-0.09260936	0.99999964	0.20404884	-0.21792603	0.13767698	-0.59261304	0.16856046	-0.08777182	0.054641373	0.040212285	0.13517666	-0.15126587	-0.27154416	0.19768366	0.2365776	-0.07670692	-0.0077047762	-0.14767359	0.04109007	0.28045103	0.017947523
0.26104152	-0.15396427	0.024397902	-0.281841	0.0063629057	0.20404884	0.9999996	-0.32202965	0.10942542	-0.30095237	0.2753957	0.07143751	-0.18227841	0.22551708	0.28100765	-0.33281165	-0.47798923	0.29834145	0.28084782	-0.21900384	0.1604393	-0.42811298	-0.2244186	0.280492	-0.23567623
-0.38381523	0.16300808	-0.09775561	0.26398894	0.053894285	-0.21792603	-0.32202965	0.99999946	-0.10622594	0.23918213	-0.5056842	0.08922064	0.020122679	-0.20852841	-0.28256458	0.24997477	0.23941521	-0.41590834	-0.3300947	0.16718969	-0.06288646	0.28180963	0.14101529	-0.3059276	0.06540387
0.20181644	-0.32004327	0.29469952	-0.07327701	-0.50800735	0.13767698	0.10942542	-0.10622594	0.9999994	-0.21913804	0.11934	-0.17981939	0.0030163638	0.21946968	0.16120367	-0.23571913	-0.097326994	0.13197355	0.09366815	-0.31561992	0.18049446	-0.08531981	-0.2582513	0.19813849	-0.14459157
-0.1326011	0.26427332	-0.11695097	0.25772867	0.109212376	-0.59261304	-0.30095237	0.23918213	-0.21913804	0.9999994	-0.25285816	0.095482714	-0.06886862	-0.083362706	-0.20506527	0.18963765	0.22229663	-0.3111678	-0.23891091	0.11089584	-0.008035765	0.17537744	0.010829981	-0.39650655	0.010626977
0.25841463	-0.12040585	0.06213049	-0.30524528	-0.049025245	0.16856046	0.2753957	-0.5056842	0.11934	-0.25285816	0.9999993	-0.021285608	-0.05517826	0.19456764	0.2514373	-0.40469354	-0.21159352	0.2912018	0.24279498	-0.1683511	0.06877961	-0.49411604	-0.1965684	0.24879783	-0.08580835
0.027108125	0.20120037	-0.18643723	-0.015190179	0.12609532	-0.08777182	0.07143751	0.08922064	-0.17981939	0.095482714	-0.021285608	0.9999994	-0.48700914	0.0051847207	0.12694763	-0.12500727	-0.023318445	0.048761673	-0.036666572	-0.13464394	0.1728716	-0.1191431	-0.15184319	-0.013792362	-0.42177498
-0.16214345	-0.12551641	0.06167792	0.10505232	-0.052907486	0.054641373	-0.18227841	0.020122679	0.0030163638	-0.06886862	-0.05517826	-0.48700914	0.9999994	-0.11492019	-0.29798403	0.15997086	0.14398535	-0.22502701	-0.12582533	0.20582086	-0.4602852	0.15874878	0.17733426	-0.08214048	0.2961505
0.2873795	-0.115217835	0.11480889	-0.21241911	-0.11933611	0.040212285	0.22551708	-0.20852841	0.21946968	-0.083362706	0.19456764	0.0051847207	-0.11492019	0.99999934	0.24819234	-0.21028204	-0.2583348	0.18408474	0.19398087	-0.4369172	0.22799705	-0.2015682	-0.56385785	0.19645154	-0.2766372
0.25878352	-0.084589854	0.10786974	-0.37430236	-0.12804076	0.13517666	0.28100765	-0.28256458	0.16120367	-0.20506527	0.2514373	0.12694763	-0.29798403	0.24819234	0.9999994	-0.41819432	-0.30875567	0.30388692	0.24873501	-0.3954559	0.24327847	-0.3093038	-0.27793646	0.25419545	-0.27482772
-0.25706494	0.1435845	-0.24591301	0.23317863	0.14983997	-0.15126587	-0.33281165	0.24997477	-0.23571913	0.18963765	-0.40469354	-0.12500727	0.15997086	-0.21028204	-0.41819432	0.9999993	0.23161013	-0.41116875	-0.30105048	0.26665187	-0.21938649	0.2643047	0.20466012	-0.24669261	0.19571175
-0.19472826	0.14348796	0.027226558	0.29669088	-0.05742717	-0.27154416	-0.47798923	0.23941521	-0.097326994	0.22229663	-0.21159352	-0.023318445	0.14398535	-0.2583348	-0.30875567	0.23161013	0.9999993	-0.31326026	-0.5068841	0.19238767	-0.21448322	0.23412956	0.1477791	-0.3322186	0.15266874
0.2418556	-0.119475566	0.08939572	-0.3531003	-0.06625897	0.19768366	0.29834145	-0.41590834	0.13197355	-0.3111678	0.2912018	0.048761673	-0.22502701	0.18408474	0.30388692	-0.41116875	-0.31326026	0.99999946	0.26896816	-0.29594335	0.17451693	-0.39873284	-0.12123931	0.2740451	-0.1956708
0.18789786	-0.24129982	-0.017042186	-0.49759582	0.025693294	0.2365776	0.28084782	-0.3300947	0.09366815	-0.23891091	0.24279498	-0.036666572	-0.12582533	0.19398087	0.24873501	-0.30105048	-0.5068841	0.26896816	0.99999946	-0.17145383	0.108165346	-0.21379003	-0.12421027	0.27714187	-0.1001603
-0.3234386	0.08578263	-0.20908806	0.17590573	0.17170455	-0.07670692	-0.21900384	0.16718969	-0.31561992	0.11089584	-0.1683511	-0.13464394	0.20582086	-0.4369172	-0.3954559	0.26665187	0.19238767	-0.29594335	-0.17145383	0.9999994	-0.4218613	0.2029245	0.2876331	-0.22310218	0.2702581
0.20497993	0.009912443	0.0932928	-0.11229296	-0.19688836	-0.0077047762	0.1604393	-0.06288646	0.18049446	-0.008035765	0.06877961	0.1728716	-0.4602852	0.22799705	0.24327847	-0.21938649	-0.21448322	0.17451693	0.108165346	-0.4218613	0.9999993	-0.11928385	-0.27528822	0.136551	-0.4652739
-0.40412524	0.05132573	-0.0043928544	0.23760736	-0.0008335074	-0.14767359	-0.42811298	0.28180963	-0.08531981	0.17537744	-0.49411604	-0.1191431	0.15874878	-0.2015682	-0.3093038	0.2643047	0.23412956	-0.39873284	-0.21379003	0.2029245	-0.11928385	0.999999	0.19715965	-0.30085313	0.19131799
-0.4496642	0.01757886	-0.13822958	0.096165694	0.12216384	0.04109007	-0.2244186	0.14101529	-0.2582513	0.010829981	-0.1965684	-0.15184319	0.17733426	-0.56385785	-0.27793646	0.20466012	0.1477791	-0.12123931	-0.12421027	0.2876331	-0.27528822	0.19715965	0.9999989	-0.13586546	0.26043728
0.23024349	-0.38397628	0.13406669	-0.40284204	-0.14694534	0.28045103	0.280492	-0.3059276	0.19813849	-0.39650655	0.24879783	-0.013792362	-0.08214048	0.19645154	0.25419545	-0.24669261	-0.3322186	0.2740451	0.27714187	-0.22310218	0.136551	-0.30085313	-0.13586546	0.9999989	-0.1546201
-0.26561937	-0.11212299	-0.0029544344	0.10595098	0.020670803	0.017947523	-0.23567623	0.06540387	-0.14459157	0.010626977	-0.08580835	-0.42177498	0.2961505	-0.2766372	-0.27482772	0.19571175	0.15266874	-0.1956708	-0.1001603	0.2702581	-0.4652739	0.19131799	0.26043728	-0.1546201	0.9999989
