1.0	0.21062905	-0.3060202	-0.2799237	-0.23799236	-0.39804372	-0.21152249	0.24587497	-0.40397617	0.27234316	0.28302002	-0.40597028	0.23223437	-0.09367039	0.22920425	-0.11362623	-0.32450595	0.16387522	0.30313092	-0.4103218	0.24938995	0.19340472	0.086404316	-0.35093704	-0.16692711
0.21062905	0.99999976	-0.31323713	-0.4433546	-0.46609205	-0.30379236	-0.32723346	0.30177185	-0.24605024	0.27118963	0.26563302	-0.06058538	0.11985543	-0.22326942	0.28492647	-0.22836955	-0.33639562	0.2752671	0.26260343	-0.23839201	0.17408594	0.21684536	0.1471405	-0.2795823	-0.36723644
-0.3060202	-0.31323713	1.0	0.28351942	0.26571935	0.2972241	0.24569033	-0.36493328	0.29221383	-0.40726265	-0.35300463	0.21196225	-0.31292796	0.24535902	-0.1881452	0.2537886	0.28550932	-0.2920488	-0.32604274	0.29360384	-0.31011608	-0.39060938	-0.23195131	0.23134774	0.17212205
-0.2799237	-0.4433546	0.28351942	0.9999998	0.28342667	0.26675674	0.19696505	-0.40432325	0.24016953	-0.28653187	-0.45791572	0.15681428	-0.23389947	0.2200459	-0.26022887	0.24070828	0.2802921	-0.31076217	-0.34135026	0.28444773	-0.117708005	-0.19280073	-0.26938128	0.2289591	0.23474988
-0.23799236	-0.46609205	0.26571935	0.28342667	0.9999998	0.2981013	0.21817234	-0.39673805	0.27046108	-0.2557984	-0.42616972	0.092706956	-0.06105151	0.18861134	-0.31733704	0.16659847	0.23679827	-0.27533212	-0.36199334	0.2626129	-0.2536152	-0.28000185	-0.084538296	0.2844898	0.22683127
-0.39804372	-0.30379236	0.2972241	0.26675674	0.2981013	0.9999999	0.24398261	-0.419996	0.31091174	-0.30745316	-0.3401734	0.1676685	-0.19086058	0.20377748	-0.33643687	0.18862249	0.2596419	-0.3152411	-0.3098313	0.30118042	-0.37305376	-0.30356386	-0.09496504	0.28933886	0.21376115
-0.21152249	-0.32723346	0.24569033	0.19696505	0.21817234	0.24398261	1.0000001	-0.192206	0.25535318	-0.19904098	-0.11637575	0.16758874	-0.15227069	0.2885731	-0.34896195	0.24401098	0.16016963	-0.20954502	-0.22993708	0.17233963	-0.46259415	-0.43333778	-0.39057678	0.21669202	0.12726419
0.24587497	0.30177185	-0.36493328	-0.40432325	-0.39673805	-0.419996	-0.192206	0.9999999	-0.31895372	0.29580134	0.2981747	-0.07407201	0.15126213	-0.23366442	0.26246142	-0.30462426	-0.3380845	0.27921778	0.28435448	-0.377874	0.19123445	0.22799747	0.14875837	-0.3061431	-0.2506372
-0.40397617	-0.24605024	0.29221383	0.24016953	0.27046108	0.31091174	0.25535318	-0.31895372	0.9999998	-0.38946655	-0.25258744	0.1965258	-0.18674122	0.1865635	-0.28806582	0.17732178	0.26106173	-0.20624675	-0.4423266	0.2777997	-0.4355689	-0.30560118	-0.12521091	0.2941443	0.175079
0.27234316	0.27118963	-0.40726265	-0.28653187	-0.2557984	-0.30745316	-0.19904098	0.29580134	-0.38946655	0.99999994	0.2797121	-0.12982886	0.19717969	-0.18543692	0.25617704	-0.17186928	-0.50011647	0.2516582	0.28627107	-0.43948328	0.19332404	0.19693854	0.10012199	-0.2971268	-0.30517113
0.28302002	0.26563302	-0.35300463	-0.45791572	-0.42616972	-0.3401734	-0.11637575	0.2981747	-0.25258744	0.2797121	1.0	-0.23621196	0.20119254	-0.16928494	0.22247474	-0.16610317	-0.33446148	0.22231303	0.2913547	-0.46842754	0.17783366	0.19117737	0.11199472	-0.2920186	-0.18580297
-0.40597028	-0.06058538	0.21196225	0.15681428	0.092706956	0.1676685	0.16758874	-0.07407201	0.1965258	-0.12982886	-0.23621196	1.0000001	-0.5942584	0.12887989	-0.12132258	0.16729786	0.20841186	-0.036654912	-0.30918625	0.18256558	-0.26458013	-0.2817244	-0.18959798	0.110382766	-0.009172769
0.23223437	0.11985543	-0.31292796	-0.23389947	-0.06105151	-0.19086058	-0.15227069	0.15126213	-0.18674122	0.19717969	0.20119254	-0.5942584	1.0	-0.17130005	0.14437011	-0.32900143	-0.40399447	0.13992661	0.22432362	-0.24932623	0.14041921	0.21395755	0.1842241	-0.07416083	-0.10042544
-0.09367039	-0.22326942	0.24535902	0.2200459	0.18861134	0.20377748	0.2885731	-0.23366442	0.1865635	-0.18543692	-0.16928494	0.12887989	-0.17130005	1.0000001	-0.28793922	0.29856765	0.14321898	-0.37503114	-0.1527888	0.17838836	-0.25754887	-0.43194953	-0.54865986	0.15514606	0.14995311
0.22920425	0.28492647	-0.1881452	-0.26022887	-0.31733704	-0.33643687	-0.34896195	0.26246142	-0.28806582	0.25617704	0.22247474	-0.12132258	0.14437011	-0.28793922	1.0	-0.1992509	-0.2455413	0.26516017	0.25066942	-0.26307207	0.19975768	0.20405051	0.14140028	-0.456763	-0.46591204
-0.11362623	-0.22836955	0.2537886	0.24070828	0.16659847	0.18862249	0.24401098	-0.30462426	0.17732178	-0.17186928	-0.16610317	0.16729786	-0.32900143	0.29856765	-0.1992509	1.0000001	0.19130726	-0.34470716	-0.25425655	0.17976911	-0.12582517	-0.40772137	-0.53663737	0.14365277	0.14936276
-0.32450595	-0.33639562	0.28550932	0.2802921	0.23679827	0.2596419	0.16016963	-0.3380845	0.26106173	-0.50011647	-0.33446148	0.20841186	-0.40399447	0.14321898	-0.2455413	0.19130726	0.99999994	-0.21319413	-0.3972623	0.29180786	-0.1265291	-0.19875868	-0.091962904	0.22017044	0.20564187
0.16387522	0.2752671	-0.2920488	-0.31076217	-0.27533212	-0.3152411	-0.20954502	0.27921778	-0.20624675	0.2516582	0.22231303	-0.036654912	0.13992661	-0.37503114	0.26516017	-0.34470716	-0.21319413	1.0000001	0.1978353	-0.3613277	0.11880505	0.20762737	0.18314284	-0.15148358	-0.4889198
0.30313092	0.26260343	-0.32604274	-0.34135026	-0.36199334	-0.3098313	-0.22993708	0.28435448	-0.4423266	0.28627107	0.2913547	-0.30918625	0.22432362	-0.1527888	0.25066942	-0.25425655	-0.3972623	0.1978353	1.0000001	-0.29858834	0.24011312	0.23862937	0.14376163	-0.39695168	-0.1706112
-0.4103218	-0.23839201	0.29360384	0.28444773	0.2626129	0.30118042	0.17233963	-0.377874	0.2777997	-0.43948328	-0.46842754	0.18256558	-0.24932623	0.17838836	-0.26307207	0.17976911	0.29180786	-0.3613277	-0.29858834	1.0000004	-0.2330209	-0.17487966	-0.10687448	0.24860135	0.21674111
0.24938995	0.17408594	-0.31011608	-0.117708005	-0.2536152	-0.37305376	-0.46259415	0.19123445	-0.4355689	0.19332404	0.17783366	-0.26458013	0.14041921	-0.25754887	0.19975768	-0.12582517	-0.1265291	0.11880505	0.24011312	-0.2330209	1.0000001	0.26547658	0.15667868	-0.3387237	-0.005751947
0.19340472	0.21684536	-0.39060938	-0.19280073	-0.28000185	-0.30356386	-0.43333778	0.22799747	-0.30560118	0.19693854	0.19117737	-0.2817244	0.21395755	-0.43194953	0.20405051	-0.40772137	-0.19875868	0.20762737	0.23862937	-0.17487966	0.26547658	0.99999994	0.2728258	-0.15584408	-0.07487993
0.086404316	0.1471405	-0.23195131	-0.26938128	-0.084538296	-0.09496504	-0.39057678	0.14875837	-0.12521091	0.10012199	0.11199472	-0.18959798	0.1842241	-0.54865986	0.14140028	-0.53663737	-0.091962904	0.18314284	0.14376163	-0.10687448	0.15667868	0.2728258	1.0	-0.0798312	-0.054315932
-0.35093704	-0.2795823	0.23134774	0.2289591	0.2844898	0.28933886	0.21669202	-0.3061431	0.2941443	-0.2971268	-0.2920186	0.110382766	-0.07416083	0.15514606	-0.456763	0.14365277	0.22017044	-0.15148358	-0.39695168	0.24860135	-0.3387237	-0.15584408	-0.0798312	1.0	0.20633247
-0.16692711	-0.36723644	0.17212205	0.23474988	0.22683127	0.21376115	0.12726419	-0.2506372	0.175079	-0.30517113	-0.18580297	-0.009172769	-0.10042544	0.14995311	-0.46591204	0.14936276	0.20564187	-0.4889198	-0.1706112	0.21674111	-0.005751947	-0.07487993	-0.054315932	0.20633247	1.0
