1.0000001	-0.2383292	0.2887151	0.0021701187	0.26823696	-0.33480102	0.27083716	-0.13837884	-0.09112503	-0.3938777	-0.34820005	-0.1415597	-0.32181698	0.018249659	-0.48324966	0.25904596	0.27453655	0.09051555	-0.08768042	0.24068786	-0.39675725	-0.049619246	0.30159706	0.13632657	0.15899654
-0.2383292	0.9999999	-0.26994446	-0.1209552	-0.21247481	0.24783158	-0.4556991	0.21718322	-0.07644381	0.27737597	0.22972971	0.17137331	0.26381597	0.13656735	0.20961818	-0.37279996	-0.23760545	-0.233854	-0.045940977	-0.31427535	0.26975983	0.16158028	-0.33596465	-0.1473795	-0.39639172
0.2887151	-0.26994446	0.9999998	-7.225698e-5	0.28486946	-0.31252483	0.25003016	-0.025009558	-0.23176312	-0.28057882	-0.24319585	-0.04941779	-0.3277235	0.043557454	-0.48440215	0.24704067	0.2730647	0.015050343	-0.29344124	0.20831344	-0.29028085	-0.021168005	0.3048713	0.049456455	0.10044234
0.0021701187	-0.1209552	-7.225698e-5	0.9999999	-0.1055337	-0.20079748	0.06606744	-0.19725701	0.16186234	-0.06476145	0.0030652129	-0.46564835	0.03355041	-0.4637609	0.018419527	0.13582115	-0.05102124	0.28329927	0.24050328	0.031267922	-0.108742185	-0.45338306	-0.076142736	0.25736022	0.2440687
0.26823696	-0.21247481	0.28486946	-0.1055337	1.0	-0.20768031	0.24318707	-0.024182852	-0.17777073	-0.37015837	-0.38929036	0.061766587	-0.41593185	0.14366458	-0.4378261	0.19886693	0.29858977	-0.05243768	-0.27546927	0.20618592	-0.13018946	0.0034471573	0.28429216	-0.0519938	0.056841828
-0.33480102	0.24783158	-0.31252483	-0.20079748	-0.20768031	0.9999999	-0.20661962	0.17543148	-0.045359645	0.2512187	0.19199538	0.19217806	0.24083386	0.10059164	0.2312396	-0.34207258	-0.23976268	-0.103035435	-0.018762924	-0.30854523	0.29929194	0.13999301	-0.33584553	-0.43638518	-0.27356163
0.27083716	-0.4556991	0.25003016	0.06606744	0.24318707	-0.20661962	0.9999999	-0.120094426	-0.115081735	-0.37835038	-0.39361075	-0.16017832	-0.40499642	-0.04812705	-0.2271914	0.2696525	0.27063745	0.09693084	-0.07361315	0.26495522	-0.289253	-0.099537976	0.28220817	0.11876604	0.21599668
-0.13837884	0.21718322	-0.025009558	-0.19725701	-0.024182852	0.17543148	-0.120094426	0.9999997	-0.49247444	0.09063353	0.016327046	0.2285941	0.09947791	0.25107566	0.0714475	-0.14880176	0.0059994934	-0.32514724	-0.35681683	-0.20137334	0.1946995	0.1824278	-0.060584754	-0.25062174	-0.39822784
-0.09112503	-0.07644381	-0.23176312	0.16186234	-0.17777073	-0.045359645	-0.115081735	-0.49247444	0.9999997	0.0904122	0.15027966	-0.21061777	0.08797752	-0.29816574	0.111416295	-0.08343162	-0.17490241	0.1887723	0.28771758	0.008031846	-0.08041841	-0.0898362	-0.19018045	0.1845471	0.168626
-0.3938777	0.27737597	-0.28057882	-0.06476145	-0.37015837	0.2512187	-0.37835038	0.09063353	0.0904122	0.9999997	0.28258172	0.12512486	0.2768186	0.022520619	0.26901418	-0.4567853	-0.3915212	-0.14459364	0.07342085	-0.23305535	0.2341714	0.152648	-0.2559763	-0.13939014	-0.27467903
-0.34820005	0.22972971	-0.24319585	0.0030652129	-0.38929036	0.19199538	-0.39361075	0.016327046	0.15027966	0.28258172	0.99999976	0.01961049	0.3025251	-0.105588034	0.2609319	-0.20677511	-0.51696426	0.003490604	0.15775962	-0.3180708	0.17482306	0.047009457	-0.35001448	-0.009822625	-0.17083801
-0.1415597	0.17137331	-0.04941779	-0.46564835	0.061766587	0.19217806	-0.16017832	0.2285941	-0.21061777	0.12512486	0.01961049	0.99999976	0.009006091	0.2783095	0.05755863	-0.25124243	-0.061868433	-0.44010988	-0.22449242	-0.022972288	0.18672016	0.28203	-0.019920478	-0.43554747	-0.29897723
-0.32181698	0.26381597	-0.3277235	0.03355041	-0.41593185	0.24083386	-0.40499642	0.09947791	0.08797752	0.2768186	0.3025251	0.009006091	0.99999976	-0.06680417	0.2756949	-0.22040398	-0.33629873	-0.02006167	0.114073545	-0.42029935	0.23828268	0.012288753	-0.41690013	-0.088238664	-0.18122569
0.018249659	0.13656735	0.043557454	-0.4637609	0.14366458	0.10059164	-0.04812705	0.25107566	-0.29816574	0.022520619	-0.105588034	0.2783095	-0.06680417	0.9999996	-0.067380846	-0.09552978	0.10347215	-0.42454112	-0.39134964	-0.052042518	0.12628593	0.23674795	0.052215736	-0.27016374	-0.352617
-0.48324966	0.20961818	-0.48440215	0.018419527	-0.4378261	0.2312396	-0.2271914	0.0714475	0.111416295	0.26901418	0.2609319	0.05755863	0.2756949	-0.067380846	0.99999934	-0.24376489	-0.34253335	-0.08634361	0.15231639	-0.16263026	0.22000353	0.03275595	-0.3912025	-0.06411336	-0.112810925
0.25904596	-0.37279996	0.24704067	0.13582115	0.19886693	-0.34207258	0.2696525	-0.14880176	-0.08343162	-0.4567853	-0.20677511	-0.25124243	-0.22040398	-0.09552978	-0.24376489	0.9999991	0.23915058	0.16535358	-0.062114064	0.16385092	-0.3516541	-0.2924626	0.23379953	0.17892589	0.24094471
0.27453655	-0.23760545	0.2730647	-0.05102124	0.29858977	-0.23976268	0.27063745	0.0059994934	-0.17490241	-0.3915212	-0.51696426	-0.061868433	-0.33629873	0.10347215	-0.34253335	0.23915058	0.9999991	0.023786992	-0.27091092	0.19136196	-0.16493756	-0.11286835	0.27730185	0.049581826	0.11956696
0.09051555	-0.233854	0.015050343	0.28329927	-0.05243768	-0.103035435	0.09693084	-0.32514724	0.1887723	-0.14459364	0.003490604	-0.44010988	-0.02006167	-0.42454112	-0.08634361	0.16535358	0.023786992	0.9999991	0.22813521	-0.011853996	-0.16886248	-0.48312697	0.026840894	0.2297092	0.27552536
-0.08768042	-0.045940977	-0.29344124	0.24050328	-0.27546927	-0.018762924	-0.07361315	-0.35681683	0.28771758	0.07342085	0.15775962	-0.22449242	0.114073545	-0.39134964	0.15231639	-0.062114064	-0.27091092	0.22813521	0.99999905	-0.008743439	-0.027984878	-0.24968672	-0.16349651	0.18806453	0.17075776
0.24068786	-0.31427535	0.20831344	0.031267922	0.20618592	-0.30854523	0.26495522	-0.20137334	0.008031846	-0.23305535	-0.3180708	-0.022972288	-0.42029935	-0.052042518	-0.16263026	0.16385092	0.19136196	-0.011853996	-0.008743439	0.99999875	-0.3849088	0.04917981	0.25763315	0.13484217	0.16346087
-0.39675725	0.26975983	-0.29028085	-0.108742185	-0.13018946	0.29929194	-0.289253	0.1946995	-0.08041841	0.2341714	0.17482306	0.18672016	0.23828268	0.12628593	0.22000353	-0.3516541	-0.16493756	-0.16886248	-0.027984878	-0.3849088	0.9999986	0.06317884	-0.34651944	-0.33947217	-0.22431429
-0.049619246	0.16158028	-0.021168005	-0.45338306	0.0034471573	0.13999301	-0.099537976	0.1824278	-0.0898362	0.152648	0.047009457	0.28203	0.012288753	0.23674795	0.03275595	-0.2924626	-0.11286835	-0.48312697	-0.24968672	0.04917981	0.06317884	0.99999887	-0.005702989	-0.25824887	-0.33779526
0.30159706	-0.33596465	0.3048713	-0.076142736	0.28429216	-0.33584553	0.28220817	-0.060584754	-0.19018045	-0.2559763	-0.35001448	-0.019920478	-0.41690013	0.052215736	-0.3912025	0.23379953	0.27730185	0.026840894	-0.16349651	0.25763315	-0.34651944	-0.005702989	0.9999987	0.076426074	0.12731823
0.13632657	-0.1473795	0.049456455	0.25736022	-0.0519938	-0.43638518	0.11876604	-0.25062174	0.1845471	-0.13939014	-0.009822625	-0.43554747	-0.088238664	-0.27016374	-0.06411336	0.17892589	0.049581826	0.2297092	0.18806453	0.13484217	-0.33947217	-0.25824887	0.076426074	0.9999987	0.24962376
0.15899654	-0.39639172	0.10044234	0.2440687	0.056841828	-0.27356163	0.21599668	-0.39822784	0.168626	-0.27467903	-0.17083801	-0.29897723	-0.18122569	-0.352617	-0.112810925	0.24094471	0.11956696	0.27552536	0.17075776	0.16346087	-0.22431429	-0.33779526	0.12731823	0.24962376	0.9999987
