1.0	-0.03046104	0.17505348	-0.13433495	-0.30783513	-0.39891085	0.24823621	0.22637941	-0.17756261	-0.07615577	-0.38281614	0.18651241	0.0037738746	-0.4318685	0.25324667	0.22058389	-0.31049106	0.0401538	0.2525211	0.09637035	-0.27812612	0.12098116	-0.21196885	-0.10292968	0.2618957
-0.03046104	0.9999995	0.1169642	-0.004450247	-0.16734128	-0.06258834	-0.0064505907	0.16423891	0.21982421	-0.43740618	0.03021569	0.205286	-0.38691992	-0.2624768	0.07111373	-0.19489695	0.14121948	0.23511437	0.10469215	-0.13952851	-0.22890396	0.27021518	-0.09426409	-0.4038385	0.061531514
0.17505348	0.1169642	0.9999995	-0.4667498	-0.18601614	-0.19510844	0.23622046	0.22250545	-0.092728525	-0.08042899	-0.42526287	0.21688588	-0.0813839	-0.2259757	0.26394612	0.16843656	-0.15345597	0.02773501	0.2310183	0.09050203	-0.21460664	0.1544317	-0.4792347	-0.12735972	0.24562608
-0.13433495	-0.004450247	-0.4667498	0.99999946	0.15523583	0.23976855	-0.42812005	-0.22927926	0.17576377	-0.019549154	0.22661765	-0.2580344	-0.02953776	0.18732047	-0.36173436	-0.3895075	0.25182858	0.023978764	-0.27631405	-0.18015735	0.17010301	-0.08571747	0.2970684	0.09179531	-0.2219437
-0.30783513	-0.16734128	-0.18601614	0.15523583	0.99999946	0.2416452	-0.2237027	-0.28228942	-0.10778672	0.22742465	0.13819316	-0.36144647	0.18839858	0.286167	-0.33948407	-0.17821316	0.10229227	-0.2831974	-0.422307	0.14178394	0.3082052	-0.32457703	0.23621854	0.28161	-0.39703152
-0.39891085	-0.06258834	-0.19510844	0.23976855	0.2416452	0.99999934	-0.4023143	-0.46823567	0.09738572	0.06988777	0.16194011	-0.36008003	0.096820295	0.26941225	-0.4258747	-0.2797763	0.21714684	-0.0968636	-0.19096977	-0.057908986	0.26965794	-0.19497028	0.26182166	0.17298298	-0.24538462
0.24823621	-0.0064505907	0.23622046	-0.42812005	-0.2237027	-0.4023143	0.99999946	0.2737047	-0.20469186	-0.03303129	-0.16739616	0.24572244	-0.0753562	-0.34133494	0.29215252	0.27325603	-0.35869965	0.07569185	0.24249373	0.067611665	-0.27893734	0.1298785	-0.3244125	-0.1389566	0.25458136
0.22637941	0.16423891	0.22250545	-0.22927926	-0.28228942	-0.46823567	0.2737047	0.99999934	0.000321361	-0.15611735	-0.12090075	0.31088662	-0.20033227	-0.33844385	0.29082486	0.17070183	-0.18744206	0.14300975	0.24671675	-0.02132185	-0.4508409	0.22414814	-0.38474286	-0.31673288	0.2575181
-0.17756261	0.21982421	-0.092728525	0.17576377	-0.10778672	0.09738572	-0.20469186	0.000321361	0.99999917	-0.24532203	0.19710876	0.07169889	-0.2685772	0.00013229816	-0.06760965	-0.3624884	0.24955836	0.21499237	-0.05854001	-0.49824435	-0.10728272	0.17114004	0.086887054	-0.26662636	-0.046457883
-0.07615577	-0.43740618	-0.08042899	-0.019549154	0.22742465	0.06988777	-0.03303129	-0.15611735	-0.24532203	0.9999991	0.0074434364	-0.14655319	0.27869108	0.20194311	-0.171912	0.10036349	-0.13514666	-0.47919804	-0.21000479	0.23102394	0.20077272	-0.46419534	0.08893519	0.26113456	-0.16012833
-0.38281614	0.03021569	-0.42526287	0.22661765	0.13819316	0.16194011	-0.16739616	-0.12090075	0.19710876	0.0074434364	0.99999917	-0.09009405	-0.12534952	0.1769669	-0.2775333	-0.18159056	0.24622975	0.06765734	-0.3249529	-0.24197397	0.10906426	-0.100701	0.25350302	0.007943244	-0.38542384
0.18651241	0.205286	0.21688588	-0.2580344	-0.36144647	-0.36008003	0.24572244	0.31088662	0.07169889	-0.14655319	-0.09009405	0.99999905	-0.2944945	-0.35546717	0.26528358	0.10648229	-0.11270334	0.18283783	0.25124878	-0.107814685	-0.35393378	0.25388795	-0.31256762	-0.43301788	0.24897526
0.0037738746	-0.38691992	-0.0813839	-0.02953776	0.18839858	0.096820295	-0.0753562	-0.20033227	-0.2685772	0.27869108	-0.12534952	-0.2944945	0.99999905	0.17387763	-0.058275398	0.11488649	-0.20432386	-0.5168373	-0.067557156	0.24652044	0.19487302	-0.33173454	0.029308574	0.26423362	-0.08616999
-0.4318685	-0.2624768	-0.2259757	0.18732047	0.286167	0.26941225	-0.34133494	-0.33844385	0.00013229816	0.20194311	0.1769669	-0.35546717	0.17387763	0.9999989	-0.24383011	-0.124760315	0.11837297	-0.2002125	-0.37641555	0.026459679	0.28856057	-0.33798876	0.24010147	0.24834481	-0.25764892
0.25324667	0.07111373	0.26394612	-0.36173436	-0.33948407	-0.4258747	0.29215252	0.29082486	-0.06760965	-0.171912	-0.2775333	0.26528358	-0.058275398	-0.24383011	0.9999989	0.22389208	-0.32260165	0.085035734	0.2838612	0.034757547	-0.30208975	0.19083622	-0.3937486	-0.21817671	0.3008228
0.22058389	-0.19489695	0.16843656	-0.3895075	-0.17821316	-0.2797763	0.27325603	0.17070183	-0.3624884	0.10036349	-0.18159056	0.10648229	0.11488649	-0.124760315	0.22389208	0.999999	-0.36749366	-0.034364413	0.1914508	0.1396252	-0.22394946	-0.06421441	-0.2539395	-0.008405731	0.2037232
-0.31049106	0.14121948	-0.15345597	0.25182858	0.10229227	0.21714684	-0.35869965	-0.18744206	0.24955836	-0.13514666	0.24622975	-0.11270334	-0.20432386	0.11837297	-0.32260165	-0.36749366	0.999999	0.09553089	-0.24155766	-0.26519153	0.09925381	0.05757812	0.22886814	-0.009853682	-0.31959137
0.0401538	0.23511437	0.02773501	0.023978764	-0.2831974	-0.0968636	0.07569185	0.14300975	0.21499237	-0.47919804	0.06765734	0.18283783	-0.5168373	-0.2002125	0.085035734	-0.034364413	0.09553089	0.999999	0.12972614	-0.42072117	-0.20968497	0.27527684	-0.030474331	-0.28412253	0.121904895
0.2525211	0.10469215	0.2310183	-0.27631405	-0.422307	-0.19096977	0.24249373	0.24671675	-0.05854001	-0.21000479	-0.3249529	0.25124878	-0.067557156	-0.37641555	0.2838612	0.1914508	-0.24155766	0.12972614	0.99999917	-0.062218364	-0.3030747	0.2211992	-0.33806387	-0.32062897	0.31305033
0.09637035	-0.13952851	0.09050203	-0.18015735	0.14178394	-0.057908986	0.067611665	-0.02132185	-0.49824435	0.23102394	-0.24197397	-0.107814685	0.24652044	0.026459679	0.034757547	0.1396252	-0.26519153	-0.42072117	-0.062218364	0.999999	0.12931415	-0.28205428	-0.08244339	0.19908054	-0.04874508
-0.27812612	-0.22890396	-0.21460664	0.17010301	0.3082052	0.26965794	-0.27893734	-0.4508409	-0.10728272	0.20077272	0.10906426	-0.35393378	0.19487302	0.28856057	-0.30208975	-0.22394946	0.09925381	-0.20968497	-0.3030747	0.12931415	0.9999988	-0.3258488	0.24979435	0.2844485	-0.32132104
0.12098116	0.27021518	0.1544317	-0.08571747	-0.32457703	-0.19497028	0.1298785	0.22414814	0.17114004	-0.46419534	-0.100701	0.25388795	-0.33173454	-0.33798876	0.19083622	-0.06421441	0.05757812	0.27527684	0.2211992	-0.28205428	-0.3258488	0.99999857	-0.19508862	-0.32061163	0.20245752
-0.21196885	-0.09426409	-0.4792347	0.2970684	0.23621854	0.26182166	-0.3244125	-0.38474286	0.086887054	0.08893519	0.25350302	-0.31256762	0.029308574	0.24010147	-0.3937486	-0.2539395	0.22886814	-0.030474331	-0.33806387	-0.08244339	0.24979435	-0.19508862	0.99999875	0.17019694	-0.35288975
-0.10292968	-0.4038385	-0.12735972	0.09179531	0.28161	0.17298298	-0.1389566	-0.31673288	-0.26662636	0.26113456	0.007943244	-0.43301788	0.26423362	0.24834481	-0.21817671	-0.008405731	-0.009853682	-0.28412253	-0.32062897	0.19908054	0.2844485	-0.32061163	0.17019694	0.9999986	-0.2624933
0.2618957	0.061531514	0.24562608	-0.2219437	-0.39703152	-0.24538462	0.25458136	0.2575181	-0.046457883	-0.16012833	-0.38542384	0.24897526	-0.08616999	-0.25764892	0.3008228	0.2037232	-0.31959137	0.121904895	0.31305033	-0.04874508	-0.32132104	0.20245752	-0.35288975	-0.2624933	0.9999986
