1.0	-0.004597771	0.28042388	0.24628824	0.12529884	-0.26992708	0.09530982	0.1431085	-0.43506387	-0.294799	-0.24959594	-0.15207957	-0.104504816	0.1599603	-0.38553625	-0.074736536	0.1331716	-0.18502972	-0.025933087	0.12668693	0.27730888	0.12577988	-0.47538126	0.19463849	-0.100960866
-0.004597771	0.99999994	0.031296693	0.0028040973	0.23040456	-0.11022646	0.22998387	-0.34134567	-0.04486784	0.0703325	-0.29469144	0.2756405	-0.124849364	-0.3971957	0.103677034	-0.1946951	-0.33617216	0.25312307	-0.31161058	0.2399571	0.032019272	0.22409882	0.08890525	0.14977719	-0.43484965
0.28042388	0.031296693	0.9999997	0.27197117	0.1318303	-0.2695258	0.10312206	0.102386616	-0.27203068	-0.36235878	-0.36420894	-0.018182058	-0.27036625	0.06401342	-0.31109184	-0.09929001	0.079683065	-0.06251354	0.0034284857	0.15118217	0.26916838	0.21358187	-0.49339637	0.22820221	-0.15690598
0.24628824	0.0028040973	0.27197117	0.9999997	0.13557346	-0.5809181	0.12769058	0.019250544	-0.29488263	-0.20433167	-0.2316679	-0.011086736	-0.3998425	0.11057508	-0.2353458	-0.13737698	0.030735977	-0.03298633	-0.024903562	0.16182856	0.199522	0.21635287	-0.31006286	0.2717742	-0.103683546
0.12529884	0.23040456	0.1318303	0.13557346	0.99999976	-0.114997715	0.2994516	-0.13734257	-0.22971043	-0.018435476	-0.33803385	0.17846765	-0.35318893	-0.08403544	-0.087044135	-0.35464382	-0.17839627	0.17041512	-0.419604	0.29681033	0.14064483	0.23244035	-0.026783545	0.22970782	-0.4921235
-0.26992708	-0.11022646	-0.2695258	-0.5809181	-0.114997715	0.9999998	-0.16304986	0.039471395	0.2389536	0.11185019	0.23152903	-0.07094912	0.26179808	-0.07551992	0.13409197	0.12963727	0.01887333	-0.022631478	0.070565276	-0.16784883	-0.13310042	-0.39239997	0.21041045	-0.44144574	0.14765093
0.09530982	0.22998387	0.10312206	0.12769058	0.2994516	-0.16304986	1.0000001	-0.27216545	-0.10673808	0.06980849	-0.29297143	0.21181986	-0.32957965	-0.10169977	0.013545034	-0.49225506	-0.21139647	0.18942745	-0.49088764	0.30916855	0.054450978	0.22999917	-0.036665894	0.19473012	-0.3159466
0.1431085	-0.34134567	0.102386616	0.019250544	-0.13734257	0.039471395	-0.27216545	1.0	-0.15480785	-0.39473626	0.064458266	-0.39370695	0.10320806	0.22930066	-0.37482342	0.20584694	0.27959168	-0.24358217	0.24882802	-0.21661645	0.16618954	-0.12656268	-0.16810732	-0.056976963	0.14485593
-0.43506387	-0.04486784	-0.27203068	-0.29488263	-0.22971043	0.2389536	-0.10673808	-0.15480785	1.0	0.21643738	0.25024638	-0.0014797618	0.2217285	-0.08211765	0.24820364	0.11162868	-0.034208585	0.044759598	0.0433343	-0.23220803	-0.4137602	-0.24373066	0.22704607	-0.4418339	0.1736025
-0.294799	0.0703325	-0.36235878	-0.20433167	-0.018435476	0.11185019	0.06980849	-0.39473626	0.21643738	0.9999998	0.15387143	0.16030681	0.051423624	-0.12100946	0.2866301	-0.11491762	-0.31154418	0.19444647	-0.22897364	0.008999725	-0.4332804	-0.07159526	0.24177705	-0.07681761	0.015089402
-0.24959594	-0.29469144	-0.36420894	-0.2316679	-0.33803385	0.23152903	-0.29297143	0.064458266	0.25024638	0.15387143	0.99999976	-0.1613011	0.27411348	0.076573506	0.11864088	0.20343804	0.06556615	-0.04447989	0.16160798	-0.32159352	-0.29445428	-0.41637108	0.1647383	-0.31975195	0.26370504
-0.15207957	0.2756405	-0.018182058	-0.011086736	0.17846765	-0.07094912	0.21181986	-0.39370695	-0.0014797618	0.16030681	-0.1613011	0.9999997	-0.22436996	-0.43988892	0.19078037	-0.31227103	-0.42336574	0.2950156	-0.20152697	0.2181447	-0.10726746	0.20583576	0.160482	0.12090951	-0.22689919
-0.104504816	-0.124849364	-0.27036625	-0.3998425	-0.35318893	0.26179808	-0.32957965	0.10320806	0.2217285	0.051423624	0.27411348	-0.22436996	0.9999995	0.08063993	0.053981036	0.2345213	0.1203099	-0.10361557	0.17961724	-0.31450462	-0.15082614	-0.37718177	0.10036135	-0.44489008	0.23158395
0.1599603	-0.3971957	0.06401342	0.11057508	-0.08403544	-0.07551992	-0.10169977	0.22930066	-0.08211765	-0.12100946	0.076573506	-0.43988892	0.08063993	0.99999946	-0.3171537	0.16993433	0.2819735	-0.39673424	0.17566507	-0.20517083	0.08044174	-0.23709665	-0.26162496	-0.0047374694	0.1384664
-0.38553625	0.103677034	-0.31109184	-0.2353458	-0.087044135	0.13409197	0.013545034	-0.37482342	0.24820364	0.2866301	0.11864088	0.19078037	0.053981036	-0.3171537	0.9999996	-0.015568827	-0.2236036	0.17955004	-0.1255497	-0.0059760544	-0.45841214	-0.015645355	0.26632857	-0.13158149	0.051977053
-0.074736536	-0.1946951	-0.09929001	-0.13737698	-0.35464382	0.12963727	-0.49225506	0.20584694	0.11162868	-0.11491762	0.20343804	-0.31227103	0.2345213	0.16993433	-0.015568827	0.9999995	0.238721	-0.35875258	0.29006404	-0.46599263	-0.089229316	-0.23193623	-0.019935908	-0.14568777	0.25749865
0.1331716	-0.33617216	0.079683065	0.030735977	-0.17839627	0.01887333	-0.21139647	0.27959168	-0.034208585	-0.31154418	0.06556615	-0.42336574	0.1203099	0.2819735	-0.2236036	0.238721	0.9999994	-0.5170444	0.2516132	-0.25384435	0.11824277	-0.1864274	-0.24189682	-0.08409976	0.19515897
-0.18502972	0.25312307	-0.06251354	-0.03298633	0.17041512	-0.022631478	0.18942745	-0.24358217	0.044759598	0.19444647	-0.04447989	0.2950156	-0.10361557	-0.39673424	0.17955004	-0.35875258	-0.5170444	0.99999946	-0.2824715	0.20536311	-0.1350008	0.15912177	0.17577209	0.055935133	-0.2988933
-0.025933087	-0.31161058	0.0034284857	-0.024903562	-0.419604	0.070565276	-0.49088764	0.24882802	0.0433343	-0.22897364	0.16160798	-0.20152697	0.17961724	0.17566507	-0.1255497	0.29006404	0.2516132	-0.2824715	0.99999934	-0.41448286	0.04128474	-0.21752568	-0.06343849	-0.12562701	0.24794921
0.12668693	0.2399571	0.15118217	0.16182856	0.29681033	-0.16784883	0.30916855	-0.21661645	-0.23220803	0.008999725	-0.32159352	0.2181447	-0.31450462	-0.20517083	-0.0059760544	-0.46599263	-0.25384435	0.20536311	-0.41448286	0.99999934	0.116606474	0.2759209	-0.08168726	0.22247614	-0.306237
0.27730888	0.032019272	0.26916838	0.199522	0.14064483	-0.13310042	0.054450978	0.16618954	-0.4137602	-0.4332804	-0.29445428	-0.10726746	-0.15082614	0.08044174	-0.45841214	-0.089229316	0.11824277	-0.1350008	0.04128474	0.116606474	0.99999946	0.14169762	-0.21308647	0.17964007	-0.16289918
0.12577988	0.22409882	0.21358187	0.21635287	0.23244035	-0.39239997	0.22999917	-0.12656268	-0.24373066	-0.07159526	-0.41637108	0.20583576	-0.37718177	-0.23709665	-0.015645355	-0.23193623	-0.1864274	0.15912177	-0.21752568	0.2759209	0.14169762	0.9999997	-0.13550042	0.27529573	-0.25456944
-0.47538126	0.08890525	-0.49339637	-0.31006286	-0.026783545	0.21041045	-0.036665894	-0.16810732	0.22704607	0.24177705	0.1647383	0.160482	0.10036135	-0.26162496	0.26632857	-0.019935908	-0.24189682	0.17577209	-0.06343849	-0.08168726	-0.21308647	-0.13550042	0.9999995	-0.18822688	0.0306732
0.19463849	0.14977719	0.22820221	0.2717742	0.22970782	-0.44144574	0.19473012	-0.056976963	-0.4418339	-0.07681761	-0.31975195	0.12090951	-0.44489008	-0.0047374694	-0.13158149	-0.14568777	-0.08409976	0.055935133	-0.12562701	0.22247614	0.17964007	0.27529573	-0.18822688	0.9999996	-0.34075105
-0.100960866	-0.43484965	-0.15690598	-0.103683546	-0.4921235	0.14765093	-0.3159466	0.14485593	0.1736025	0.015089402	0.26370504	-0.22689919	0.23158395	0.1384664	0.051977053	0.25749865	0.19515897	-0.2988933	0.24794921	-0.306237	-0.16289918	-0.25456944	0.0306732	-0.34075105	0.9999996
