0.840988002627318
0.7394086883003934
0.3171005028335505
1.4698517767686843
1.19073338753997
1.1466909325615549
0.36041797891157024
1.3998133445235423
0.21767805093701553
1.7279639202629975
0.7652816039251664
1.6295594613260493
1.0657721037278447
1.5724147795819285
0.9413970792144146
0.4990322493571231
0.6941087542363809
1.0793338524893166
1.8269354128566335
0.06214397452472631
0.4810138897742555
0.02566499163481173
1.310141856239787
0.8711824931977799
1.406397073767891
0.5077329872456886
0.010837727619236182
0.5538520589330318
0.7170511781500266
1.6356055488668881
0.9637945548190743
1.466684209397258
0.8128296572103368
0.24073193940925663
1.8803738496663998
1.5786640834385592
1.4738820535173967
0.6740086928566111
1.440045122547166
1.2116193997589664
0.03964082756063436
1.240948852167896
1.9388512844688148
1.6586232855232643
1.00925298192028
0.44826929460774356
0.4341170324032535
1.5468514809351
1.0299865467943818
0.8395603736138719
1.5806167641601785
0.5002295200148223
0.5026836454135921
0.8137503707437188
1.927837708260256
0.2374883514696826
0.0868842125318432
0.09277495247053769
0.41361157676893456
1.5914410668377423
0.3956817161903796
0.46317351491136627
1.7729074055081224
0.13493680440232292
1.0772185451195693
1.1178585891550679
1.5895097393215984
1.3126457744698934
1.307635441280998
0.05106051742855189
1.221602701496132
1.4900098190191484
1.7760032847025344
0.7699981716319191
0.1352944440520354
0.6227425760927701
1.6157875716143157
0.41258028687988735
1.6021265832323988
1.2327155945531405
1.1978024246745504
1.263797226698327
0.9055074716364673
0.5138216328102971
0.12085979918993339
0.9515968362263372
0.5925251147648083
1.8155552069755974
0.6937667450526481
1.2166257481060923
0.26550763100311037
1.378394720302854
1.8881213866350406
1.9490827484470783
0.08440079312859727
1.2763968534954715
0.7549920911867418
1.564095916939774
1.4197625565914398
1.198625172404048
1.4532294739281584
0.0018494565871844948
0.08932552277822392
1.8128542824663203
0.2476757809168002
0.43755529448762065
0.8077224439047688
1.7956325762053464
1.6112140190391868
1.0571848109249886
1.4601994603715343
0.7028006479178954
0.6465930926610037
1.0194700815459043
0.7974212645843457
1.9053632241061784
1.7436216739365344
0.368043357290015
0.9615723501503399
0.6735016333552233
1.3804015603015376
1.6539964903184998
0.8250138391143229
0.8410605429175315
1.468818484435216
0.77675029696552
1.3441556909801151
0.3087579102849176
0.889688529126583
0.6884881233433868
1.922684619944173
0.5522453371929854
1.3498413999239356
0.19819573688334757
0.41038158365096766
1.2108972626235193
1.585005301076463
0.3579404074401371
1.8166923521926817
1.4297251573935534
0.7925975465457913
0.9654683827835973
1.9430275189803334
0.7002088816558396
1.0291389393565356
1.0403077485363583
0.4448214538909019
0.9830870923162696
0.011671791225172257
0.3755970440844638
1.51185209397699
1.688298296453192
1.0259099637305424
1.487497812075376
1.5120016237913614
0.32584639141271277
0.007651155137466503
0.508765075134398
0.07422023740361827
0.2760867728307921
0.8747407861429164
0.23769346676437353
1.9087447787890504
1.2918845132742833
1.3696998531805995
0.729819393555367
0.8458806685553018
0.9544839307534261
0.9295676548551675
0.7464502509680755
0.868558491079717
0.2903599496127516
0.8045707464038925
0.1916322318503101
1.2041191056868674
1.779714020381578
1.9968594201796044
0.2683176992438716
0.4710440411029966
0.5747250187977644
0.11605903927768169
1.8151082219377799
0.7788833362763947
1.6043933286258665
0.8703101611509112
1.3650732441526623
1.5734783358505404
0.5831910765558181
0.2704426135118416
1.294217769526564
0.904262976922348
0.17224622273808077
0.8350582055188507
1.9754903879349586
1.6682923701441434
1.1402771036068389
0.1824713211045359
0.4669638619692038
0.5511768202737464
0.05498052013784216
1.53935552855271
1.2543125326353437
0.2308454481778106
0.5175351943338491
0.452249755425862
0.940603376816306
0.5952068796452339
0.8507835136534887
1.6157428927245954
0.5599615867415704
0.6451649259682919
0.6760331902965133
0.41638698989841316
1.5875733193941572
1.5765519856564312
0.311885827986903
0.1420187283855181
0.18360820525323462
1.2604671845898305
0.6757508362552087
0.6589762024936296
0.8641256819372938
0.20440681059245747
1.896490826218813
0.9209214662417617
1.150192483210524
1.8205385135169223
1.8613740675832653
1.0938283835508906
1.9132864906953717
0.07107726936822356
0.7445636026848146
1.5042946147019491
0.7069107369053722
1.1703247483962236
1.8424425331518761
1.3896173537631367
1.7289156584497014
1.5466427209676719
0.16063121600216745
1.9252367290580015
0.4356985355826537
0.3424038743269484
0.2564165071414277
0.7718477061298832
0.10220769815624609
1.9625193530227303
0.7903966542702106
1.6976513511766345
1.710631039561939
1.2718797484667477
0.8297813139977843
0.5579353930586315
1.7034542082698652
1.6286622664191532
0.7379636098214228
1.6121182725728227
0.07446861692735696
1.3463044863883802
1.66983399421008
0.7584895947361245
1.0351242597437431
0.5490200682417508
0.7743828379831936
1.8191282119060241
1.1093995858264143
1.3164447146098603
0.643236716522489
0.5056602349486283
1.6976636913643972
0.22326350126851469
0.867239298050368
1.1613005780781507
0.21973057071325885
0.32340631339507175
1.7809121345155179
1.7520743088186883
1.005347730509743
1.4823706617137549
0.13690270270531513
1.3209008880528657
0.10904337214947746
1.119458174642688
0.10921732080901236
0.9561034404634772
1.561828466497344
0.4594712864246029
0.8173451563150993
0.07738481338389591
0.5310959600715524
1.643815129028881
1.3732680752398188
1.0853059312233377
1.675009609522526
0.9231502756345897
1.9919799317903732
1.822267438020704
1.8245808543399582
1.4321912059669968
0.5766666051994294
