1.7644110303641032
1.8606894143936314
0.042990523718050566
0.4533441632401767
1.7199968605732816
0.5239542509097455
0.5359330015800985
1.2532999522723132
1.2574700698872903
0.9355407852139226
1.6118583693497117
1.1950932278992934
0.23010093636786344
1.838717046589792
0.443140385321396
0.04414998013615712
1.8470619145978062
0.8928902118726456
0.7034830351459405
1.7528814812833435
0.22680314285978787
0.18805934329982987
0.3875278441071377
0.07653120800122193
0.3685653845877741
1.7673049283873816
0.8323646776894373
1.1669394568825069
0.022761519920911466
1.9099052008394741
1.8813101907759269
0.29236122352732563
0.11507298125511611
0.7323777878958191
1.562961936450827
1.5024981674448739
1.2361609087076912
0.40087715202762264
1.3149676544226172
1.471579386904562
1.8500408339522076
1.2058610248044725
0.0076718544173079994
1.037790357661471
0.8397430751563129
1.4076001565142588
0.1887431050025976
1.1747890511764671
0.21875656436707902
1.6067920856932472
1.1882215309933668
1.9953456563006229
0.6223004886364047
1.036670702310318
1.8660756379438708
0.9633160756267003
1.3859130905534038
1.3566546502797685
0.40729620108614495
1.2101424791125144
0.4356302660264073
1.6188204925468905
0.5612569943714705
1.0680085997576487
1.2605816959362408
1.8623307588445264
1.8126406134048916
0.34942835042718445
1.327552496850309
1.7673879528456533
1.2896367643128501
0.7248141120881264
1.3910155497356125
1.5114569729690475
0.7266095232888481
0.5311091321088237
0.3507051629699609
0.6679231480893528
1.828932282425343
0.5498893806229914
1.1727068075090161
0.1671036788814655
0.20540598786545194
1.1577350299685776
1.0370545235010293
0.34503306317891
1.9534197248125962
0.8143163620041707
1.5058994931988081
1.0643539985720805
0.76886395162671
1.713748283865486
1.7664793585012508
1.4569192923182455
1.3277758607454608
1.2249506299102202
0.9019326886593486
0.22642866734332823
0.08858426971935485
1.6177710819108637
0.7746520307645266
1.0524197043728798
1.9673853515364872
1.4081828128085119
1.387851785703208
0.6881503601312631
1.9293665601220427
0.9087661746146927
0.8478937759824305
1.1549853484583676
1.6098114653376225
0.6412673729064373
1.401607911539218
1.7653716236802635
1.369670122901
1.1698619730606816
1.5753009259436634
1.8067819770275693
1.7859211073800172
0.44521990856010984
0.20906834608341196
0.8770246524574741
0.4575177176751084
0.2809151994778738
0.28678938375337815
1.0086517184220773
1.284038396676092
0.9207929793963399
1.6581677449944345
0.6014088817784844
1.6157042127630379
1.5243615057447957
0.8887254740900234
1.7358953233999483
1.7835397467237648
0.0401286770152951
1.1468222101280898
1.9203233927901502
1.4899763387907878
0.9037928097596448
0.1890889282849384
1.8276278325807194
0.7302002057100228
0.03442550560142954
1.4282865461776677
0.0019927417642131573
0.6673032309508033
0.42243562128227885
0.2507237603469685
1.8994646414341294
0.24017550514040775
1.0073438990271464
0.8696423874399277
1.1360938859056604
1.6378962124442122
1.7471948092233727
0.9608768126332115
0.6905102632054647
0.853104416096174
1.4869888551585562
1.5371367044641406
0.860192291782923
0.2117938091365621
1.1942330150351266
0.15352406448014366
0.8013114111072746
1.689310380724193
0.45536198383872684
1.1429206201049404
1.721522990655858
1.2720520672993523
0.7337370126108114
0.3157312474458842
1.807003828286193
1.9582233026502514
0.7214979718711734
0.020655791967439052
0.48104066337352447
0.3787457423314815
1.244865493145276
1.5641768136257355
0.9547690502484465
0.2367878170644131
0.7246388274511191
0.0502477284171261
1.6092413169493442
1.0126449224425613
0.1477031279161527
1.5141118434614353
1.507600571562392
1.1758750016334512
0.7955769968739725
0.8669404097967488
0.04042920030896835
1.7456262379981349
0.17710085303055267
0.29643335859839626
1.941339868172786
0.7748311957114067
0.8397046796821832
0.1692855804488227
0.33697706691765505
1.4255070516240573
1.7212501336303905
1.3058805185841147
0.42504906859966596
0.24479710738826288
1.6299000070192506
0.4273167996535949
0.7495653117671661
0.3716147903346443
0.5042472598628949
0.6059868513187057
1.1008230887201027
0.5600539832230018
1.4765690150310162
0.4311266335048485
0.31145660567105393
1.458090024342638
0.8300547911179166
0.058039757364853006
0.7862956512491868
1.0539102679499677
1.156159290090933
0.501755022092927
0.2562388214090323
0.3410779228124501
1.1186177733279343
1.3521758667456691
0.3246182894390912
0.869719778626173
0.16494287183013712
0.18654997433098885
0.16025068248288576
0.16517262443906788
0.9014231676145528
0.9329272697856981
1.7098652231838172
0.07312574455406007
1.4001832885006946
0.20269100430390963
1.2799554597670881
0.03922683304973473
0.9293349790702861
0.3306533317702316
1.8601661454415293
1.1208851191675453
0.22552562864750447
1.711067394497618
1.1833557247149622
0.3985309042935612
0.4668855415308819
0.22749273881263354
1.100058296688359
1.354643222659705
1.7604306241197314
0.8055374459149569
1.7240685796890667
0.028766403739490354
0.15549747341556275
0.24886755220661128
1.4687345321538021
0.7801471786014256
1.1346428787992013
0.5941238449645405
0.9284944248366576
0.1324864208464549
1.7702412214376477
0.2656099657009652
0.07657670621663892
1.5868574108274476
0.043633750334320265
1.5203904332219602
0.6823924135827428
1.1004296560042792
0.9295460929646164
1.6562397488148786
1.4487583538908757
1.5777565201999435
0.8184769409547896
0.7871109252069879
0.3908880005259965
1.2826043444305832
0.7391523206224682
0.03103143338702652
1.1286845455177394
1.6022298711591678
1.1177503256498729
0.24973482433051286
1.1829994338818788
0.7736230147016434
0.2787888190169303
0.7447080299290505
1.2955525771818257
0.578488147955095
0.8316480608942949
1.3370223561688457
0.9416056975610088
0.7832275230803416
0.06188692182775113
