1.4748472620299404
1.31819444836359
0.33150304556350374
0.9385139596965859
1.389242748944377
0.7420457140850727
0.4034541940742149
0.6959870849201877
1.9932929859843678
1.3158442449588355
0.5693920410290005
0.8840866145004516
0.19929388763255562
0.8508522620107901
1.2044247245748747
0.6600246858353145
1.0348437349097341
0.5502047651407447
0.39942614820257405
1.3483024565859545
0.8378649163700975
0.8618422055537465
1.399631611130775
1.3446699080432432
0.39126223945441474
1.316320828555645
0.0366459256989673
1.447496825331495
0.7781484125322151
0.1642111814898104
0.34281947295564064
1.8825032152403585
1.8047200739534595
1.85462818913489
1.570021893769845
0.7468436229655384
1.3719076019964231
0.3780085849155457
0.2148401980770276
1.2407535789953994
1.4712352138219613
1.5534385239359387
0.20918916486009875
0.8084606419395222
1.7704292380863595
1.6401848247826056
0.7115171737928485
0.5568492268853305
1.5136727194631452
1.292527609794043
0.4444873040489308
0.4988504337067312
1.5115669090963935
1.4483597716655165
0.713557965174517
1.1511186696827993
1.1923485052451546
0.6940681952570789
1.5980573631544666
0.8887267353556014
0.03364964907824408
1.1405994530545773
0.7195899956987544
1.2072394661354244
0.4816247029576355
0.409946360239009
0.4840854554559799
1.4686562386501552
0.6715684420245989
1.81243923482464
0.6547367936643296
1.5273541588131438
1.069715167051982
1.1245697190127695
1.5822090402345992
1.8959743377807239
0.9042446545792693
0.1741716892862426
0.39534237122147586
1.7359952364158162
0.6831952941353034
0.8553061218683842
0.7385126859295912
1.2343577791802753
1.9653034042878474
1.3792082058080934
1.8118326029109406
0.928940308396552
0.9286326754275289
1.4884597329545985
1.5099091780219103
0.9883904620485524
0.35913641372215666
1.8212110877626397
0.306674841321934
1.7713574285060687
0.2051391702634484
1.4475976545973743
0.13604347674690365
0.2486600842439619
1.3805043076628567
1.0034419584921288
0.6655943617298854
1.6340147354088734
1.8897814077498485
0.2982302061617117
1.1870866019379973
1.5874713853505524
0.41800894673092026
1.5991495550396577
0.2539370484518073
0.5462153791701381
1.960686748118849
0.8885308956465781
0.6826609009709144
0.11721294182313247
0.3089317988106155
1.821419825352672
0.11621002919697743
0.010226036481952416
1.8685063824091936
1.3401674123567267
1.8123327806145175
1.5818525751581458
0.7689561197838293
1.5319630204039583
1.2838835269594566
0.29920161230797726
0.3816344612756233
0.2778952505335808
0.958232507183366
0.7827396521264756
0.6897308112026146
0.07219161653582495
1.0969182942238793
0.8869621908933398
0.3791042569341483
0.5745964162111927
1.5816481045836415
0.8464159677324432
0.5196316611703922
0.9070277393393373
1.5660789235827188
0.6594213020216293
1.2925480749535505
1.2385774647490675
0.27464790777560233
0.12387077879782038
1.699136552238591
0.38277534551219694
0.6508265141626706
1.498681226326114
1.3871577956901984
1.9868466494374908
0.9392513685732642
0.21087275881356482
1.4517890925609924
1.9392972422910124
1.4511303674060199
0.5175906279994775
0.8327236982766086
1.1819436174153297
0.047498946981974655
0.0564474755896085
1.9080366101835167
1.3273692080557757
0.054197686789544175
0.6263553280066021
1.5839091666181375
0.6558692372229584
0.18072879294104394
1.1805014582961075
0.6887497098188666
0.47693073629326044
1.5289562225814552
1.8254743939637725
1.8824774696642321
0.05183859722637152
0.4427363274726426
0.8639215281446573
0.46275805183896845
0.07604855690507195
0.2194136287045012
0.31215132488709463
1.8435111894075547
0.6868714162992939
1.6774067170104097
0.8470870259526964
1.542512477377041
0.5235828034610479
1.3094967428287758
1.4179321608156366
0.12935120401220002
0.25333945095619126
1.2436003632974142
1.5608476807542797
1.498382254948279
1.9684153546699719
1.413683556696796
0.21460198145122655
1.0343441892783394
0.126610382270536
0.6428268508188817
0.4431989490100523
1.71040828594287
0.12662690979543512
0.8292280684089592
0.9497098108243263
1.032242077667633
1.9964624375215112
1.7326925338286587
1.8318604076693843
1.6012472697860125
1.3712100256473636
0.3892924375476896
1.1666640865310807
0.8105249947558084
1.9236072527316348
0.2198255769664763
0.8180107277696314
1.0102942016966217
0.08949152500397695
1.6967939800864633
1.0074019985195128
1.5104536581275176
0.19676169503502705
1.878676459094024
0.6208016656612128
0.2017071146497713
1.8328244101240658
0.38912347003576264
1.3332523010411164
1.9455487153974294
1.4780071045763736
0.019532143209448183
1.1584738128694627
0.06065069694181502
1.812551873320416
0.8941304980761935
0.9573009246904609
0.7268979437063023
1.3089012875946078
0.2657812839455074
0.9274383310386027
0.346802138876374
0.47466078192580907
0.734180077934063
0.8162088838272059
0.315677824821357
0.9994895630591536
0.685608897014842
1.5792111007660965
1.1619767498996898
1.2495953415269072
0.8045460354230738
1.2886943077901183
1.4862814753934916
1.0731435132817766
1.8533186132903512
1.7812319772995133
1.2620418071813444
0.7123013755772549
0.40988971507097016
0.7157939164881548
1.3618540379228323
0.00293464079604977
1.8038983141791647
0.5566026856068282
1.748148513287797
0.17078095146033023
1.9649349433502792
0.12105571197749865
0.12443570669036763
1.6656818510412736
1.6983432704486392
1.5572207270952223
1.7323261404353894
0.25239176004182995
1.0803634128726276
1.8461046412625994
0.7445736101308638
0.9911729016330049
0.04329459950865977
1.0328222208936573
1.9248233742781118
0.8637414207371694
0.904939777628391
0.27860939832390197
0.0614445755823223
0.13973724686785904
0.7337968021643
1.7598220188603617
0.664066710654384
1.3109975855385143
0.4492512165003455
1.6812001349707322
0.8923934976561443
0.8220738723228738
0.5515265475828759
1.1980348632035995
