1.0	0.106684506	-0.10584856	-0.5596932	0.07118032	0.26799732	-0.044352643	-0.012417228	-0.13370979	-0.23831739	-0.25593877	0.1376992	-0.11380293	0.1122371	-0.3721973	0.25321558	-0.1380763	0.23901363	0.05350211	-0.03806886	-0.28261608	-0.32117316	0.062432982	0.14331448	-0.005181836
0.106684506	1.0000001	-0.2746202	-0.09563376	-0.340015	0.044267964	0.2864182	0.18668088	-0.4605221	-0.3559718	0.1130397	-0.113808304	-0.29100809	0.2404196	-0.15975615	0.24539328	-0.37761617	-0.11039116	-0.40174732	-0.25137573	0.03818026	-0.14475517	0.2767873	0.2703451	0.26604816
-0.10584856	-0.2746202	0.9999997	0.07674143	0.26711205	0.0061328243	-0.2392317	-0.3477074	0.2332019	0.2556596	-0.101311795	0.22382201	0.25837868	-0.30383435	-0.032747857	-0.23485926	0.27216634	0.12406153	0.21401046	0.28607228	-0.21648556	0.15287124	-0.30838382	-0.45088866	-0.42621404
-0.5596932	-0.09563376	0.07674143	0.99999976	-0.07767096	-0.3043382	0.04345125	-0.099894494	0.11340669	0.16046473	0.169196	-0.18243173	0.1524381	-0.13952829	0.27775308	-0.34437528	0.09844646	-0.3011378	-0.10140129	0.08410681	0.18656091	0.2601231	-0.10175105	-0.14134024	0.026284205
0.07118032	-0.340015	0.26711205	-0.07767096	0.9999998	0.06050859	-0.4376533	-0.29828885	0.20446289	0.19203205	-0.15538827	0.21022144	0.23618051	-0.4099887	-0.089148134	-0.071602724	0.24485956	0.19477066	0.25315574	0.25302115	-0.22648421	0.094327845	-0.31239712	-0.26747414	-0.3580178
0.26799732	0.044267964	0.0061328243	-0.3043382	0.06050859	1.0	-0.02144269	-0.08668392	0.04394804	-0.20537075	-0.414583	0.14514078	-0.08347263	0.11585979	-0.41871306	0.17368309	-0.050710615	0.28948653	0.12580651	0.020960951	-0.24688685	-0.41175342	-0.086730115	0.082718015	-0.1539962
-0.044352643	0.2864182	-0.2392317	0.04345125	-0.4376533	-0.02144269	1.0	0.18770456	-0.24339703	-0.23459217	0.16832183	-0.13252002	-0.31678832	0.23480503	-0.039563835	0.1627039	-0.42081097	-0.19687103	-0.48716542	-0.24459924	0.120913535	-0.1590702	0.25397462	0.23832509	0.26792178
-0.012417228	0.18668088	-0.3477074	-0.099894494	-0.29828885	-0.08668392	0.18770456	1.0	-0.17484373	-0.1112693	0.14831637	-0.36860484	-0.5015155	0.23339854	0.0061398577	0.17657463	-0.19550122	-0.10632438	-0.13651147	-0.45214936	0.21733202	-0.12519658	0.25710267	0.23245616	0.16722845
-0.13370979	-0.4605221	0.2332019	0.11340669	0.20446289	0.04394804	-0.24339703	-0.17484373	0.9999998	0.20570149	-0.219711	0.054374885	0.233184	-0.19199447	0.05798084	-0.28682613	0.28488046	0.1122288	0.26105416	0.23565921	0.002632714	0.11065253	-0.4959941	-0.24073695	-0.3390389
-0.23831739	-0.3559718	0.2556596	0.16046473	0.19203205	-0.20537075	-0.23459217	-0.1112693	0.20570149	0.9999999	-0.022416396	0.12724589	0.22412784	-0.39349467	0.15762109	-0.34282756	0.2776698	-0.040077586	0.15932429	0.21827254	-0.075342685	0.24920993	-0.14399457	-0.39909455	-0.33064848
-0.25593877	0.1130397	-0.101311795	0.169196	-0.15538827	-0.414583	0.16832183	0.14831637	-0.219711	-0.022416396	0.99999976	-0.24697424	-0.098556876	0.00436816	0.21367863	-0.0371676	-0.17733659	-0.45698473	-0.27052373	-0.25381374	0.2387721	0.15857613	0.20252275	0.057026144	0.20894597
0.1376992	-0.113808304	0.22382201	-0.18243173	0.21022144	0.14514078	-0.13252002	-0.36860484	0.054374885	0.12724589	-0.24697424	0.9999997	0.1745986	-0.19311967	-0.19546725	-0.053892512	0.1456957	0.21427096	0.14285392	0.240502	-0.5810803	-0.041684348	-0.19192962	-0.2607914	-0.14327095
-0.11380293	-0.29100809	0.25837868	0.1524381	0.23618051	-0.08347263	-0.31678832	-0.5015155	0.233184	0.22412784	-0.098556876	0.1745986	0.9999996	-0.35004985	0.11925256	-0.3317372	0.27557036	0.01692005	0.17483926	0.30516556	-0.14119829	0.2115184	-0.3832688	-0.2752617	-0.17493172
0.1122371	0.2404196	-0.30383435	-0.13952829	-0.4099887	0.11585979	0.23480503	0.23339854	-0.19199447	-0.39349467	0.00436816	-0.19311967	-0.35004985	0.9999995	-0.08736344	0.23527828	-0.30269504	-0.029348373	-0.11959874	-0.3328415	0.09667515	-0.40273163	0.21502542	0.29475054	0.20036767
-0.3721973	-0.15975615	-0.032747857	0.27775308	-0.089148134	-0.41871306	-0.039563835	0.0061398577	0.05798084	0.15762109	0.21367863	-0.19546725	0.11925256	-0.08736344	0.99999934	-0.32817447	0.11645403	-0.38854358	-0.054708663	0.03278008	0.22647713	0.25910944	-0.009611473	-0.14442052	0.08398889
0.25321558	0.24539328	-0.23485926	-0.34437528	-0.071602724	0.17368309	0.1627039	0.17657463	-0.28682613	-0.34282756	-0.0371676	-0.053892512	-0.3317372	0.23527828	-0.32817447	0.99999934	-0.35112488	0.10695041	-0.17135864	-0.28553456	-0.0676266	-0.36053926	0.21257803	0.2726639	0.12369733
-0.1380763	-0.37761617	0.27216634	0.09844646	0.24485956	-0.050710615	-0.42081097	-0.19550122	0.28488046	0.2776698	-0.17733659	0.1456957	0.27557036	-0.30269504	0.11645403	-0.35112488	0.99999934	0.07345465	0.2605582	0.275399	-0.07307319	0.190794	-0.3642157	-0.40755978	-0.29174817
0.23901363	-0.11039116	0.12406153	-0.3011378	0.19477066	0.28948653	-0.19687103	-0.10632438	0.1122288	-0.040077586	-0.45698473	0.21427096	0.01692005	-0.029348373	-0.38854358	0.10695041	0.07345465	0.9999992	0.21951608	0.10797323	-0.32264552	-0.24003138	-0.19216362	-0.025994493	-0.28410217
0.05350211	-0.40174732	0.21401046	-0.10140129	0.25315574	0.12580651	-0.48716542	-0.13651147	0.26105416	0.15932429	-0.27052373	0.14285392	0.17483926	-0.11959874	-0.054708663	-0.17135864	0.2605582	0.21951608	0.9999992	0.20101196	-0.10896495	0.008064952	-0.28996494	-0.21000743	-0.4194419
-0.03806886	-0.25137573	0.28607228	0.08410681	0.25302115	0.020960951	-0.24459924	-0.45214936	0.23565921	0.21827254	-0.25381374	0.240502	0.30516556	-0.3328415	0.03278008	-0.28553456	0.275399	0.10797323	0.20101196	0.9999992	-0.26401147	0.15131186	-0.37285858	-0.3756635	-0.222319
-0.28261608	0.03818026	-0.21648556	0.18656091	-0.22648421	-0.24688685	0.120913535	0.21733202	0.002632714	-0.075342685	0.2387721	-0.5810803	-0.14119829	0.09667515	0.22647713	-0.0676266	-0.07307319	-0.32264552	-0.10896495	-0.26401147	0.99999934	0.09863444	0.12008965	0.1024244	0.14577278
-0.32117316	-0.14475517	0.15287124	0.2601231	0.094327845	-0.41175342	-0.1590702	-0.12519658	0.11065253	0.24920993	0.15857613	-0.041684348	0.2115184	-0.40273163	0.25910944	-0.36053926	0.190794	-0.24003138	0.008064952	0.15131186	0.09863444	0.9999995	-0.108584255	-0.27034307	-0.040881883
0.062432982	0.2767873	-0.30838382	-0.10175105	-0.31239712	-0.086730115	0.25397462	0.25710267	-0.4959941	-0.14399457	0.20252275	-0.19192962	-0.3832688	0.21502542	-0.009611473	0.21257803	-0.3642157	-0.19216362	-0.28996494	-0.37285858	0.12008965	-0.108584255	0.9999996	0.24332623	0.25683558
0.14331448	0.2703451	-0.45088866	-0.14134024	-0.26747414	0.082718015	0.23832509	0.23245616	-0.24073695	-0.39909455	0.057026144	-0.2607914	-0.2752617	0.29475054	-0.14442052	0.2726639	-0.40755978	-0.025994493	-0.21000743	-0.3756635	0.1024244	-0.27034307	0.24332623	0.9999996	0.22981457
-0.005181836	0.26604816	-0.42621404	0.026284205	-0.3580178	-0.1539962	0.26792178	0.16722845	-0.3390389	-0.33064848	0.20894597	-0.14327095	-0.17493172	0.20036767	0.08398889	0.12369733	-0.29174817	-0.28410217	-0.4194419	-0.222319	0.14577278	-0.040881883	0.25683558	0.22981457	0.9999996
