1.9047438744281304
1.4007201681547912
0.8635308860554374
1.0728192467034525
0.9004178432121022
0.8036163898630313
0.5286897547854592
0.23703313050911468
0.2481374546400683
0.5555979584171746
0.9506754200007959
0.9496123873140088
0.1924108969995535
0.7272181736509145
1.9777754416754412
0.7348277055888301
1.9986797929570423
1.8430673080746536
0.11125118234130671
0.3304155582359165
1.150631634756781
0.6362940243697299
1.5416316457055137
1.3966191604283384
1.1845215501979482
1.3769283046310172
1.692319025069408
0.5339317645352448
0.46293014658762055
0.1540825992542989
1.8626426768460544
1.3742946913509018
0.7868266688937373
1.5864358576761364
1.8548896771317
0.22640858036897282
0.01778720552801749
1.5300029319136712
0.3510949554608336
1.6128301871213988
0.27929993730885494
0.4818892608259062
0.31980638049945265
1.990586005714103
0.3776259897872585
1.2239882886526479
0.21980710597046604
1.029329599101137
1.910657540348769
1.2914623684282822
1.1132899574602462
1.1620008667146025
1.811142890723766
1.1988037486246548
1.6043735484016648
0.7947126256724992
0.08633989829250188
1.011926358110982
0.18478770585849724
1.316199494114611
1.2171385699597843
0.18556634684772688
0.34388789740233605
1.7653378562501167
0.8681450400879036
1.193228243352199
1.7703514888026384
1.9167285142646782
0.901059157960229
1.6038057572659703
0.0810717684199227
1.285069853808991
1.0432850314814417
1.3701142124907957
0.7921873857944648
1.8287183259526034
0.7563090890009587
0.43205669008586867
1.0298989642303427
1.8640361848835891
0.803901630479523
1.0638912647013603
1.0052655807356303
0.29036826798664794
0.46802657562939665
1.6379315935765297
1.7873766043717725
0.28991911796798475
1.1885472161719177
1.1450910684955034
1.287029669880305
1.6723254952576827
0.9606028520917678
1.1100697239247892
0.8548005705232256
0.5502636766807323
0.9355436913776412
0.8704176506648089
0.33028962119654115
1.8560280087568577
1.9138175962505615
1.9761938843824463
0.9231359213707437
0.8021262525763864
0.6568606589588268
0.6947722334374733
1.9022706148950472
1.918214415125365
0.6937652935879932
1.0383212260568537
0.1809105285411634
0.7506926467467483
1.0688355685721211
1.956335982049358
1.2155586308593882
0.16337519094488018
1.3610369943878509
1.8259222172216345
1.0012794645558596
1.5108555531072814
1.452171832999468
1.3082991068245167
0.3783555143380619
1.4546823906240518
0.1561223794806328
1.8064972325129383
0.34998212622317393
0.31173164448266855
1.60466647553424
0.46027601600786117
1.498877635879973
0.7497494003048446
0.5903563783782082
1.9444963424074564
0.9881068079062085
1.6083621266434749
0.8673549378132743
1.6951435544288167
0.3708585065017518
1.757647407314648
1.3851312162389549
1.5257585971989287
0.009934689591453827
0.29397969582325945
0.765768097460503
0.917399367874671
1.9634323755643306
0.04263588267505991
1.651029988886107
1.518459694108709
0.5576456670479719
1.1661288322043952
1.6110684673445501
1.662747611420768
0.16310595295622154
0.7193902894236279
0.5641549928275658
0.2693450726675455
0.42285143161569305
0.1573284117415188
0.4046378368638881
1.1055969088684479
0.9700684384402478
0.4898709945899302
0.5931828811181339
0.6384070216509745
1.6112093422735325
1.5440738272418109
1.774888784183444
0.6658269237020897
1.5865154663174663
1.857713211309349
1.2704077986628857
1.2429791320171422
0.938129422814707
1.367110880664627
0.42715395414612334
0.3084736964414454
0.39484981329052915
1.284305615789785
1.6832430095739332
1.2660265643986632
1.0750671075907205
0.41512418148286345
1.7311992331814723
1.5670644141114258
1.739213014544506
0.4280619484075765
0.8635135902663207
0.7773749314282974
1.563178022015057
1.9855147075948727
1.2285661485653536
0.1837771782075468
0.18483314758860137
0.2903540365260593
0.7345409175187612
1.0497940407754347
0.7557510435137773
1.1073042190698659
1.95757454246687
1.5331890019129266
0.8015225536546249
0.5101908170759184
0.4266576987261692
1.0607792181814277
1.2833906217826578
0.6542231499414057
1.2698186009913135
0.10414888313283233
0.7847042115797456
0.7661521301952618
0.21088503106319623
0.6835856778194043
0.09299164569691576
1.1842799870314409
1.379308816888234
1.1846441768145157
0.5565058896553405
0.005276519991573636
1.125289289824393
1.2956602323560225
1.7334662986207463
1.9546247062930189
1.4017463055143795
1.1127053888610334
1.5084551536682014
0.5461428525812417
0.4133592923032241
1.001449918004005
0.5946301947259061
1.338196119491401
0.49897373193203043
0.12658225575174353
0.9257575759603083
1.6205527494953762
0.2283862200489155
0.6091044998112287
0.10450126155645556
1.8601107444775045
1.293216671533566
0.3298539246017278
1.1169954342115112
0.7231091212400578
0.13163516359521532
0.017489331713833156
0.04047155252418233
1.811656097249552
1.902746968152008
1.8737440812078836
0.3584548224150206
1.751816073569315
1.595904918571947
0.4151947924520023
1.02093668084912
0.10027512027162544
1.830838389674149
1.5263152743424104
0.551704554435418
1.9793282076383953
1.0162594725940328
0.08227092453612261
0.6687349315236868
0.4831166176592516
0.6256369465436238
0.6301872706258409
1.1547587731490396
0.9099678649575815
1.4246789883924316
1.055370873066625
0.36717834988734466
0.38060633653640874
0.5462490086811116
1.4459369273622291
1.9216583236641207
1.2298970643221563
1.2089265147946224
0.724284485919992
1.9579243177553947
0.059481482817564046
1.7174726776130058
1.3837133104548154
1.5796038364975349
1.3676397400323796
0.16871686318065016
0.37238758973792474
1.5989373832310592
0.18832002539963888
0.03308759972909092
1.75624195426207
1.7233910008197544
0.15884506578944824
0.4238722889976265
1.110180225039335
1.4312556110162258
0.4028399987388549
0.4650156242588388
0.3797954687010163
0.24252699366171226
0.5696170709359378
