1.0000001	0.15698992	0.0042539593	0.21788377	0.20272982	-0.035536066	-0.14427154	-0.331815	-0.1415949	-0.2700149	0.2789789	-0.21892427	-0.19090499	-0.01266772	0.10449327	-0.017289868	-0.51440454	-0.34821495	0.010903341	-0.14763685	0.13429764	0.12399915	0.26644373	0.06028508	-0.390575
0.15698992	1.0000002	-0.34476885	0.07715841	0.25616714	-0.24049634	-0.37121207	-0.02987305	-0.43942285	-0.3722605	0.23946787	-0.020505618	-0.33796412	-0.03268865	0.27824923	0.21645646	-0.13984385	-0.17971705	0.27949023	0.15815389	-0.106681496	0.05848883	0.18095438	-0.2836105	-0.27907622
0.0042539593	-0.34476885	1.0000001	0.07888516	-0.28649178	0.2683047	0.20406127	-0.08991242	0.22658253	0.16300032	-0.13787824	-0.14842013	0.25963598	0.12462136	-0.4067216	-0.16196726	0.023702843	0.014590571	-0.33975625	-0.33597746	0.18986884	-0.22316717	-0.03652581	0.20258316	0.050393153
0.21788377	0.07715841	0.07888516	1.0000001	0.042962454	0.106985025	-0.13148674	-0.3205449	-0.089662224	-0.26507896	0.23566519	-0.5878593	-0.07611214	0.106467694	0.03129973	0.058378357	-0.26106727	-0.07909102	-0.03879672	-0.1944178	0.23015706	-0.0010023668	0.17738263	-0.01161542	-0.3374195
0.20272982	0.25616714	-0.28649178	0.042962454	1.0000001	-0.14547506	-0.23775274	-0.01222605	-0.15863496	-0.29247206	0.23007408	-0.0062313816	-0.41561177	-0.19104896	0.2256088	0.044869192	-0.24289048	-0.43165985	0.16149057	0.049328856	-0.103507765	0.15339983	0.252006	-0.07231488	-0.31197953
-0.035536066	-0.24049634	0.2683047	0.106985025	-0.14547506	1.0000004	0.24447277	-0.062451873	0.25504035	0.18787248	-0.081201114	-0.22588764	0.24813811	-0.022067752	-0.40032214	-0.25965676	0.0040202513	0.03436267	-0.407537	-0.44887796	0.117220886	0.0027206326	-0.07842693	0.26521918	-0.010295246
-0.14427154	-0.37121207	0.20406127	-0.13148674	-0.23775274	0.24447277	1.0000004	0.12372284	0.29569647	0.28236777	-0.25573125	0.010645428	0.29115412	-0.09047011	-0.42742398	-0.45254904	0.10191336	0.11117579	-0.37884757	-0.21306479	-0.053463474	0.046942066	-0.138676	0.2739479	0.16191743
-0.331815	-0.02987305	-0.08991242	-0.3205449	-0.01222605	-0.062451873	0.12372284	1.0000002	0.08200556	0.14456457	-0.23105821	0.23814215	0.08052125	-0.34167185	-0.07996571	-0.099471904	0.22120179	0.0926573	-0.0070189973	0.0903041	-0.5377313	0.053790554	-0.131013	0.020107146	0.21147074
-0.1415949	-0.43942285	0.22658253	-0.089662224	-0.15863496	0.25504035	0.29569647	0.08200556	1.0000001	0.24958323	-0.24878043	-0.056135714	0.27448627	-0.066761106	-0.22780888	-0.406852	0.09410972	0.05564177	-0.4350607	-0.28559023	0.03169457	-0.033194467	-0.08235978	0.27372587	0.14648522
-0.2700149	-0.3722605	0.16300032	-0.26507896	-0.29247206	0.18787248	0.28236777	0.14456457	0.24958323	1.0000002	-0.31047246	0.11698359	0.2771356	-0.045103643	-0.3255062	-0.21075805	0.1951481	0.22234698	-0.27685204	-0.09372109	-0.0360733	-0.018538555	-0.3995635	0.15904225	0.24891397
0.2789789	0.23946787	-0.13787824	0.23566519	0.23007408	-0.081201114	-0.25573125	-0.23105821	-0.24878043	-0.31047246	1.0000001	-0.27487424	-0.32008177	-0.07530723	0.18512481	0.11095427	-0.47140825	-0.16353911	0.13682431	-0.02082631	0.068018146	0.15196691	0.22925112	-0.0996743	-0.4049286
-0.21892427	-0.020505618	-0.14842013	-0.5878593	-0.0062313816	-0.22588764	0.010645428	0.23814215	-0.056135714	0.11698359	-0.27487424	1.0	0.0012447457	-0.10552072	0.030328073	0.05200834	0.21480554	0.06802388	0.11768113	0.21951231	-0.29803297	-0.03297054	-0.2324114	-0.10981578	0.2283842
-0.19090499	-0.33796412	0.25963598	-0.07611214	-0.41561177	0.24813811	0.29115412	0.08052125	0.27448627	0.2771356	-0.32008177	0.0012447457	0.99999994	0.059078988	-0.3940805	-0.26264527	0.1596871	0.16531892	-0.3478216	-0.23561588	0.024833985	-0.13972147	-0.20470911	0.21693532	0.19148207
-0.01266772	-0.03268865	0.12462136	0.106467694	-0.19104896	-0.022067752	-0.09047011	-0.34167185	-0.066761106	-0.045103643	-0.07530723	-0.10552072	0.059078988	1.0	0.04052161	0.14489345	0.028500684	0.05686111	0.017857581	0.044035815	0.25688434	-0.57305604	-0.10724658	-0.106340334	0.037607
0.10449327	0.27824923	-0.4067216	0.03129973	0.2256088	-0.40032214	-0.42742398	-0.07996571	-0.22780888	-0.3255062	0.18512481	0.030328073	-0.3940805	0.04052161	0.9999999	0.23669565	-0.12613937	-0.17871007	0.28391874	0.22362746	-0.035171676	-0.012504706	0.13130483	-0.30887604	-0.10429759
-0.017289868	0.21645646	-0.16196726	0.058378357	0.044869192	-0.25965676	-0.45254904	-0.099471904	-0.406852	-0.21075805	0.11095427	0.05200834	-0.26264527	0.14489345	0.23669565	0.99999994	0.017422289	0.056904316	0.2854494	0.2441827	0.04202274	-0.14338635	-0.045196082	-0.5104208	-0.047925353
-0.51440454	-0.13984385	0.023702843	-0.26106727	-0.24289048	0.0040202513	0.10191336	0.22120179	0.09410972	0.1951481	-0.47140825	0.21480554	0.1596871	0.028500684	-0.12613937	0.017422289	0.99999994	0.19967231	0.0066611306	0.11922011	-0.14235248	-0.23081222	-0.21098268	-0.08318041	0.29130766
-0.34821495	-0.17971705	0.014590571	-0.07909102	-0.43165985	0.03436267	0.11117579	0.0926573	0.05564177	0.22234698	-0.16353911	0.06802388	0.16531892	0.05686111	-0.17871007	0.056904316	0.19967231	0.99999994	-0.012839232	0.09501603	-0.038928233	-0.042680304	-0.5300066	-0.06380191	0.22899576
0.010903341	0.27949023	-0.33975625	-0.03879672	0.16149057	-0.407537	-0.37884757	-0.0070189973	-0.4350607	-0.27685204	0.13682431	0.11768113	-0.3478216	0.017857581	0.28391874	0.2854494	0.0066611306	-0.012839232	0.9999998	0.28282797	-0.07759675	-0.01423585	0.04025335	-0.4037964	-0.09362726
-0.14763685	0.15815389	-0.33597746	-0.1944178	0.049328856	-0.44887796	-0.21306479	0.0903041	-0.28559023	-0.09372109	-0.02082631	0.21951231	-0.23561588	0.044035815	0.22362746	0.2441827	0.11922011	0.09501603	0.28282797	0.9999999	-0.14220902	-0.07127811	-0.12339224	-0.43122417	0.11389922
0.13429764	-0.106681496	0.18986884	0.23015706	-0.103507765	0.117220886	-0.053463474	-0.5377313	0.03169457	-0.0360733	0.068018146	-0.29803297	0.024833985	0.25688434	-0.035171676	0.04202274	-0.14235248	-0.038928233	-0.07759675	-0.14220902	0.99999976	-0.2624024	0.0076922337	0.020363834	-0.18068637
0.12399915	0.05848883	-0.22316717	-0.0010023668	0.15339983	0.0027206326	0.046942066	0.053790554	-0.033194467	-0.018538555	0.15196691	-0.03297054	-0.13972147	-0.57305604	-0.012504706	-0.14338635	-0.23081222	-0.042680304	-0.01423585	-0.07127811	-0.2624024	0.9999997	0.13237987	0.110567175	-0.18384504
0.26644373	0.18095438	-0.03652581	0.17738263	0.252006	-0.07842693	-0.138676	-0.131013	-0.08235978	-0.3995635	0.22925112	-0.2324114	-0.20470911	-0.10724658	0.13130483	-0.045196082	-0.21098268	-0.5300066	0.04025335	-0.12339224	0.0076922337	0.13237987	0.9999998	0.028384319	-0.35160005
0.06028508	-0.2836105	0.20258316	-0.01161542	-0.07231488	0.26521918	0.2739479	0.020107146	0.27372587	0.15904225	-0.0996743	-0.10981578	0.21693532	-0.106340334	-0.30887604	-0.5104208	-0.08318041	-0.06380191	-0.4037964	-0.43122417	0.020363834	0.110567175	0.028384319	0.9999999	-0.009902345
-0.390575	-0.27907622	0.050393153	-0.3374195	-0.31197953	-0.010295246	0.16191743	0.21147074	0.14648522	0.24891397	-0.4049286	0.2283842	0.19148207	0.037607	-0.10429759	-0.047925353	0.29130766	0.22899576	-0.09362726	0.11389922	-0.18068637	-0.18384504	-0.35160005	-0.009902345	0.9999999
