0.2528819242715443
1.4368682549932006
0.2625911722091119
1.6494473599325166
0.8722313307459288
1.1794788894832522
0.2116167739707686
1.2435165291315649
0.14681710028391293
0.9405487690022378
0.36615380337142645
0.2407053682971123
0.5250488492363681
0.808988505435565
1.6445543266025378
1.2068972472317563
1.6314037582658607
0.8618631742404146
1.2366312972400701
0.6362392820079152
0.2952509595362023
1.749681017712721
1.8792763162154662
1.1479999582616327
1.567505370932315
0.5778619856813325
0.8844952380881461
0.41780540889442386
1.1238230856244023
0.4235322989424999
1.6973497858193765
1.2473172266346848
1.035721145553793
1.5870100406380725
0.8976370127693483
0.09119369554178292
1.9719022184316866
1.7622077938903387
1.4374533944130823
1.7257602983370228
1.9276416000661016
1.4075020708480763
1.4603335312894534
0.38752109994743544
1.7614594351426656
0.3690030202549974
0.22846346560805708
0.28963240510244503
0.3341234027823661
1.5341622041235836
0.3058225768926104
0.4379815350191587
1.9477773454674108
0.5285333084481405
0.14871196852468738
1.5091089188769051
0.5965404510564076
0.05094058172117388
1.1937753066536425
1.115765509718631
0.16064191451554888
1.954958220812161
0.021966607172432484
1.464514479010946
0.3156920765146698
0.7041638924992937
0.37943147737940985
0.8285065867242003
0.9268572115572955
1.8519358003414081
1.3768359201968172
1.0640446000740134
0.11089334162792785
1.8806855538089053
1.427920920630051
0.19737448829326154
1.7912613840931095
0.5591653495911593
1.1365629591370154
1.9151408411938096
0.3767882921786532
1.7454707262463207
1.1738518001942932
0.3174206504779926
1.5552028632502783
1.8493787032537108
0.3195212012084656
0.6498760229932441
0.7300822922473855
0.9388102891127748
0.37726254818130545
0.38926178307297166
0.5760465085053044
1.0758734449872145
1.8608685021767462
0.8032044988804024
0.3575155763526392
1.5769612053532869
0.6125800908569663
1.8707382808954194
1.0293178499923612
1.229915510339633
1.4334391689271593
0.5937984308965369
1.5454896484455527
0.5577463887464809
0.12377745825390707
0.3035476879897272
0.4483231084231736
1.4452212369196196
1.7543441563452429
0.18077816942932468
1.0316510045154357
0.7200089921825696
1.9097411047704909
0.8176060387166546
0.504008194869398
1.7213738024393972
0.6792965848919634
0.554855033898169
1.340085820343972
0.8040050608587264
0.6945502950752465
0.9482303157518204
1.8090683559464313
1.8679408938998268
0.13167501491817912
0.6915073109065855
1.3978156115311504
0.05091000413864877
1.1469153863034758
1.9100765323809712
1.4011180478987044
0.7235891878372334
1.0285037146180498
0.09105905895717559
0.036168113960581616
0.03715739370025717
0.05426037307916687
0.31610971709552094
1.0366594544783012
1.0141602050561491
0.9404352310468793
0.8854372645363844
0.17206578146322316
0.40423606036952275
1.6163967501053949
0.7179459008571774
0.4101125626621014
0.39059967292909437
0.9128732046287718
0.8891781910488417
1.591287705576119
0.3572993388155643
0.7250344091115497
1.2022998284048432
1.1423506385440234
1.4783114499341046
0.6037269767903348
0.4984448875263907
1.682624187673998
0.056740199629311094
1.5154540446247031
0.3930215271139381
0.6573375927538068
1.7112798510470104
1.8717261843487003
0.24809309100765775
1.3764848929240245
0.4815165907944201
1.8167867628849135
0.21907699559722915
0.4385427188251334
1.0480313437484299
1.0009765936683361
0.2637076368335225
1.0210306132021096
1.5496090884197065
1.0516963150270509
1.3516737186749508
1.936484255078015
0.8009904695698069
0.3878449225413436
1.9658032376914234
0.9599130569400007
1.3355108489121574
1.5045135976445982
0.07513243733823849
0.8584275774188219
1.3377430521399796
0.11209731989115457
0.6166664911817175
1.9672739886202688
1.8747678250118507
1.0789315761268043
0.31537221731199705
0.009227625895297686
1.215254388957414
0.13436388753862571
1.0172275281396623
0.08050818635321244
0.7933008070159331
0.5128029753282946
0.3222233680123663
0.3020452441685879
1.8463451584306863
0.485610589384432
0.561115923900436
0.05538609512118997
0.4648384517178308
1.309569034342035
0.6214362004728744
0.9136808973132187
0.810887087849971
1.4889593457388999
0.20886774117631357
1.137910336761158
1.7395339539089658
0.4083423316396997
1.2552500757007725
0.026896013189431578
0.8435117459328196
1.0437003851797326
1.7750639928085419
0.8031241771287314
1.7716194039803561
1.760165270170043
0.5715746492088576
0.6417943272552644
0.7160478342266925
1.1051046841191987
1.6005166813448541
1.0560835313438897
0.941187831174843
0.5775342260565799
1.6882854739302202
1.9762217297864078
1.0954196914723522
1.7124568413830075
1.3741809066979274
0.34545693770498587
1.2081165996718681
0.4855383918393932
0.7390537711477791
0.6922796156592586
1.1368055673564375
0.6325140611538727
1.3746748790727166
1.9585057172132354
0.6440530325796261
0.7201930698249397
0.7921724215801189
1.272721763838897
0.16265897068059365
0.8828242766940511
0.3304916373443163
0.1810289779979679
0.019873189114956613
1.4165121231447837
1.5465132786629612
1.6172915881908505
0.49383956601854684
1.2304679759366413
0.8133150100813966
0.8151484198259711
1.6640426470296967
0.36452533313298985
0.2820498191298382
0.017862953952832328
1.0699314185637725
1.5587266183493795
0.6601871103093002
1.9348197581686264
0.6981568191783396
1.1467589003425072
0.2471687052142857
1.0783416521019265
1.1180922338746553
1.536608006784366
0.6345090527910002
0.7356230679877147
1.699437967181912
1.7256538264169299
1.6913080639739706
1.9224506979494698
0.9000583280497776
0.6350310618884805
1.9441016665929596
0.23260148411387127
0.7976733878866598
0.6144432947471192
0.6876978519610883
1.469344781331076
1.3937835301410613
0.5140344425398751
0.9662386610594684
0.339231929701866
0.1293917465758183
0.10064006163422845
0.6570815846370397
