1.1598233488222445
0.700460166733528
0.09942702629015931
1.0265185638842333
0.06208446880143237
0.5973949203171074
0.03151714942090433
0.8911641633162093
1.6978883500943756
1.5708308500525918
1.0426964338903186
0.8124328823027309
0.8784539560788531
0.48687058767224856
1.1185426825109033
1.6663795039880838
1.9210618272498396
0.7135081165456831
0.3883768021060727
0.10541689123945486
0.831423240425164
1.0616612969840566
1.50531965228788
0.3464566352036038
0.45953965891607895
1.3479635998242625
1.9895296597338858
1.4365621925766854
1.2156560799729472
0.918862486264558
1.8327167761156586
1.3722835509000468
1.8084104730785675
1.5830803579244115
1.3153078129384015
0.8847838425905306
0.5513542360224342
1.258415908440103
0.5773758751697513
1.42156565948967
1.8160951100418783
0.24831808481872608
0.8392283788691661
0.5238092632684888
1.542004863520838
0.1368728730523172
0.08952323618877456
1.4641509683431955
0.14981978438239185
0.9503280021095672
1.2754903387333614
1.996815106349009
0.9601748426876018
0.28831229790596025
1.166243927640829
1.2255788876668339
1.434323776032659
0.341580264330984
0.4482068926740497
0.13547858971296511
1.1821765554813846
1.2859157610326395
0.9340550365724354
1.48220415780309
0.7353913318534051
0.6060674358556806
0.1885229509820685
1.043160204588169
1.229225571594723
0.1593464308189303
0.5735643200222988
0.6510930882204113
0.7297200982271774
1.240002179749629
1.4564632226844794
0.4741750411853647
0.9904504904166263
1.186190149143634
1.9762551756972357
1.4070735405136299
0.6213972692380356
1.1214729622754411
1.0850863670047441
1.9551709778556219
1.5639125795509203
0.8489739229023323
1.4454413255251717
0.32492948533872634
1.82885018506429
0.02313451366372621
0.420449571405745
0.9510129150849542
1.2115669021356879
1.9642904058210482
0.9916579622493795
0.9847981839057733
1.0447654305263154
0.13997496126224496
1.3907389553751477
0.487575932273725
1.109522038032455
0.9632123441290137
1.1027502831838154
1.9866992392579004
0.9216722295556421
0.49231713293242074
1.2017729497225378
1.9131009223319302
1.8947243451990337
1.076054815573871
0.34384740865209973
0.25702562786563554
1.7088023368338499
1.686206994560591
0.06204827153152892
0.11489761613740113
1.3942757135911965
0.5702799824944311
1.099456540321681
1.9088913622159196
0.7645846866230661
0.8973917914609597
1.7022500594463443
1.994975824978516
0.23295885560752527
1.3583078337132855
0.33652302140662216
0.9649318700401568
0.015932278695990565
1.4172005858188401
1.0474933324380054
1.0917481703652496
1.709705295080643
0.6213734235395307
0.6934113615396782
0.8841201166024644
0.4251705812953921
0.33370280726187707
0.3772711606559418
1.8293228015648706
1.2058135082352373
0.38981164981751215
0.35317508793519403
0.15940218605899314
1.020155713002473
1.3036830758708795
0.9129566281289485
0.7385768064910583
1.8616349725750598
1.8361752528377542
1.151627570877502
0.1981047158076501
1.477066532116168
0.8453029390292877
0.7271093601777014
1.1868649376759515
0.3296581367255631
0.2929023409770919
0.26423511475643324
0.6222852234045908
1.3213000903360048
0.9716678945801003
0.3597808373409268
1.4704861632704624
0.6580469210012083
1.196816118408546
0.07393622106418829
0.45536180176193297
0.8281443770210279
0.7168162049524094
1.275109966579841
0.550856862235668
1.9440109305188422
1.6859606092211765
1.9429351970280315
1.8786926468803524
0.8352607131334555
1.6539119203498462
1.3096988123092925
0.4936217109697427
1.9466252024994772
1.7641915559223489
0.07368747530751252
0.6956761402969265
0.9199943934244872
1.429144827718761
1.8989820613803363
1.4423891602622207
0.08090217985127501
0.8463933529022882
0.8085109995320436
0.24960516301476754
0.34755351844722315
0.5431291756090124
0.6350396220725907
0.5275968632782073
1.3674285083469018
0.829767142529265
1.8320855289925242
0.046403237603100944
1.0933861769202968
1.8589156681229924
0.7704100047106992
0.34705028780134084
1.9371763997177711
1.3044095580109898
0.9225508980907895
0.30234200408099965
0.35459232949856023
1.5394539452353324
1.1328349399559206
1.802060078695213
1.4960117176894008
1.2349862764310282
0.2139146229620228
0.184663672272934
0.32558495420793476
0.9595584048972046
0.8719777068800767
1.2334083439570724
0.8699249903382686
1.683680534598138
0.6171252137527361
0.07778205624391599
0.7228758129080752
1.3659283914920322
1.4261931773625145
1.7331100298101945
0.9503980377037893
1.6346741573029115
1.8764121591311345
0.8502738617498977
0.36655725519136495
1.3975576191641033
1.6423653534002267
0.07765046554762867
1.700350529672694
1.5947477295848098
0.9019306906074847
1.327439911858202
0.2018383379436528
0.6107496669575361
0.5443367157692474
1.1943648460067533
0.013685311903125719
0.007119833087557703
0.5135665137253147
0.15065132819314186
0.3701578957047944
1.924322942965115
1.2979443306265637
0.3360371686412851
1.068234555071939
1.0189185335998363
1.4691993367912228
0.3469388873723154
1.9392417593456004
1.1316989062941867
1.6538803435218645
0.9532986416745373
1.7312268444250996
0.32791332116286265
0.17058183052723508
0.11422269757043879
1.6825192399225957
0.1939754641387086
0.4626971945914615
0.6434185170772624
1.9359896249962605
1.2297250694466486
0.997207705482108
0.48205412582581086
1.7335880305274631
1.0925597790566535
0.5563751758495414
1.768226541635666
1.6660321485744833
1.9803083648868818
1.0615503584215418
0.2516661709221988
0.09412485759303935
0.7328963504272326
1.2611753787456466
0.7806342831266431
0.3763653802283007
1.4675167430286686
1.2227855723889867
1.1771084730288481
1.9405655085866824
0.2388696524933669
0.755064753742021
0.6566312956095115
1.662412222282674
0.7511400852389729
1.7203546438655286
0.629542705617611
0.42646357290512205
1.7122709231849693
1.6258574383303723
0.3063407528545119
