1.0000001	0.050140012	0.033342164	-0.24361727	-0.056463055	0.0296844	0.18999256	0.17214698	-0.06871147	-0.058721367	-0.05539249	-0.5985469	-0.088597	0.2704523	-0.350118	0.13883902	-0.13256097	0.14281765	0.1964708	-0.19373351	0.06174439	0.0419415	-0.15891226	0.009335169	-0.1258251
0.050140012	1.0000001	0.2959973	-0.20803672	-0.27154973	-0.14306438	0.2762932	0.20022762	-0.4377461	-0.44320962	-0.3220338	-0.057245772	-0.29166064	0.06571908	-0.33603707	0.28372732	0.11353828	0.2653554	0.061302733	-0.19603492	0.19183297	0.24001455	-0.3898394	0.19713008	0.16097055
0.033342164	0.2959973	0.99999976	-0.29818833	-0.33289024	-0.2397148	0.25214648	0.2157887	-0.3817546	-0.5068488	-0.27089024	-0.077772684	-0.2706491	0.06467929	-0.16496725	0.27961934	0.14412026	0.27761352	0.03527671	-0.19816202	0.19158718	0.2375269	-0.26985618	0.22518016	0.18093887
-0.24361727	-0.20803672	-0.29818833	0.99999994	0.23533511	0.20678094	-0.20749553	-0.5361215	0.16734892	0.21814807	0.20885447	0.23437159	0.21835959	-0.17132483	0.22960891	-0.21997406	-0.21379179	-0.29472724	-0.046708327	0.11291737	-0.16273756	-0.41760966	0.27426434	-0.21235125	-0.1495418
-0.056463055	-0.27154973	-0.33289024	0.23533511	0.9999999	0.17459287	-0.3414346	-0.3434611	0.27832934	0.25911647	0.17618275	0.09966495	0.17233916	-0.1701596	0.24067606	-0.3723235	-0.12048722	-0.44888785	-0.14695269	0.22384523	-0.39590985	-0.14398713	0.26455992	-0.13246931	-0.14036864
0.0296844	-0.14306438	-0.2397148	0.20678094	0.17459287	0.9999998	-0.19347675	-0.28482494	0.08532551	0.17960417	0.27422258	0.08493058	0.25695488	0.085809186	0.1097409	-0.24320637	-0.4933576	-0.31208563	0.11400355	-0.01963031	0.047822718	-0.3027407	0.18782337	-0.3290899	-0.45171338
0.18999256	0.2762932	0.25214648	-0.20749553	-0.3414346	-0.19347675	0.9999999	0.24394007	-0.43048054	-0.25472462	-0.22262964	-0.3063111	-0.26877737	0.16770695	-0.44516024	0.27814776	0.07222537	0.30041334	0.13990887	-0.25331414	0.19136123	0.21160331	-0.33732337	0.15068722	0.10883499
0.17214698	0.20022762	0.2157887	-0.5361215	-0.3434611	-0.28482494	0.24394007	0.9999997	-0.1338219	-0.23030466	-0.16666062	-0.3424253	-0.17082402	0.120866604	-0.31919003	0.24752077	0.16141577	0.25070515	0.079507716	-0.10384327	0.115191765	0.24363135	-0.40313834	0.16192463	0.12870245
-0.06871147	-0.4377461	-0.3817546	0.16734892	0.27832934	0.08532551	-0.43048054	-0.1338219	0.99999994	0.25083885	0.14601095	0.07859783	0.15909994	-0.17710173	0.24165918	-0.20590083	0.00066506397	-0.3541093	-0.20672494	0.24156989	-0.40751785	-0.16281809	0.23221813	-0.08260162	-0.09636428
-0.058721367	-0.44320962	-0.5068488	0.21814807	0.25911647	0.17960417	-0.25472462	-0.23030466	0.25083885	1.0	0.2419599	0.0697046	0.24691595	-0.052677844	0.2015961	-0.42180273	-0.09121606	-0.26073492	-0.061362866	0.16614325	-0.2223	-0.24432847	0.26005283	-0.35583442	-0.17466171
-0.05539249	-0.3220338	-0.27089024	0.20885447	0.17618275	0.27422258	-0.22262964	-0.16666062	0.14601095	0.2419599	1.0	0.11952251	0.31158015	0.07177951	0.13497332	-0.2931859	-0.24180515	-0.36757252	0.11401639	-0.040427998	0.015426948	-0.42912132	0.19108167	-0.41386107	-0.38151956
-0.5985469	-0.057245772	-0.077772684	0.23437159	0.09966495	0.08493058	-0.3063111	-0.3424253	0.07859783	0.0697046	0.11952251	1.0000001	0.15711068	-0.30516747	0.23232882	-0.14008205	-0.054849926	-0.22220248	-0.10821575	0.083764635	0.009186388	-0.15015739	0.18427333	-0.1584253	-0.010184919
-0.088597	-0.29166064	-0.2706491	0.21835959	0.17233916	0.25695488	-0.26877737	-0.17082402	0.15909994	0.24691595	0.31158015	0.15711068	1.0	0.029931836	0.13468651	-0.22138233	-0.23934975	-0.254962	0.09801315	-0.03141077	-0.026762292	-0.3573879	0.19345559	-0.56285733	-0.40067658
0.2704523	0.06571908	0.06467929	-0.17132483	-0.1701596	0.085809186	0.16770695	0.120866604	-0.17710173	-0.052677844	0.07177951	-0.30516747	0.029931836	0.99999994	-0.23779665	0.11693498	-0.281405	0.13527893	0.29061446	-0.32437605	0.20485713	-0.06390579	-0.21241748	-0.12594722	-0.29852715
-0.350118	-0.33603707	-0.16496725	0.22960891	0.24067606	0.1097409	-0.44516024	-0.31919003	0.24165918	0.2015961	0.13497332	0.23232882	0.13468651	-0.23779665	0.9999999	-0.3347304	-0.013901434	-0.31521818	-0.3084771	0.24109012	-0.20112705	-0.21982652	0.29317734	-0.060392946	-0.026745046
0.13883902	0.28372732	0.27961934	-0.21997406	-0.3723235	-0.24320637	0.27814776	0.24752077	-0.20590083	-0.42180273	-0.2931859	-0.14008205	-0.22138233	0.11693498	-0.3347304	0.9999999	0.10877446	0.28328437	0.13361853	-0.30755824	0.19423978	0.21697101	-0.42466238	0.18052219	0.108640976
-0.13256097	0.11353828	0.14412026	-0.21379179	-0.12048722	-0.4933576	0.07222537	0.16141577	0.00066506397	-0.09121606	-0.24180515	-0.054849926	-0.23934975	-0.281405	-0.013901434	0.10877446	0.9999998	0.14110018	-0.35724792	0.11590839	-0.1091318	0.25549898	-0.15431304	0.23862973	0.29225078
0.14281765	0.2653554	0.27761352	-0.29472724	-0.44888785	-0.31208563	0.30041334	0.25070515	-0.3541093	-0.26073492	-0.36757252	-0.22220248	-0.254962	0.13527893	-0.31521818	0.28328437	0.14110018	0.9999997	0.07154642	-0.2138677	0.16738243	0.23549177	-0.24591371	0.19350955	0.15177293
0.1964708	0.061302733	0.03527671	-0.046708327	-0.14695269	0.11400355	0.13990887	0.079507716	-0.20672494	-0.061362866	0.11401639	-0.10821575	0.09801315	0.29061446	-0.3084771	0.13361853	-0.35724792	0.07154642	0.9999997	-0.41455242	0.24302408	-0.12289435	-0.20099355	-0.14631392	-0.27266648
-0.19373351	-0.19603492	-0.19816202	0.11291737	0.22384523	-0.01963031	-0.25331414	-0.10384327	0.24156989	0.16614325	-0.040427998	0.083764635	-0.03141077	-0.32437605	0.24109012	-0.30755824	0.11590839	-0.2138677	-0.41455242	0.9999997	-0.5070028	0.0096983295	0.20452465	0.058408625	0.119181015
0.06174439	0.19183297	0.19158718	-0.16273756	-0.39590985	0.047822718	0.19136123	0.115191765	-0.40751785	-0.2223	0.015426948	0.009186388	-0.026762292	0.20485713	-0.20112705	0.19423978	-0.1091318	0.16738243	0.24302408	-0.5070028	0.99999964	0.0017644833	-0.1968854	-0.030180914	-0.07365109
0.0419415	0.24001455	0.2375269	-0.41760966	-0.14398713	-0.3027407	0.21160331	0.24363135	-0.16281809	-0.24432847	-0.42912132	-0.15015739	-0.3573879	-0.06390579	-0.21982652	0.21697101	0.25549898	0.23549177	-0.12289435	0.0096983295	0.0017644833	0.99999946	-0.34109455	0.27517888	0.25612372
-0.15891226	-0.3898394	-0.26985618	0.27426434	0.26455992	0.18782337	-0.33732337	-0.40313834	0.23221813	0.26005283	0.19108167	0.18427333	0.19345559	-0.21241748	0.29317734	-0.42466238	-0.15431304	-0.24591371	-0.20099355	0.20452465	-0.1968854	-0.34109455	0.9999995	-0.1564249	-0.096877314
0.009335169	0.19713008	0.22518016	-0.21235125	-0.13246931	-0.3290899	0.15068722	0.16192463	-0.08260162	-0.35583442	-0.41386107	-0.1584253	-0.56285733	-0.12594722	-0.060392946	0.18052219	0.23862973	0.19350955	-0.14631392	0.058408625	-0.030180914	0.27517888	-0.1564249	0.9999995	0.287839
-0.1258251	0.16097055	0.18093887	-0.1495418	-0.14036864	-0.45171338	0.10883499	0.12870245	-0.09636428	-0.17466171	-0.38151956	-0.010184919	-0.40067658	-0.29852715	-0.026745046	0.108640976	0.29225078	0.15177293	-0.27266648	0.119181015	-0.07365109	0.25612372	-0.096877314	0.287839	0.9999995
