0.6286039672557517
0.2367529553873884
1.3632400218502496
0.9881741342384631
1.121775764633442
0.6402409058644727
0.7042661830170491
0.6078639861761772
1.5977226621617535
1.0422036917634128
1.6140571946556246
0.8710356528952277
0.9385850153968145
0.8445094391764119
1.7773791349539818
1.9882855044926817
1.659739089594843
0.27724962885231674
1.3729842678187714
0.8053315863640793
1.0506475744886237
1.7149861445665975
0.7946708936331408
1.2814857969520204
1.995367099864588
1.4030103105679463
0.3524644547535174
1.703983654189853
1.2113019952326751
0.8064103648766121
1.2208429330781074
1.8859483482046968
1.478812685883053
0.49461566995710027
0.25247234908008376
0.6468162608480947
0.3384325685611287
1.7771279779363722
1.1296002345522287
0.3838163864984958
1.037201571331283
0.49931931325295076
0.998650960861915
1.3915877634160714
0.29062331409085407
1.2543888259648273
0.4691219332028298
0.041266322062624594
0.23656950225783824
1.7404671498834459
1.8186831809570667
0.9060425611641219
0.10743793208355634
1.4077419607933093
1.2477626321949575
1.0244301853720956
1.7751608513405035
0.07006099058819615
1.911661876440056
1.4862651879299473
1.2296917072212792
1.1358040830116716
1.338801887438902
0.6927038680322999
1.056987512846542
0.9879028862099943
1.9651146165867628
0.502985258355449
1.2715321449594905
1.4983768011010572
0.0549544907364401
0.014976292516689638
0.3625931531236659
1.3870863740698365
0.22463121941506703
1.622811558281603
1.6486876774995773
1.6233704182213826
0.19580008916448954
0.41701880475686237
0.9272963487305643
1.4519780278082928
0.09366753371572512
0.01863359903966222
1.559199516308496
0.8293416329155514
1.5228528378117965
0.05531270088538065
1.8762817496209705
0.44719307636538663
0.1941199945469121
1.9806640360435892
0.4885347582438102
1.903184844752088
1.7340528946546951
0.11701991445334325
0.07112734005994592
0.38522710026705087
1.1566306179865053
1.5423265848570271
0.38802255057355994
1.5658341135356468
0.07549613353631912
0.8298742760863533
1.8231297760257303
0.4359262310833525
1.6907549839756844
0.6060626979871462
1.15011823882386
1.2711643856354051
0.443211939203461
1.5346113887986244
1.0464634984094112
1.708545687753393
0.8862567296541819
0.6878435485219472
0.06799816713683704
1.6749418466035895
0.0783645980436587
1.479076184389915
0.34578459507407033
0.5392499077982236
0.9129327737313377
1.053125014540042
1.802570380252349
0.5586933537847312
0.7478872641943466
0.01437754713176842
1.865974098668946
1.51664168807287
1.6909397799235182
1.8059819376797235
1.2681970394019975
0.8941531003208825
0.958422665508694
0.18939775762404198
1.3451729088739968
1.674042451929624
1.7648296605033431
0.6412690711038109
1.3898596153702023
0.22223545112222753
0.1273817469603351
0.7276096674033545
0.5580443875811796
0.33648576916046546
0.1565039383769986
0.25149187082807534
1.4574333717996948
0.2315812019098804
1.9374419906661333
0.9247098024297125
0.514110359639335
0.2890327753132411
1.33429287465669
1.4404796275065206
0.04126635127330047
1.497643976024389
1.6405078522929366
0.00209095183319552
0.8723337252992898
1.0773354943038564
1.6824489293653833
0.3037908617404239
0.11690958898164205
0.9918341396064172
1.0292460029752935
0.03859516600182622
1.2015414406711633
1.4134547341712342
1.2627552150060206
0.9520017383623449
0.1274148363119778
1.7251476383429705
1.8825746967369381
0.9349480911451613
0.37125913931882737
0.18156607435586958
0.7815758171175777
0.9961532530124819
1.2075464656968626
1.550618285771249
0.848555389262764
1.1236458286000393
0.6026743699578816
1.025672333006566
0.7123215711914277
0.20725156478768825
1.2504386163115533
0.09636545115601347
0.22804197199483633
1.4036768412855443
0.792532334164666
1.4541418975236484
0.8466545183015457
0.5208384862763307
1.947880491030488
0.17058580289344216
1.9617474351985846
0.2927712976466341
1.2450684275348542
0.1072071398699026
1.0729907726442351
1.489422165999151
1.378359761653347
0.6431102932727748
1.3272546717952376
1.3308527504370808
1.8387682746726728
1.989065997814452
0.004952423069784162
1.7106009000622528
1.465818430087132
0.6469868010218851
0.7654271366249208
0.7352799677803465
0.5837873259519992
0.2935134032927058
0.23771376662543697
0.02556477253324574
0.0681537727735102
0.9018484154596558
1.8046271459905616
0.9473621855603607
0.2939985556441125
1.2689840513844175
1.4847404477255381
0.7471524887328758
1.5504492150725098
0.03594449114426723
1.7529831977442898
1.2051061766509688
1.4848486950553814
0.6652974011688801
0.27974801896764556
0.8666712765233886
0.2076832583313173
1.5380033587634643
0.8013373198622598
1.557290090382465
1.5109198385601046
0.7533990199790792
1.810337035871391
1.7262923573830422
1.8175186354412964
1.3603026355968169
0.24776286536909287
1.9241021475661382
0.21027698907481107
0.6068793306854019
0.5938483814701778
0.07181953015923326
0.07631108891737459
1.524903982868349
1.3045445096602712
1.9157442443370682
0.23476290543183098
1.4911719835524366
0.44801261585538343
0.42819802965865383
1.7776700290148861
1.6485283298220332
0.009768157868264238
1.4629804093222967
1.2349339705513336
0.9189401374313475
1.0214181524917834
1.9530971465645504
0.639778476101496
0.11869535309408086
1.2384623867182227
1.3738629701622191
0.6770891431536643
0.22401076338265757
0.8328086062294398
1.801766316679591
0.01048987730239559
0.1588120617953177
0.404671081508309
0.2470033240213616
0.6297414037313156
1.3436323548401425
0.40644122468903854
0.7013587148483877
0.786524336796228
0.3346165862296504
1.988334514677273
0.16691599898439247
1.4386726110927446
0.6881884508680411
0.7565450841205803
0.32300654521145966
0.1483632907760153
1.1717014468824425
0.6425214180021548
0.17472534100218762
1.4579801519997933
1.1116090534786363
0.713330600182726
1.0479419648741723
