1.905589713030262
0.4149132886318141
1.0521134301429174
0.5565999820657443
1.2595464930372746
1.5096269098130892
1.6242382526916563
0.08057751085278597
1.9119970726662427
0.6416511323203584
0.4832659577549008
0.731523522567177
0.33541579601167726
0.6050608223565439
1.6918218065870465
0.17230829789741975
1.6676451782907453
1.4999125843515084
0.2793666485732298
0.8172386802263572
0.6998646259191565
0.4977185438426479
0.7957981638990119
1.9516274360456256
1.8889393668030534
1.0431346713225647
0.39456965615430173
1.7370971305587761
0.20748344259843376
0.14518683454178816
1.400435979017039
0.34570380379832555
0.7012699834540923
1.440258096978003
1.4747140663087197
1.7907030541532551
1.380312924240748
1.8804126475266882
1.2333579118488551
0.2585814926152996
0.2288226933654629
0.06012865255413269
1.3463374469448974
1.5539906993939696
1.0607391606687688
1.2314549434089679
0.8481113103614157
0.910655177088264
1.0874332101564443
1.072804485996632
0.9122560454489284
0.35087719821245256
1.9512965595643212
0.47463467404317616
1.619156904026975
0.6706227670725895
0.9998324278668813
0.7718779753967464
1.6076071757474204
1.3371258156564882
0.6559025013205972
0.884875047596845
1.2573223226089079
0.616552608328492
0.8320993517124347
0.46916760049629613
0.9642925766859745
1.7639066169073485
0.5289876822776722
0.22149106082535064
0.3939593891171378
1.6978532662423749
1.5604189980751049
1.3047095512251545
1.533979447428989
1.4607744734321977
0.003090595375877525
0.2814088615005268
1.148084872839941
1.1114101845577817
0.017692353604751743
0.45905427661505005
1.633737141078601
1.8571107604725716
1.6657645580401423
1.3480933258033918
1.0308295862274695
0.9615416606724869
1.1959378799031701
0.16059268960386608
1.3621134693467205
1.055588050737353
0.19901596425315105
1.3034113641520413
1.8617416636884454
0.6685512845816941
0.7552120958642328
0.4396030672945035
0.6799749363012886
0.12810764738944358
0.0511356489551813
1.2922340754329529
1.5284983095892966
0.18805222267069333
0.6502188831678837
0.9305328738411516
0.7542296325901758
1.2786257436678687
1.1659795605443715
0.5279368683153696
0.16592101049756547
1.3995330690169752
0.016327327901014987
0.354150791589535
0.9660159001394304
0.6179089082653753
0.504390614366129
1.3789923633348289
0.6428565988885317
0.6860240765295389
1.4551340258297347
1.2270888899217527
1.355789649921831
1.3794048675548558
0.7939128042343817
0.9696517740082531
1.01162093483517
1.993978486218645
0.0519420536630637
0.9194057107305802
0.2361103569344336
1.8148579457155056
0.5133425903810329
0.8609990391969653
1.1856857710015356
1.0138271135298764
0.24567098514517194
1.0321559030624294
0.6397023227938592
1.9767370368758168
1.703839754487616
0.04238338529942731
0.39539782821916525
0.6155109755568813
0.7201048971384856
1.709762354111364
0.12683408050753653
0.2390286401394639
0.514912657853918
1.3304774991191164
0.16140381428001227
1.2093515757680688
0.8519355186565176
1.3436449224128704
0.7657424960562997
0.12431426737256546
1.290052440241825
0.3123372999714942
0.2043661492123363
1.281760080412241
0.4061039414644583
1.726950104791204
1.0287347151548434
1.0667888297030421
0.12305228210544517
1.216653191950265
1.7337278497285087
0.5944871345946015
0.26687385164920485
0.23160256625499853
1.1339097740990582
1.8978670688383792
1.4852795281263236
0.5193049135278174
1.0586544928498296
0.17093583300057813
1.3678358909322095
1.393740737724616
0.6204561738643883
0.11954525355332368
1.923864538637758
0.4262202529597594
0.08703715652343536
1.4513345272703648
0.982686810615996
0.14909602513396902
1.2282602608880404
0.7892408994436093
0.2439963203087836
1.8248695290942472
1.9974083335142978
0.42521014434031645
0.7066902318299553
0.7838385135037444
1.6214678810037406
0.7906902344793512
1.5741760098379853
0.3326678201076607
1.798728715199711
1.280275452656007
1.6636389997567151
0.07941664193097653
0.06165963479357184
0.4576632473228559
1.4299020273899388
0.0030258449550921718
0.21359607639624745
1.5827182962532085
1.383984582671872
0.057976815390670344
1.5086930229732647
0.4223458076617741
1.563099649691446
1.6625998970481657
0.7129988215488601
0.6432259199321273
0.3718906230324832
1.8902765694848682
1.604669308137861
0.26602864222162004
0.4503935390834648
1.9591993677279316
0.7864307299625526
1.0954003227947238
1.5531571762838525
1.5585456276416791
0.955303784326409
1.6381300984011018
1.1998903134052956
0.15429502498960423
1.0401925029688452
0.7048070091974776
1.480617209333416
0.3884447946787588
1.6591049585625424
0.7701803166794357
1.5460726290095592
0.3581175048871812
1.8055482850460356
0.6237582322885817
0.6770418907087246
0.340299515972585
0.1656461812883352
1.3515817190551205
0.12729199585361628
1.302560319598424
1.9207325636375496
1.912951682901232
1.8888402172324297
1.5867933314575942
0.6779009116213615
1.2231668258819113
1.338382392204302
1.2249590953906648
1.4609418292463994
1.9172075827766084
0.6398446155158872
1.2545217922135954
1.0078115737551423
1.8491267365092579
1.6625278960022019
0.23461000512820918
1.5911821796525378
1.9948458037081662
1.0892234234099307
0.2286467249706723
1.9317302847581437
0.9897395334330457
0.014066351498956742
1.4723696403459492
1.6760351986352569
1.639935228351733
1.0971002575179662
1.3602225328000686
1.9034606670056802
1.1525548803281733
0.20267948832512395
1.9564285543323645
0.7718099625320998
1.0682107497237814
1.2992028836976575
0.8310126926657251
0.4101843786377726
1.914427509601044
1.5739990116888174
1.637684831072192
0.7760540360472832
0.8695528671635646
1.5923946583505302
0.6908813692294207
0.7570651977558693
1.3310479553316221
0.8201015467354271
1.7714956257054049
1.4870390051167035
1.2234445210047395
0.6943842494942722
0.5002679529156511
1.5622790090776184
0.9355356673820263
