0.9054611112151529
0.9424324469306364
1.7718831594663125
0.6158360277773371
0.23154583151785424
1.0601350981977022
1.0787604860891113
1.5275715387024982
1.0913337325913417
1.2298014935237764
0.4297350568942466
0.21430804342730747
0.595680674634264
0.4028159012708159
1.3008204219069721
0.9467795399358039
0.16737583564548886
1.975960598857955
0.9236244783310534
0.3865368533140292
0.8440166075517619
1.9373213531090168
0.13774922222541885
1.6102623366809397
0.1798859733625242
1.7602413895469444
1.6436629143065165
0.3176558792417483
1.4709795827781118
0.4793850724043407
0.8622036864500626
1.0361967319498637
0.8321423015602012
0.772982228713192
1.8579425344918459
0.5440010643711446
0.2352184439762839
1.8368388591441476
0.6430051347009971
1.55824873205753
1.934281593032586
0.9375116573392415
1.4918181564422823
0.8712297495613281
0.8718622535573302
1.938695166978179
1.3316856679270315
1.7111016464623772
1.632416637684873
0.4588448067601334
1.8815132920993876
0.9137775000442105
0.5727742404134635
1.0104025594742014
1.3572357709509013
1.6289529665201372
0.512766523467868
0.31092216335137546
0.24465303802349214
1.1351675781320578
1.9991810448814817
1.5959257798370303
1.9455602527362295
1.1283405671347664
0.1364219896177068
0.6530634713683376
0.4960167568145841
0.45994380815131364
1.3964239686291626
1.3701743870342131
0.8193674961018567
0.5028644173527697
0.3408027957770585
1.2294441481124554
1.7071588552133892
1.798262613381477
1.0082982024642086
0.1959801574001463
0.3349251407144842
0.6583220711252418
1.6866238839165553
0.8828107690176266
1.4885932730746625
1.3181044660847057
1.4957455071995753
0.025797738568572592
0.107244205018167
0.7188088447486061
1.099974991282057
0.8827878206542679
1.5356883820200755
1.7403880419145075
0.31972253793782146
0.7824484776431224
0.6293968862120984
0.9946693293945894
0.41925479230231444
1.3651640649225845
1.9532570442315265
0.3185539058725413
0.5087347746784587
1.675751799331964
1.7737158729122822
0.8539694855280173
0.768605398077626
0.1485080959140459
1.8038148718058675
0.23148808326744486
0.27815740991858284
0.12217022289856216
0.2587806098178993
1.8520293559792276
0.6966500328199781
0.9836182271544336
0.8540278354332911
0.9835969723792328
1.5847145343255555
1.7179443254477464
0.006037780490070199
1.584552062660537
1.0884562653630159
1.290451571374169
0.029552862493338106
1.2901822863313732
1.100590322979892
1.9314824464175393
1.0205164781302503
0.07129353402120753
1.18630034104488
1.7116985451497226
0.02575729806771987
0.8830940796642042
0.5190038901046798
0.35211536331076054
1.7715996382360777
0.4827957248155892
1.845622442848692
0.3563106763757158
1.930055991240166
0.3772625067314732
0.6011630887666641
0.7711767458511303
0.9506002756219301
1.8008529426686477
1.6455551332090994
0.1037224938065553
0.5822649390961514
0.16988721127913475
0.3479667696242912
1.2171659105881805
1.2827132916106805
1.535583509366227
1.7572038005855546
0.4827847785911432
0.6219457320492294
0.5076251580584947
0.5301335070427622
1.112959974289324
1.5240047271397665
0.4888591479615576
1.6987484209862453
1.0565252491591501
1.2176098522799437
1.421619853332195
0.7839042861913339
0.6522280352057686
1.8865475070771744
1.3884736057507026
0.5131866279830233
1.8338748120640627
0.3106779258095893
1.5693533989602577
1.3073273232950064
1.4256735421447728
1.135300612652032
1.0357828335969776
0.5851973651740545
0.061490588496844856
0.5323090043582439
0.15045908976656786
1.668523359420957
1.2468893400644012
1.322012848459431
1.0569217110329874
1.2743751443413684
0.5688869807077128
1.326553217325476
1.3938519534370164
1.1426765305533297
0.48670630808924953
0.016841813583284626
0.8551842893119188
1.751092626956542
0.8336203003075147
0.24009974580414495
0.8792304901226804
0.04488333081569085
1.2775922038616385
0.10942467588530214
1.2992304751582926
0.5714267750329167
0.48320289180297715
1.0704552238631195
1.8058536862740953
0.6716248620123857
0.19126368062307142
0.7809384652959723
1.9321772978211835
0.7192802934463265
1.9114163642673885
0.5949717989318535
0.5602263604766742
1.7218573161121977
0.5740995607189936
0.5839858753505933
0.49986885098294054
0.06974828211895034
1.4886152910993546
0.5657644209185959
1.8748250195850238
0.26055798908878036
0.31904127594210174
1.4153646276506708
1.1616745157007753
1.160910181261379
1.2082902528950175
1.1197806000590464
0.6263293186495014
1.6222479168374384
1.1922414938345893
0.2719780383138848
0.6431435426638095
0.2859178675793066
1.3270397415933528
1.0861663832595727
1.051724584656078
0.8457367683887593
0.3468568965508072
1.5955612868792595
1.8517203467760375
1.2549533082204753
1.1052750980112322
1.9648805169312549
0.43347219169836837
1.5952861598855703
0.3574137095714216
1.7936598422277799
0.831159336743096
0.6361377130326673
1.886092957696911
1.3021322104306998
0.32773822987322343
0.3273170724756005
0.045310275787362464
0.015331138868421856
1.4197070988504272
0.25486988684034273
1.6388077225320272
1.2698382731694802
0.008358901601460023
1.277699013678394
1.336286431780888
1.1538524474824345
0.1045442689711662
0.4958368634065544
1.0097219083416482
0.2555528998201484
0.6472350643614502
1.9283951070842547
0.4752164557531966
0.3706775710596153
1.5425733690986572
1.07397631190554
0.37961731078938565
0.1671698129401591
0.23967877046479624
1.9244687483466374
0.2252393355660327
1.6322373019086174
1.562358720880328
0.7656615522363681
0.899229235878144
1.3547177650337898
0.29687135187296065
1.0098076275317347
0.27887072557047055
0.5837154753101412
0.03488018839662965
0.8120466984979664
1.8758237143130727
1.6335336651759107
1.4247591422891916
0.8212759297368943
1.4520261632578741
1.0438123991548534
1.454186485803373
1.2509403715938965
0.3988532727259031
0.447334480287785
1.5164808487501193
