1.0000001	-0.14947465	-0.37749368	-0.06833867	0.25764742	0.15401496	0.1332097	-0.38861448	0.13280171	-0.25322542	-0.061002996	-0.20223679	-0.14047576	0.23315994	-0.18102147	0.003984085	-0.12569965	0.11500012	0.15000388	-0.48663703	0.13972759	0.19168882	0.18886885	-0.07494315	-0.41778636
-0.14947465	1.0000002	0.22323348	-0.22582439	-0.24381675	-0.3036865	-0.4858146	0.27071452	-0.31809056	0.28495225	0.26560768	0.14806189	0.24617888	-0.10498242	0.24039204	-0.2819525	0.20344427	0.046928562	-0.38129655	0.11739897	-0.21519235	-0.28047088	-0.2955343	0.2511346	0.25666815
-0.37749368	0.22323348	1.0000005	-0.116690025	-0.41644552	-0.1609843	-0.27301452	0.2614681	-0.115857646	0.28297782	0.20495595	0.18817481	0.21516739	-0.3181799	0.2883592	-0.06759645	0.09036511	0.004127346	-0.3589523	0.22382782	-0.16606295	-0.24143879	-0.4343645	0.13417046	0.28185016
-0.06833867	-0.22582439	-0.116690025	1.0000004	-0.013006408	0.064099215	0.20558397	-0.124431565	0.21177703	-0.17914653	-0.058637124	0.06490438	-0.15177658	-0.08431505	-0.07235344	0.18178405	-0.1518287	-0.62493205	0.15517579	0.12991643	-0.2300108	0.113055006	0.15385613	-0.09250833	-0.17030108
0.25764742	-0.24381675	-0.41644552	-0.013006408	1.0000004	0.2443426	0.20386443	-0.3190074	0.16510649	-0.33772868	-0.33697012	-0.41533613	-0.24596374	0.30711588	-0.28137237	0.11571191	-0.14076217	0.10688879	0.21354614	-0.33771077	0.2420567	0.2669646	0.21578775	-0.23821545	-0.31407127
0.15401496	-0.3036865	-0.1609843	0.064099215	0.2443426	1.0000005	0.19216226	-0.30101842	0.20402284	-0.19403434	-0.3155591	-0.41476452	-0.4092746	0.2147022	-0.20613573	0.2633619	-0.43248764	0.049793586	0.183224	-0.13761342	0.17746006	0.292576	0.15070735	-0.3264206	-0.26325366
0.1332097	-0.4858146	-0.27301452	0.20558397	0.20386443	0.19216226	1.0000006	-0.33822888	0.26740596	-0.29098016	-0.29964924	-0.06236204	-0.28493968	0.15553117	-0.26420307	0.17642035	-0.114323676	-0.15094353	0.27449933	-0.09581818	0.07371319	0.2570686	0.23789856	-0.34781894	-0.41030198
-0.38861448	0.27071452	0.2614681	-0.124431565	-0.3190074	-0.30101842	-0.33822888	1.0000007	-0.37765828	0.30914614	0.23727132	0.18511078	0.2644143	-0.19957314	0.237623	-0.22844917	0.23264205	0.015420252	-0.22083996	0.2010966	-0.12072707	-0.38612232	-0.35289943	0.20674217	0.3078034
0.13280171	-0.31809056	-0.115857646	0.21177703	0.16510649	0.20402284	0.26740596	-0.37765828	1.0000007	-0.3572116	-0.29626793	-0.071242884	-0.16074134	0.1274855	-0.13457522	0.22518149	-0.3444692	-0.20033069	0.19995281	-0.16506682	0.07149445	0.26295707	0.17117159	-0.38074502	-0.32650313
-0.25322542	0.28495225	0.28297782	-0.17914653	-0.33772868	-0.19403434	-0.29098016	0.30914614	-0.3572116	1.0000007	0.26565078	0.18439117	0.26117614	-0.24191548	0.27141088	-0.23653932	0.20417893	0.021272361	-0.32996124	0.19506781	-0.16937986	-0.38581404	-0.42952627	0.21001586	0.28824827
-0.061002996	0.26560768	0.20495595	-0.058637124	-0.33697012	-0.3155591	-0.29964924	0.23727132	-0.29626793	0.26565078	1.0000007	0.2305539	0.25533307	-0.34799552	0.23248917	-0.27430958	0.19501972	-0.014119061	-0.3333161	0.1608831	-0.3380855	-0.36777025	-0.20103706	0.2875488	0.22133464
-0.20223679	0.14806189	0.18817481	0.06490438	-0.41533613	-0.41476452	-0.06236204	0.18511078	-0.071242884	0.18439117	0.2305539	1.0000005	0.19281112	-0.40203375	0.11461214	-0.17084439	0.15416835	-0.22630312	-0.06424331	0.224863	-0.42074037	-0.22173144	-0.09238397	0.22198646	0.15218037
-0.14047576	0.24617888	0.21516739	-0.15177658	-0.24596374	-0.4092746	-0.28493968	0.2644143	-0.16074134	0.26117614	0.25533307	0.19281112	1.0000004	-0.24148718	0.25068346	-0.39316887	0.26490965	0.045483444	-0.28639755	0.083768554	-0.0459252	-0.4406162	-0.27707213	0.18810345	0.23660134
0.23315994	-0.10498242	-0.3181799	-0.08431505	0.30711588	0.2147022	0.15553117	-0.19957314	0.1274855	-0.24191548	-0.34799552	-0.40203375	-0.24148718	1.0000002	-0.24461502	0.050286323	-0.06810695	0.14345935	0.16829333	-0.44491908	0.25190225	0.22781299	0.14489427	-0.29432625	-0.29348618
-0.18102147	0.24039204	0.2883592	-0.07235344	-0.28137237	-0.20613573	-0.26420307	0.237623	-0.13457522	0.27141088	0.23248917	0.11461214	0.25068346	-0.24461502	1.0000001	-0.12234402	0.132443	0.046112794	-0.5753753	0.13845013	-0.08669053	-0.27171803	-0.47547418	0.10795611	0.24326468
0.003984085	-0.2819525	-0.06759645	0.18178405	0.11571191	0.2633619	0.17642035	-0.22844917	0.22518149	-0.23653932	-0.27430958	-0.17084439	-0.39316887	0.050286323	-0.12234402	1.0000001	-0.5947056	-0.10760996	0.15120043	0.04907074	0.012270711	0.24919185	0.13055117	-0.23353006	-0.09518
-0.12569965	0.20344427	0.09036511	-0.1518287	-0.14076217	-0.43248764	-0.114323676	0.23264205	-0.3444692	0.20417893	0.19501972	0.15416835	0.26490965	-0.06810695	0.132443	-0.5947056	0.99999994	0.05748232	-0.13368998	0.011131672	-0.035332732	-0.36107147	-0.13024956	0.18221965	0.16054863
0.11500012	0.046928562	0.004127346	-0.62493205	0.10688879	0.049793586	-0.15094353	0.015420252	-0.20033069	0.021272361	-0.014119061	-0.22630312	0.045483444	0.14345935	0.046112794	-0.10760996	0.05748232	0.9999999	-0.13001236	-0.28909758	0.2397597	-0.021487301	-0.09290917	-0.08090463	0.047163446
0.15000388	-0.38129655	-0.3589523	0.15517579	0.21354614	0.183224	0.27449933	-0.22083996	0.19995281	-0.32996124	-0.3333161	-0.06424331	-0.28639755	0.16829333	-0.5753753	0.15120043	-0.13368998	-0.13001236	0.99999994	-0.12739769	0.07506599	0.24903439	0.29557282	-0.16584028	-0.27553216
-0.48663703	0.11739897	0.22382782	0.12991643	-0.33771077	-0.13761342	-0.09581818	0.2010966	-0.16506682	0.19506781	0.1608831	0.224863	0.083768554	-0.44491908	0.13845013	0.04907074	0.011131672	-0.28909758	-0.12739769	0.99999964	-0.27528697	-0.19132762	-0.13156055	0.16266629	0.2178689
0.13972759	-0.21519235	-0.16606295	-0.2300108	0.2420567	0.17746006	0.07371319	-0.12072707	0.07149445	-0.16937986	-0.3380855	-0.42074037	-0.0459252	0.25190225	-0.08669053	0.012270711	-0.035332732	0.2397597	0.07506599	-0.27528697	0.9999998	0.15117365	0.012834213	-0.3904755	-0.1064906
0.19168882	-0.28047088	-0.24143879	0.113055006	0.2669646	0.292576	0.2570686	-0.38612232	0.26295707	-0.38581404	-0.36777025	-0.22173144	-0.4406162	0.22781299	-0.27171803	0.24919185	-0.36107147	-0.021487301	0.24903439	-0.19132762	0.15117365	1.0	0.23944037	-0.28860527	-0.3548469
0.18886885	-0.2955343	-0.4343645	0.15385613	0.21578775	0.15070735	0.23789856	-0.35289943	0.17117159	-0.42952627	-0.20103706	-0.09238397	-0.27707213	0.14489427	-0.47547418	0.13055117	-0.13024956	-0.09290917	0.29557282	-0.13156055	0.012834213	0.23944037	0.9999998	-0.02639301	-0.27422914
-0.07494315	0.2511346	0.13417046	-0.09250833	-0.23821545	-0.3264206	-0.34781894	0.20674217	-0.38074502	0.21001586	0.2875488	0.22198646	0.18810345	-0.29432625	0.10795611	-0.23353006	0.18221965	-0.08090463	-0.16584028	0.16266629	-0.3904755	-0.28860527	-0.02639301	0.9999998	0.1990228
-0.41778636	0.25666815	0.28185016	-0.17030108	-0.31407127	-0.26325366	-0.41030198	0.3078034	-0.32650313	0.28824827	0.22133464	0.15218037	0.23660134	-0.29348618	0.24326468	-0.09518	0.16054863	0.047163446	-0.27553216	0.2178689	-0.1064906	-0.3548469	-0.27422914	0.1990228	0.9999998
