1.0	-0.51565444	-0.11522457	-0.3005023	-0.2245567	0.19708893	0.23187162	-0.013733647	-0.181542	-0.00044298492	0.014637528	0.15096655	0.2864042	-0.08554893	0.10325317	-0.08407224	-0.31486875	0.040120143	0.093928255	-0.061871815	-0.33811146	-0.43222794	0.21428894	0.18535477	0.062788405
-0.51565444	0.99999976	0.123218045	0.1794654	0.13336559	-0.178402	-0.414851	0.03239809	0.19427098	-0.019126287	0.06757162	-0.22296935	-0.39039347	0.060264498	-0.16307223	0.062925555	0.23482442	-0.011916989	-0.037413593	0.043954898	0.21972081	0.28720477	-0.26693743	-0.18578827	-0.13685513
-0.11522457	0.123218045	0.9999995	0.3079624	0.2887016	-0.3953678	-0.24930762	0.12061562	0.19682315	0.2663631	0.19738847	-0.1468147	-0.3369054	-0.34319845	-0.4061589	0.30199346	0.2674538	-0.25830072	-0.35289276	0.2924945	-0.016451152	0.18819621	0.005802366	-0.44890198	-0.17797029
-0.3005023	0.1794654	0.3079624	0.9999993	0.28518948	-0.4357972	-0.25728136	0.13211244	0.20312399	0.23594947	0.14791957	-0.16452827	-0.31718865	-0.21994095	-0.41436058	0.28337276	0.29516357	-0.21654125	-0.37776908	0.26800275	-0.00027989876	0.23037788	-0.005930601	-0.39959845	-0.1592269
-0.2245567	0.13336559	0.2887016	0.28518948	0.99999946	-0.27588597	-0.40460578	0.029949306	0.12791279	0.23518588	0.16059753	-0.04879166	-0.3032411	-0.28439483	-0.24490562	0.2790211	0.2719698	-0.30285868	-0.43524832	0.29033795	-0.040090255	0.1817681	0.02497396	-0.43465146	-0.120628804
0.19708893	-0.178402	-0.3953678	-0.4357972	-0.27588597	0.9999992	0.25461894	-0.12456337	-0.22444169	-0.30165362	-0.09565502	0.16664517	0.27128193	0.16703066	0.2524554	-0.31032208	-0.43755817	0.18813431	0.27625132	-0.40317786	-0.09491113	-0.26905474	0.07782384	0.30368838	0.1517222
0.23187162	-0.414851	-0.24930762	-0.25728136	-0.40460578	0.25461894	0.99999917	-0.03634927	-0.219006	-0.14515889	-0.2526918	0.13497035	0.28022727	0.13343675	0.21727888	-0.22054505	-0.38711238	0.16870089	0.20674963	-0.3587907	-0.058019716	-0.31057528	0.073192105	0.2784418	0.14791991
-0.013733647	0.03239809	0.12061562	0.13211244	0.029949306	-0.12456337	-0.03634927	0.99999917	0.26660168	0.2040564	0.21725525	-0.4749701	-0.070130505	-0.12234426	-0.33906972	0.17096755	0.07408658	-0.31666705	-0.010163112	0.075933	-0.03867431	0.10992611	0.063870735	-0.08356192	-0.46898764
-0.181542	0.19427098	0.19682315	0.20312399	0.12791279	-0.22444169	-0.219006	0.26660168	0.9999991	0.18685263	0.16233316	-0.58909416	-0.28364515	-0.08379026	-0.24036184	0.19411299	0.2206735	-0.26027012	-0.062165488	0.11792039	0.034771603	0.22796074	-0.0024101976	-0.2699813	-0.37253907
-0.00044298492	-0.019126287	0.2663631	0.23594947	0.23518588	-0.30165362	-0.14515889	0.2040564	0.18685263	0.9999988	0.25223687	-0.19821683	-0.1359711	-0.3995859	-0.3105044	0.29145202	0.17726828	-0.3797466	-0.39088017	0.2683937	-0.14477813	0.094684176	0.112583645	-0.22196572	-0.3563858
0.014637528	0.06757162	0.19738847	0.14791957	0.16059753	-0.09565502	-0.2526918	0.21725525	0.16233316	0.25223687	0.9999988	-0.10411147	-0.09665915	-0.43400556	-0.3417825	0.20728505	0.092477456	-0.3285714	-0.09905442	0.20927666	-0.080027826	0.08947731	0.025796913	-0.15461047	-0.5050453
0.15096655	-0.22296935	-0.1468147	-0.16452827	-0.04879166	0.16664517	0.13497035	-0.4749701	-0.58909416	-0.19821683	-0.10411147	0.999999	0.18706675	0.043764632	0.19340995	-0.18933122	-0.20690975	0.19196416	0.035329677	-0.037773672	-0.10049556	-0.26703385	0.021750713	0.14308538	0.24255106
0.2864042	-0.39039347	-0.3369054	-0.31718865	-0.3032411	0.27128193	0.28022727	-0.070130505	-0.28364515	-0.1359711	-0.09665915	0.18706675	0.9999989	0.03368304	0.19441122	-0.244159	-0.4175318	0.13334422	0.18874249	-0.14207892	-0.18517767	-0.4367799	0.1580678	0.27426842	0.15571368
-0.08554893	0.060264498	-0.34319845	-0.21994095	-0.28439483	0.16703066	0.13343675	-0.12234426	-0.08379026	-0.3995859	-0.43400556	0.043764632	0.03368304	0.99999875	0.2478787	-0.28134927	-0.060019806	0.2565136	0.2276595	-0.43205726	0.1739677	0.006211515	-0.17077248	0.18494862	0.1735967
0.10325317	-0.16307223	-0.4061589	-0.41436058	-0.24490562	0.2524554	0.21727888	-0.33906972	-0.24036184	-0.3105044	-0.3417825	0.19340995	0.19441122	0.2478787	0.9999986	-0.38997033	-0.22173215	0.28214663	0.22678609	-0.2973226	0.069863655	-0.18119681	-0.053079017	0.26457453	0.24686307
-0.08407224	0.062925555	0.30199346	0.28337276	0.2790211	-0.31032208	-0.22054505	0.17096755	0.19411299	0.29145202	0.20728505	-0.18933122	-0.244159	-0.28134927	-0.38997033	0.9999987	0.24567358	-0.4708863	-0.4062653	0.28137532	-0.1069385	0.17264813	0.07361446	-0.3528267	-0.16258259
-0.31486875	0.23482442	0.2674538	0.29516357	0.2719698	-0.43755817	-0.38711238	0.07408658	0.2206735	0.17726828	0.092477456	-0.20690975	-0.4175318	-0.060019806	-0.22173215	0.24567358	0.9999985	-0.18895434	-0.33238056	0.2175475	0.08340513	0.28081438	-0.100428864	-0.41501784	-0.14043961
0.040120143	-0.011916989	-0.25830072	-0.21654125	-0.30285868	0.18813431	0.16870089	-0.31666705	-0.26027012	-0.3797466	-0.3285714	0.19196416	0.13334422	0.2565136	0.28214663	-0.4708863	-0.18895434	0.9999984	0.22308429	-0.2643293	0.15413396	-0.14373711	-0.2272298	0.23064344	0.22102492
0.093928255	-0.037413593	-0.35289276	-0.37776908	-0.43524832	0.27625132	0.20674963	-0.010163112	-0.062165488	-0.39088017	-0.09905442	0.035329677	0.18874249	0.2276595	0.22678609	-0.4062653	-0.33238056	0.22308429	0.99999815	-0.37132666	0.06658474	-0.1525979	-0.0658702	0.2845284	0.0813527
-0.061871815	0.043954898	0.2924945	0.26800275	0.29033795	-0.40317786	-0.3587907	0.075933	0.11792039	0.2683937	0.20927666	-0.037773672	-0.14207892	-0.43205726	-0.2973226	0.28137532	0.2175475	-0.2643293	-0.37132666	0.9999982	-0.10730958	0.12339618	0.046429574	-0.347322	-0.13485217
-0.33811146	0.21972081	-0.016451152	-0.00027989876	-0.040090255	-0.09491113	-0.058019716	-0.03867431	0.034771603	-0.14477813	-0.080027826	-0.10049556	-0.18517767	0.1739677	0.069863655	-0.1069385	0.08340513	0.15413396	0.06658474	-0.10730958	0.9999983	0.2091707	-0.7083951	0.010841146	-0.016861286
-0.43222794	0.28720477	0.18819621	0.23037788	0.1817681	-0.26905474	-0.31057528	0.10992611	0.22796074	0.094684176	0.08947731	-0.26703385	-0.4367799	0.006211515	-0.18119681	0.17264813	0.28081438	-0.14373711	-0.1525979	0.12339618	0.2091707	0.9999983	-0.3141013	-0.22957484	-0.19526802
0.21428894	-0.26693743	0.005802366	-0.005930601	0.02497396	0.07782384	0.073192105	0.063870735	-0.0024101976	0.112583645	0.025796913	0.021750713	0.1580678	-0.17077248	-0.053079017	0.07361446	-0.100428864	-0.2272298	-0.0658702	0.046429574	-0.7083951	-0.3141013	0.9999982	0.0003152689	0.03558346
0.18535477	-0.18578827	-0.44890198	-0.39959845	-0.43465146	0.30368838	0.2784418	-0.08356192	-0.2699813	-0.22196572	-0.15461047	0.14308538	0.27426842	0.18494862	0.26457453	-0.3528267	-0.41501784	0.23064344	0.2845284	-0.347322	0.010841146	-0.22957484	0.0003152689	0.9999982	0.14740801
0.062788405	-0.13685513	-0.17797029	-0.1592269	-0.120628804	0.1517222	0.14791991	-0.46898764	-0.37253907	-0.3563858	-0.5050453	0.24255106	0.15571368	0.1735967	0.24686307	-0.16258259	-0.14043961	0.22102492	0.0813527	-0.13485217	-0.016861286	-0.19526802	0.03558346	0.14740801	0.9999982
