0.44752632975776785
0.9502970555201031
0.37962351380997594
1.9400466702994248
1.907472809364572
1.2041233570620526
0.27055116643811505
1.2495104288818357
0.11130796429534251
1.0194915661955533
0.6833745651449368
0.38987119202102716
1.1214454092864876
1.7439200214422343
1.7688634869540942
1.6418995221270818
0.7972293466711324
0.5174992875964357
0.8563177709414964
1.406770743492096
0.5339757064269299
1.874860179780322
1.0386987454864667
0.021094013733862216
1.3440748785237817
1.0267446930977011
0.11739497840896185
1.9274275079236414
1.439421975071163
1.0197694679304876
0.6273927406980278
1.9404950992134609
1.0197060111226433
0.7168064936033474
1.8773437583414465
1.2347515752886857
0.017401405701933825
0.7201246462753685
1.418609287848785
1.801514657504994
0.47475090739267545
0.8094745831483168
0.34079643431954
0.05487844169596734
1.91236431500503
0.5449707188949751
1.2219024153046416
0.8987415741582587
1.6018910199941203
0.8687935576378292
1.5416341141136205
0.39434137925264645
1.1315306383808734
1.1980591576109128
0.9430511598504225
0.8725924322648375
0.6272136289777714
0.6167077784739374
0.21110306915010302
1.8984544259824228
0.3839359999820928
1.4253916899893269
1.533029924448465
1.0736697323172057
0.6400349472354514
0.28677839890179424
0.031588954209444076
0.7646855682936553
0.8686936560503224
0.8558668309826312
0.11375651982002455
1.2648235816741247
1.0786224407882432
1.3009009826415416
0.6649222864221942
0.0007184512047064828
0.07649858747027993
1.0720663294753974
1.937093181610376
0.5114503773130095
1.20519791999213
0.20387858384937774
1.4012823069042049
0.8967038141626829
1.9524041180848635
0.01173618622284689
1.5717001374676094
1.0567962470982533
0.13391986720134885
1.382385924879985
0.46656057502477344
1.240340459354428
1.1127847347609432
0.9436285626887764
0.3870030099983117
0.7385598594730731
1.27574225417851
0.2674534137293778
0.6009360444341572
1.504056815327585
0.9524878010919833
0.5590066133264255
1.7166020919191665
1.5878789757744045
1.2467934473666067
1.4416552362519495
1.730676409037028
1.0971672366521563
0.9576111385221071
0.34826258532935106
1.5307047670380847
0.005890527873853024
0.7922289578198374
1.3230528272776727
1.0695568848205907
1.6701890301454678
0.13948623910258107
0.26526319759231076
1.2350320530120886
1.5858423104073756
0.9514539862055087
0.9559945336689506
1.631422693090933
0.07556124289140631
0.9532722637741802
0.4750526558434611
1.6481624052456476
0.2544202279790806
1.8905389148410217
0.9550437512104715
0.34173315826335626
0.7894550362981352
1.5610513931246606
1.57601961269102
1.0950872201397306
0.6887315048167033
0.7098907932235612
0.7258115490492081
1.9979787570442038
1.5928668637803183
1.668759368923241
0.11266999886993534
0.0661230159115298
0.7439107685195858
1.6298352062193509
1.1340882820654483
0.04155712666285871
0.40176035387554965
0.19539571401892974
1.609673991256053
0.907517623240446
1.3681347186299684
1.7106857532182398
0.3396107112973086
0.10327655153969939
1.6231131964165957
0.5195158189966613
0.05479451685582748
0.056108760618307274
0.7342861168585104
0.957533157764688
0.619880652654889
0.10859170545801256
0.43751327356159964
1.512507396288376
1.4069181186939872
1.0473484977371554
0.846476972401017
1.2776340284668237
1.7281933032656416
1.5808075019127805
0.4150066172109288
1.8417630831331033
0.9031202434539398
1.2089940585223982
1.0159645178199848
0.24756078943889337
1.6786850957931363
0.11267628153480613
1.7085487445528027
0.23696070139328795
0.5633158830156721
1.0122133508783708
0.26429565683053946
0.7808829118081304
1.8083008376050245
1.3740875400865797
0.09936299288313943
1.939913001444877
1.5596573910947362
1.9205266122691584
0.38940436408475043
0.09021885900610882
0.11744727293400303
0.4346768405181558
1.637645830464002
1.4022230329146335
1.3733934202391647
1.3052732808925036
0.6830279706566771
1.0824879055883498
0.17283953435522004
1.0321685152551658
0.2839736017050809
0.5600415665500154
1.390526084514909
0.15094934312873787
0.6094963197000618
1.5213035840508513
1.011239640017023
0.22972692400164907
1.3704817144136505
1.8077856622217792
1.4962351876965831
1.1023521101997957
1.1482925819520273
0.6391677046984097
0.17379967739298707
0.11487740897501442
1.2246688098827916
0.9306559367410339
0.18746180888711472
0.21052157751052625
1.3459526214400583
1.6817559476678807
0.6116830255018562
1.1906646727712098
0.3968324430422525
0.6253707193105198
0.39505475374225374
0.3772537008480876
1.0436180193355031
1.160186234439278
1.609143885179994
1.548698310123214
1.679957954060815
1.5942029881727988
0.9777442442043514
1.4933950641677145
0.49285084363173604
0.1888249248910563
1.0477848253502868
1.5866060898391339
1.3092713927019721
0.8529195873208346
0.7790130866772651
0.48621587514495435
1.1665515490335976
1.9464531950585255
1.28553773553606
1.924989507300379
0.3850978939817149
0.2531371353110021
1.2449077140315181
1.89440695623046
0.6348546928972845
0.765843826395959
0.5561370287926104
1.2175029829953488
0.1936825249911196
1.7380849440651156
0.6701238017520195
1.8733252787359178
1.703869282519837
0.21320198975568805
1.2365255380428235
0.47780438787099655
0.1605266658454252
1.2037286354707013
1.2457311118851753
1.427075974654847
1.207145065899482
0.3573843704437105
0.31084646886324085
1.1227048124262007
0.6487369217578574
1.721760635331475
0.4917261777504778
1.628260274385126
0.6758445462395832
0.24476834569393446
0.19311149060028798
1.3757670806002862
0.35244142862436245
1.3826360938768465
1.3209110812445635
0.8777033727310275
0.6674941006963302
1.2273936955805838
0.9330702813725309
1.4494397371639591
1.0088365095532155
1.307837899780458
0.8405331473730246
0.9730482919177601
0.21073676200580604
1.2548185841772899
0.0521947111580634
1.4548624076602406
1.3584649999411296
