1.0000001	-0.22564135	0.14350064	0.18805736	-0.28242382	-0.22463024	-0.41194108	-0.1703047	-0.13758977	-0.09430801	-0.028172761	0.13608328	0.26867777	0.112721026	-0.24563114	-0.049240123	0.24392004	-0.019535273	-0.23422968	-0.024061803	0.08166042	0.20482388	0.23260963	0.032901462	-0.11712364
-0.22564135	1.0	0.012532525	-0.24384081	-0.010882437	-0.121510044	-0.03133966	-0.05080855	0.19214661	0.17438734	0.17542648	-0.2937826	-0.14101759	-0.26243576	0.21477968	0.27813962	-0.32895005	-0.16739734	0.01288666	0.17475037	-0.40303224	-0.2423285	-0.20062536	0.198656	0.19694437
0.14350064	0.012532525	1.0000004	0.18584056	-0.1546448	-0.3464544	-0.19269803	-0.09526084	-0.2824241	0.077338204	0.23439041	-0.0036553233	0.12773852	0.2237216	0.11949338	0.08640172	0.0725939	-0.06013828	-0.60651886	0.07040379	-0.17115138	0.010573123	-0.025945054	0.09801641	-0.26896864
0.18805736	-0.24384081	0.18584056	1.0000005	-0.1049965	-0.0951238	-0.29112914	-0.31279823	-0.14501931	-0.06433143	0.08716569	0.1477694	0.21559976	0.15034495	-0.006343036	-0.07824442	0.20664032	0.031885248	-0.31414214	-0.06567842	-0.02150707	0.18758145	0.16759281	-0.029641941	-0.4680523
-0.28242382	-0.010882437	-0.1546448	-0.1049965	1.0000004	0.23500332	0.23581406	0.25240204	0.08141097	-0.06648777	-0.07625244	-0.0862417	-0.27982152	-0.07752003	0.053672664	-0.10367086	-0.30055377	0.20922679	0.11976623	-0.25695542	0.0129982205	-0.22784355	-0.24758896	-0.32665184	0.12513751
-0.22463024	-0.121510044	-0.3464544	-0.0951238	0.23500332	1.0000004	0.27137154	0.18638413	0.082505465	-0.18801986	-0.36630073	0.13485399	-0.11706676	-0.112601735	-0.15664437	-0.30594784	-0.029334173	0.16465312	0.22901888	-0.22864962	0.1784434	-0.03173915	-0.00778627	-0.37435433	0.03877108
-0.41194108	-0.03133966	-0.19269803	-0.29112914	0.23581406	0.27137154	1.0000004	0.24307695	0.045130555	-0.09322282	-0.29866776	0.06754052	-0.24101844	-0.031664785	-0.064505994	-0.19243813	-0.16484849	0.06801217	0.2089868	-0.05384809	0.1296046	-0.14161894	-0.1417824	-0.26076755	0.094036795
-0.1703047	-0.05080855	-0.09526084	-0.31279823	0.25240204	0.18638413	0.24307695	1.0000002	0.04642654	0.0033130662	-0.09279659	-0.041754287	-0.20037654	-0.05132275	-0.012081524	-0.0666295	-0.29267254	0.06910494	0.13891435	-0.009125784	0.052211843	-0.3050569	-0.23106614	-0.3957141	0.09408674
-0.13758977	0.19214661	-0.2824241	-0.14501931	0.08141097	0.082505465	0.045130555	0.04642654	1.0000001	0.047809407	-0.111469716	-0.2104607	-0.10507996	-0.66731155	0.022329304	0.13217787	-0.25941277	-0.12748668	0.20083657	0.08371507	-0.14070223	-0.049201615	-0.078061916	0.061984606	0.22113352
-0.09430801	0.17438734	0.077338204	-0.06433143	-0.06648777	-0.18801986	-0.09322282	0.0033130662	0.047809407	1.0	0.16670953	-0.23793279	-0.14293367	0.009175189	0.18593797	0.23004971	-0.11131907	-0.32203838	-0.049724698	0.24804682	-0.17466715	-0.46223596	-0.38722447	0.14147392	0.08583073
-0.028172761	0.17542648	0.23439041	0.08716569	-0.07625244	-0.36630073	-0.29866776	-0.09279659	-0.111469716	0.16670953	1.0	-0.308054	-0.058659647	0.09212707	0.25791526	0.24562629	-0.0882828	-0.047189087	-0.26733232	0.1043186	-0.4288168	-0.118545964	-0.13731351	0.16447829	-0.044015057
0.13608328	-0.2937826	-0.0036553233	0.1477694	-0.0862417	0.13485399	0.06754052	-0.041754287	-0.2104607	-0.23793279	-0.308054	0.9999999	0.22174238	0.14172688	-0.35358483	-0.37803715	0.24939233	0.060990635	-0.06055287	-0.13289358	0.25952247	0.19292924	0.24545945	-0.23605257	-0.33511117
0.26867777	-0.14101759	0.12773852	0.21559976	-0.27982152	-0.11706676	-0.24101844	-0.20037654	-0.10507996	-0.14293367	-0.058659647	0.22174238	0.9999998	0.06808535	-0.30403045	-0.16750075	0.27906567	-0.1490303	-0.19021198	0.051302087	0.12646484	0.22571868	0.27850318	-0.0008291482	-0.3487139
0.112721026	-0.26243576	0.2237216	0.15034495	-0.07752003	-0.112601735	-0.031664785	-0.05132275	-0.66731155	0.009175189	0.09212707	0.14172688	0.06808535	0.9999997	0.027333539	-0.14323519	0.16042113	0.07149552	-0.3060695	-0.06316262	0.05514039	0.0022120026	0.034307297	-0.06595285	-0.2822211
-0.24563114	0.21477968	0.11949338	-0.006343036	0.053672664	-0.15664437	-0.064505994	-0.012081524	0.022329304	0.18593797	0.25791526	-0.35358483	-0.30403045	0.027333539	0.99999964	0.24802172	-0.3204484	0.0062557184	-0.10847805	0.043568395	-0.4274579	-0.15481915	-0.35875377	0.13201796	0.083839335
-0.049240123	0.27813962	0.08640172	-0.07824442	-0.10367086	-0.30594784	-0.19243813	-0.0666295	0.13217787	0.23004971	0.24562629	-0.37803715	-0.16750075	-0.14323519	0.24802172	0.9999995	-0.2246464	-0.19490354	-0.059663285	0.2001426	-0.42008716	-0.17431927	-0.26545772	0.2365479	0.14208761
0.24392004	-0.32895005	0.0725939	0.20664032	-0.30055377	-0.029334173	-0.16484849	-0.29267254	-0.25941277	-0.11131907	-0.0882828	0.24939233	0.27906567	0.16042113	-0.3204484	-0.2246464	0.99999946	-0.06384001	-0.07662312	-0.032978624	0.18203107	0.23235112	0.27447423	-0.007598419	-0.28800252
-0.019535273	-0.16739734	-0.06013828	0.031885248	0.20922679	0.16465312	0.06801217	0.06910494	-0.12748668	-0.32203838	-0.047189087	0.060990635	-0.1490303	0.07149552	0.0062557184	-0.19490354	-0.06384001	0.99999934	0.023923876	-0.67279696	0.100431584	0.09575005	-0.0058617885	-0.23851538	0.035893217
-0.23422968	0.01288666	-0.60651886	-0.31414214	0.11976623	0.22901888	0.2089868	0.13891435	0.20083657	-0.049724698	-0.26733232	-0.06055287	-0.19021198	-0.3060695	-0.10847805	-0.059663285	-0.07662312	0.023923876	0.9999994	-0.026091302	0.12012676	-0.035740845	-0.0011850941	-0.12790507	0.20896555
-0.024061803	0.17475037	0.07040379	-0.06567842	-0.25695542	-0.22864962	-0.05384809	-0.009125784	0.08371507	0.24804682	0.1043186	-0.13289358	0.051302087	-0.06316262	0.043568395	0.2001426	-0.032978624	-0.67279696	-0.026091302	0.99999934	-0.15984437	-0.20920631	-0.07304107	0.17028484	-0.020381011
0.08166042	-0.40303224	-0.17115138	-0.02150707	0.0129982205	0.1784434	0.1296046	0.052211843	-0.14070223	-0.17466715	-0.4288168	0.25952247	0.12646484	0.05514039	-0.4274579	-0.42008716	0.18203107	0.100431584	0.12012676	-0.15984437	0.99999934	0.1310276	0.18140374	-0.13585046	-0.06932358
0.20482388	-0.2423285	0.010573123	0.18758145	-0.22784355	-0.03173915	-0.14161894	-0.3050569	-0.049201615	-0.46223596	-0.118545964	0.19292924	0.22571868	0.0022120026	-0.15481915	-0.17431927	0.23235112	0.09575005	-0.035740845	-0.20920631	0.1310276	0.9999994	0.29099184	0.023835568	-0.19447467
0.23260963	-0.20062536	-0.025945054	0.16759281	-0.24758896	-0.00778627	-0.1417824	-0.23106614	-0.078061916	-0.38722447	-0.13731351	0.24545945	0.27850318	0.034307297	-0.35875377	-0.26545772	0.27447423	-0.0058617885	-0.0011850941	-0.07304107	0.18140374	0.29099184	0.99999917	-0.033369243	-0.21323189
0.032901462	0.198656	0.09801641	-0.029641941	-0.32665184	-0.37435433	-0.26076755	-0.3957141	0.061984606	0.14147392	0.16447829	-0.23605257	-0.0008291482	-0.06595285	0.13201796	0.2365479	-0.007598419	-0.23851538	-0.12790507	0.17028484	-0.13585046	0.023835568	-0.033369243	0.9999991	0.1002253
-0.11712364	0.19694437	-0.26896864	-0.4680523	0.12513751	0.03877108	0.094036795	0.09408674	0.22113352	0.08583073	-0.044015057	-0.33511117	-0.3487139	-0.2822211	0.083839335	0.14208761	-0.28800252	0.035893217	0.20896555	-0.020381011	-0.06932358	-0.19447467	-0.21323189	0.1002253	0.9999991
