1.0000001	-0.22785659	-0.058985095	-0.08487293	-0.051450536	0.2593939	0.25237966	0.24416053	-0.108402774	-0.23255044	0.031171676	-0.42274776	0.06158182	0.20584977	-0.47036538	0.23817189	-0.146446	-0.03852449	0.17381251	-0.0121001275	-0.10211056	-0.36134782	0.18207678	-0.3614233	-0.24710757
-0.22785659	1.0000002	0.18521912	-0.15710282	-0.11059465	-0.32492623	-0.35121548	-0.037587993	0.23546056	0.29441488	0.14156687	0.18946159	-0.3386267	-0.298582	0.21056616	-0.4051232	-0.049368307	-0.13803178	-0.28530046	0.18425523	0.010245842	0.20048805	-0.09929915	0.24943608	0.27032858
-0.058985095	0.18521912	1.0	-0.42920023	-0.46023315	-0.078485064	-0.10905024	0.122416556	0.109247774	0.11133484	0.2762492	0.018319633	-0.09782795	-0.043522045	0.13136984	-0.16845368	-0.27010533	-0.4279577	-0.3350443	0.28124362	-0.19536686	0.17962559	0.14998697	0.11638724	0.15410577
-0.08487293	-0.15710282	-0.42920023	0.99999964	0.24439394	-0.104656406	0.017029924	-0.24816227	-0.00034578823	0.011784484	-0.27900648	0.11599839	0.0223182	-0.09836547	-0.012262263	0.013524084	0.2958723	0.27346793	0.14177224	-0.43062556	0.25062665	-0.17503864	-0.33707723	-0.06751132	0.004423585
-0.051450536	-0.11059465	-0.46023315	0.24439394	0.99999934	0.027930772	0.03448305	-0.22796905	-0.13747977	-0.05746094	-0.51275116	-0.0151818665	0.13177806	-0.09642664	-0.052655347	0.07101103	0.2676492	0.29505572	0.20143111	-0.25714618	0.22230846	-0.12081598	-0.23583895	-0.021693876	-0.17916301
0.2593939	-0.32492623	-0.078485064	-0.104656406	0.027930772	0.99999964	0.27978143	0.14779767	-0.19894059	-0.39564633	-0.067827575	-0.43272904	0.12248351	0.2863151	-0.21300259	0.28009522	-0.14131849	0.019504923	0.24111678	-0.10592006	-0.18359986	-0.1614249	0.2117764	-0.41728568	-0.3050909
0.25237966	-0.35121548	-0.10905024	0.017029924	0.03448305	0.27978143	0.9999997	0.11080819	-0.15496103	-0.40845844	-0.03455279	-0.24184816	0.0928614	0.23453684	-0.21628577	0.27092582	-0.011763762	0.035315722	0.25950277	-0.2339125	-0.02395398	-0.33320287	0.112780355	-0.4762345	-0.39176217
0.24416053	-0.037587993	0.122416556	-0.24816227	-0.22796905	0.14779767	0.11080819	0.99999964	-0.05078724	-0.104146115	0.1756049	-0.29437456	-0.029444208	0.15574887	-0.3896989	0.105777934	-0.39666188	-0.23905249	-0.03162854	0.15407434	-0.25296932	-0.18661729	0.25176325	-0.07757842	-0.064931355
-0.108402774	0.23546056	0.109247774	-0.00034578823	-0.13747977	-0.19894059	-0.15496103	-0.05078724	0.99999976	0.17998038	0.19119114	0.081954114	-0.7335406	-0.11052977	0.12521598	-0.099867225	-0.04288878	-0.23243222	-0.16640003	0.12787867	-0.15805598	0.1669404	0.0012821472	0.07244152	0.13772747
-0.23255044	0.29441488	0.11133484	0.011784484	-0.05746094	-0.39564633	-0.40845844	-0.104146115	0.17998038	0.99999976	0.078717075	0.25847253	-0.18128368	-0.42195553	0.21657392	-0.44382	0.054509092	-0.08392593	-0.35966772	0.12400651	0.10301982	0.13299003	-0.19781387	0.28034496	0.30844858
0.031171676	0.14156687	0.2762492	-0.27900648	-0.51275116	-0.067827575	-0.03455279	0.1756049	0.19119114	0.078717075	0.9999997	0.009998904	-0.28047428	0.058907144	-0.0013039426	-0.06562382	-0.3832485	-0.4390968	-0.22279404	0.25919247	-0.27198493	0.1376152	0.19145046	0.037136603	0.063473664
-0.42274776	0.18946159	0.018319633	0.11599839	-0.0151818665	-0.43272904	-0.24184816	-0.29437456	0.081954114	0.25847253	0.009998904	0.9999997	-0.0126109095	-0.32531834	0.2430758	-0.27479425	0.13444544	0.019024111	-0.29897052	0.0056164265	0.17330563	0.13985541	-0.33749563	0.25370622	0.25593
0.06158182	-0.3386267	-0.09782795	0.0223182	0.13177806	0.12248351	0.0928614	-0.029444208	-0.7335406	-0.18128368	-0.28047428	-0.0126109095	0.99999976	0.040566582	-0.07121739	0.07356469	0.074806415	0.1827299	0.10673734	-0.11313915	0.13881081	-0.139636	-0.06990983	-0.010427397	-0.106535345
0.20584977	-0.298582	-0.043522045	-0.09836547	-0.09642664	0.2863151	0.23453684	0.15574887	-0.11052977	-0.42195553	0.058907144	-0.32531834	0.040566582	0.9999997	-0.1831697	0.28153485	-0.21846507	-0.037837204	0.18901832	-0.028353391	-0.33208576	-0.028283602	0.2554136	-0.2782609	-0.3995727
-0.47036538	0.21056616	0.13136984	-0.012262263	-0.052655347	-0.21300259	-0.21628577	-0.3896989	0.12521598	0.21657392	-0.0013039426	0.2430758	-0.07121739	-0.1831697	0.9999995	-0.3788406	0.07138846	-0.07477265	-0.2203928	0.04174859	0.081182726	0.23791017	-0.13253799	0.21635254	0.20766374
0.23817189	-0.4051232	-0.16845368	0.013524084	0.07101103	0.28009522	0.27092582	0.105777934	-0.099867225	-0.44382	-0.06562382	-0.27479425	0.07356469	0.28153485	-0.3788406	0.9999997	-0.054790758	0.042714544	0.26584846	-0.088411584	-0.16066141	-0.10040395	0.15418401	-0.36205927	-0.432338
-0.146446	-0.049368307	-0.27010533	0.2958723	0.2676492	-0.14131849	-0.011763762	-0.39666188	-0.04288878	0.054509092	-0.3832485	0.13444544	0.074806415	-0.21846507	0.07138846	-0.054790758	0.9999995	0.2772601	0.11694178	-0.34290442	0.2922461	-0.1183981	-0.39003545	-0.02299279	0.03483804
-0.03852449	-0.13803178	-0.4279577	0.27346793	0.29505572	0.019504923	0.035315722	-0.23905249	-0.23243222	-0.08392593	-0.4390968	0.019024111	0.1827299	-0.037837204	-0.07477265	0.042714544	0.2772601	0.9999995	0.18358745	-0.3653794	0.24425066	-0.21314263	-0.29913422	-0.024110274	-0.04283911
0.17381251	-0.28530046	-0.3350443	0.14177224	0.20143111	0.24111678	0.25950277	-0.03162854	-0.16640003	-0.35966772	-0.22279404	-0.29897052	0.10673734	0.18901832	-0.2203928	0.26584846	0.11694178	0.18358745	0.9999996	-0.32035065	0.030190594	-0.16624561	0.043946426	-0.35916728	-0.4125333
-0.0121001275	0.18425523	0.28124362	-0.43062556	-0.25714618	-0.10592006	-0.2339125	0.15407434	0.12787867	0.12400651	0.25919247	0.0056164265	-0.11313915	-0.028353391	0.04174859	-0.088411584	-0.34290442	-0.3653794	-0.32035065	0.9999996	-0.30296355	0.19801918	0.17385633	0.16393894	0.10254745
-0.10211056	0.010245842	-0.19536686	0.25062665	0.22230846	-0.18359986	-0.02395398	-0.25296932	-0.15805598	0.10301982	-0.27198493	0.17330563	0.13881081	-0.33208576	0.081182726	-0.16066141	0.2922461	0.24425066	0.030190594	-0.30296355	0.9999995	-0.15500267	-0.4742061	0.035335425	0.079921365
-0.36134782	0.20048805	0.17962559	-0.17503864	-0.12081598	-0.1614249	-0.33320287	-0.18661729	0.1669404	0.13299003	0.1376152	0.13985541	-0.139636	-0.028283602	0.23791017	-0.10040395	-0.1183981	-0.21314263	-0.16624561	0.19801918	-0.15500267	0.9999993	0.029130155	0.19430715	0.12467063
0.18207678	-0.09929915	0.14998697	-0.33707723	-0.23583895	0.2117764	0.112780355	0.25176325	0.0012821472	-0.19781387	0.19145046	-0.33749563	-0.06990983	0.2554136	-0.13253799	0.15418401	-0.39003545	-0.29913422	0.043946426	0.17385633	-0.4742061	0.029130155	0.99999917	-0.12016417	-0.1745423
-0.3614233	0.24943608	0.11638724	-0.06751132	-0.021693876	-0.41728568	-0.4762345	-0.07757842	0.07244152	0.28034496	0.037136603	0.25370622	-0.010427397	-0.2782609	0.21635254	-0.36205927	-0.02299279	-0.024110274	-0.35916728	0.16393894	0.035335425	0.19430715	-0.12016417	0.9999992	0.27138275
-0.24710757	0.27032858	0.15410577	0.004423585	-0.17916301	-0.3050909	-0.39176217	-0.064931355	0.13772747	0.30844858	0.063473664	0.25593	-0.106535345	-0.3995727	0.20766374	-0.432338	0.03483804	-0.04283911	-0.4125333	0.10254745	0.079921365	0.12467063	-0.1745423	0.27138275	0.9999992
