1.0000001	0.020349983	0.104137726	-0.28181747	0.11139058	-0.3238419	0.09534301	0.13437258	0.11216793	-0.024952766	-0.49741507	0.024550317	0.2899594	-0.09890908	-0.25748143	-0.024279758	0.07465862	-0.19514096	-0.06624264	-0.07879738	0.1217272	-0.060576737	0.075388245	-0.42674214	0.24604784
0.020349983	1.0	-0.10365743	-0.2681862	-0.27175888	-0.13602099	-0.27491888	0.28279158	0.21210581	0.24089862	-0.02431715	0.2817115	-0.006849304	0.07476718	0.21442074	-0.4120964	-0.09486448	0.14558005	-0.24840821	-0.4474706	0.2562998	-0.473983	0.21373902	0.06825164	0.13202117
0.104137726	-0.10365743	0.99999994	0.12244465	0.282131	0.07198822	0.29604667	-0.19409576	-0.26597473	-0.29499292	-0.08270258	-0.30847007	0.11595829	-0.41800794	-0.3561019	0.13507076	0.2725903	-0.37398708	0.22561574	0.15708464	-0.062210996	0.16357224	-0.34080508	-0.28230983	-0.0443166
-0.28181747	-0.2681862	0.12244465	1.0000002	0.14516951	0.29875296	0.14480725	-0.29630226	-0.40572897	-0.053085063	0.2022171	-0.32637703	-0.17035934	-0.1947373	-0.02396786	0.16352044	0.17474245	-0.09448943	0.24165943	0.22338945	-0.32913876	0.24629498	-0.36288807	0.060717642	-0.40140513
0.11139058	-0.27175888	0.282131	0.14516951	1.0	0.10529367	0.3023837	-0.14038534	-0.27126262	-0.18570358	-0.15808412	-0.34880772	0.13788182	-0.31543145	-0.40598288	0.19857821	0.2737169	-0.41264224	0.25626448	0.20219989	-0.23117477	0.19913761	-0.3084706	-0.2985362	-0.0768373
-0.3238419	-0.13602099	0.07198822	0.29875296	0.10529367	0.99999994	0.041648492	-0.2728946	-0.36026302	0.029150633	0.231887	-0.16807705	-0.30787382	-0.18321075	0.040589992	0.0664844	0.15330476	-0.033928026	0.22494775	0.16957417	-0.34721977	0.18966578	-0.27212444	0.07132154	-0.38759828
0.09534301	-0.27491888	0.29604667	0.14480725	0.3023837	0.041648492	0.99999976	-0.23520821	-0.2722995	-0.36743954	-0.11084033	-0.3375047	0.15087228	-0.24883267	-0.4080108	0.24143015	0.23408271	-0.4265145	0.21661967	0.22551355	-0.17229167	0.21092612	-0.29759163	-0.20033193	-0.072088994
0.13437258	0.28279158	-0.19409576	-0.29630226	-0.14038534	-0.2728946	-0.23520821	0.9999998	0.23639971	0.20390981	-0.14227965	0.26786336	0.08892366	0.053122234	0.1381349	-0.38199517	-0.13369112	0.10272549	-0.13008212	-0.43576992	0.25051543	-0.45492473	0.23495434	-0.06709993	0.2396795
0.11216793	0.21210581	-0.26597473	-0.40572897	-0.27126262	-0.36026302	-0.2722995	0.23639971	0.9999999	0.13521102	-0.15730642	0.28647438	0.072038054	0.23274572	0.12230976	-0.18358976	-0.33236796	0.17965771	-0.42106783	-0.20645139	0.27019298	-0.3195042	0.31261832	0.041073993	0.21534252
-0.024952766	0.24089862	-0.29499292	-0.053085063	-0.18570358	0.029150633	-0.36743954	0.20390981	0.13521102	0.9999998	0.010545422	0.20354325	-0.064078644	0.06770601	0.24077827	-0.46442568	-0.040993128	0.18304293	-0.16781668	-0.2546071	0.12330078	-0.22657616	0.13480113	0.093933724	-0.029683925
-0.49741507	-0.02431715	-0.08270258	0.2022171	-0.15808412	0.231887	-0.11084033	-0.14227965	-0.15730642	0.010545422	0.9999998	-0.06135351	-0.54581624	0.02520365	0.18235098	-0.0026409847	-0.10186395	0.17793828	0.07463134	0.06797948	-0.17142852	0.11680068	-0.08879696	0.21064611	-0.19448954
0.024550317	0.2817115	-0.30847007	-0.32637703	-0.34880772	-0.16807705	-0.3375047	0.26786336	0.28647438	0.20354325	-0.06135351	0.9999998	0.005632892	0.20603533	0.22631389	-0.21760122	-0.2599637	0.20191601	-0.32297602	-0.4211598	0.23417349	-0.4339904	0.28947374	0.10840462	0.16379026
0.2899594	-0.006849304	0.11595829	-0.17035934	0.13788182	-0.30787382	0.15087228	0.08892366	0.072038054	-0.064078644	-0.54581624	0.005632892	0.99999976	-0.036675304	-0.27983186	0.067252405	0.080732584	-0.33767495	-0.03550009	-0.09930615	0.052583624	-0.12523177	0.012985612	-0.27717036	0.20168293
-0.09890908	0.07476718	-0.41800794	-0.1947373	-0.31543145	-0.18321075	-0.24883267	0.053122234	0.23274572	0.06770601	0.02520365	0.20603533	-0.036675304	0.9999997	0.17320383	-0.014641178	-0.5217221	0.24050713	-0.36508542	-0.040018696	0.10834872	-0.13766886	0.24351652	0.23408848	-0.009915319
-0.25748143	0.21442074	-0.3561019	-0.02396786	-0.40598288	0.040589992	-0.4080108	0.1381349	0.12230976	0.24077827	0.18235098	0.22631389	-0.27983186	0.17320383	0.99999994	-0.23457351	-0.19019252	0.28704926	-0.14645448	-0.2755994	0.10339361	-0.21617983	0.16119933	0.24266814	-0.08516952
-0.024279758	-0.4120964	0.13507076	0.16352044	0.19857821	0.0664844	0.24143015	-0.38199517	-0.18358976	-0.46442568	-0.0026409847	-0.21760122	0.067252405	-0.014641178	-0.23457351	1.0	0.079488344	-0.16896993	0.14963683	0.2566136	-0.4057823	0.25021294	-0.21421841	-0.06267577	-0.13665852
0.07465862	-0.09486448	0.2725903	0.17474245	0.2737169	0.15330476	0.23408271	-0.13369112	-0.33236796	-0.040993128	-0.10186395	-0.2599637	0.080732584	-0.5217221	-0.19019252	0.079488344	1.0000001	-0.35843346	0.26568264	0.10846146	-0.17370862	0.12359642	-0.4204597	-0.24709499	-0.07414395
-0.19514096	0.14558005	-0.37398708	-0.09448943	-0.41264224	-0.033928026	-0.4265145	0.10272549	0.17965771	0.18304293	0.17793828	0.20191601	-0.33767495	0.24050713	0.28704926	-0.16896993	-0.35843346	1.0	-0.23014534	-0.10748562	0.12706703	-0.09467852	0.21074937	0.25422335	-0.062981546
-0.06624264	-0.24840821	0.22561574	0.24165943	0.25626448	0.22494775	0.21661967	-0.13008212	-0.42106783	-0.16781668	0.07463134	-0.32297602	-0.03550009	-0.36508542	-0.14645448	0.14963683	0.26568264	-0.23014534	1.0	0.16090196	-0.3884199	0.2135584	-0.37612775	-0.23359153	-0.091792606
-0.07879738	-0.4474706	0.15708464	0.22338945	0.20219989	0.16957417	0.22551355	-0.43576992	-0.20645139	-0.2546071	0.06797948	-0.4211598	-0.09930615	-0.040018696	-0.2755994	0.2566136	0.10846146	-0.10748562	0.16090196	0.9999998	-0.20585014	0.3035348	-0.28540528	-0.009594296	-0.2800047
0.1217272	0.2562998	-0.062210996	-0.32913876	-0.23117477	-0.34721977	-0.17229167	0.25051543	0.27019298	0.12330078	-0.17142852	0.23417349	0.052583624	0.10834872	0.10339361	-0.4057823	-0.17370862	0.12706703	-0.3884199	-0.20585014	0.9999996	-0.29742447	0.25080383	0.027239319	0.20648538
-0.060576737	-0.473983	0.16357224	0.24629498	0.19913761	0.18966578	0.21092612	-0.45492473	-0.3195042	-0.22657616	0.11680068	-0.4339904	-0.12523177	-0.13766886	-0.21617983	0.25021294	0.12359642	-0.09467852	0.2135584	0.3035348	-0.29742447	0.99999964	-0.2007202	-0.04161311	-0.20113938
0.075388245	0.21373902	-0.34080508	-0.36288807	-0.3084706	-0.27212444	-0.29759163	0.23495434	0.31261832	0.13480113	-0.08879696	0.28947374	0.012985612	0.24351652	0.16119933	-0.21421841	-0.4204597	0.21074937	-0.37612775	-0.28540528	0.25080383	-0.2007202	0.9999996	0.079503804	0.20016235
-0.42674214	0.06825164	-0.28230983	0.060717642	-0.2985362	0.07132154	-0.20033193	-0.06709993	0.041073993	0.093933724	0.21064611	0.10840462	-0.27717036	0.23408848	0.24266814	-0.06267577	-0.24709499	0.25422335	-0.23359153	-0.009594296	0.027239319	-0.04161311	0.079503804	0.9999995	-0.30903575
0.24604784	0.13202117	-0.0443166	-0.40140513	-0.0768373	-0.38759828	-0.072088994	0.2396795	0.21534252	-0.029683925	-0.19448954	0.16379026	0.20168293	-0.009915319	-0.08516952	-0.13665852	-0.07414395	-0.062981546	-0.091792606	-0.2800047	0.20648538	-0.20113938	0.20016235	-0.30903575	0.9999995
