1.0	0.16105533	-0.43349513	-0.30504456	0.243418	-0.2649264	0.2955641	0.2169943	-0.391211	-0.33798972	-0.26388562	-0.16781701	0.26606458	-0.24172199	-0.3223895	0.26788476	0.21746613	0.24474862	0.30130282	-0.39414626	0.2590267	-0.3741101	0.26660705	-0.3358465	0.2769999
0.16105533	1.0000005	-0.08683309	-0.18006836	0.21730226	-0.41448134	0.09953879	0.2110238	-0.13670865	-0.3218035	-0.13895088	-0.2000748	0.14123505	-0.058675997	-0.5241154	0.2526359	0.15178317	0.22007026	0.17113686	-0.107405014	0.090948045	-0.15183033	0.16498443	-0.17862338	0.13855124
-0.43349513	-0.08683309	1.0000004	0.12545243	-0.14430392	0.17281169	-0.31091794	-0.1282283	0.26225984	0.25013372	0.16855748	0.093378834	-0.22254989	0.24334107	0.20634738	-0.22105315	-0.0976827	-0.18843096	-0.3768138	0.27487367	-0.50741005	0.2542707	-0.20347804	0.19218281	-0.43345067
-0.30504456	-0.18006836	0.12545243	1.0000004	-0.20183283	0.14468704	-0.3353215	-0.46599913	0.123509765	0.20168051	0.29674184	0.2587755	-0.4986064	0.24017908	0.23658164	-0.2663727	-0.3705479	-0.33422655	-0.2261038	0.2361283	-0.013625969	0.257089	-0.13509096	0.23124579	-0.2458174
0.243418	0.21730226	-0.14430392	-0.20183283	1.0000005	-0.34191433	0.22320287	0.2707269	-0.306899	-0.25148553	-0.3896723	-0.466852	0.25065488	-0.28890112	-0.26434165	0.25335965	0.27583444	0.29395938	0.28907046	-0.32056352	0.14623912	-0.27072194	0.25106773	-0.3386116	0.24172214
-0.2649264	-0.41448134	0.17281169	0.14468704	-0.34191433	1.0000005	-0.074655406	-0.24613205	0.18565558	0.25084278	0.19005229	0.18998678	-0.093967035	0.10465086	0.26157585	-0.53687835	-0.06942162	-0.30129305	-0.36687127	0.20380336	-0.18414626	0.186595	-0.18239993	0.13584508	-0.19125043
0.2955641	0.09953879	-0.31091794	-0.3353215	0.22320287	-0.074655406	1.0000006	0.20768408	-0.34874484	-0.31012556	-0.3318247	-0.14446981	0.29755023	-0.4000394	-0.25705418	0.18885899	0.26633912	0.22825243	0.26640272	-0.34968972	0.21243241	-0.36787638	0.25463137	-0.43045494	0.28636554
0.2169943	0.2110238	-0.1282283	-0.46599913	0.2707269	-0.24613205	0.20768408	1.0000006	-0.086208284	-0.28508425	-0.37733337	-0.4991097	0.28650346	-0.24612576	-0.35591906	0.23560679	0.27074677	0.29577798	0.2463346	-0.25795716	0.07049723	-0.24214357	0.17895833	-0.2493332	0.22404097
-0.391211	-0.13670865	0.26225984	0.123509765	-0.306899	0.18565558	-0.34874484	-0.086208284	1.0000007	0.28919598	0.17240661	0.15229212	-0.18558016	0.21525241	0.21314545	-0.28734878	-0.24791618	-0.16643882	-0.30151725	0.28832674	-0.47031605	0.2572566	-0.44299546	0.25147882	-0.1939195
-0.33798972	-0.3218035	0.25013372	0.20168051	-0.25148553	0.25084278	-0.31012556	-0.28508425	0.28919598	1.0000007	0.22324581	0.21464714	-0.23044784	0.21868455	0.29752487	-0.4081396	-0.25816867	-0.26930583	-0.3144154	0.2908858	-0.37471023	0.28078324	-0.40431732	0.25382763	-0.24661857
-0.26388562	-0.13895088	0.16855748	0.29674184	-0.3896723	0.19005229	-0.3318247	-0.37733337	0.17240661	0.22324581	1.0000007	0.27405277	-0.36873648	0.28022733	0.22407636	-0.32164636	-0.4298229	-0.31417298	-0.3359151	0.2774937	-0.08319256	0.2740605	-0.12648857	0.23445788	-0.3780534
-0.16781701	-0.2000748	0.093378834	0.2587755	-0.466852	0.18998678	-0.14446981	-0.4991097	0.15229212	0.21464714	0.27405277	1.0000008	-0.3130594	0.2289497	0.22206764	-0.20328821	-0.3877953	-0.42347518	-0.2949831	0.23491941	-0.057383638	0.23826091	-0.2625469	0.23099498	-0.18545899
0.26606458	0.14123505	-0.22254989	-0.4986064	0.25065488	-0.093967035	0.29755023	0.28650346	-0.18558016	-0.23044784	-0.36873648	-0.3130594	1.0000008	-0.37128913	-0.2946835	0.18822835	0.30002123	0.27799943	0.25648403	-0.31284422	0.11472585	-0.35977677	0.21671645	-0.38946152	0.27665186
-0.24172199	-0.058675997	0.24334107	0.24017908	-0.28890112	0.10465086	-0.4000394	-0.24612576	0.21525241	0.21868455	0.28022733	0.2289497	-0.37128913	1.0000008	0.1929262	-0.11777003	-0.36741012	-0.36582503	-0.3710598	0.29311222	-0.24864239	0.29615507	-0.20310831	0.2518878	-0.4775372
-0.3223895	-0.5241154	0.20634738	0.23658164	-0.26434165	0.26157585	-0.25705418	-0.35591906	0.21314545	0.29752487	0.22407636	0.22206764	-0.2946835	0.1929262	1.0000007	-0.35720322	-0.19321015	-0.29315364	-0.24495322	0.23473208	-0.28607622	0.24141817	-0.19732906	0.21208932	-0.22016604
0.26788476	0.2526359	-0.22105315	-0.2663727	0.25335965	-0.53687835	0.18885899	0.23560679	-0.28734878	-0.4081396	-0.32164636	-0.20328821	0.18822835	-0.11777003	-0.35720322	1.0000008	0.17569436	0.25316653	0.27434126	-0.30741942	0.20446771	-0.26566297	0.19624524	-0.13709736	0.2060389
0.21746613	0.15178317	-0.0976827	-0.3705479	0.27583444	-0.06942162	0.26633912	0.27074677	-0.24791618	-0.25816867	-0.4298229	-0.3877953	0.30002123	-0.36741012	-0.19321015	0.17569436	1.0000008	0.279237	0.24537033	-0.3592901	0.08606622	-0.30993655	0.22282055	-0.3094272	0.25104618
0.24474862	0.22007026	-0.18843096	-0.33422655	0.29395938	-0.30129305	0.22825243	0.29577798	-0.16643882	-0.26930583	-0.31417298	-0.42347518	0.27799943	-0.36582503	-0.29315364	0.25316653	0.279237	1.0000006	0.28977394	-0.3016649	0.12624542	-0.41580805	0.21110381	-0.20806196	0.27569884
0.30130282	0.17113686	-0.3768138	-0.2261038	0.28907046	-0.36687127	0.26640272	0.2463346	-0.30151725	-0.3144154	-0.3359151	-0.2949831	0.25648403	-0.3710598	-0.24495322	0.27434126	0.24537033	0.28977394	1.0000004	-0.42519623	0.2347706	-0.3522803	0.24858962	-0.26193374	0.30177423
-0.39414626	-0.107405014	0.27487367	0.2361283	-0.32056352	0.20380336	-0.34968972	-0.25795716	0.28832674	0.2908858	0.2774937	0.23491941	-0.31284422	0.29311222	0.23473208	-0.30741942	-0.3592901	-0.3016649	-0.42519623	1.0000005	-0.32591236	0.31322703	-0.32197598	0.27350542	-0.3462222
0.2590267	0.090948045	-0.50741005	-0.013625969	0.14623912	-0.18414626	0.21243241	0.07049723	-0.47031605	-0.37471023	-0.08319256	-0.057383638	0.11472585	-0.24864239	-0.28607622	0.20446771	0.08606622	0.12624542	0.2347706	-0.32591236	1.0000004	-0.21079516	0.20867184	-0.1329768	0.20468311
-0.3741101	-0.15183033	0.2542707	0.257089	-0.27072194	0.186595	-0.36787638	-0.24214357	0.2572566	0.28078324	0.2740605	0.23826091	-0.35977677	0.29615507	0.24141817	-0.26566297	-0.30993655	-0.41580805	-0.3522803	0.31322703	-0.21079516	1.0000001	-0.39171407	0.29133895	-0.4149498
0.26660705	0.16498443	-0.20347804	-0.13509096	0.25106773	-0.18239993	0.25463137	0.17895833	-0.44299546	-0.40431732	-0.12648857	-0.2625469	0.21671645	-0.20310831	-0.19732906	0.19624524	0.22282055	0.21110381	0.24858962	-0.32197598	0.20867184	-0.39171407	0.9999999	-0.53008205	0.21407539
-0.3358465	-0.17862338	0.19218281	0.23124579	-0.3386116	0.13584508	-0.43045494	-0.2493332	0.25147882	0.25382763	0.23445788	0.23099498	-0.38946152	0.2518878	0.21208932	-0.13709736	-0.3094272	-0.20806196	-0.26193374	0.27350542	-0.1329768	0.29133895	-0.53008205	0.9999999	-0.27317217
0.2769999	0.13855124	-0.43345067	-0.2458174	0.24172214	-0.19125043	0.28636554	0.22404097	-0.1939195	-0.24661857	-0.3780534	-0.18545899	0.27665186	-0.4775372	-0.22016604	0.2060389	0.25104618	0.27569884	0.30177423	-0.3462222	0.20468311	-0.4149498	0.21407539	-0.27317217	0.9999999
