1.0000001	-0.037166756	0.12078396	-0.03804255	0.015457933	-0.17035949	0.050448377	-0.18256482	-0.3617457	-0.15726255	-0.11023575	0.07833572	0.11635864	-0.56592315	0.26352018	-0.00019935155	-0.13194095	-0.0180753	0.11923226	0.029579885	0.21823299	-0.043786094	0.09363103	-0.04002611	-0.00455041
-0.037166756	1.0000004	-0.3100596	0.20908183	-0.046604566	-0.38515043	-0.046383403	0.1412903	0.097875625	0.23113011	-0.3706244	-0.44803432	0.25089425	-0.06597849	-0.19586158	-0.40852585	0.27668172	0.092781976	-0.025746247	0.13136993	-0.18051152	-0.16300593	-0.04876133	0.13292342	0.025034696
0.12078396	-0.3100596	1.0000002	-0.11680373	-0.006745114	0.1982387	0.19150625	-0.31874982	-0.35740632	-0.4755392	0.23484783	0.2652929	-0.21700794	-0.0027487585	0.22873253	0.16897637	-0.33752915	-0.19328102	0.09369845	-0.05801194	0.27658284	0.030019607	0.028863827	-0.13302581	0.035136413
-0.03804255	0.20908183	-0.11680373	1.0000004	-0.34100023	-0.13235249	0.1033451	-0.11750427	0.011528127	0.07841125	-0.06560158	-0.31313822	0.1056303	0.01768464	-0.019017622	-0.44486487	0.2210985	-0.16535863	0.076894894	0.27661073	-0.1750447	-0.4360253	-0.050855063	0.1910889	0.085368834
0.015457933	-0.046604566	-0.006745114	-0.34100023	1.0000005	-0.02491066	-0.137701	0.19634873	-0.081349514	0.0747563	0.008406422	0.06124743	-0.039795876	-0.049622312	-0.14251645	0.19835497	-0.03267742	0.20186518	-0.018380431	-0.52347994	-0.022179842	0.25359634	-0.07664962	-0.44305736	0.04649299
-0.17035949	-0.38515043	0.1982387	-0.13235249	-0.02491066	1.0000006	0.0902911	-0.21628064	0.016087178	-0.22260155	0.2856414	0.23570715	-0.49638644	0.19033813	0.026164267	0.15721424	-0.27240774	-0.28408644	-0.011470354	-0.021017341	0.12531406	0.065407425	0.0079514235	-0.096591055	0.018700132
0.050448377	-0.046383403	0.19150625	0.1033451	-0.137701	0.0902911	1.0000005	-0.23842856	-0.254494	-0.31666172	0.17974885	0.11035372	-0.13884313	0.0016618905	0.17622843	-0.043485522	-0.09894494	-0.42844406	0.22521873	0.09525406	0.15672253	-0.271774	-0.25928172	-0.06270407	0.20961308
-0.18256482	0.1412903	-0.31874982	-0.11750427	0.19634873	-0.21628064	-0.23842856	1.0000005	0.1754923	0.24998677	-0.27589172	-0.115078546	0.12906088	0.045303434	-0.3854273	0.030562524	0.15700546	0.26587555	-0.11339715	-0.2245958	-0.30958664	0.16515155	-0.1012937	-0.086997434	-0.04577989
-0.3617457	0.097875625	-0.35740632	0.011528127	-0.081349514	0.016087178	-0.254494	0.1754923	1.0000005	0.21601817	-0.06639201	-0.15102158	0.016095186	0.2245805	-0.41482118	-0.06941638	0.1503554	0.09748246	-0.29860404	-0.0026379528	-0.30884066	0.04596186	0.058962636	0.14327094	-0.18238659
-0.15726255	0.23113011	-0.4755392	0.07841125	0.0747563	-0.22260155	-0.31666172	0.24998677	0.21601817	1.0000005	-0.3283757	-0.3181615	0.18899828	0.008439939	-0.19146785	-0.16025296	0.24627295	0.23723574	-0.18110815	-0.013860701	-0.3688858	0.007922698	0.016956393	0.051018994	-0.120638564
-0.11023575	-0.3706244	0.23484783	-0.06560158	0.008406422	0.2856414	0.17974885	-0.27589172	-0.06639201	-0.3283757	1.0000005	0.22009283	-0.46316934	0.11052774	0.09140569	0.15871839	-0.173045	-0.2792665	0.10460203	-0.09470558	0.14749867	0.038855437	-0.12803963	-0.1648803	0.14758123
0.07833572	-0.44803432	0.2652929	-0.31313822	0.06124743	0.23570715	0.11035372	-0.115078546	-0.15102158	-0.3181615	0.22009283	1.0000004	-0.29121378	0.000555243	0.16734646	0.26814955	-0.42970675	-0.16945899	-0.012852103	-0.18781511	0.24728821	0.1353841	0.04973645	-0.20918792	-0.028825857
0.11635864	0.25089425	-0.21700794	0.1056303	-0.039795876	-0.49638644	-0.13884313	0.12906088	0.016095186	0.18899828	-0.46316934	-0.29121378	1.0000005	-0.14663674	-0.07015187	-0.19746625	0.1760168	0.161863	-0.044642042	0.06423032	-0.11999404	-0.14922619	0.115350746	0.16927725	-0.23386857
-0.56592315	-0.06597849	-0.0027487585	0.01768464	-0.049622312	0.19033813	0.0016618905	0.045303434	0.2245805	0.008439939	0.11052774	0.000555243	-0.14663674	1.0000005	-0.30723542	0.021006383	-0.007689929	-0.11437538	-0.28538653	-0.05918289	-0.1652843	0.0092559615	-0.014626649	0.0738065	-0.07400702
0.26352018	-0.19586158	0.22873253	-0.019017622	-0.14251645	0.026164267	0.17622843	-0.3854273	-0.41482118	-0.19146785	0.09140569	0.16734646	-0.07015187	-0.30723542	1.0000004	0.042138938	-0.25812882	-0.16620606	0.15467323	0.09040541	0.2613267	-0.09010738	0.041840952	-0.015911207	0.05725485
-0.00019935155	-0.40852585	0.16897637	-0.44486487	0.19835497	0.15721424	-0.043485522	0.030562524	-0.06941638	-0.16025296	0.15871839	0.26814955	-0.19746625	0.021006383	0.042138938	1.0000005	-0.31908375	0.05114776	0.013227653	-0.42637795	0.14937536	0.2452692	-0.031942748	-0.22926717	-0.057854243
-0.13194095	0.27668172	-0.33752915	0.2210985	-0.03267742	-0.27240774	-0.09894494	0.15700546	0.1503554	0.24627295	-0.173045	-0.42970675	0.1760168	-0.007689929	-0.25812882	-0.31908375	1.0000004	0.12890917	0.03495774	0.12483788	-0.44222704	-0.19400291	-0.12488634	0.096519925	0.05600124
-0.0180753	0.092781976	-0.19328102	-0.16535863	0.20186518	-0.28408644	-0.42844406	0.26587555	0.09748246	0.23723574	-0.2792665	-0.16945899	0.161863	-0.11437538	-0.16620606	0.05114776	0.12890917	1.0000005	-0.11926159	-0.17720678	-0.2681321	0.19357847	0.03797899	-0.123285815	-0.08414018
0.11923226	-0.025746247	0.09369845	0.076894894	-0.018380431	-0.011470354	0.22521873	-0.11339715	-0.29860404	-0.18110815	0.10460203	-0.012852103	-0.044642042	-0.28538653	0.15467323	0.013227653	0.03495774	-0.11926159	1.0000001	0.06768925	0.05112753	-0.110243715	-0.40785623	-0.2189372	0.26607618
0.029579885	0.13136993	-0.05801194	0.27661073	-0.52347994	-0.021017341	0.09525406	-0.2245958	-0.0026379528	-0.013860701	-0.09470558	-0.18781511	0.06423032	-0.05918289	0.09040541	-0.42637795	0.12483788	-0.17720678	0.06768925	1.0000002	-0.087256216	-0.29128364	0.06302818	0.22377738	-0.026492674
0.21823299	-0.18051152	0.27658284	-0.1750447	-0.022179842	0.12531406	0.15672253	-0.30958664	-0.30884066	-0.3688858	0.14749867	0.24728821	-0.11999404	-0.1652843	0.2613267	0.14937536	-0.44222704	-0.2681321	0.05112753	-0.087256216	1.0000002	-0.007709676	0.094820544	-0.020497894	-0.0134818135
-0.043786094	-0.16300593	0.030019607	-0.4360253	0.25359634	0.065407425	-0.271774	0.16515155	0.04596186	0.007922698	0.038855437	0.1353841	-0.14922619	0.0092559615	-0.09010738	0.2452692	-0.19400291	0.19357847	-0.110243715	-0.29128364	-0.007709676	1.0000001	-0.056364994	-0.3467711	0.009874578
0.09363103	-0.04876133	0.028863827	-0.050855063	-0.07664962	0.0079514235	-0.25928172	-0.1012937	0.058962636	0.016956393	-0.12803963	0.04973645	0.115350746	-0.014626649	0.041840952	-0.031942748	-0.12488634	0.03797899	-0.40785623	0.06302818	0.094820544	-0.056364994	1.0000001	0.17982477	-0.5885794
-0.04002611	0.13292342	-0.13302581	0.1910889	-0.44305736	-0.096591055	-0.06270407	-0.086997434	0.14327094	0.051018994	-0.1648803	-0.20918792	0.16927725	0.0738065	-0.015911207	-0.22926717	0.096519925	-0.123285815	-0.2189372	0.22377738	-0.020497894	-0.3467711	0.17982477	1.0000001	-0.24880567
-0.00455041	0.025034696	0.035136413	0.085368834	0.04649299	0.018700132	0.20961308	-0.04577989	-0.18238659	-0.120638564	0.14758123	-0.028825857	-0.23386857	-0.07400702	0.05725485	-0.057854243	0.05600124	-0.08414018	0.26607618	-0.026492674	-0.0134818135	0.009874578	-0.5885794	-0.24880567	1.0000001
