0.483273439609762
0.49727314475066375
1.510837850053407
1.0748403475101524
0.8135130148791123
0.15529738677302363
0.8813258549504417
1.889230586542376
0.08270130192540814
0.9856225999233477
1.2041828169094126
0.5762055585364241
1.8775037164189636
1.4602355996055598
1.3044696651874934
0.420792454819914
0.7473844261463232
1.4910116461444816
1.8348217973005034
1.073378096873912
0.6232155775746391
0.4150956488183195
1.796361679196437
1.7574836616027945
0.014278385826547169
1.5880327219269164
0.18440082497161292
1.9951231579538218
1.1539054253549133
0.9276117231408905
0.26911811948688813
1.8043601837084948
0.2900193663625714
1.73845795788106
1.5522354144071173
0.12755314265057538
1.7624425556995038
0.8946860281912128
0.05081093677972226
1.5126353469905998
1.562073555701216
0.11492681919242242
1.5566899540582602
0.1622103628235001
0.9515799212594469
0.7512931775214398
0.0017316202402481995
0.5830155604368437
1.9766363707024872
0.4852196493227301
0.8428331315073108
0.683517858589364
0.899134544439482
0.9094769983306086
1.5368289453290187
0.4061661564828758
1.2856592125204118
0.300820844883128
0.34886656871798416
0.26843651617875164
1.8454749085647457
1.5223976187779644
0.7643148116974618
1.7837113218136678
1.9401168295105653
0.03380323242388794
1.7953118033708038
1.6939560808926062
1.83003645826569
1.5281052661052732
1.205383426282547
0.48221816522799155
1.5522988602571546
0.22757701339776615
1.8055356125683173
1.5423183538748853
1.8527546823741905
0.5671878526524567
1.8726937430068893
0.8800724399999624
0.548246386340858
1.231138818042864
0.741683471753066
0.27624617003444674
0.6222823951593577
1.7286975525179271
1.7362325690511684
1.6922186762391263
1.5914926965506728
0.7701988543446023
0.11189322522609957
0.36199857519727385
1.319137724244738
1.288936337019058
1.0249739401204117
0.6460038890810875
0.5847476442914765
0.03878691961963798
0.04692044250932503
0.2942657675289986
0.835706855794351
0.6758536847096599
1.6512006894904954
1.0715710718215157
1.9718562083257378
0.6009831899828382
0.6103702612735995
1.4056113161499255
1.828106103862685
1.7846909749587248
1.0808177090121667
0.8990891498235385
0.5092163851424925
0.1979134684605195
0.49614201855666873
1.559669807318572
1.4951693185995314
1.3306676809117741
0.27935982281274985
0.5723845324631276
1.9639523765775295
1.2442789624195847
0.8923322652757288
0.9584820415989859
0.8485645886922495
0.11751837154241174
0.8560798702175654
1.3127089803307634
1.6466406696882279
0.6562144804301742
1.7752934850103705
0.804839387273738
0.08461152647914161
1.382365823706241
0.4330842730383364
0.03046720304472772
1.6490336884370762
0.5762556168483242
1.6195269335687519
1.0996042253559548
1.7720523782177353
0.41746533302575584
0.04615161251231381
1.8873168631733386
1.2685596659804932
1.0188596610274265
0.3803434423562342
0.1209594746596061
1.1369305913773005
1.287289675324128
1.2458494636294273
1.1755989394249882
1.1524564060777918
1.7486531141497377
0.9662188211951293
1.1226787669487328
0.2507948437251093
0.28599609768328227
1.0997070477013489
0.9151261655555563
0.6777717685561937
1.83633646222721
1.7522505361512761
0.6690504748166635
1.4151704352309695
1.5051868151123704
0.7848610449709266
1.4093228492833996
0.6535272155163883
0.37139691818067644
1.3747487161041536
0.2249330851640996
0.5609750948543342
0.32608738671711013
1.3685803785236639
1.2449628173348986
0.6679341795318645
0.43243593717528217
0.19666523108350664
1.5473796021979926
1.5508069622870426
1.2070442105659567
1.8155099081617943
0.4654147340642889
0.8697768730467537
1.7330196959989135
1.8084789048708072
0.38537503646102733
1.4531937837975688
1.1130069218433312
0.5939303356399088
1.3363681797392686
1.5881044069669583
1.5536184075050388
0.14037954485988635
1.787127210705642
1.1602143426481815
0.4135014767697316
1.054928817949571
1.7197878136305116
1.1749763369558817
1.2479059305915368
1.6312549377464651
1.0807593224234349
1.0445957127407388
1.4882384890688478
0.10165902490726153
1.6559648340949609
1.0040301813519317
1.4742636104204625
1.1440914079421602
0.7151754383381606
0.8076429853810685
1.4603904347751202
0.0360968680184075
1.3251425113038935
0.41997497717472076
1.2095973026760207
0.4954652530682837
0.02886569008731188
1.0546215709237154
1.848413036365345
1.5766802550440064
0.6798810720408759
0.4437092279683743
1.2454499874489569
0.16280734656146434
1.5674781225176377
0.11606557050202793
1.924459324732393
1.5572731112537397
1.1801252903778148
0.10405942206172947
0.16190361532149167
0.8882155942513759
1.7386244311405958
0.27964844244386433
1.2927135196062849
0.5357795881598386
1.2956427682145202
1.1146210112090853
1.2892166185966947
0.6343078868686194
0.023206121438759775
1.5568213575810905
1.8793561869185504
1.385209817411353
1.635138508894473
1.6656133218556142
0.7209400825804502
0.5048499393930308
1.253239277768704
1.117776464023588
1.6738988150688976
0.11097827463470789
0.971324120993289
1.0376765555396181
1.5789987837930837
1.47302581829973
0.2819726701944414
0.1529585051155633
0.18975198750392308
1.2457639149797104
0.663761997103878
1.4983243636379573
1.9713759648448617
1.2165295247784709
1.5812950264650953
0.6706511142858975
1.7135394642121156
0.9701063705323667
0.09963258888013748
1.4681506206514043
0.5319447095389074
1.566484789920881
1.5386126721818252
1.287375063547675
0.6758957248216426
1.4580778244427584
0.16378081438630376
1.6065183998071204
1.7703274480608837
0.8970398844799055
0.36267201016790174
0.26232295742476186
0.43342180465005864
0.840496099800013
0.31108763404320494
0.2705411019500912
1.0385516975822062
1.6591997318173337
0.4544635874952745
0.4484222654608043
1.9394214752697467
0.7490829412172977
0.8710702954337404
0.9876221151802929
0.8245334074175878
0.729012207857118
0.6554903246912598
