1.0	0.17251119	0.18319228	-0.26799378	0.09348529	0.17882521	-0.31299844	-0.30733535	0.06466642	0.17417426	-0.18565856	0.18756789	-0.41496164	-0.069178596	-0.18120606	0.2117512	-0.3544298	-0.2611866	0.12957993	0.20903648	-0.46605393	-0.05547267	0.077241436	0.14463218	-0.1648061
0.17251119	1.0000002	0.2954391	-0.34958613	-0.08643843	0.040412765	-0.102375925	-0.07806542	0.28642404	0.23183046	-0.15637484	0.24452177	-0.24883676	-0.013197998	-0.03928175	-0.03632687	-0.050686598	0.00013572474	-0.10276246	0.17782423	-0.40728036	-0.39236072	-0.21117175	0.28417528	-0.44866413
0.18319228	0.2954391	1.0000004	-0.42013255	-0.0118067665	0.07292048	-0.24179651	-0.23231922	0.22161728	0.15348159	-0.2984563	0.2927496	-0.14057131	-0.060929686	-0.09621643	0.077516735	-0.06758632	-0.009473433	-0.06935205	0.16795428	-0.312783	-0.22042544	-0.12430818	0.2177708	-0.43458417
-0.26799378	-0.34958613	-0.42013255	1.0000004	0.030410657	-0.005759789	0.16961138	0.14115313	-0.21761629	-0.3308602	0.17591979	-0.44525707	0.22565863	-0.013030479	0.11330835	-0.15707268	0.13591558	0.0041646245	-0.0033888314	-0.23870046	0.2677268	0.20323034	0.027389523	-0.25254056	0.2879388
0.09348529	-0.08643843	-0.0118067665	0.030410657	1.0000002	0.17349699	-0.3549083	-0.40070736	-0.25963113	-0.16147457	-0.34421816	0.049974907	0.05076311	-0.1745856	-0.4080775	0.27218246	-0.055399157	-0.1660902	0.19549522	0.034447856	-0.06365503	0.21754436	0.25957358	-0.18915418	0.06082488
0.17882521	0.040412765	0.07292048	-0.005759789	0.17349699	1.0000001	-0.15639824	-0.1723817	-0.014194322	-0.028636342	-0.32266492	0.02456521	-0.13350615	-0.4773928	-0.30752316	0.23170955	-0.32647064	-0.5132721	0.2714087	0.23963863	-0.20234467	0.097011305	0.13615902	0.0005172078	-0.0695577
-0.31299844	-0.102375925	-0.24179651	0.16961138	-0.3549083	-0.15639824	0.9999998	0.29534706	0.049738422	0.0031269563	0.27555096	-0.33237734	0.084621534	0.091339685	0.21589512	-0.3265031	0.14976424	0.13014057	-0.080448814	-0.08189846	0.16629656	-0.014213347	-0.31064957	-0.06779167	0.11580389
-0.30733535	-0.07806542	-0.23231922	0.14115313	-0.40070736	-0.1723817	0.29534706	0.99999976	0.10086597	0.02139705	0.287244	-0.21630163	0.10364475	0.18320698	0.26961514	-0.40662938	0.17610437	0.20096904	-0.2503341	-0.19414888	0.15579368	-0.121526815	-0.32055834	0.03445538	0.07570782
0.06466642	0.28642404	0.22161728	-0.21761629	-0.25963113	-0.014194322	0.049738422	0.10086597	0.9999998	0.21575934	-0.042125735	0.15980937	-0.2205324	0.07139639	0.05719626	-0.21167816	0.004937149	0.070237875	-0.19493786	0.11685943	-0.28395185	-0.3374705	-0.44280034	0.276845	-0.3014624
0.17417426	0.23183046	0.15348159	-0.3308602	-0.16147457	-0.028636342	0.0031269563	0.02139705	0.21575934	0.99999976	-0.0021643022	0.11030863	-0.51836944	0.039774004	0.06476472	-0.013182367	-0.2455003	-0.006180573	-0.040043093	0.14862567	-0.29061392	-0.3019401	-0.09468732	0.27266988	-0.37420538
-0.18565856	-0.15637484	-0.2984563	0.17591979	-0.34421816	-0.32266492	0.27555096	0.287244	-0.042125735	-0.0021643022	0.99999976	-0.34559843	0.11176732	0.18928713	0.27132884	-0.33589154	0.15985452	0.18331935	-0.14386283	-0.2128552	0.21000955	-0.09105962	-0.19049191	-0.025311138	0.1374291
0.18756789	0.24452177	0.2927496	-0.44525707	0.049974907	0.02456521	-0.33237734	-0.21630163	0.15980937	0.11030863	-0.34559843	0.9999996	-0.11893202	0.043104857	-0.24332005	0.11635794	-0.060744893	0.032146648	-0.051712263	0.11260143	-0.2617275	-0.18108518	-0.026970033	0.18047026	-0.34760147
-0.41496164	-0.24883676	-0.14057131	0.22565863	0.05076311	-0.13350615	0.084621534	0.10364475	-0.2205324	-0.51836944	0.11176732	-0.11893202	0.99999964	0.07208001	0.053609878	-0.13976102	0.25450823	0.15400295	-0.11628919	-0.31162697	0.26836014	0.16630515	0.029201098	-0.29660964	0.21745709
-0.069178596	-0.013197998	-0.060929686	-0.013030479	-0.1745856	-0.4773928	0.091339685	0.18320698	0.07139639	0.039774004	0.18928713	0.043104857	0.07208001	0.9999996	0.23198003	-0.24040534	0.2165471	0.30066863	-0.46945855	-0.36770245	0.091980666	-0.15516211	-0.22999159	0.023781223	0.027995255
-0.18120606	-0.03928175	-0.09621643	0.11330835	-0.4080775	-0.30752316	0.21589512	0.26961514	0.05719626	0.06476472	0.27132884	-0.24332005	0.053609878	0.23198003	0.9999996	-0.39193857	0.17173012	0.23592706	-0.3392892	-0.34360495	0.14413011	-0.10469101	-0.12845245	0.004668484	0.044233903
0.2117512	-0.03632687	0.077516735	-0.15707268	0.27218246	0.23170955	-0.3265031	-0.40662938	-0.21167816	-0.013182367	-0.33589154	0.11635794	-0.13976102	-0.24040534	-0.39193857	0.9999996	-0.24709266	-0.30942044	0.25653103	0.1814674	-0.12867944	0.14748642	0.2640056	-0.08648076	-0.032674402
-0.3544298	-0.050686598	-0.06758632	0.13591558	-0.055399157	-0.32647064	0.14976424	0.17610437	0.004937149	-0.2455003	0.15985452	-0.060744893	0.25450823	0.2165471	0.17173012	-0.24709266	0.9999996	0.26694065	-0.32673067	-0.338649	0.17308094	0.03386083	-0.15220754	-0.2036989	0.102157995
-0.2611866	0.00013572474	-0.009473433	0.0041646245	-0.1660902	-0.5132721	0.13014057	0.20096904	0.070237875	-0.006180573	0.18331935	0.032146648	0.15400295	0.30066863	0.23592706	-0.30942044	0.26694065	0.9999996	-0.45817113	-0.30942994	0.12428217	-0.14024726	-0.20472819	-0.0047512287	0.00076033355
0.12957993	-0.10276246	-0.06935205	-0.0033888314	0.19549522	0.2714087	-0.080448814	-0.2503341	-0.19493786	-0.040043093	-0.14386283	-0.051712263	-0.11628919	-0.46945855	-0.3392892	0.25653103	-0.32673067	-0.45817113	0.99999946	0.19420213	-0.037877947	0.16592394	0.22792749	-0.088663265	0.06658628
0.20903648	0.17782423	0.16795428	-0.23870046	0.034447856	0.23963863	-0.08189846	-0.19414888	0.11685943	0.14862567	-0.2128552	0.11260143	-0.31162697	-0.36770245	-0.34360495	0.1814674	-0.338649	-0.30942994	0.19420213	0.99999946	-0.2496896	-0.17523125	0.012533807	0.18843059	-0.14945789
-0.46605393	-0.40728036	-0.312783	0.2677268	-0.06365503	-0.20234467	0.16629656	0.15579368	-0.28395185	-0.29061392	0.21000955	-0.2617275	0.26836014	0.091980666	0.14413011	-0.12867944	0.17308094	0.12428217	-0.037877947	-0.2496896	0.9999995	0.15081283	0.0456296	-0.22995545	0.26720014
-0.05547267	-0.39236072	-0.22042544	0.20323034	0.21754436	0.097011305	-0.014213347	-0.121526815	-0.3374705	-0.3019401	-0.09105962	-0.18108518	0.16630515	-0.15516211	-0.10469101	0.14748642	0.03386083	-0.14024726	0.16592394	-0.17523125	0.15081283	0.9999996	0.24014509	-0.49512815	0.2516067
0.077241436	-0.21117175	-0.12430818	0.027389523	0.25957358	0.13615902	-0.31064957	-0.32055834	-0.44280034	-0.09468732	-0.19049191	-0.026970033	0.029201098	-0.22999159	-0.12845245	0.2640056	-0.15220754	-0.20472819	0.22792749	0.012533807	0.0456296	0.24014509	0.99999946	-0.25521615	0.118733756
0.14463218	0.28417528	0.2177708	-0.25254056	-0.18915418	0.0005172078	-0.06779167	0.03445538	0.276845	0.27266988	-0.025311138	0.18047026	-0.29660964	0.023781223	0.004668484	-0.08648076	-0.2036989	-0.0047512287	-0.088663265	0.18843059	-0.22995545	-0.49512815	-0.25521615	0.9999995	-0.4086135
-0.1648061	-0.44866413	-0.43458417	0.2879388	0.06082488	-0.0695577	0.11580389	0.07570782	-0.3014624	-0.37420538	0.1374291	-0.34760147	0.21745709	0.027995255	0.044233903	-0.032674402	0.102157995	0.00076033355	0.06658628	-0.14945789	0.26720014	0.2516067	0.118733756	-0.4086135	0.9999995
