1.0	0.09267285	-0.4952157	0.19999586	-0.053362712	0.03912864	-0.13428567	0.076356985	0.13505943	-0.31694043	-0.26002827	0.07041432	-0.29015753	0.23984206	-0.168881	-0.21036583	0.25975958	0.22853008	-0.41903824	0.25696826	-0.24943219	0.010865403	-0.065204866	-0.11868828	-0.03894241
0.09267285	1.0000001	-0.021890527	0.11554093	-0.024643159	0.2861818	-0.22145692	-0.2297572	0.28509542	-0.11764837	-0.10236748	0.16605507	-0.22239797	0.11315845	-0.43641347	-0.20882827	0.2110946	0.19587235	-0.32512408	0.15680984	-0.05299076	-0.501346	-0.3308389	0.12581496	0.048868477
-0.4952157	-0.021890527	1.0000001	-0.263089	-0.032411534	0.029878693	0.11914422	-0.15162401	-0.08521908	0.16766773	0.19770321	0.025050016	0.17414145	-0.290762	0.081262134	0.17605723	-0.28102273	-0.2832229	0.1876795	-0.41884872	0.22163627	-0.098014675	0.044811755	0.12589386	0.09659845
0.19999586	0.11554093	-0.263089	1.0	-0.30707386	0.11129312	-0.38403815	-0.13714986	0.107659504	-0.19084899	-0.51728565	0.19677113	-0.23679301	0.22378388	-0.26409486	-0.036039166	0.16163447	0.2548877	-0.24780712	0.2557061	-0.24908249	-0.0014354961	-0.28632945	0.15016663	0.15861318
-0.053362712	-0.024643159	-0.032411534	-0.30707386	1.0000001	-0.13785063	0.21348305	0.2606052	-0.004436568	0.14522831	0.16985965	-0.42459258	0.15557665	-0.032042027	0.17491062	-0.18993764	0.011352343	-0.17908984	0.09721783	-0.051962927	0.011533072	-0.007257035	0.18183401	-0.4770824	-0.47555336
0.03912864	0.2861818	0.029878693	0.11129312	-0.13785063	1.0	-0.3033342	-0.26630834	0.25017402	-0.165408	-0.09867812	0.2087485	-0.3594431	0.1480483	-0.41666982	-0.20095208	0.1684146	0.20815046	-0.21703084	0.16234097	0.082585	-0.3880887	-0.35405812	0.18249646	0.14489001
-0.13428567	-0.22145692	0.11914422	-0.38403815	0.21348305	-0.3033342	1.0000001	0.22267991	-0.27030727	0.2616208	0.24849789	-0.28701058	0.2933637	-0.3094414	0.28492913	0.05043096	-0.19185875	-0.4045349	0.22201258	-0.342393	0.08986718	0.1437452	0.3097317	-0.29575416	-0.24081185
0.076356985	-0.2297572	-0.15162401	-0.13714986	0.2606052	-0.26630834	0.22267991	1.0	-0.12880185	0.13133217	0.08393424	-0.42405736	0.14929529	-0.040322233	0.23297288	-0.15003501	0.02140588	-0.14569022	0.06812912	-0.059447024	-0.10990624	0.17456478	0.24117585	-0.51276946	-0.4155081
0.13505943	0.28509542	-0.08521908	0.107659504	-0.004436568	0.25017402	-0.27030727	-0.12880185	1.0	-0.34594154	-0.059421018	0.1614553	-0.20755507	0.1444742	-0.30870473	-0.18132868	0.24327202	0.23077068	-0.3604953	0.1847315	-0.06866043	-0.47280517	-0.36100045	0.0394608	0.072816215
-0.31694043	-0.11764837	0.16766773	-0.19084899	0.14522831	-0.165408	0.2616208	0.13133217	-0.34594154	1.0	0.22655249	-0.34162837	0.28048214	-0.38864204	0.23458885	0.10206259	-0.28822985	-0.32204074	0.25202006	-0.3295791	0.10560483	0.10062641	0.22359936	-0.072945446	-0.25511795
-0.26002827	-0.10236748	0.19770321	-0.51728565	0.16985965	-0.09867812	0.24849789	0.08393424	-0.059421018	0.22655249	1.0	-0.22318235	0.23532262	-0.4192048	0.15958077	0.08286139	-0.1738245	-0.21404853	0.19662581	-0.33606395	0.22253756	-0.054360345	0.1743395	-0.120858155	-0.10973481
0.07041432	0.16605507	0.025050016	0.19677113	-0.42459258	0.2087485	-0.28701058	-0.42405736	0.1614553	-0.34162837	-0.22318235	0.99999994	-0.22791755	0.08526316	-0.31160882	0.0976418	0.06099925	0.21748345	-0.24539118	0.10543278	0.020469837	-0.15575296	-0.31352365	0.2675301	0.2999254
-0.29015753	-0.22239797	0.17414145	-0.23679301	0.15557665	-0.3594431	0.2933637	0.14929529	-0.20755507	0.28048214	0.23532262	-0.22791755	1.0	-0.32131702	0.2696329	0.13212968	-0.33091092	-0.47412947	0.27030346	-0.37322554	0.117386796	0.13920951	0.26773396	-0.13194619	-0.18865494
0.23984206	0.11315845	-0.290762	0.22378388	-0.032042027	0.1480483	-0.3094414	-0.040322233	0.1444742	-0.38864204	-0.4192048	0.08526316	-0.32131702	1.0	-0.1823989	-0.37972996	0.25904682	0.22144017	-0.15648971	0.30267486	-0.19889164	-0.026460676	-0.1633875	0.01015929	-0.003638527
-0.168881	-0.43641347	0.081262134	-0.26409486	0.17491062	-0.41666982	0.28492913	0.23297288	-0.30870473	0.23458885	0.15958077	-0.31160882	0.2696329	-0.1823989	0.9999999	0.05762783	-0.17621708	-0.2870188	0.2416867	-0.2584699	-0.006909461	0.23160861	0.30133232	-0.19197126	-0.28821564
-0.21036583	-0.20882827	0.17605723	-0.036039166	-0.18993764	-0.20095208	0.05043096	-0.15003501	-0.18132868	0.10206259	0.08286139	0.0976418	0.13212968	-0.37972996	0.05762783	0.9999998	-0.49185297	-0.062459953	0.14274746	-0.24858825	0.10343114	0.13004158	0.04915455	0.14075379	0.19761387
0.25975958	0.2110946	-0.28102273	0.16163447	0.011352343	0.1684146	-0.19185875	0.02140588	0.24327202	-0.28822985	-0.1738245	0.06099925	-0.33091092	0.25904682	-0.17621708	-0.49185297	0.99999964	0.22100551	-0.37346715	0.2614592	-0.19314905	-0.22580577	-0.17851342	-0.04661601	-0.06666505
0.22853008	0.19587235	-0.2832229	0.2548877	-0.17908984	0.20815046	-0.4045349	-0.14569022	0.23077068	-0.32204074	-0.21404853	0.21748345	-0.47412947	0.22144017	-0.2870188	-0.062459953	0.22100551	0.9999997	-0.37837398	0.27863842	-0.14215	-0.13855052	-0.39566225	0.11691033	0.15115084
-0.41903824	-0.32512408	0.1876795	-0.24780712	0.09721783	-0.21703084	0.22201258	0.06812912	-0.3604953	0.25202006	0.19662581	-0.24539118	0.27030346	-0.15648971	0.2416867	0.14274746	-0.37346715	-0.37837398	0.9999995	-0.2033141	0.18170343	0.16499043	0.22147658	-0.022997143	-0.099793315
0.25696826	0.15680984	-0.41884872	0.2557061	-0.051962927	0.16234097	-0.342393	-0.059447024	0.1847315	-0.3295791	-0.33606395	0.10543278	-0.37322554	0.30267486	-0.2584699	-0.24858825	0.2614592	0.27863842	-0.2033141	0.9999996	-0.1874284	-0.06274202	-0.30432934	0.03497842	0.026380414
-0.24943219	-0.05299076	0.22163627	-0.24908249	0.011533072	0.082585	0.08986718	-0.10990624	-0.06866043	0.10560483	0.22253756	0.020469837	0.117386796	-0.19889164	-0.006909461	0.10343114	-0.19314905	-0.14215	0.18170343	-0.1874284	0.99999976	-0.09776196	0.0306281	0.06994843	0.045567773
0.010865403	-0.501346	-0.098014675	-0.0014354961	-0.007257035	-0.3880887	0.1437452	0.17456478	-0.47280517	0.10062641	-0.054360345	-0.15575296	0.13920951	-0.026460676	0.23160861	0.13004158	-0.22580577	-0.13855052	0.16499043	-0.06274202	-0.09776196	0.9999997	0.2226836	-0.14763166	-0.056320023
-0.065204866	-0.3308389	0.044811755	-0.28632945	0.18183401	-0.35405812	0.3097317	0.24117585	-0.36100045	0.22359936	0.1743395	-0.31352365	0.26773396	-0.1633875	0.30133232	0.04915455	-0.17851342	-0.39566225	0.22147658	-0.30432934	0.0306281	0.2226836	0.9999998	-0.30818152	-0.20698267
-0.11868828	0.12581496	0.12589386	0.15016663	-0.4770824	0.18249646	-0.29575416	-0.51276946	0.0394608	-0.072945446	-0.120858155	0.2675301	-0.13194619	0.01015929	-0.19197126	0.14075379	-0.04661601	0.11691033	-0.022997143	0.03497842	0.06994843	-0.14763166	-0.30818152	0.9999998	0.27541283
-0.03894241	0.048868477	0.09659845	0.15861318	-0.47555336	0.14489001	-0.24081185	-0.4155081	0.072816215	-0.25511795	-0.10973481	0.2999254	-0.18865494	-0.003638527	-0.28821564	0.19761387	-0.06666505	0.15115084	-0.099793315	0.026380414	0.045567773	-0.056320023	-0.20698267	0.27541283	0.9999998
