0.39298096109157377
0.5157881219059903
0.36546703885590315
0.04357457339443083
0.47001464872287646
0.4133340694022174
0.7148985456815495
1.2175932475751416
1.7269949131107483
1.7489560451993822
1.765696041876699
0.3375793829272091
1.575768890035475
0.4517753578994186
1.037309577784971
1.1635461512367309
0.3985842938260791
1.3199833105412377
0.022357806580091566
0.8149725704744712
1.6207575805456567
0.31966510405540216
0.503361862242357
0.6011576160471659
1.8519759202325485
0.8136826538514759
1.0043214618128535
1.7807882995767936
0.3891499989660905
1.1808634449431603
0.3674612685306846
0.1534218218878245
1.304027486173453
0.6450603320891151
1.1060314031206702
1.1250214321257281
0.8291281387492524
1.9203099904940928
0.681385384151048
1.5411033411087527
0.6211372756268958
0.010974785412989796
1.2377651103965635
1.592159437088221
0.4798088253184716
0.041589698095327865
1.361175537359887
1.0762494465425174
1.3157691946801693
0.8808706387933563
0.06513850759787743
1.310318744970459
1.6608789073833374
1.6777386340179976
0.15085159196915932
1.6432544007680958
1.513158871595792
1.7760420519582139
1.7695026172061312
1.123977488419579
0.8428279239913881
0.41520901128231125
1.030857254651412
1.148360338494486
1.0377117017034856
1.6423826741114662
0.2961574440530119
0.31731691835006814
1.5046923772252476
0.6499217638815451
1.0798096998653604
0.18645377708930133
1.0488816232910534
1.9137945395995988
1.1083634666189048
0.6202679096470747
1.8290064383694655
1.7447284297472088
1.5166793052894665
1.3265361815876986
1.5309818662109183
1.4855320087974377
1.5742249009503397
1.4880733874642327
1.1146292503586783
0.8864550121099339
0.9852749445896545
1.3900846917077345
0.5705179894704342
0.16587448907872338
0.9036470891292898
0.4128917132197951
1.5619472896445938
0.9863901699885802
1.0449566510604096
0.2437390297755313
0.4627165697788249
0.39486286052758657
0.7952146400701339
1.8398373715416192
0.33794263221988774
0.6997858347985675
0.47891511795786856
1.461332126028163
1.3486209483666085
1.5896398663369484
0.5876614069026707
1.4023485365496922
1.2893602870824248
1.6114315328638236
0.7855133148090008
1.7853124171628507
0.7407603002711376
0.4622565634650726
0.05214684274793968
1.1673605433581615
1.4703048186561714
0.4161618024714606
1.2646089990052658
1.896127177545752
0.15888131816869877
0.3857562174428537
1.81289689031882
1.515166718220782
1.005096644614396
0.05123966772815303
0.885472165869535
0.5304411685430492
0.2300579888061538
1.153312690509689
0.8682102019844662
0.9058318823209883
0.15071551255856264
1.8242781326807935
1.3735024774679028
0.3300941637689905
1.1307843836392415
1.5810117840811695
1.4946361372111432
0.8673690179708466
1.7070904057884266
1.744755948278815
0.9620368082793624
0.8518361844002384
1.35107960570651
1.1289386928346936
0.3685359987961294
1.183488560384923
0.024030555901609407
1.6091068525845358
0.88338323923708
0.5905010640732731
1.2652689915945339
0.9422705213580433
1.2112659574365774
0.267964510091496
0.7269312932506364
1.2843819395937022
1.3570047589646472
0.6829494107034997
1.067796956290192
1.5473528564168495
0.6683276991160385
1.4644383391180336
0.06001931177540709
1.2551238322711629
0.9192172526265383
0.031359928473930765
1.8114064374352
0.5545881089857791
1.5056574458569265
0.330280163921445
0.6410854111397384
0.5498789090307616
1.791283776706587
1.812916144146446
0.503426702618164
0.21237665752147072
1.559658475390882
0.34234028686573703
0.8274049367417935
0.03836506308099086
1.4460709857420613
0.10892486696166981
1.6007046262946327
1.0417864705801714
0.4883905576539873
1.9393627198711634
0.36652870390483416
0.6015195172591725
0.896650663238707
0.6766086892802496
0.3333189460320263
1.5106230963959306
1.7443600663215761
1.0664235245492428
1.407048804013317
1.0291438169696265
1.253675672838918
1.685214868987038
0.3880483495449365
1.315075402920167
0.5878966871759876
1.1353094678242535
0.1736628110835381
1.5461212198045031
1.3368702957691176
1.2607721333394912
0.741940238247131
0.4407842549872616
0.5979724390021874
1.2764852867042116
0.04042896927021067
0.23092507621431801
1.936796196084809
0.3477826664868575
0.546222534358227
1.5500080990444245
0.7090190067292479
0.4283113433751069
1.586669704126862
1.3126164621344618
0.8224174804869051
0.13104418952273855
1.4689126380084674
1.361095831946594
1.9455355609180003
0.16391708442061304
1.2858009807842699
1.8452210883224947
1.9103270672353603
1.9329758557523031
1.096057477042329
1.591457880685294
0.7599198721231719
1.611174225548564
1.8469508795206024
0.4067009039538605
0.44506022218222063
1.907325467352747
1.085239123535994
0.5498660805518005
1.0390556126811545
0.2349774127700237
1.2127744800789442
1.5680062287045677
1.3559108574560887
1.6045758272737385
1.8429854346687358
1.933227998318125
1.0056276111852371
1.3168788198363104
0.326070779829418
1.504499088077196
1.3975600351087463
1.6982309221909824
1.359109370265368
0.590507127802792
1.44082723674045
1.0319433670554001
0.6144585691660862
1.9046684270414254
0.4154787308864456
1.9947260049024838
0.0810814910776656
1.7597362631366253
0.22979999767364578
0.34139044257028095
1.5974877276461459
0.12867355038842332
0.4681183166205525
0.9053103296134557
0.7518991996798301
1.2719761072918254
0.7490507354239166
1.0954827082920569
0.03901441414950613
1.0271083914806607
1.3591164414282015
0.7452541690704431
1.5387703435518065
0.888177974695521
0.8124219276505529
0.2755172345034902
1.8017428700023737
0.1397118586025321
0.41270929483624297
1.8071659923621242
0.9432493801854427
0.761415871191947
1.9380344102423692
0.9175304376435938
1.7144002282001072
1.8638097671758889
1.9766139402388365
0.9818770767444038
1.0556473047397343
1.4468858874718988
0.310448626174604
1.2992561268576734
