1.4853325642912543
1.7839867567144447
0.5794308947324287
0.07637197561466547
0.6451329117488735
0.6691714359265037
0.2688601486132076
0.34929736032187053
0.17291610236207422
0.39732011001558876
1.1040333155661017
1.5911509277291358
1.9666456073609018
1.3274276093483304
1.7448159074344929
0.8893644680770048
1.4136248236253404
1.748386856927255
1.6859940046063229
0.9331519732537985
0.8191816174686988
1.880203894405368
1.3173857627329855
1.7592321572006788
0.8123719718986193
1.638728852167929
1.7131481918730553
1.5268748087860355
0.48966539564271794
0.6150930114449766
1.5632051606028674
0.4272414079558864
1.3914962063930663
0.19559128907943246
1.1120983495618264
0.47807043452086195
0.0838071449058424
0.054610347302083584
1.6115261118751927
0.1270455355891742
1.0864826615386858
0.13321428454268291
0.1602333104814353
0.5447573520577444
0.43815108097170463
0.7530655712565653
0.6344066488202698
0.6107963873939062
1.9839996774129154
1.7598532920136334
1.2500167320703317
1.3813111886423928
0.27608314580854554
0.3681785877892745
1.251612691011407
0.9722325100360738
1.7165197584973586
0.8231370539744733
1.0025108420622368
0.5771841328726395
1.3556533650786744
0.4816445513921548
1.3247782195584237
0.40831524497573324
0.9783580520467334
1.239994285775655
1.7931361497722245
0.6646702509635121
0.765832040437948
1.115047036476469
0.43009568608608206
0.6944518732726246
0.9606769590866695
0.8607838601358737
1.8205269036756575
0.5078300228580803
0.7168699552237283
1.7955337291560014
1.0535429399042628
0.5924681817617912
1.9458329370470346
0.2725293227736074
0.2879727309890032
0.14050223556596841
0.5828207583771565
0.3089155995690509
1.2726134143185488
1.2954961870877175
1.5961932983063352
0.09601952405982783
1.3203678743160572
0.8434001403435305
0.09417353408083984
0.4202342793261873
1.7146976317019584
1.7603568706959587
0.023440175570220934
1.055611659099961
1.2508894587014938
1.0905105409767408
1.4194082448478302
0.7447152974980649
1.6796960433371728
1.5332919688295388
1.3199127753504376
0.23652436113850017
0.9420163909898307
1.5729847628956588
1.9670151345199907
0.25426099072454456
1.4435199991296535
0.6292801631425691
1.1576273422730248
1.8625227508942688
1.5198110737201884
0.5778078004734637
1.2939031950817428
0.5546557210138363
0.14111592520517258
1.821026248944563
0.21689631730203685
1.3255023254243965
0.9894345294439246
1.3384514793488984
1.3946828178549722
1.6233402670111874
0.07794782563262381
1.79124153002911
0.46715975423658374
0.19367820275247416
0.06624859805591332
1.5716807609186145
1.9788819358741756
1.1422112270499916
1.6983423617315878
0.3808923299897935
0.8201605685159918
0.9523491210122983
0.7637080758179673
1.277531954039275
1.2411762250300191
0.15188289890292328
1.4770478406206755
0.34458515878646434
0.8203817517082159
1.992999033444275
1.3465930432628685
1.6246965903652877
0.6228119581632319
0.47735177118051775
0.8033070883070088
0.29072628667268696
1.3149587087925867
0.09805244063275498
1.1921316822205568
0.6047233415561009
1.255467720241219
1.0101315642420592
0.5781423734607125
0.8723307404501179
0.48296970809719264
0.13565274693078888
1.5802305250389326
1.8747732829190613
1.5923548904010285
0.48389022243036584
0.5738074105917663
0.21502994694250743
1.9230452425470588
0.8120298637617653
1.7948524695046713
0.31790022954156916
1.4513983071066578
0.00875550808338077
1.4257607648172888
0.019780395403631967
1.9577464859175993
0.7053115531808156
0.7492746863426158
0.30441986266136367
0.8555774477342868
0.055763353417672024
1.3218856418878608
0.6593282618652838
1.042333231249014
0.34350346007946553
1.275172710450837
1.1399910403091291
0.329952390387628
1.1299999473177234
1.4380184089075099
0.13261597907108302
0.7187168591995226
1.2390941572476182
0.9377185332394855
1.672177038365567
1.7809545255747539
0.805436754993887
0.6546847358937815
1.272680049463791
0.26063204878453883
0.937108155191337
1.8069604513240287
1.4647131302429968
0.2534465690373584
0.32006258586757896
0.17325992529158962
0.4982587224074233
0.59085688177804
1.858050373089189
0.39688121502269214
1.3465350901233906
0.8450219666708747
1.284364718937642
0.3957960291829943
1.9338386229987208
1.3732051077279415
0.6357565831407195
0.7197374500721465
1.467824679744877
1.073353663591807
0.2362978982542976
1.5550672162801313
1.0967838946297708
1.5742084415198239
1.7300643679449648
1.8302447370656418
1.9175044270892236
0.3898737177411522
1.5428836912983075
1.1108908267590358
1.2698083016939534
1.305599644013222
1.962991167591352
0.09300381236760269
0.1374939861208968
1.0198794612131252
0.2381012474850508
1.0594144404881607
0.7730202681730345
1.3534213525656493
0.25587165738463247
1.1324358926753006
1.9661429624077427
1.1775048388337601
0.47685773760945827
0.9410023825699312
0.5026878813998319
0.6709088242587855
1.7863937930789666
0.21637126538338203
0.10627698256058382
0.4442095004141975
1.5940122698368193
1.4904973339772163
0.3630292450683601
1.9633861685409517
0.49914624634531335
0.22101868432792315
0.02630074202591448
1.1338612238855361
1.4822860954226418
1.9908831364095376
1.0763063898590806
0.9850251092970894
0.4267620576184905
1.0162469855243037
0.38750033110549764
1.0714800101994522
0.6979962060438927
1.9330198965472176
1.7267278276217548
0.4361648721137108
0.8436786290949554
1.6820803395301398
0.9107837903310523
1.5552780631321443
1.1687441420467273
1.1972675685999359
1.400905023118001
0.05558400213059067
1.2212543603870067
0.05669610403595615
0.616893436776023
1.7479087865478262
0.2846369457222362
1.731392806147452
0.387419842479207
1.886314319635163
0.26363093678918736
1.711423728269792
1.5364572682875834
0.7068297954248866
0.32965925041577493
1.6090705738643971
0.36685691009041443
1.7716414808238932
1.6621343802008852
0.773960219978185
1.0910919254708173
