1.0000001	0.19160816	0.2818393	0.037978116	0.21928883	-0.35737085	-0.12402325	0.16272688	-0.4022799	0.20688531	-0.42517123	0.15264371	-0.28930238	-0.25797248	0.29086646	-0.31676292	0.2890432	0.12830493	0.28350517	0.27659947	0.16122395	-0.3345765	-0.27503976	-0.4461379	-0.1294418
0.19160816	1.0000001	0.21385907	0.02855362	0.0766313	-0.51748705	-0.22368923	0.21585035	-0.10915002	0.14305003	-0.3248387	0.056572095	-0.47016296	-0.25526503	0.19519329	-0.15658826	0.1944952	0.088718705	0.17777899	0.1656138	0.16066232	-0.09424885	-0.3341375	-0.15734217	0.086351804
0.2818393	0.21385907	0.99999994	-0.02301732	0.23655587	-0.3185366	-0.10392543	0.14152704	-0.27897272	0.14317599	-0.28267804	0.18275811	-0.32396984	-0.46574858	0.28821373	-0.27141032	0.30055052	-0.0029720797	0.31393066	0.28295064	0.2103669	-0.3040441	-0.40651527	-0.36376444	-0.18879385
0.037978116	0.02855362	-0.02301732	0.9999998	-0.16338998	-0.09327728	-0.35082316	0.2558267	-0.112285145	0.19705018	-0.019121459	-0.4585614	-0.1746346	-0.07487799	0.0073076487	-0.05587666	0.0005500444	0.24207148	-0.030306838	0.084537916	-0.35034975	-0.19019549	0.055426598	0.018609116	0.24073833
0.21928883	0.0766313	0.23655587	-0.16338998	0.99999976	-0.12257375	0.07750285	-0.079907864	-0.26945636	-0.0831829	-0.31978872	0.25670928	-0.121368185	-0.17156509	0.18469329	-0.06396245	0.24475601	-0.18036495	0.24645866	0.1755238	0.23853616	-0.12957416	-0.30209988	-0.39837137	-0.34128782
-0.35737085	-0.51748705	-0.3185366	-0.09327728	-0.12257375	0.99999964	0.19371413	-0.27485746	0.23322397	-0.31114703	0.27676412	-0.13019782	0.29240552	0.25797433	-0.22747837	0.2409423	-0.23527183	-0.13104498	-0.23069356	-0.22577989	-0.25253746	0.203097	0.2491472	0.22194397	-0.043031245
-0.12402325	-0.22368923	-0.10392543	-0.35082316	0.07750285	0.19371413	0.99999946	-0.4843721	0.16107774	-0.2788787	0.13445327	0.16019426	0.2297246	0.17137009	-0.10780746	0.11338704	-0.18054618	-0.2660362	-0.04836227	-0.26832777	0.03387287	0.21403345	0.065231346	0.07704931	-0.38385543
0.16272688	0.21585035	0.14152704	0.2558267	-0.079907864	-0.27485746	-0.4843721	0.9999993	-0.1495678	0.24405079	-0.17988786	-0.1926637	-0.3673451	-0.26870695	0.16888827	-0.14320573	0.16048414	0.21861872	0.13129343	0.21045357	-0.07231282	-0.2877766	-0.17118919	-0.16338347	0.19440898
-0.4022799	-0.10915002	-0.27897272	-0.112285145	-0.26945636	0.23322397	0.16107774	-0.1495678	0.9999993	-0.31671688	0.2823428	-0.1140689	0.22666323	0.25884664	-0.39867502	0.27146932	-0.27325982	-0.24035875	-0.2234641	-0.36737004	-0.23667572	0.27099952	0.22818817	0.27364162	0.0018733853
0.20688531	0.14305003	0.14317599	0.19705018	-0.0831829	-0.31114703	-0.2788787	0.24405079	-0.31671688	0.9999992	-0.16708425	-0.041459084	-0.21859068	-0.21956019	0.21886733	-0.50763243	0.12930287	0.2700701	0.13436043	0.19016449	-0.033463493	-0.2725431	-0.10940248	-0.14826748	0.12838033
-0.42517123	-0.3248387	-0.28267804	-0.019121459	-0.31978872	0.27676412	0.13445327	-0.17988786	0.2823428	-0.16708425	0.9999991	-0.16845772	0.27031922	0.2784727	-0.35151547	0.23339269	-0.42053756	-0.122166194	-0.34525824	-0.31042188	-0.2717144	0.2563179	0.30186406	0.30479217	0.059016682
0.15264371	0.056572095	0.18275811	-0.4585614	0.25670928	-0.13019782	0.16019426	-0.1926637	-0.1140689	-0.041459084	-0.16845772	0.99999905	-0.058844432	-0.14111796	0.15765621	-0.14166531	0.15343493	-0.09546617	0.17842656	0.091055386	0.2373016	-0.009296652	-0.21763788	-0.23421709	-0.44659024
-0.28930238	-0.47016296	-0.32396984	-0.1746346	-0.121368185	0.29240552	0.2297246	-0.3673451	0.22666323	-0.21859068	0.27031922	-0.058844432	0.99999917	0.26405466	-0.3098508	0.22379999	-0.22489528	-0.27693787	-0.28429732	-0.2362636	-0.07210773	0.22521538	0.25105086	0.23448908	-0.07958006
-0.25797248	-0.25526503	-0.46574858	-0.07487799	-0.17156509	0.25797433	0.17137009	-0.26870695	0.25884664	-0.21956019	0.2784727	-0.14111796	0.26405466	0.9999991	-0.43259963	0.228214	-0.36207345	-0.06603337	-0.3250598	-0.44990858	-0.16803491	0.2861178	0.2980487	0.2759189	0.054760285
0.29086646	0.19519329	0.28821373	0.0073076487	0.18469329	-0.22747837	-0.10780746	0.16888827	-0.39867502	0.21886733	-0.35151547	0.15765621	-0.3098508	-0.43259963	0.99999917	-0.41247275	0.2750539	0.13318665	0.2805503	0.27239278	0.17056312	-0.2759403	-0.4014954	-0.33471417	-0.05028248
-0.31676292	-0.15658826	-0.27141032	-0.05587666	-0.06396245	0.2409423	0.11338704	-0.14320573	0.27146932	-0.50763243	0.23339269	-0.14166531	0.22379999	0.228214	-0.41247275	0.9999993	-0.18025266	-0.28294915	-0.31562364	-0.16628042	-0.18985914	0.20736785	0.2061595	0.21059407	0.009543853
0.2890432	0.1944952	0.30055052	0.0005500444	0.24475601	-0.23527183	-0.18054618	0.16048414	-0.27325982	0.12930287	-0.42053756	0.15343493	-0.22489528	-0.36207345	0.2750539	-0.18025266	0.999999	0.02282747	0.3023723	0.30948865	0.19896138	-0.4157827	-0.40510872	-0.39984667	-0.13778362
0.12830493	0.088718705	-0.0029720797	0.24207148	-0.18036495	-0.13104498	-0.2660362	0.21861872	-0.24035875	0.2700701	-0.122166194	-0.09546617	-0.27693787	-0.06603337	0.13318665	-0.28294915	0.02282747	0.99999905	-0.033717252	0.09417562	-0.27120104	-0.13927789	-0.00807597	-0.08067556	0.18474261
0.28350517	0.17777899	0.31393066	-0.030306838	0.24645866	-0.23069356	-0.04836227	0.13129343	-0.2234641	0.13436043	-0.34525824	0.17842656	-0.28429732	-0.3250598	0.2805503	-0.31562364	0.3023723	-0.033717252	0.9999993	0.26569343	0.20523737	-0.3520956	-0.4284152	-0.3839164	-0.22146076
0.27659947	0.1656138	0.28295064	0.084537916	0.1755238	-0.22577989	-0.26832777	0.21045357	-0.36737004	0.19016449	-0.31042188	0.091055386	-0.2362636	-0.44990858	0.27239278	-0.16628042	0.30948865	0.09417562	0.26569343	0.99999946	0.13864069	-0.508027	-0.30554307	-0.3224597	-0.06278595
0.16122395	0.16066232	0.2103669	-0.35034975	0.23853616	-0.25253746	0.03387287	-0.07231282	-0.23667572	-0.033463493	-0.2717144	0.2373016	-0.07210773	-0.16803491	0.17056312	-0.18985914	0.19896138	-0.27120104	0.20523737	0.13864069	0.9999995	-0.09269213	-0.22093743	-0.15811841	-0.12022812
-0.3345765	-0.09424885	-0.3040441	-0.19019549	-0.12957416	0.203097	0.21403345	-0.2877766	0.27099952	-0.2725431	0.2563179	-0.009296652	0.22521538	0.2861178	-0.2759403	0.20736785	-0.4157827	-0.13927789	-0.3520956	-0.508027	-0.09269213	0.9999994	0.23076865	0.26141232	-0.0066682845
-0.27503976	-0.3341375	-0.40651527	0.055426598	-0.30209988	0.2491472	0.065231346	-0.17118919	0.22818817	-0.10940248	0.30186406	-0.21763788	0.25105086	0.2980487	-0.4014954	0.2061595	-0.40510872	-0.00807597	-0.4284152	-0.30554307	-0.22093743	0.23076865	0.9999994	0.29759094	0.12498347
-0.4461379	-0.15734217	-0.36376444	0.018609116	-0.39837137	0.22194397	0.07704931	-0.16338347	0.27364162	-0.14826748	0.30479217	-0.23421709	0.23448908	0.2759189	-0.33471417	0.21059407	-0.39984667	-0.08067556	-0.3839164	-0.3224597	-0.15811841	0.26141232	0.29759094	0.99999934	0.143869
-0.1294418	0.086351804	-0.18879385	0.24073833	-0.34128782	-0.043031245	-0.38385543	0.19440898	0.0018733853	0.12838033	0.059016682	-0.44659024	-0.07958006	0.054760285	-0.05028248	0.009543853	-0.13778362	0.18474261	-0.22146076	-0.06278595	-0.12022812	-0.0066682845	0.12498347	0.143869	0.99999934
