0.6862998846909245
0.9478721571527025
1.9953356304935745
0.16141535977973942
0.049081372738793094
0.500796669577547
0.9118518105969426
1.1666151690733373
0.5385688682586223
0.014160894179701788
0.2605552774328299
1.7585321900656763
0.004139979725168441
0.5901958690101132
0.1628458887484674
0.8098002131031345
1.3228920641255815
1.4511988303268917
0.017316782966457556
1.0678030189242707
1.0908131577320566
1.3799778981802389
0.2927399702844986
1.1495228771130082
0.6885108721846949
0.9568146996032716
1.8541354048142589
1.3123851452581845
1.489804036381766
0.7025504961829514
0.3922945411253336
1.5576588335255483
0.5337966329888066
0.5465184009797375
0.5223754467596537
1.6478744727178385
1.1913094532435118
0.4827410720079164
1.7491544318149252
1.0434931356386365
0.5755814848826002
0.3294336732704055
0.1326174559756177
1.3757841546872749
0.3116752983118438
0.3831063167755264
0.829685812641632
1.7111042311298221
0.11102572143974587
0.9106627631661721
1.5529924203712127
0.4417409254891267
1.089885768041755
0.09420113827425869
1.864108805802521
0.12733705299847564
0.20341006980284027
0.15108541322956381
0.002092320476330567
0.09318971340749282
1.3371997287428965
0.24924583930669963
1.3581014309922832
1.617685950005346
0.9033295794999725
0.8850817584806983
1.378296161206115
0.6270244751166738
0.2747594041661747
1.0528598986008095
1.0176199320201278
0.8775698965271612
1.2926930619305632
1.7186041281126851
1.021748561228398
0.4687921370717725
0.6426990358356126
1.1598207846565631
0.29862944794667334
1.819652660865962
1.3644891828638865
1.0607742395183266
0.676841981662345
1.7846087821332404
0.21664375390445811
1.7019068469929035
1.293663245490939
0.7214982032401158
0.8263806297899872
0.3628984748062676
1.637278868786654
0.2957628324632735
1.5234011934633338
1.4431962556466194
1.8053067696275311
0.7369695468954665
0.7258879701900971
0.4680871371462756
1.8316930759203547
0.2362341476152674
0.611865437719834
0.7812902443383305
1.711400717863529
1.3227424671477643
0.1464267653624598
0.007512273483373466
0.5906058352359143
1.5171647776009782
0.35185067024689887
0.9510198011741327
1.532617057103665
0.7746766577488065
0.8887920191052758
0.14763878521548857
0.5789517397110298
0.42747768822469734
0.26634231394285734
0.8315481037729446
1.8804730699480117
0.11172150808007775
1.5660487078817071
1.1282490968877732
1.2077955059119763
1.1759380651183329
0.41729738321389975
0.8820780570181377
0.7258919925576692
1.3074203707596213
1.9109223418185186
1.7645757334754784
1.680941134830668
0.9287226036472025
0.132949173818117
1.3266813273480533
0.8224088504818019
0.10491911523023889
1.004654299537651
1.5433325902368256
0.354241408848323
0.90981382326387
1.2775196862487046
1.1239613627077463
1.7221696725886404
0.29739243982963814
0.4589442254442011
0.7720213596112888
1.9910435845634977
0.5700383442251218
0.49331613238785677
0.6629566671411857
1.7793768460252164
0.3203495469671225
1.0163865155596858
1.9558330111819806
0.8128491383464305
0.2867476008638272
0.23983520615001153
0.8265419298278729
1.4618555577333054
0.3737169783393888
1.2570912052557595
1.1876234145581936
0.18960498159352168
0.20385176045595155
0.9408060874533493
0.6315658843436678
1.1216497320081749
0.7265198626060776
1.3598672115108434
0.18792513573360958
0.6951714580109589
0.022011953029342335
0.3610841015745987
0.4076493610185208
0.3794201811297673
1.6117881821639939
0.3858451598790933
0.6872676393966175
1.2449582350160477
1.5182783474976074
1.1480943316633043
0.1343087277348931
0.7384374619084522
1.4297968452308454
0.8769575216146794
1.3295561977122679
0.3694128589568122
0.5535210696553452
0.7366235697673018
1.1736170063178932
0.17337633688161525
0.7689249616600715
1.1380289292883519
0.18570751893880666
1.8155053604874418
0.2397519239243826
1.0459902062691544
0.8048518082923573
0.8416848951192293
0.7661320611961393
1.8653744784213713
0.11476687391035312
1.1146106690172906
1.653974100683968
1.4872597871659679
0.5582523040395573
0.6479686629551011
1.7870048294264809
1.7742160674883523
1.931840458781006
0.541726654077145
0.892138184874611
0.6943576391978721
1.0614629622802416
0.9903854548182207
1.2555643690240785
1.8938836213957368
1.9600875041523487
1.881939398868547
0.7281268638370788
0.669681131199751
1.0325483878866395
1.0231777796597012
1.565402726438923
1.2516396000799512
1.257218574183182
1.627721476603424
0.2343272446531497
0.8855921917331557
0.7092266616446483
0.06521764950464415
1.4352124758908176
1.4085774600632004
1.6940176926387327
1.9679911663274263
1.7843122510699212
0.8826302959658818
0.12026032242828522
0.3434986796734347
1.7845777365895992
0.6665853167878808
0.5705076164783602
1.0264473079368004
1.0430287372620226
0.20461275215455932
1.8775839183293674
1.906591885946189
0.7031359290958645
0.19878419270508574
1.7797129493506783
1.6584976546916719
1.9863403210451644
0.9521840229099994
0.4188934011385017
1.158203513856867
0.8214712769308037
1.2177596433455486
0.10201292574645437
0.35573781836133445
1.132107798364759
0.389406912656995
1.5414421484389582
1.9306997292711685
1.7725002162137327
0.8478234698380203
0.7610758356927063
1.378731576706063
1.5465920347333457
0.6173427799527718
1.8729184700270234
0.40961263356261335
1.4166319194386976
0.6657248280274817
0.7893055447723254
1.4976300228599602
0.3893323010359582
0.42311485134605276
1.819271014192121
1.9666071468033202
0.8983426712803799
0.1899424853350422
1.047156263500976
1.3730343839589598
1.8522136450184776
1.4460111226696881
1.8716800788569714
1.3435161475027266
0.23218430629480968
1.6054429069973504
0.8422445270407135
1.6634832504896961
0.5330011088600297
0.1427442057231172
1.3545530912261672
0.04694042643201701
1.5351856925729417
1.6517192246565129
1.982840589123385
1.9864323309896625
1.900004129110203
