1.0	0.28416157	-0.26555166	-0.0042641927	-0.20479885	-0.3108711	-0.3670559	0.28686303	-0.3317664	0.29062966	-0.2703738	-0.20927204	0.20357475	0.17883638	-0.023225967	0.26223278	0.27513853	-0.34536427	0.29689133	-0.3756625	0.25755468	-0.4142511	-0.31887338	0.2211585	0.13770494
0.28416157	0.9999999	-0.34243944	0.03749511	-0.28848463	-0.35194728	-0.43336764	0.22512245	-0.14201725	0.30130994	-0.20636438	-0.22149988	0.19720683	0.15362875	-0.059704553	0.26034623	0.25327846	-0.26735193	0.28106257	-0.27069303	0.25606018	-0.2728263	-0.43979532	0.25042734	0.12152289
-0.26555166	-0.34243944	0.9999997	0.1421579	0.16512504	0.13765286	0.16765118	-0.25653988	0.09505206	-0.40084666	0.14367962	0.12978864	-0.16393635	-0.02774857	-0.17067498	-0.17805888	-0.087989576	0.16778082	-0.27838752	0.20013168	-0.60038936	0.22937605	0.20272218	-0.12455499	-0.023915993
-0.0042641927	0.03749511	0.1421579	0.9999999	0.14656706	-0.048277788	-0.12332702	-0.05799661	0.097635895	-0.09370854	0.13882387	0.08783891	-0.19394618	-0.118339784	-0.73499584	-0.12715524	0.034279265	-0.008458746	0.08745902	0.12958519	-0.15835619	-0.08657552	0.024866007	-0.0639664	-0.23414618
-0.20479885	-0.28848463	0.16512504	0.14656706	0.9999999	0.19834413	0.2103288	-0.26911864	0.28058922	-0.35028368	0.29435858	0.28934246	-0.29927614	-0.3593089	-0.18910085	-0.43412367	-0.22015154	0.2633229	-0.18065104	0.2565156	-0.29917976	0.12119233	0.26863393	-0.25611672	-0.45505413
-0.3108711	-0.35194728	0.13765286	-0.048277788	0.19834413	0.9999998	0.29473677	-0.103115715	0.15772727	-0.28532565	0.18723714	0.23682147	-0.18059438	-0.26356584	0.003360949	-0.26104543	-0.22618967	0.22760965	-0.4357373	0.19015178	-0.13142213	0.13090287	0.25994262	-0.5655768	-0.104824536
-0.3670559	-0.43336764	0.16765118	-0.12332702	0.2103288	0.29473677	0.9999997	-0.21160318	0.18703423	-0.35871476	0.20691623	0.25554407	-0.27558753	-0.24537487	0.075452454	-0.27393934	-0.35666022	0.27999094	-0.35579354	0.22596355	-0.21249242	0.21788907	0.29518217	-0.36266193	-0.0854059
0.28686303	0.22512245	-0.25653988	-0.05799661	-0.26911864	-0.103115715	-0.21160318	0.9999996	-0.36140066	0.27154502	-0.2684928	-0.3579318	0.2164606	0.17997992	0.063017815	0.27848497	0.27520895	-0.4030276	0.2346108	-0.43723607	0.26201633	-0.38623324	-0.28618822	0.15441889	0.1833636
-0.3317664	-0.14201725	0.09505206	0.097635895	0.28058922	0.15772727	0.18703423	-0.36140066	0.9999995	-0.21690242	0.2969072	0.27252492	-0.40800285	-0.34540516	-0.09783157	-0.31643638	-0.14410564	0.23988986	-0.16179359	0.2113844	-0.15790115	0.0988174	0.22155112	-0.21930766	-0.53673697
0.29062966	0.30130994	-0.40084666	-0.09370854	-0.35028368	-0.28532565	-0.35871476	0.27154502	-0.21690242	0.99999946	-0.2484471	-0.29721257	0.24155465	0.19443905	0.0719955	0.28844753	0.25399497	-0.38283345	0.26965678	-0.25193802	0.2914615	-0.29980928	-0.39926782	0.24267806	0.15580809
-0.2703738	-0.20636438	0.14367962	0.13882387	0.29435858	0.18723714	0.20691623	-0.2684928	0.2969072	-0.2484471	0.99999946	0.29135922	-0.47321075	-0.49804246	-0.17035869	-0.3167033	-0.18751876	0.25831524	-0.26250473	0.23958775	-0.22516766	0.1075766	0.22275212	-0.17838141	-0.38238046
-0.20927204	-0.22149988	0.12978864	0.08783891	0.28934246	0.23682147	0.25554407	-0.3579318	0.27252492	-0.29721257	0.29135922	0.99999946	-0.42002088	-0.38551444	-0.11325364	-0.40051523	-0.3481716	0.29261383	-0.27532175	0.2698512	-0.17667904	0.14060059	0.27658623	-0.36831325	-0.27634576
0.20357475	0.19720683	-0.16393635	-0.19394618	-0.29927614	-0.18059438	-0.27558753	0.2164606	-0.40800285	0.24155465	-0.47321075	-0.42002088	0.99999934	0.29591247	0.16423625	0.282974	0.17270043	-0.25932008	0.15273477	-0.16776942	0.17064603	-0.04610438	-0.32169852	0.23886491	0.27933958
0.17883638	0.15362875	-0.02774857	-0.118339784	-0.3593089	-0.26356584	-0.24537487	0.17997992	-0.34540516	0.19443905	-0.49804246	-0.38551444	0.29591247	0.9999993	0.13993162	0.2712577	0.17362444	-0.28520662	0.14509547	-0.24499165	0.09603176	0.0061317766	-0.17112498	0.23962188	0.28310177
-0.023225967	-0.059704553	-0.17067498	-0.73499584	-0.18910085	0.003360949	0.075452454	0.063017815	-0.09783157	0.0719955	-0.17035869	-0.11325364	0.16423625	0.13993162	0.99999917	0.11643208	-0.034718268	-0.009231201	-0.11290496	-0.17014316	0.117247336	0.08395553	-0.034690607	0.07835915	0.1869259
0.26223278	0.26034623	-0.17805888	-0.12715524	-0.43412367	-0.26104543	-0.27393934	0.27848497	-0.31643638	0.28844753	-0.3167033	-0.40051523	0.282974	0.2712577	0.11643208	0.9999989	0.26577875	-0.3483886	0.22283141	-0.40231606	0.22758915	-0.16057613	-0.40931323	0.26746973	0.2511589
0.27513853	0.25327846	-0.087989576	0.034279265	-0.22015154	-0.22618967	-0.35666022	0.27520895	-0.14410564	0.25399497	-0.18751876	-0.3481716	0.17270043	0.17362444	-0.034718268	0.26577875	0.999999	-0.48609352	0.25993833	-0.44269252	0.1855915	-0.36973137	-0.3431246	0.2005031	0.12904033
-0.34536427	-0.26735193	0.16778082	-0.008458746	0.2633229	0.22760965	0.27999094	-0.4030276	0.23988986	-0.38283345	0.25831524	0.29261383	-0.25932008	-0.28520662	-0.009231201	-0.3483886	-0.48609352	0.99999875	-0.342169	0.29066864	-0.22582376	0.23750533	0.28155297	-0.20635179	-0.229287
0.29689133	0.28106257	-0.27838752	0.08745902	-0.18065104	-0.4357373	-0.35579354	0.2346108	-0.16179359	0.26965678	-0.26250473	-0.27532175	0.15273477	0.14509547	-0.11290496	0.22283141	0.25993833	-0.342169	0.9999987	-0.26121873	0.22706486	-0.40058848	-0.20262416	0.21558844	0.07188614
-0.3756625	-0.27069303	0.20013168	0.12958519	0.2565156	0.19015178	0.22596355	-0.43723607	0.2113844	-0.25193802	0.23958775	0.2698512	-0.16776942	-0.24499165	-0.17014316	-0.40231606	-0.44269252	0.29066864	-0.26121873	0.9999989	-0.30934104	0.23052585	0.26196218	-0.2296318	-0.18873964
0.25755468	0.25606018	-0.60038936	-0.15835619	-0.29917976	-0.13142213	-0.21249242	0.26201633	-0.15790115	0.2914615	-0.22516766	-0.17667904	0.17064603	0.09603176	0.117247336	0.22758915	0.1855915	-0.22582376	0.22706486	-0.30934104	0.9999991	-0.37538302	-0.26643088	0.14114419	0.106894724
-0.4142511	-0.2728263	0.22937605	-0.08657552	0.12119233	0.13090287	0.21788907	-0.38623324	0.0988174	-0.29980928	0.1075766	0.14060059	-0.04610438	0.0061317766	0.08395553	-0.16057613	-0.36973137	0.23750533	-0.40058848	0.23052585	-0.37538302	0.99999934	0.18922523	-0.058874745	-0.009059195
-0.31887338	-0.43979532	0.20272218	0.024866007	0.26863393	0.25994262	0.29518217	-0.28618822	0.22155112	-0.39926782	0.22275212	0.27658623	-0.32169852	-0.17112498	-0.034690607	-0.40931323	-0.3431246	0.28155297	-0.20262416	0.26196218	-0.26643088	0.18922523	0.99999934	-0.40568605	-0.18790972
0.2211585	0.25042734	-0.12455499	-0.0639664	-0.25611672	-0.5655768	-0.36266193	0.15441889	-0.21930766	0.24267806	-0.17838141	-0.36831325	0.23886491	0.23962188	0.07835915	0.26746973	0.2005031	-0.20635179	0.21558844	-0.2296318	0.14114419	-0.058874745	-0.40568605	0.99999934	0.16631992
0.13770494	0.12152289	-0.023915993	-0.23414618	-0.45505413	-0.104824536	-0.0854059	0.1833636	-0.53673697	0.15580809	-0.38238046	-0.27634576	0.27933958	0.28310177	0.1869259	0.2511589	0.12904033	-0.229287	0.07188614	-0.18873964	0.106894724	-0.009059195	-0.18790972	0.16631992	0.99999934
