1.0000001	-0.2989366	-0.24469699	-0.31663054	-0.06703485	-0.26990914	0.24621414	0.1844137	-0.22567745	0.08238859	-0.42627075	0.14230357	-0.1343716	-0.29098627	-0.37110105	0.21122773	-0.4315877	0.17893733	0.14321917	0.27455923	0.30627766	0.28989035	-0.3726793	0.25223765	-0.15841743
-0.2989366	1.0000005	0.07039637	0.24622491	-0.02292318	0.18127614	-0.10577051	-0.0722139	0.083185546	-0.03947976	0.13257864	0.010519208	0.03174572	0.15868776	0.1659664	-0.38302535	0.21216479	-0.22779386	-0.24383143	-0.41820547	-0.25291017	-0.11924154	0.1957952	-0.009986903	0.14292946
-0.24469699	0.07039637	1.0000001	0.10568311	0.21504386	0.06669656	-0.27412876	-0.052887384	0.04285781	-0.40183544	0.22023629	-0.29029423	0.17651452	0.20906276	0.13368534	-0.042478748	0.25313938	0.00867297	-0.33020028	-0.10877997	-0.1725324	-0.39135453	0.19076216	-0.38569468	0.21397246
-0.31663054	0.24622491	0.10568311	1.0000002	-0.08499907	0.17259498	-0.32404342	-0.27877897	0.19888178	0.030846084	0.23376605	-0.11278828	0.10901748	0.24193862	0.24948567	-0.466889	0.23578943	-0.10668685	-0.17043255	-0.28664592	-0.41787407	-0.12221214	0.16830744	-0.120693654	0.1282801
-0.06703485	-0.02292318	0.21504386	-0.08499907	1.0000004	-0.053815328	-0.14273775	0.17595488	-0.28552705	-0.5689668	0.040249165	-0.31720498	0.1630684	-0.013295477	-0.021254346	0.18639229	0.13306618	0.054023843	-0.19427893	-0.18732494	-0.011623635	-0.1876655	0.112866476	-0.07732236	0.18144275
-0.26990914	0.18127614	0.06669656	0.17259498	-0.053815328	1.0000002	-0.28296378	-0.07972391	0.18864867	0.063019626	0.20120254	-0.21720318	0.22037438	0.06636624	0.2150565	-0.20810866	0.16423655	-0.649413	-0.061654393	-0.20598878	-0.21255897	-0.23043723	0.24161305	-0.15794969	0.097359024
0.24621414	-0.10577051	-0.27412876	-0.32404342	-0.14273775	-0.28296378	1.0000005	0.118594676	-0.11006546	0.091119654	-0.31964993	0.26739967	-0.445493	-0.1988829	-0.3690125	0.10006938	-0.2528876	0.16160029	0.22225969	0.19457039	0.2671218	0.24181879	-0.17963167	0.19775166	-0.3270265
0.1844137	-0.0722139	-0.052887384	-0.27877897	0.17595488	-0.07972391	0.118594676	1.0000005	-0.45085374	-0.19871828	-0.21145844	-0.015084988	0.0140568465	-0.44595987	-0.41806942	0.23463771	-0.14264487	0.04342273	-0.046444483	0.06512306	0.19634716	0.10699666	-0.08450422	0.1836163	-0.007068533
-0.22567745	0.083185546	0.04285781	0.19888178	-0.28552705	0.18864867	-0.11006546	-0.45085374	1.0000005	0.16914599	0.21657185	-0.0065584835	0.0054604514	0.20961937	0.2325915	-0.34232995	0.11059671	-0.23846713	0.07696266	-0.010629263	-0.25307584	-0.1610775	0.13695703	-0.28301686	-0.0488432
0.08238859	-0.03947976	-0.40183544	0.030846084	-0.5689668	0.063019626	0.091119654	-0.19871828	0.16914599	1.0000005	-0.07043454	0.16712312	-0.0888862	-0.03691146	0.004930555	-0.20679688	-0.20548563	-0.12034556	0.15746175	0.14886247	0.010446613	0.17251223	-0.15625356	0.08891852	-0.12960194
-0.42627075	0.13257864	0.22023629	0.23376605	0.040249165	0.20120254	-0.31964993	-0.21145844	0.21657185	-0.07043454	1.0000005	-0.22841142	0.15809634	0.2642596	0.28308597	-0.2484165	0.290814	-0.14449012	-0.073629	-0.23923385	-0.36275044	-0.4224488	0.27683887	-0.4338449	0.12988746
0.14230357	0.010519208	-0.29029423	-0.11278828	-0.31720498	-0.21720318	0.26739967	-0.015084988	-0.0065584835	0.16712312	-0.22841142	1.0000005	-0.5547257	-0.10094384	-0.07939991	-0.051451925	-0.16805293	0.10350136	0.22342293	0.11917755	0.18163338	0.21522488	-0.18427756	0.16180548	-0.38760617
-0.1343716	0.03174572	0.17651452	0.10901748	0.1630684	0.22037438	-0.445493	0.0140568465	0.0054604514	-0.0888862	0.15809634	-0.5547257	1.0000007	0.054541323	0.12598234	0.007815051	0.1451606	-0.2716656	-0.3281559	-0.13626242	-0.22464886	-0.17750311	0.16170505	-0.12761511	0.25398952
-0.29098627	0.15868776	0.20906276	0.24193862	-0.013295477	0.06636624	-0.1988829	-0.44595987	0.20961937	-0.03691146	0.2642596	-0.10094384	0.054541323	1.0000007	0.257317	-0.2675126	0.26081043	0.013762408	-0.20230894	-0.21524648	-0.28702673	-0.27266786	0.18375528	-0.3993192	0.14936568
-0.37110105	0.1659664	0.13368534	0.24948567	-0.021254346	0.2150565	-0.3690125	-0.41806942	0.2325915	0.004930555	0.28308597	-0.07939991	0.12598234	0.257317	1.0000008	-0.18436114	0.2544122	-0.20938809	-0.07370564	-0.31290913	-0.32307938	-0.3103371	0.24549115	-0.27989393	0.09804205
0.21122773	-0.38302535	-0.042478748	-0.466889	0.18639229	-0.20810866	0.10006938	0.23463771	-0.34232995	-0.20679688	-0.2484165	-0.051451925	0.007815051	-0.2675126	-0.18436114	1.0000008	-0.19732797	0.15109122	0.030691314	0.1210697	0.20857462	0.088520534	-0.119883314	0.13501874	0.018207837
-0.4315877	0.21216479	0.25313938	0.23578943	0.13306618	0.16423655	-0.2528876	-0.14264487	0.11059671	-0.20548563	0.290814	-0.16805293	0.1451606	0.26081043	0.2544122	-0.19732797	1.0000007	-0.11170376	-0.24466573	-0.38511747	-0.38729846	-0.3980488	0.2901117	-0.32834992	0.19981846
0.17893733	-0.22779386	0.00867297	-0.10668685	0.054023843	-0.649413	0.16160029	0.04342273	-0.23846713	-0.12034556	-0.14449012	0.10350136	-0.2716656	0.013762408	-0.20938809	0.15109122	-0.11170376	1.0000006	0.026557935	0.16258468	0.1645875	0.13444324	-0.32838154	0.08661324	-0.04416777
0.14321917	-0.24383143	-0.33020028	-0.17043255	-0.19427893	-0.061654393	0.22225969	-0.046444483	0.07696266	0.15746175	-0.073629	0.22342293	-0.3281559	-0.20230894	-0.07370564	0.030691314	-0.24466573	0.026557935	1.0000007	0.18441123	0.17813866	0.1569687	-0.10276244	0.071584836	-0.58722985
0.27455923	-0.41820547	-0.10877997	-0.28664592	-0.18732494	-0.20598878	0.19457039	0.06512306	-0.010629263	0.14886247	-0.23923385	0.11917755	-0.13626242	-0.21524648	-0.31290913	0.1210697	-0.38511747	0.16258468	0.18441123	1.0000007	0.25648236	0.22825135	-0.4112856	0.12894005	-0.22858718
0.30627766	-0.25291017	-0.1725324	-0.41787407	-0.011623635	-0.21255897	0.2671218	0.19634716	-0.25307584	0.010446613	-0.36275044	0.18163338	-0.22464886	-0.28702673	-0.32307938	0.20857462	-0.38729846	0.1645875	0.17813866	0.25648236	1.0000007	0.25459784	-0.3612925	0.22351818	-0.2774995
0.28989035	-0.11924154	-0.39135453	-0.12221214	-0.1876655	-0.23043723	0.24181879	0.10699666	-0.1610775	0.17251223	-0.4224488	0.21522488	-0.17750311	-0.27266786	-0.3103371	0.088520534	-0.3980488	0.13444324	0.1569687	0.22825135	0.25459784	1.0000007	-0.41087088	0.29604512	-0.22071594
-0.3726793	0.1957952	0.19076216	0.16830744	0.112866476	0.24161305	-0.17963167	-0.08450422	0.13695703	-0.15625356	0.27683887	-0.18427756	0.16170505	0.18375528	0.24549115	-0.119883314	0.2901117	-0.32838154	-0.10276244	-0.4112856	-0.3612925	-0.41087088	1.0000006	-0.33801222	0.15378936
0.25223765	-0.009986903	-0.38569468	-0.120693654	-0.07732236	-0.15794969	0.19775166	0.1836163	-0.28301686	0.08891852	-0.4338449	0.16180548	-0.12761511	-0.3993192	-0.27989393	0.13501874	-0.32834992	0.08661324	0.071584836	0.12894005	0.22351818	0.29604512	-0.33801222	1.0000006	-0.07580686
-0.15841743	0.14292946	0.21397246	0.1282801	0.18144275	0.097359024	-0.3270265	-0.007068533	-0.0488432	-0.12960194	0.12988746	-0.38760617	0.25398952	0.14936568	0.09804205	0.018207837	0.19981846	-0.04416777	-0.58722985	-0.22858718	-0.2774995	-0.22071594	0.15378936	-0.07580686	1.0000006
