1.0	0.27912527	-0.27955133	-0.3964486	0.04004665	-0.36591014	0.21153852	-0.34585467	0.28578946	0.2608077	0.27036354	0.26106018	-0.023860555	0.25401098	-0.3782315	0.17920215	-0.21452235	-0.25674528	-0.38498095	-0.32767755	-0.33884147	0.27506596	-0.23147032	0.14397039	-0.21279882
0.27912527	0.99999994	-0.21230924	-0.25150186	0.17142345	-0.4148835	0.21483272	-0.4026943	0.22029063	0.29858863	0.19431008	0.20545016	-0.2129338	0.1894384	-0.31919506	0.20624411	-0.14241292	-0.054138787	-0.36159563	-0.30350986	-0.2744585	0.20338547	-0.3662747	0.11148189	-0.19602837
-0.27955133	-0.21230924	1.0	0.24165232	0.037224583	0.23554769	-0.11443725	0.20265912	-0.4914917	-0.12554738	-0.30099082	-0.39065945	-0.08299162	-0.5247793	0.2776037	-0.053429056	0.10686693	0.29163733	0.25716436	0.14216107	0.16427085	-0.29444	0.20639879	-0.117447495	0.17700426
-0.3964486	-0.25150186	0.24165232	1.0000001	-0.03061321	0.23368596	-0.12674223	0.2633559	-0.27599376	-0.2645316	-0.5226733	-0.33725694	0.00950642	-0.1838721	0.28204784	-0.14863402	0.123256244	0.19709963	0.28096524	0.20088968	0.19605963	-0.4379439	0.21441069	-0.123659916	0.19286242
0.04004665	0.17142345	0.037224583	-0.03061321	1.0	-0.17205168	0.10835826	-0.20489022	-0.028249323	0.17810631	-0.1226568	-0.09885992	-0.69419914	-0.05945088	0.049940474	0.22451058	-0.082097396	0.18091457	-0.036525108	-0.2609245	-0.1112043	-0.06701489	-0.15858604	0.10895582	0.16069621
-0.36591014	-0.4148835	0.23554769	0.23368596	-0.17205168	1.0	-0.30672935	0.29858816	-0.34717003	-0.4178576	-0.17267497	-0.30732176	0.12613045	-0.3328294	0.2255808	-0.26743656	0.18382111	0.14483653	0.28128064	0.24686152	0.24985935	-0.21661425	0.30900013	-0.088671215	0.116655156
0.21153852	0.21483272	-0.11443725	-0.12674223	0.10835826	-0.30672935	1.0000001	-0.3197392	0.16217633	0.25778905	0.10927935	0.09980089	-0.122834675	0.136333	-0.13211054	0.28444028	-0.5662552	-0.03672782	-0.3291482	-0.27204737	-0.30645365	0.108285576	-0.46843374	0.23089522	0.031870585
-0.34585467	-0.4026943	0.20265912	0.2633559	-0.20489022	0.29858816	-0.3197392	1.0	-0.26198956	-0.43844703	-0.26999918	-0.16040269	0.14175262	-0.23665045	0.23282787	-0.3095281	0.23460521	0.10824166	0.28698587	0.29505798	0.28909633	-0.27278173	0.29869258	-0.25329027	0.08038705
0.28578946	0.22029063	-0.4914917	-0.27599376	-0.028249323	-0.34717003	0.16217633	-0.26198956	0.99999976	0.19073775	0.24818408	0.2723909	0.041280616	0.32170033	-0.3816882	0.105841026	-0.1417486	-0.42660844	-0.28567642	-0.17992882	-0.2525103	0.27223322	-0.2833942	0.08589173	-0.13474359
0.2608077	0.29858863	-0.12554738	-0.2645316	0.17810631	-0.4178576	0.25778905	-0.43844703	0.19073775	0.9999998	0.17243497	0.18196344	-0.20503135	0.1520317	-0.15371601	0.25960812	-0.24592559	-0.059347246	-0.23303278	-0.32266533	-0.4115604	0.14480247	-0.43361756	0.15799381	-0.12921214
0.27036354	0.19431008	-0.30099082	-0.5226733	-0.1226568	-0.17267497	0.10927935	-0.26999918	0.24818408	0.17243497	0.9999999	0.28325483	0.100875184	0.23111755	-0.3432205	0.0387651	-0.09975693	-0.2860355	-0.2478618	-0.120087475	-0.15347882	0.26947019	-0.23262072	0.05524327	-0.4072023
0.26106018	0.20545016	-0.39065945	-0.33725694	-0.09885992	-0.30732176	0.09980089	-0.16040269	0.2723909	0.18196344	0.28325483	0.9999998	0.09271507	0.27386993	-0.20144166	0.031835638	-0.06666963	-0.347161	-0.34344897	-0.11216071	-0.16001497	0.2369815	-0.2634302	-0.03427598	-0.42308995
-0.023860555	-0.2129338	-0.08299162	0.00950642	-0.69419914	0.12613045	-0.122834675	0.14175262	0.041280616	-0.20503135	0.100875184	0.09271507	0.9999999	0.068199426	-0.0768054	-0.2904287	0.09657452	-0.2689338	0.021377077	0.17042434	0.10319523	0.06530287	0.1352789	-0.069059744	-0.22580288
0.25401098	0.1894384	-0.5247793	-0.1838721	-0.05945088	-0.3328294	0.136333	-0.23665045	0.32170033	0.1520317	0.23111755	0.27386993	0.068199426	0.99999994	-0.33707678	0.049502254	-0.09519253	-0.4731268	-0.2754576	-0.1404222	-0.15111291	0.25388792	-0.28445798	0.05907069	-0.16925496
-0.3782315	-0.31919506	0.2776037	0.28204784	0.049940474	0.2255808	-0.13211054	0.23282787	-0.3816882	-0.15371601	-0.3432205	-0.20144166	-0.0768054	-0.33707678	1.0	-0.06195951	0.09332826	0.25209042	0.28238592	0.15743715	0.15653457	-0.55279773	0.19322748	-0.07529104	0.15910737
0.17920215	0.20624411	-0.053429056	-0.14863402	0.22451058	-0.26743656	0.28444028	-0.3095281	0.105841026	0.25960812	0.0387651	0.031835638	-0.2904287	0.049502254	-0.06195951	1.0	-0.42627153	0.04903137	-0.24053355	-0.44780457	-0.39795724	0.06648748	-0.31029603	0.27457586	0.1238346
-0.21452235	-0.14241292	0.10686693	0.123256244	-0.082097396	0.18382111	-0.5662552	0.23460521	-0.1417486	-0.24592559	-0.09975693	-0.06666963	0.09657452	-0.09519253	0.09332826	-0.42627153	1.0000002	-0.021956908	0.20959875	0.27234244	0.28412694	-0.059969686	0.24347681	-0.4417907	-0.103855774
-0.25674528	-0.054138787	0.29163733	0.19709963	0.18091457	0.14483653	-0.03672782	0.10824166	-0.42660844	-0.059347246	-0.2860355	-0.347161	-0.2689338	-0.4731268	0.25209042	0.04903137	-0.021956908	1.0	0.1959109	0.03611152	0.08724043	-0.31073454	0.11594499	0.011451621	0.20727243
-0.38498095	-0.36159563	0.25716436	0.28096524	-0.036525108	0.28128064	-0.3291482	0.28698587	-0.28567642	-0.23303278	-0.2478618	-0.34344897	0.021377077	-0.2754576	0.28238592	-0.24053355	0.20959875	0.1959109	1.0000001	0.25156245	0.2521429	-0.42983502	0.26797652	-0.2054654	0.11667373
-0.32767755	-0.30350986	0.14216107	0.20088968	-0.2609245	0.24686152	-0.27204737	0.29505798	-0.17992882	-0.32266533	-0.120087475	-0.11216071	0.17042434	-0.1404222	0.15743715	-0.44780457	0.27234244	0.03611152	0.25156245	1.0	0.31131572	-0.1593109	0.25308642	-0.4524309	-0.05759782
-0.33884147	-0.2744585	0.16427085	0.19605963	-0.1112043	0.24985935	-0.30645365	0.28909633	-0.2525103	-0.4115604	-0.15347882	-0.16001497	0.10319523	-0.15111291	0.15653457	-0.39795724	0.28412694	0.08724043	0.2521429	0.31131572	1.0	-0.107783675	0.26261276	-0.4615466	-0.0022748893
0.27506596	0.20338547	-0.29444	-0.4379439	-0.06701489	-0.21661425	0.108285576	-0.27278173	0.27223322	0.14480247	0.26947019	0.2369815	0.06530287	0.25388792	-0.55279773	0.06648748	-0.059969686	-0.31073454	-0.42983502	-0.1593109	-0.107783675	1.0000001	-0.15953772	0.04189876	-0.13856913
-0.23147032	-0.3662747	0.20639879	0.21441069	-0.15858604	0.30900013	-0.46843374	0.29869258	-0.2833942	-0.43361756	-0.23262072	-0.2634302	0.1352789	-0.28445798	0.19322748	-0.31029603	0.24347681	0.11594499	0.26797652	0.25308642	0.26261276	-0.15953772	1.0000002	-0.14882466	0.06164926
0.14397039	0.11148189	-0.117447495	-0.123659916	0.10895582	-0.088671215	0.23089522	-0.25329027	0.08589173	0.15799381	0.05524327	-0.03427598	-0.069059744	0.05907069	-0.07529104	0.27457586	-0.4417907	0.011451621	-0.2054654	-0.4524309	-0.4615466	0.04189876	-0.14882466	1.0000001	0.15398094
-0.21279882	-0.19602837	0.17700426	0.19286242	0.16069621	0.116655156	0.031870585	0.08038705	-0.13474359	-0.12921214	-0.4072023	-0.42308995	-0.22580288	-0.16925496	0.15910737	0.1238346	-0.103855774	0.20727243	0.11667373	-0.05759782	-0.0022748893	-0.13856913	0.06164926	0.15398094	1.0000001
