1.0	-0.25558227	-0.62176657	0.10177664	-0.2745903	-0.043943353	0.12301155	0.2334356	0.092660904	-0.32679412	-0.34946704	0.13802347	-0.2558578	0.22310843	0.2535683	0.017967738	-0.2646118	0.09002598	-0.19555035	-0.12143167	0.101431854	0.23109779	-0.03653205	0.13143823	0.28878024
-0.25558227	1.0000002	0.17804553	-0.26313493	0.23877384	0.0011338505	-0.08095622	-0.40479645	-0.16591343	0.20963563	0.2744904	-0.3753701	0.23599784	-0.4812041	-0.30791667	0.14352891	0.28984246	-0.05908354	0.22950384	0.09258019	-0.21832861	-0.13009942	-0.019253215	-0.19415544	-0.22078188
-0.62176657	0.17804553	1.0000004	-0.13664882	0.23501013	-0.004854511	-0.11150264	-0.25290844	-0.050166216	0.24374941	0.2185992	-0.14133497	0.2099519	-0.13959996	-0.2450235	-0.022280421	0.17026368	-0.09335956	0.15315625	0.11729631	-0.074507914	-0.30917272	0.041643362	-0.0805038	-0.49355894
0.10177664	-0.26313493	-0.13664882	1.0000004	-0.1261424	-0.10178569	-0.040149998	0.244535	0.12054948	-0.0025885238	-0.28048408	0.30770358	-0.08097506	0.14139517	0.089430146	-0.537385	-0.4058066	-0.060488727	-0.21642558	0.09077723	0.10629026	0.063572705	0.06474488	0.12424134	0.025814742
-0.2745903	0.23877384	0.23501013	-0.1261424	1.0000002	0.047101323	-0.10229786	-0.21556404	-0.20673667	0.2448601	0.21992508	-0.22773522	0.2704599	-0.29352704	-0.47219008	0.011280224	0.20531215	-0.1066192	0.17862287	0.13343571	-0.1259913	-0.5177239	0.075084366	-0.16079925	-0.30715114
-0.043943353	0.0011338505	-0.004854511	-0.10178569	0.047101323	1.0000002	0.24999996	0.036032222	-0.55042964	-0.10382441	-0.06937492	-0.21517728	0.09637495	0.028082293	0.028552974	0.053706758	-0.02023961	-0.24973486	0.1878549	-0.32247025	-0.33345985	-0.23739247	0.2446471	0.21180539	0.0791215
0.12301155	-0.08095622	-0.11150264	-0.040149998	-0.10229786	0.24999996	1.0000002	0.17260955	-0.28424105	-0.35744554	-0.2755723	-0.030027738	-0.040245198	0.1099536	0.16126394	-0.023823345	-0.15980138	-0.16127594	0.10395584	-0.5318522	-0.21324672	0.018864281	0.19873083	0.27166167	0.17338963
0.2334356	-0.40479645	-0.25290844	0.244535	-0.21556404	0.036032222	0.17260955	1.0000005	0.04602541	-0.27497792	-0.47369656	0.25212416	-0.22761017	0.25642335	0.24235058	-0.30560502	-0.36818212	-0.04652764	-0.15035324	-0.15670599	0.049296178	0.12213761	0.09437151	0.22775061	0.18993749
0.092660904	-0.16591343	-0.050166216	0.12054948	-0.20673667	-0.55042964	-0.28424105	0.04602541	1.0000005	-0.008936224	-0.014823437	0.20195101	-0.16528271	0.09012123	0.07823737	-0.07751286	-0.06889015	0.24157979	-0.30336726	0.19704458	0.27987087	0.20310453	-0.30750233	-0.22018608	-0.0019855073
-0.32679412	0.20963563	0.24374941	-0.0025885238	0.2448601	-0.10382441	-0.35744554	-0.27497792	-0.008936224	1.0000004	0.22608292	-0.0388868	0.2315383	-0.31722507	-0.3124928	-0.07186923	0.17084289	-0.071013294	0.12609309	0.23721029	-0.08116844	-0.23603396	0.0069882115	-0.26135457	-0.47576627
-0.34946704	0.2744904	0.2185992	-0.28048408	0.21992508	-0.06937492	-0.2755723	-0.47369656	-0.014823437	0.22608292	1.0000005	-0.30474928	0.18557553	-0.30494782	-0.33662492	0.1727082	0.29084292	0.041082155	0.12334028	0.1525607	-0.013782763	-0.13186766	-0.14903462	-0.25548196	-0.21562007
0.13802347	-0.3753701	-0.14133497	0.30770358	-0.22773522	-0.21517728	-0.030027738	0.25212416	0.20195101	-0.0388868	-0.30474928	1.0000005	-0.14695513	0.1923259	0.15052883	-0.4218793	-0.3373456	0.045177884	-0.2634577	0.070076965	0.16696039	0.119339876	-0.015415034	0.08193558	0.05907109
-0.2558578	0.23599784	0.2099519	-0.08097506	0.2704599	0.09637495	-0.040245198	-0.22761017	-0.16528271	0.2315383	0.18557553	-0.14695513	1.0000004	-0.33554372	-0.44318637	-0.022983901	0.19230261	-0.2519159	0.2641285	0.013894499	-0.38830748	-0.3537639	0.15630683	-0.084628336	-0.3155538
0.22310843	-0.4812041	-0.13959996	0.14139517	-0.29352704	0.028082293	0.1099536	0.25642335	0.09012123	-0.31722507	-0.30494782	0.1923259	-0.33554372	1.0000004	0.2722	-0.036781278	-0.36122864	0.065178625	-0.33286515	-0.15233295	0.15847853	0.17945948	0.0043845046	0.18260285	0.23163237
0.2535683	-0.30791667	-0.2450235	0.089430146	-0.47219008	0.028552974	0.16126394	0.24235058	0.07823737	-0.3124928	-0.33662492	0.15052883	-0.44318637	0.2722	1.0000002	-0.033016942	-0.20724697	0.116046034	-0.19975828	-0.23910257	0.12369149	0.25081214	-0.09028793	0.14829925	0.26390854
0.017967738	0.14352891	-0.022280421	-0.537385	0.011280224	0.053706758	-0.023823345	-0.30560502	-0.07751286	-0.07186923	0.1727082	-0.4218793	-0.022983901	-0.036781278	-0.033016942	1.0000004	0.21208689	0.13848245	0.045322567	-0.07909627	-0.011153888	0.049817022	-0.19334185	-0.19007793	0.08184937
-0.2646118	0.28984246	0.17026368	-0.4058066	0.20531215	-0.02023961	-0.15980138	-0.36818212	-0.06889015	0.17084289	0.29084292	-0.3373456	0.19230261	-0.36122864	-0.20724697	0.21208689	1.0000002	-0.015340757	0.15963301	0.06730485	-0.13581784	-0.13834828	-0.072952665	-0.3617004	-0.13389753
0.09002598	-0.05908354	-0.09335956	-0.060488727	-0.1066192	-0.24973486	-0.16127594	-0.04652764	0.24157979	-0.071013294	0.041082155	0.045177884	-0.2519159	0.065178625	0.116046034	0.13848245	-0.015340757	1.0000002	-0.3733265	0.12445236	0.2797859	0.20015663	-0.5467508	-0.28723806	0.07617029
-0.19555035	0.22950384	0.15315625	-0.21642558	0.17862287	0.1878549	0.10395584	-0.15035324	-0.30336726	0.12609309	0.12334028	-0.2634577	0.2641285	-0.33286515	-0.19975828	0.045322567	0.15963301	-0.3733265	1.0000002	-0.13770913	-0.45025074	-0.16554065	0.20093021	0.060240403	-0.23021092
-0.12143167	0.09258019	0.11729631	0.09077723	0.13343571	-0.32247025	-0.5318522	-0.15670599	0.19704458	0.23721029	0.1525607	0.070076965	0.013894499	-0.15233295	-0.23910257	-0.07909627	0.06730485	0.12445236	-0.13770913	1.0000002	0.17324166	-0.08119652	-0.22738498	-0.30478927	-0.23053335
0.101431854	-0.21832861	-0.074507914	0.10629026	-0.1259913	-0.33345985	-0.21324672	0.049296178	0.27987087	-0.08116844	-0.013782763	0.16696039	-0.38830748	0.15847853	0.12369149	-0.011153888	-0.13581784	0.2797859	-0.45025074	0.17324166	1.0000002	0.1881386	-0.38245904	-0.10520967	0.077996016
0.23109779	-0.13009942	-0.30917272	0.063572705	-0.5177239	-0.23739247	0.018864281	0.12213761	0.20310453	-0.23603396	-0.13186766	0.119339876	-0.3537639	0.17945948	0.25081214	0.049817022	-0.13834828	0.20015663	-0.16554065	-0.08119652	0.1881386	1.0000004	-0.24340223	0.023886397	0.21808742
-0.03653205	-0.019253215	0.041643362	0.06474488	0.075084366	0.2446471	0.19873083	0.09437151	-0.30750233	0.0069882115	-0.14903462	-0.015415034	0.15630683	0.0043845046	-0.09028793	-0.19334185	-0.072952665	-0.5467508	0.20093021	-0.22738498	-0.38245904	-0.24340223	1.0000001	0.23221391	-0.008156069
0.13143823	-0.19415544	-0.0805038	0.12424134	-0.16079925	0.21180539	0.27166167	0.22775061	-0.22018608	-0.26135457	-0.25548196	0.08193558	-0.084628336	0.18260285	0.14829925	-0.19007793	-0.3617004	-0.28723806	0.060240403	-0.30478927	-0.10520967	0.023886397	0.23221391	1.0000001	0.12367347
0.28878024	-0.22078188	-0.49355894	0.025814742	-0.30715114	0.0791215	0.17338963	0.18993749	-0.0019855073	-0.47576627	-0.21562007	0.05907109	-0.3155538	0.23163237	0.26390854	0.08184937	-0.13389753	0.07617029	-0.23021092	-0.23053335	0.077996016	0.21808742	-0.008156069	0.12367347	1.0000001
