1.0000001	0.27613202	-0.17815618	-0.26184714	0.22537313	-0.27892873	0.21136075	-0.23334834	0.15101948	0.22746459	-0.043209046	-0.0037444108	0.23579763	0.24648733	0.21019666	-0.31166184	-0.11712335	-0.32901755	-0.06597619	0.18270296	-0.40219864	0.19215776	-0.2544156	-0.5107792	-0.18043163
0.27613202	1.0000001	-0.38983926	-0.23064025	0.2710392	-0.2082276	0.21410148	-0.20969895	0.17581925	0.26224706	-0.12235053	0.09523762	0.1943086	0.19458629	0.2595491	-0.333012	-0.20898746	-0.28671387	-0.181499	0.1945721	-0.43434486	0.24772869	-0.24673499	-0.29115155	-0.3071288
-0.17815618	-0.38983926	1.0000002	0.26567513	-0.23222338	-0.022681186	-0.0716374	0.07703053	-0.04182664	-0.38757417	-0.0880489	-0.30512226	-0.07442753	-0.078397796	-0.24096757	0.19076459	0.28175184	0.12401884	0.24952674	-0.045565307	0.1705675	-0.33188364	0.0883596	0.14202039	0.23568685
-0.26184714	-0.23064025	0.26567513	1.0000002	-0.04171367	-0.12117232	0.031228097	-0.022094732	0.0915921	-0.37414637	-0.15788017	-0.27303064	0.007454076	-0.15198699	-0.100739144	0.15903345	0.2840678	0.09001105	0.2475994	0.020899203	0.09184	-0.49445537	-0.03156162	0.15550447	0.18330538
0.22537313	0.2710392	-0.23222338	-0.04171367	1.0000001	-0.41145936	0.2728827	-0.25073737	0.23254192	0.11421884	-0.26387483	-0.019658625	0.24371062	0.16602731	0.24831265	-0.38722408	-0.03550781	-0.2637655	0.04683151	0.23110807	-0.48368204	0.13257125	-0.31217086	-0.14754428	-0.21494125
-0.27892873	-0.2082276	-0.022681186	-0.12117232	-0.41145936	1.0000001	-0.32430106	0.1667798	-0.18848652	-0.05983582	0.24521962	0.16821977	-0.3322236	-0.0569532	-0.33885938	0.13030487	-0.09696286	0.22612853	-0.2778218	-0.15464827	0.23541816	-0.033302214	0.23060589	0.14927645	0.13661565
0.21136075	0.21410148	-0.0716374	0.031228097	0.2728827	-0.32430106	0.99999994	-0.3939627	0.29636142	0.13206947	-0.37270945	-0.2154517	0.2941274	0.20261975	0.25101477	-0.31168935	-0.071932875	-0.36078015	0.12484734	0.30099452	-0.36778343	0.0567596	-0.37458354	-0.19382222	-0.21014446
-0.23334834	-0.20969895	0.07703053	-0.022094732	-0.25073737	0.1667798	-0.3939627	0.9999999	-0.46363834	-0.13118288	0.2182166	0.12750743	-0.32010588	-0.40679893	-0.1544685	0.27033353	0.027109902	0.2671362	-0.09272908	-0.4532707	0.2544861	-0.12744825	0.29975733	0.24768665	0.222226
0.15101948	0.17581925	-0.04182664	0.0915921	0.23254192	-0.18848652	0.29636142	-0.46363834	0.9999999	0.046241775	-0.4613206	-0.27839437	0.28600472	0.17188169	0.19247289	-0.23310141	0.05255019	-0.23747607	0.13537262	0.31201074	-0.28322336	0.016559087	-0.36390823	-0.20642519	-0.21865363
0.22746459	0.26224706	-0.38757417	-0.37414637	0.11421884	-0.05983582	0.13206947	-0.13118288	0.046241775	0.9999999	0.016533053	0.14651066	0.105663605	0.16852762	0.22137263	-0.18912165	-0.46925613	-0.22717366	-0.25235462	0.11149581	-0.17388175	0.29438138	-0.10230984	-0.32422915	-0.35900164
-0.043209046	-0.12235053	-0.0880489	-0.15788017	-0.26387483	0.24521962	-0.37270945	0.2182166	-0.4613206	0.016533053	0.9999998	0.24799845	-0.29641646	-0.057987176	-0.28114587	0.091938786	-0.10551661	0.20638025	-0.32248423	-0.36044952	0.18032326	0.055566974	0.2552025	0.08018701	0.11291257
-0.0037444108	0.09523762	-0.30512226	-0.27303064	-0.019658625	0.16821977	-0.2154517	0.12750743	-0.27839437	0.14651066	0.24799845	0.9999998	-0.26176655	0.017793808	-0.0037436034	-0.07147823	-0.2479279	0.06732237	-0.5132858	-0.20580123	0.007098587	0.1979505	0.13037108	0.01679306	-0.10188322
0.23579763	0.1943086	-0.07442753	0.007454076	0.24371062	-0.3322236	0.2941274	-0.32010588	0.28600472	0.105663605	-0.29641646	-0.26176655	0.9999999	0.21355975	0.2419087	-0.24228176	0.039890535	-0.38865167	0.14942859	0.2946629	-0.23895791	0.049625956	-0.44738787	-0.33115295	-0.25334832
0.24648733	0.19458629	-0.078397796	-0.15198699	0.16602731	-0.0569532	0.20261975	-0.40679893	0.17188169	0.16852762	-0.057987176	0.017793808	0.21355975	0.99999976	0.16103023	-0.48077175	-0.09276215	-0.35713825	-0.0014487327	0.24068025	-0.21234964	0.17726815	-0.32033905	-0.47975177	-0.2731774
0.21019666	0.2595491	-0.24096757	-0.100739144	0.24831265	-0.33885938	0.25101477	-0.1544685	0.19247289	0.22137263	-0.28114587	-0.0037436034	0.2419087	0.16103023	0.9999997	-0.19782944	-0.2422428	-0.44407374	0.018286811	0.21889167	-0.23697972	0.1887377	-0.34210056	-0.20497304	-0.41057006
-0.31166184	-0.333012	0.19076459	0.15903345	-0.38722408	0.13030487	-0.31168935	0.27033353	-0.23310141	-0.18912165	0.091938786	-0.07147823	-0.24228176	-0.48077175	-0.19782944	0.99999964	0.12585478	0.26651704	0.06362283	-0.31077275	0.28611076	-0.24349654	0.25353923	0.26687974	0.25672784
-0.11712335	-0.20898746	0.28175184	0.2840678	-0.03550781	-0.09696286	-0.071932875	0.027109902	0.05255019	-0.46925613	-0.10551661	-0.2479279	0.039890535	-0.09276215	-0.2422428	0.12585478	0.9999997	0.11150871	0.232049	-0.006721445	0.06349542	-0.39620128	0.0054541915	0.10292026	0.21409218
-0.32901755	-0.28671387	0.12401884	0.09001105	-0.2637655	0.22612853	-0.36078015	0.2671362	-0.23747607	-0.22717366	0.20638025	0.06732237	-0.38865167	-0.35713825	-0.44407374	0.26651704	0.11150871	0.9999996	-0.094802655	-0.3378611	0.2668976	-0.17909648	0.30174997	0.27352807	0.26781735
-0.06597619	-0.181499	0.24952674	0.2475994	0.04683151	-0.2778218	0.12484734	-0.09272908	0.13537262	-0.25235462	-0.32248423	-0.5132858	0.14942859	-0.0014487327	0.018286811	0.06362283	0.232049	-0.094802655	0.9999996	0.1236437	-0.0009835524	-0.17380013	-0.10059787	0.033119686	0.06313526
0.18270296	0.1945721	-0.045565307	0.020899203	0.23110807	-0.15464827	0.30099452	-0.4532707	0.31201074	0.11149581	-0.36044952	-0.20580123	0.2946629	0.24068025	0.21889167	-0.31077275	-0.006721445	-0.3378611	0.1236437	0.9999996	-0.299306	0.0847792	-0.44324476	-0.24550073	-0.30838174
-0.40219864	-0.43434486	0.1705675	0.09184	-0.48368204	0.23541816	-0.36778343	0.2544861	-0.28322336	-0.17388175	0.18032326	0.007098587	-0.23895791	-0.21234964	-0.23697972	0.28611076	0.06349542	0.2668976	-0.0009835524	-0.299306	0.9999994	-0.20872854	0.26663622	0.2373003	0.22988568
0.19215776	0.24772869	-0.33188364	-0.49445537	0.13257125	-0.033302214	0.0567596	-0.12744825	0.016559087	0.29438138	0.055566974	0.1979505	0.049625956	0.17726815	0.1887377	-0.24349654	-0.39620128	-0.17909648	-0.17380013	0.0847792	-0.20872854	0.9999995	-0.05958441	-0.21444906	-0.43747902
-0.2544156	-0.24673499	0.0883596	-0.03156162	-0.31217086	0.23060589	-0.37458354	0.29975733	-0.36390823	-0.10230984	0.2552025	0.13037108	-0.44738787	-0.32033905	-0.34210056	0.25353923	0.0054541915	0.30174997	-0.10059787	-0.44324476	0.26663622	-0.05958441	0.9999994	0.23315383	0.22179015
-0.5107792	-0.29115155	0.14202039	0.15550447	-0.14754428	0.14927645	-0.19382222	0.24768665	-0.20642519	-0.32422915	0.08018701	0.01679306	-0.33115295	-0.47975177	-0.20497304	0.26687974	0.10292026	0.27352807	0.033119686	-0.24550073	0.2373003	-0.21444906	0.23315383	0.9999994	0.23842484
-0.18043163	-0.3071288	0.23568685	0.18330538	-0.21494125	0.13661565	-0.21014446	0.222226	-0.21865363	-0.35900164	0.11291257	-0.10188322	-0.25334832	-0.2731774	-0.41057006	0.25672784	0.21409218	0.26781735	0.06313526	-0.30838174	0.22988568	-0.43747902	0.22179015	0.23842484	0.9999994
