1.0000001	0.29148114	-0.40966186	-0.21042024	-0.18503967	0.08215662	-0.08291956	-0.3048784	0.27546042	0.13053596	0.28764993	0.24983935	-0.194202	0.2842774	-0.4241582	0.22918259	-0.4482964	-0.19803193	-0.26446003	0.2761287	-0.16515633	0.16875046	0.23450743	-0.23137127	-0.40139034
0.29148114	1.0000001	-0.40588364	-0.41659585	-0.34628475	0.07041293	-0.021047458	-0.2692562	0.28891596	0.11310331	0.3097569	0.2770419	-0.18354684	0.2957844	-0.31607613	0.28978148	-0.33792618	-0.21172269	-0.37806058	0.319424	-0.23709251	0.20437022	0.21029109	-0.24221979	-0.3765936
-0.40966186	-0.40588364	1.0000001	0.23751041	0.27319095	-0.066294245	-0.015789162	0.18383652	-0.20259093	-0.13371776	-0.34253708	-0.4159684	0.11557125	-0.2629676	0.29721278	-0.2882505	0.25202996	0.15450451	0.29070207	-0.4224085	0.22844897	-0.15881255	-0.26281866	0.22574313	0.28691882
-0.21042024	-0.41659585	0.23751041	0.99999994	0.24768792	-0.07421462	0.022149364	0.19800527	-0.5024523	-0.055041272	-0.35781914	-0.17254032	0.13846442	-0.3195497	0.22268921	-0.37413558	0.2573822	0.12945703	0.2989086	-0.3237291	0.1633486	-0.29695952	-0.11425941	0.1994034	0.24157512
-0.18503967	-0.34628475	0.27319095	0.24768792	0.9999999	-0.18260813	0.078496605	0.23183078	-0.20737207	-0.15012656	-0.324462	-0.43549043	0.19417281	-0.32168844	0.27315596	-0.46355435	0.17326024	0.22468837	0.30346546	-0.3254711	0.12604012	-0.35880506	-0.30515108	0.27937326	0.22192386
0.08215662	0.07041293	-0.066294245	-0.07421462	-0.18260813	0.99999994	-0.5426076	-0.30172002	0.072020106	0.3027702	0.15939803	-0.032396916	-0.4284412	0.13617764	-0.08035311	0.13815942	0.023006529	-0.41274637	-0.13733916	0.035850313	0.17812714	0.27662644	0.25323722	-0.26406685	0.07439289
-0.08291956	-0.021047458	-0.015789162	0.022149364	0.078496605	-0.5426076	0.9999999	0.2244813	-0.047993235	-0.45273772	-0.116198696	0.07443942	0.2779634	-0.109009	0.074378304	-0.065523304	-0.11461135	0.27034822	0.01958578	0.034066122	-0.2425118	-0.30595025	-0.31825644	0.20022433	-0.114087164
-0.3048784	-0.2692562	0.18383652	0.19800527	0.23183078	-0.30172002	0.2244813	0.9999999	-0.31843367	-0.26755014	-0.3527582	-0.1438935	0.29008174	-0.3856649	0.22213352	-0.1753798	0.15812086	0.29822186	0.2068601	-0.21139717	-0.09767629	-0.42508352	-0.381016	0.29944414	0.14571047
0.27546042	0.28891596	-0.20259093	-0.5024523	-0.20737207	0.072020106	-0.047993235	-0.31843367	0.9999999	0.100272186	0.28103316	0.1917199	-0.24109109	0.29247814	-0.32094157	0.24624	-0.45598698	-0.1679827	-0.3132016	0.25471848	-0.06649441	0.19145395	0.18437743	-0.19702701	-0.33521974
0.13053596	0.11310331	-0.13371776	-0.055041272	-0.15012656	0.3027702	-0.45273772	-0.26755014	0.100272186	1.0000001	0.1809522	0.007316189	-0.4577413	0.14121732	-0.2133899	0.13301425	0.016161196	-0.42837143	-0.088905424	0.0786341	0.15338717	0.26305512	0.28860182	-0.36723304	0.016037451
0.28764993	0.3097569	-0.34253708	-0.35781914	-0.324462	0.15939803	-0.116198696	-0.3527582	0.28103316	0.1809522	1.0	0.24028492	-0.2742625	0.29990566	-0.3684446	0.29273883	-0.3172137	-0.32025743	-0.3520752	0.299771	-0.15965241	0.26051077	0.26847512	-0.35680568	-0.2176206
0.24983935	0.2770419	-0.4159684	-0.17254032	-0.43549043	-0.032396916	0.07443942	-0.1438935	0.1917199	0.007316189	0.24028492	0.9999999	-0.053468335	0.2193366	-0.41745907	0.25448093	-0.23098527	-0.10182347	-0.2768348	0.28760755	-0.3326076	0.10906658	0.16231269	-0.1908875	-0.42191598
-0.194202	-0.18354684	0.11557125	0.13846442	0.19417281	-0.4284412	0.2779634	0.29008174	-0.24109109	-0.4577413	-0.2742625	-0.053468335	0.9999998	-0.19331156	0.18050198	-0.24893034	0.08871015	0.3144836	0.15978114	-0.1229734	-0.17904362	-0.40053207	-0.31918186	0.28070778	0.02308128
0.2842774	0.2957844	-0.2629676	-0.3195497	-0.32168844	0.13617764	-0.109009	-0.3856649	0.29247814	0.14121732	0.29990566	0.2193366	-0.19331156	0.99999976	-0.2330204	0.25688025	-0.4029616	-0.24729007	-0.34015316	0.2842059	-0.07578147	0.23819199	0.24665576	-0.38298202	-0.37960762
-0.4241582	-0.31607613	0.29721278	0.22268921	0.27315596	-0.08035311	0.074378304	0.22213352	-0.32094157	-0.2133899	-0.3684446	-0.41745907	0.18050198	-0.2330204	0.9999999	-0.39798307	0.23085496	0.20707391	0.27433696	-0.29220602	0.13840628	-0.16390929	-0.37523973	0.24797723	0.2601601
0.22918259	0.28978148	-0.2882505	-0.37413558	-0.46355435	0.13815942	-0.065523304	-0.1753798	0.24624	0.13301425	0.29273883	0.25448093	-0.24893034	0.25688025	-0.39798307	0.99999976	-0.17609732	-0.2327107	-0.4975339	0.28384998	-0.13957323	0.24042049	0.23513997	-0.30748326	-0.2376387
-0.4482964	-0.33792618	0.25202996	0.2573822	0.17326024	0.023006529	-0.11461135	0.15812086	-0.45598698	0.016161196	-0.3172137	-0.23098527	0.08871015	-0.4029616	0.23085496	-0.17609732	0.99999964	0.06874345	0.24235159	-0.33331713	0.18042052	-0.062213663	-0.10181724	0.14370103	0.2987751
-0.19803193	-0.21172269	0.15450451	0.12945703	0.22468837	-0.41274637	0.27034822	0.29822186	-0.1679827	-0.42837143	-0.32025743	-0.10182347	0.3144836	-0.24729007	0.20707391	-0.2327107	0.06874345	0.9999996	0.1848459	-0.21774143	-0.15618724	-0.33354965	-0.4145892	0.30591726	0.06405978
-0.26446003	-0.37806058	0.29070207	0.2989086	0.30346546	-0.13733916	0.01958578	0.2068601	-0.3132016	-0.088905424	-0.3520752	-0.2768348	0.15978114	-0.34015316	0.27433696	-0.4975339	0.24235159	0.1848459	0.9999997	-0.42282298	0.18276255	-0.26366612	-0.23637012	0.2531406	0.25619143
0.2761287	0.319424	-0.4224085	-0.3237291	-0.3254711	0.035850313	0.034066122	-0.21139717	0.25471848	0.0786341	0.299771	0.28760755	-0.1229734	0.2842059	-0.29220602	0.28384998	-0.33331713	-0.21774143	-0.42282298	0.99999946	-0.28655052	0.18328619	0.19625488	-0.32868806	-0.34641856
-0.16515633	-0.23709251	0.22844897	0.1633486	0.12604012	0.17812714	-0.2425118	-0.09767629	-0.06649441	0.15338717	-0.15965241	-0.3326076	-0.17904362	-0.07578147	0.13840628	-0.13957323	0.18042052	-0.15618724	0.18276255	-0.28655052	0.9999995	0.04185226	0.04568158	-0.007924842	0.232707
0.16875046	0.20437022	-0.15881255	-0.29695952	-0.35880506	0.27662644	-0.30595025	-0.42508352	0.19145395	0.26305512	0.26051077	0.10906658	-0.40053207	0.23819199	-0.16390929	0.24042049	-0.062213663	-0.33354965	-0.26366612	0.18328619	0.04185226	0.9999994	0.28134114	-0.42660227	-0.072361186
0.23450743	0.21029109	-0.26281866	-0.11425941	-0.30515108	0.25323722	-0.31825644	-0.381016	0.18437743	0.28860182	0.26847512	0.16231269	-0.31918186	0.24665576	-0.37523973	0.23513997	-0.10181724	-0.4145892	-0.23637012	0.19625488	0.04568158	0.28134114	0.9999995	-0.4093771	-0.16408433
-0.23137127	-0.24221979	0.22574313	0.1994034	0.27937326	-0.26406685	0.20022433	0.29944414	-0.19702701	-0.36723304	-0.35680568	-0.1908875	0.28070778	-0.38298202	0.24797723	-0.30748326	0.14370103	0.30591726	0.2531406	-0.32868806	-0.007924842	-0.42660227	-0.4093771	0.9999995	0.14746316
-0.40139034	-0.3765936	0.28691882	0.24157512	0.22192386	0.07439289	-0.114087164	0.14571047	-0.33521974	0.016037451	-0.2176206	-0.42191598	0.02308128	-0.37960762	0.2601601	-0.2376387	0.2987751	0.06405978	0.25619143	-0.34641856	0.232707	-0.072361186	-0.16408433	0.14746316	0.9999995
