1.0000001	0.14472787	-0.3077211	0.08968292	0.03323744	0.079117335	0.12975028	0.11430708	0.24439612	-0.44805723	-0.2808502	-0.24353883	-0.08199272	0.2222301	-0.40786406	0.13112113	-0.44155428	0.1828612	0.23596753	-0.028136685	-0.14980511	-0.14962685	0.045201775	-0.1451111	-0.16782282
0.14472787	0.9999998	0.009044133	0.1244747	-0.21342209	-0.24921796	0.29214898	0.0051518427	0.14003465	-0.03255905	-0.093845025	-0.27853268	-0.3446844	0.06368708	-0.25008178	0.120452546	-0.39158857	0.24155453	0.05213875	0.20235147	-0.18210684	-0.4330274	0.2665987	-0.31365937	0.1496038
-0.3077211	0.009044133	0.9999999	0.0706088	-0.26908213	-0.15124997	-0.071154766	-0.3817289	-0.33151197	0.159236	0.28628486	0.12772818	-0.021353895	-0.47916558	0.16280237	-0.22286364	0.15576066	0.020034809	-0.3201273	0.14992109	0.22865866	0.07936145	0.07091917	0.14070345	0.2442884
0.08968292	0.1244747	0.0706088	0.99999994	-0.26507545	-0.05769953	0.09205874	-0.33977094	0.012305159	-0.13565294	-0.02998177	-0.23045346	-0.3657282	0.022271117	-0.3045585	-0.18760452	-0.0840754	0.24401803	-0.014415344	0.10572264	-0.026492752	-0.0008200351	0.19786714	0.063945286	0.12998414
0.03323744	-0.21342209	-0.26908213	-0.26507545	0.9999999	0.2621513	-0.115362205	0.17961195	0.06949016	-0.032020997	-0.21065965	0.07768996	0.18091011	0.17387506	0.01823491	0.14985561	0.03421894	-0.20985758	0.16614309	-0.512431	-0.14945875	0.07952787	-0.29945716	-0.0021334651	-0.3713447
0.079117335	-0.24921796	-0.15124997	-0.05769953	0.2621513	1.0	-0.22006719	0.11225992	0.08126782	-0.28137493	-0.15925428	0.04574275	0.15664642	0.14721394	-0.00355444	0.06535635	0.035444994	-0.1288125	0.18888357	-0.49395522	-0.15645383	0.121974304	-0.21469021	0.059468754	-0.47599325
0.12975028	0.29214898	-0.071154766	0.09205874	-0.115362205	-0.22006719	1.0	0.07634765	0.13742755	0.02693849	-0.11247852	-0.4410299	-0.42026764	0.08526227	-0.25084957	0.17296548	-0.27209008	0.1826806	0.020750094	0.16238649	-0.10558423	-0.31406492	0.23080829	-0.40079817	0.12369297
0.11430708	0.0051518427	-0.3817289	-0.33977094	0.17961195	0.11225992	0.07634765	0.9999998	0.1712853	-0.0010654391	-0.2025418	-0.13119777	0.028379586	0.18910684	-0.07464006	0.2575917	-0.089524835	-0.20833693	0.13869312	-0.06303899	-0.105000615	-0.13789725	-0.16752009	-0.2941015	-0.25402376
0.24439612	0.14003465	-0.33151197	0.012305159	0.06949016	0.08126782	0.13742755	0.1712853	0.99999976	-0.340351	-0.3657371	-0.15607601	-0.10854499	0.23674151	-0.14354803	0.22828788	-0.31774065	0.113047354	0.27379125	-0.049127225	-0.36882743	-0.17965308	0.010099032	-0.38315386	-0.20547639
-0.44805723	-0.03255905	0.159236	-0.13565294	-0.032020997	-0.28137493	0.02693849	-0.0010654391	-0.340351	0.99999976	0.20199193	0.09555181	0.029944528	-0.18112177	0.17997846	-0.028974805	0.18232878	-0.2393735	-0.33111057	0.1074552	0.1925301	0.020181507	0.012420984	0.029391719	0.15985239
-0.2808502	-0.093845025	0.28628486	-0.02998177	-0.21065965	-0.15925428	-0.11247852	-0.2025418	-0.3657371	0.20199193	0.99999976	0.18043743	0.08517337	-0.4597084	0.22055766	-0.37662184	0.216877	-0.106883295	-0.4182269	0.10457949	0.29647517	0.17681257	-0.0150471805	0.18573934	0.18093637
-0.24353883	-0.27853268	0.12772818	-0.23045346	0.07768996	0.04574275	-0.4410299	-0.13119777	-0.15607601	0.09555181	0.18043743	0.99999976	0.26166838	-0.19469006	0.2388583	-0.24765106	0.25590777	-0.16284893	-0.14779033	-0.07395043	0.18759531	0.2525646	-0.42878452	0.19223058	-0.029410863
-0.08199272	-0.3446844	-0.021353895	-0.3657282	0.18091011	0.15664642	-0.42026764	0.028379586	-0.10854499	0.029944528	0.08517337	0.26166838	0.99999976	-0.11062701	0.20937857	-0.13644595	0.17246999	-0.26064858	0.024847966	-0.14151862	0.07565452	0.21232851	-0.32121733	0.15584984	-0.2858827
0.2222301	0.06368708	-0.47916558	0.022271117	0.17387506	0.14721394	0.08526227	0.18910684	0.23674151	-0.18112177	-0.4597084	-0.19469006	-0.11062701	0.9999997	-0.33491716	0.2240932	-0.16850884	0.07940352	0.28045693	-0.14215069	-0.37517586	-0.17173582	-0.009425964	-0.10179786	-0.24834746
-0.40786406	-0.25008178	0.16280237	-0.3045585	0.01823491	-0.00355444	-0.25084957	-0.07464006	-0.14354803	0.17997846	0.22055766	0.2388583	0.20937857	-0.33491716	0.9999997	-0.10562925	0.26121706	-0.41178158	-0.22613946	-0.027104286	0.19427605	0.20466597	-0.14145714	0.10305039	0.017861223
0.13112113	0.120452546	-0.22286364	-0.18760452	0.14985561	0.06535635	0.17296548	0.2575917	0.22828788	-0.028974805	-0.37662184	-0.24765106	-0.13644595	0.2240932	-0.10562925	0.9999995	-0.19712238	-0.014723378	0.20854227	-0.106282525	-0.3220739	-0.31789	0.009447297	-0.38179007	-0.12084736
-0.44155428	-0.39158857	0.15576066	-0.0840754	0.03421894	0.035444994	-0.27209008	-0.089524835	-0.31774065	0.18232878	0.216877	0.25590777	0.17246999	-0.16850884	0.26121706	-0.19712238	0.9999994	-0.29483542	-0.2975365	-0.061997097	0.23991406	0.26295742	-0.25061044	0.20271404	0.03319709
0.1828612	0.24155453	0.020034809	0.24401803	-0.20985758	-0.1288125	0.1826806	-0.20833693	0.113047354	-0.2393735	-0.106883295	-0.16284893	-0.26064858	0.07940352	-0.41178158	-0.014723378	-0.29483542	0.99999934	0.07941399	0.13670628	-0.18426429	-0.29574028	0.22468108	-0.07412991	0.12697962
0.23596753	0.05213875	-0.3201273	-0.014415344	0.16614309	0.18888357	0.020750094	0.13869312	0.27379125	-0.33111057	-0.4182269	-0.14779033	0.024847966	0.28045693	-0.22613946	0.20854227	-0.2975365	0.07941399	0.99999917	-0.16612333	-0.48426098	-0.16168313	0.0060761003	-0.13213131	-0.2579468
-0.028136685	0.20235147	0.14992109	0.10572264	-0.512431	-0.49395522	0.16238649	-0.06303899	-0.049127225	0.1074552	0.10457949	-0.07395043	-0.14151862	-0.14215069	-0.027104286	-0.106282525	-0.061997097	0.13670628	-0.16612333	0.99999905	0.12131398	-0.15814583	0.1757648	-0.17065075	0.25954252
-0.14980511	-0.18210684	0.22865866	-0.026492752	-0.14945875	-0.15645383	-0.10558423	-0.105000615	-0.36882743	0.1925301	0.29647517	0.18759531	0.07565452	-0.37517586	0.19427605	-0.3220739	0.23991406	-0.18426429	-0.48426098	0.12131398	0.99999917	0.20432094	-0.11785195	0.14625946	0.15510671
-0.14962685	-0.4330274	0.07936145	-0.0008200351	0.07952787	0.121974304	-0.31406492	-0.13789725	-0.17965308	0.020181507	0.17681257	0.2525646	0.21232851	-0.17173582	0.20466597	-0.31789	0.26295742	-0.29574028	-0.16168313	-0.15814583	0.20432094	0.9999993	-0.36039782	0.23692366	-0.10520827
0.045201775	0.2665987	0.07091917	0.19786714	-0.29945716	-0.21469021	0.23080829	-0.16752009	0.010099032	0.012420984	-0.0150471805	-0.42878452	-0.32121733	-0.009425964	-0.14145714	0.009447297	-0.25061044	0.22468108	0.0060761003	0.1757648	-0.11785195	-0.36039782	0.99999934	-0.051817954	0.19907516
-0.1451111	-0.31365937	0.14070345	0.063945286	-0.0021334651	0.059468754	-0.40079817	-0.2941015	-0.38315386	0.029391719	0.18573934	0.19223058	0.15584984	-0.10179786	0.10305039	-0.38179007	0.20271404	-0.07412991	-0.13213131	-0.17065075	0.14625946	0.23692366	-0.051817954	0.9999994	0.027933748
-0.16782282	0.1496038	0.2442884	0.12998414	-0.3713447	-0.47599325	0.12369297	-0.25402376	-0.20547639	0.15985239	0.18093637	-0.029410863	-0.2858827	-0.24834746	0.017861223	-0.12084736	0.03319709	0.12697962	-0.2579468	0.25954252	0.15510671	-0.10520827	0.19907516	0.027933748	0.9999994
