1.0	-0.38748989	-0.25161734	-0.26464793	-0.004665572	0.2780018	-0.33072925	-0.42213398	0.13563104	0.18401034	-0.37327892	0.10258317	0.16936512	-0.14961766	0.2825453	0.25053227	0.009797763	0.28065804	-0.08169079	-0.18891457	0.23641364	0.10726116	-0.042256504	-0.033851184	-0.28324586
-0.38748989	1.0000002	0.24053483	0.15964885	0.1574303	-0.4175966	0.17694613	0.20535564	-0.19414847	-0.06341378	0.3193412	0.030197216	-0.23671798	0.19639346	-0.2916766	-0.22152734	0.07337176	-0.45520225	0.12192232	0.030844882	-0.3285324	-0.3031288	-0.11773608	0.10828481	0.075177416
-0.25161734	0.24053483	1.0000004	0.18195896	0.020686092	-0.36879733	0.26116806	0.26468477	-0.04617772	-0.3989534	0.27828714	0.0015377146	-0.122879915	0.025638958	-0.2604582	-0.35246563	-0.05245633	-0.34845257	0.027425978	0.075806774	-0.47964883	-0.09453714	0.06501078	-0.060908377	0.15045927
-0.26464793	0.15964885	0.18195896	1.0000007	-0.019514842	-0.07811942	0.21758698	0.23598732	-0.1016654	-0.19055074	0.19501908	-0.4131437	-0.10537336	-0.1272022	-0.47231242	-0.33426017	-0.09181266	-0.2847925	0.00735285	0.22208498	-0.3636519	0.055201538	0.14929225	0.013022447	0.15521841
-0.004665572	0.1574303	0.020686092	-0.019514842	1.0000007	-0.1252343	-0.17498559	-0.09998486	-0.38737535	0.16155142	0.11819631	0.18668643	-0.21724261	0.26482612	-0.027756434	0.061629523	0.25998935	-0.17145671	0.22885945	-0.11869478	-0.020724464	-0.4821412	-0.41043985	0.21834792	-0.25561005
0.2780018	-0.4175966	-0.36879733	-0.07811942	-0.1252343	1.0000008	-0.28411725	-0.24512315	0.15984206	0.12384098	-0.4475053	-0.07622141	0.22178693	-0.25858247	0.20103614	0.20769717	-0.030747458	0.29585293	-0.19398916	-0.019530704	0.19820742	0.1984632	0.07263651	-0.10369464	-0.14793454
-0.33072925	0.17694613	0.26116806	0.21758698	-0.17498559	-0.28411725	1.0000008	0.29852322	0.0041433163	-0.48421794	0.22885987	-0.2048701	-0.10213623	-0.021387288	-0.28346315	-0.35560402	-0.13562764	-0.33177125	-0.08404591	0.17542432	-0.23151024	0.04194004	0.17054482	-0.05467692	0.21872239
-0.42213398	0.20535564	0.26468477	0.23598732	-0.09998486	-0.24512315	0.29852322	1.0000011	0.005997584	-0.3667725	0.2499848	-0.19520947	-0.027568659	-0.008295026	-0.29947764	-0.46468166	-0.13307858	-0.24306543	-0.13290922	0.18443981	-0.3332643	-0.03260736	0.15804014	-0.14270948	0.24551807
0.13563104	-0.19414847	-0.04617772	-0.1016654	-0.38737535	0.15984206	0.0041433163	0.005997584	1.0000012	-0.048067115	-0.14655888	-0.10115393	0.2833732	-0.3699021	0.12640116	-0.008994871	-0.3111718	0.18657064	-0.380701	0.09053184	0.01427767	0.22874975	0.17685041	-0.48332748	0.123029135
0.18401034	-0.06341378	-0.3989534	-0.19055074	0.16155142	0.12384098	-0.48421794	-0.3667725	-0.048067115	1.0000011	-0.15311997	0.19412443	-0.023150513	0.12087692	0.19568811	0.27238587	0.18536225	0.15474541	0.11834116	-0.24872467	0.24253641	-0.113636225	-0.36066616	0.115207165	-0.21666631
-0.37327892	0.3193412	0.27828714	0.19501908	0.11819631	-0.4475053	0.22885987	0.2499848	-0.14655888	-0.15311997	1.0000012	-0.038369816	-0.23433806	0.14753623	-0.32939747	-0.32615682	0.016384918	-0.4091183	0.081570044	0.092850044	-0.34856185	-0.2373996	-0.05172867	0.051386613	0.12950584
0.10258317	0.030197216	0.0015377146	-0.4131437	0.18668643	-0.07622141	-0.2048701	-0.19520947	-0.10115393	0.19412443	-0.038369816	1.0000011	-0.11113452	0.2421176	0.18839818	0.1276009	0.24473155	0.02202986	0.16221397	-0.47185156	0.13376196	-0.31413463	-0.33323097	0.13786407	-0.23085019
0.16936512	-0.23671798	-0.122879915	-0.10537336	-0.21724261	0.22178693	-0.10213623	-0.027568659	0.2833732	-0.023150513	-0.23433806	-0.11113452	1.0000011	-0.20618618	0.124776825	0.05941841	-0.27325478	0.21821022	-0.5412721	0.08490903	0.03368829	0.20212862	0.15395992	-0.47131974	0.104288995
-0.14961766	0.19639346	0.025638958	-0.1272022	0.26482612	-0.25858247	-0.021387288	-0.008295026	-0.3699021	0.12087692	0.14753623	0.2421176	-0.20618618	1.0000013	0.013261452	0.012496169	0.26422507	-0.16583487	0.22978166	-0.28913447	0.03315371	-0.48684695	-0.33607638	0.20867424	-0.1765804
0.2825453	-0.2916766	-0.2604582	-0.47231242	-0.027756434	0.20103614	-0.28346315	-0.29947764	0.12640116	0.19568811	-0.32939747	0.18839818	0.124776825	0.013261452	1.0000013	0.24500443	0.075746	0.2553408	-0.022325305	-0.3589098	0.27034757	0.025236849	-0.06358545	-0.043670647	-0.2502659
0.25053227	-0.22152734	-0.35246563	-0.33426017	0.061629523	0.20769717	-0.35560402	-0.46468166	-0.008994871	0.27238587	-0.32615682	0.1276009	0.05941841	0.012496169	0.24500443	1.0000013	0.09700624	0.24273981	0.06939044	-0.090799145	0.2936379	0.012751237	-0.22120152	0.053236317	-0.19632092
0.009797763	0.07337176	-0.05245633	-0.09181266	0.25998935	-0.030747458	-0.13562764	-0.13307858	-0.3111718	0.18536225	0.016384918	0.24473155	-0.27325478	0.26422507	0.075746	0.09700624	1.0000012	-0.054120217	0.2548945	-0.39862525	0.11380372	-0.2854832	-0.43686	0.25695226	-0.41816542
0.28065804	-0.45520225	-0.34845257	-0.2847925	-0.17145671	0.29585293	-0.33177125	-0.24306543	0.18657064	0.15474541	-0.4091183	0.02202986	0.21821022	-0.16583487	0.2553408	0.24273981	-0.054120217	1.0000012	-0.17499219	-0.031734172	0.24839032	0.17187098	0.011203775	-0.10703941	-0.10197608
-0.08169079	0.12192232	0.027425978	0.00735285	0.22885945	-0.19398916	-0.08404591	-0.13290922	-0.380701	0.11834116	0.081570044	0.16221397	-0.5412721	0.22978166	-0.022325305	0.06939044	0.2548945	-0.17499219	1.0000011	-0.24373907	0.06397911	-0.21328038	-0.1746398	0.30272064	-0.2550348
-0.18891457	0.030844882	0.075806774	0.22208498	-0.11869478	-0.019530704	0.17542432	0.18443981	0.09053184	-0.24872467	0.092850044	-0.47185156	0.08490903	-0.28913447	-0.3589098	-0.090799145	-0.39862525	-0.031734172	-0.24373907	1.0000013	-0.20332175	0.15555215	0.21725997	-0.16011746	0.25731185
0.23641364	-0.3285324	-0.47964883	-0.3636519	-0.020724464	0.19820742	-0.23151024	-0.3332643	0.01427767	0.24253641	-0.34856185	0.13376196	0.03368829	0.03315371	0.27034757	0.2936379	0.11380372	0.24839032	0.06397911	-0.20332175	1.0000013	0.04255321	-0.16751942	0.07852435	-0.15941231
0.10726116	-0.3031288	-0.09453714	0.055201538	-0.4821412	0.1984632	0.04194004	-0.03260736	0.22874975	-0.113636225	-0.2373996	-0.31413463	0.20212862	-0.48684695	0.025236849	0.012751237	-0.2854832	0.17187098	-0.21328038	0.15555215	0.04255321	1.0000011	0.262611	-0.16743802	0.13628823
-0.042256504	-0.11773608	0.06501078	0.14929225	-0.41043985	0.07263651	0.17054482	0.15804014	0.17685041	-0.36066616	-0.05172867	-0.33323097	0.15395992	-0.33607638	-0.06358545	-0.22120152	-0.43686	0.011203775	-0.1746398	0.21725997	-0.16751942	0.262611	1.0000008	-0.17198986	0.2140092
-0.033851184	0.10828481	-0.060908377	0.013022447	0.21834792	-0.10369464	-0.05467692	-0.14270948	-0.48332748	0.115207165	0.051386613	0.13786407	-0.47131974	0.20867424	-0.043670647	0.053236317	0.25695226	-0.10703941	0.30272064	-0.16011746	0.07852435	-0.16743802	-0.17198986	1.0000008	-0.373864
-0.28324586	0.075177416	0.15045927	0.15521841	-0.25561005	-0.14793454	0.21872239	0.24551807	0.123029135	-0.21666631	0.12950584	-0.23085019	0.104288995	-0.1765804	-0.2502659	-0.19632092	-0.41816542	-0.10197608	-0.2550348	0.25731185	-0.15941231	0.13628823	0.2140092	-0.373864	1.0000008
