1.0	-0.063388765	-0.5696796	0.055845167	-0.09732805	0.1286904	-0.3837893	0.111530565	0.019998517	0.037165772	-0.066887476	0.24322422	0.053919658	0.10711706	0.023942864	-0.25184447	-0.03984529	-0.10581161	-0.07680688	-0.14499718	-0.03637063	-0.10498054	0.0024164566	0.104384825	-0.13029537
-0.063388765	1.0000004	0.08352913	-0.4791422	0.19452803	0.046142984	-0.020501543	0.17765582	0.044560842	-0.111198574	0.22201803	-0.16694753	-0.4390916	-0.24468003	0.011787185	0.19844632	0.2835384	0.25411326	-0.18211734	-0.21284209	-0.17711961	-0.10996495	0.26986802	-0.29738185	-0.19251972
-0.5696796	0.08352913	1.0000002	-0.12327494	0.10112349	-0.04563042	0.19538863	-0.04849941	-0.07776247	-0.18107104	0.1054837	-0.31204817	-0.055919316	-0.23146726	0.057920214	0.15454818	0.0749679	0.16080807	0.0064576785	0.043577712	-0.06307161	0.12127235	0.053703967	-0.17246862	0.019737972
0.055845167	-0.4791422	-0.12327494	1.0000002	-0.13445298	-0.14580679	0.09482357	-0.1911243	0.08373599	0.04732411	-0.26805896	0.04191235	0.2711835	0.13842139	0.025315695	-0.12169078	-0.3955587	-0.41383305	0.16451724	0.15411112	0.24834403	-0.033194102	-0.3738801	0.16779801	0.16371252
-0.09732805	0.19452803	0.10112349	-0.13445298	1.0000001	0.17854524	-0.015433212	0.24644709	-0.013777253	-0.40008023	-0.03571694	-0.1161384	-0.23800074	-0.4896643	0.20845556	0.17814468	0.11404121	0.20847107	-0.2943271	-0.411569	-0.031951454	-0.043299332	0.13416764	0.033095337	-0.17445365
0.1286904	0.046142984	-0.04563042	-0.14580679	0.17854524	1.0000004	-0.100479975	0.26068935	-0.1666421	-0.24169953	-0.11855225	0.11052193	0.034190476	-0.3483422	0.23263589	-0.058111895	-0.03407544	0.16149317	-0.3618863	-0.31983554	-0.00880846	0.10639225	0.0044766986	0.17905557	-0.40670645
-0.3837893	-0.020501543	0.19538863	0.09482357	-0.015433212	-0.100479975	1.0000002	-0.108426176	0.1214386	-0.13473319	-0.034879096	-0.40871784	0.07155324	-0.15422943	0.095775716	0.17527981	-0.15504019	0.037895795	0.08628127	0.09754944	0.19459297	-0.07558765	-0.16778192	-0.007727952	0.005332654
0.111530565	0.17765582	-0.04849941	-0.1911243	0.24644709	0.26068935	-0.108426176	1.0	-0.01634539	-0.3409626	-0.0052767624	-0.024025843	-0.1398021	-0.2802125	0.23367342	0.105422795	0.13515125	0.22135301	-0.50803244	-0.38639492	-0.11619964	-0.03200291	0.1418971	0.0507139	-0.4364496
0.019998517	0.044560842	-0.07776247	0.08373599	-0.013777253	-0.1666421	0.1214386	-0.01634539	1.0000001	-0.037882272	0.09186401	-0.22383459	-0.053724796	0.06821735	0.015450533	0.19382814	-0.030332174	-0.1333021	0.09981445	-0.110544875	0.10682363	-0.69512933	-0.0037513173	-0.19318415	0.04029224
0.037165772	-0.111198574	-0.18107104	0.04732411	-0.40008023	-0.24169953	-0.13473319	-0.3409626	-0.037882272	1.0	0.07357159	0.15354297	0.06534379	0.27925718	-0.4604559	-0.23417714	-0.0064799436	-0.25533623	0.24106872	0.22483857	-0.1095601	0.015004819	-0.037566043	-0.040074043	0.23695451
-0.066887476	0.22201803	0.1054837	-0.26805896	-0.03571694	-0.11855225	-0.034879096	-0.0052767624	0.09186401	0.07357159	1.0000001	-0.16898529	-0.32403162	0.050649185	-0.11467969	0.12891532	0.27669588	0.11744599	-0.015511522	-0.035432898	-0.4128289	-0.13373666	0.25671652	-0.53330874	0.0042419997
0.24322422	-0.16694753	-0.31204817	0.04191235	-0.1161384	0.11052193	-0.40871784	-0.024025843	-0.22383459	0.15354297	-0.16898529	1.0	0.1063573	0.10522749	-0.09323696	-0.48455545	-0.06301384	-0.15737861	-0.002069104	-0.010055949	-0.09579867	0.123479806	-0.01732795	0.1695738	0.023774836
0.053919658	-0.4390916	-0.055919316	0.2711835	-0.23800074	0.034190476	0.07155324	-0.1398021	-0.053724796	0.06534379	-0.32403162	0.1063573	0.99999994	0.087215215	-0.03089196	-0.24536435	-0.42709768	-0.23712046	0.12643108	0.1589312	0.22794889	0.08082423	-0.49004748	0.23609541	0.12983584
0.10711706	-0.24468003	-0.23146726	0.13842139	-0.4896643	-0.3483422	-0.15422943	-0.2802125	0.06821735	0.27925718	0.050649185	0.10522749	0.087215215	0.99999994	-0.26808798	-0.11153372	-0.07912347	-0.25867692	0.22930196	0.20982297	-0.011355477	-0.06465202	-0.071122706	-0.05881065	0.21993023
0.023942864	0.011787185	0.057920214	0.025315695	0.20845556	0.23263589	0.095775716	0.23367342	0.015450533	-0.4604559	-0.11467969	-0.09323696	-0.03089196	-0.26808798	0.9999998	0.110594936	-0.071745105	0.1536628	-0.35185245	-0.2944305	0.07508003	0.02178842	0.030914387	0.101474665	-0.39371696
-0.25184447	0.19844632	0.15454818	-0.12169078	0.17814468	-0.058111895	0.17527981	0.105422795	0.19382814	-0.23417714	0.12891532	-0.48455545	-0.24536435	-0.11153372	0.110594936	0.9999999	0.10571001	0.1684976	-0.13610351	-0.15129288	0.04585258	-0.2531236	0.0926312	-0.17830779	-0.09007348
-0.03984529	0.2835384	0.0749679	-0.3955587	0.11404121	-0.03407544	-0.15504019	0.13515125	-0.030332174	-0.0064799436	0.27669588	-0.06301384	-0.42709768	-0.07912347	-0.071745105	0.10571001	0.9999998	0.21466748	-0.102776945	-0.1518182	-0.43915704	-0.042491	0.31519696	-0.34897345	-0.15283026
-0.10581161	0.25411326	0.16080807	-0.41383305	0.20847107	0.16149317	0.037895795	0.22135301	-0.1333021	-0.25533623	0.11744599	-0.15737861	-0.23712046	-0.25867692	0.1536628	0.1684976	0.21466748	0.9999999	-0.3169812	-0.20733629	-0.22111818	0.07950053	0.22484805	-0.117721155	-0.3597686
-0.07680688	-0.18211734	0.0064576785	0.16451724	-0.2943271	-0.3618863	0.08628127	-0.50803244	0.09981445	0.24106872	-0.015511522	-0.002069104	0.12643108	0.22930196	-0.35185245	-0.13610351	-0.102776945	-0.3169812	0.9999998	0.26487738	0.1024264	-0.1079606	-0.1780325	-0.052729174	0.30056638
-0.14499718	-0.21284209	0.043577712	0.15411112	-0.411569	-0.31983554	0.09754944	-0.38639492	-0.110544875	0.22483857	-0.035432898	-0.010055949	0.1589312	0.20982297	-0.2944305	-0.15129288	-0.1518182	-0.20733629	0.26487738	0.99999994	0.084437065	0.12879683	-0.18715823	-0.0637242	0.26702052
-0.03637063	-0.17711961	-0.06307161	0.24834403	-0.031951454	-0.00880846	0.19459297	-0.11619964	0.10682363	-0.1095601	-0.4128289	-0.09579867	0.22794889	-0.011355477	0.07508003	0.04585258	-0.43915704	-0.22111818	0.1024264	0.084437065	0.9999999	-0.0720156	-0.45578882	0.18638118	0.09399391
-0.10498054	-0.10996495	0.12127235	-0.033194102	-0.043299332	0.10639225	-0.07558765	-0.03200291	-0.69512933	0.015004819	-0.13373666	0.123479806	0.08082423	-0.06465202	0.02178842	-0.2531236	-0.042491	0.07950053	-0.1079606	0.12879683	-0.0720156	0.99999976	-0.04527917	0.13687298	-0.021877227
0.0024164566	0.26986802	0.053703967	-0.3738801	0.13416764	0.0044766986	-0.16778192	0.1418971	-0.0037513173	-0.037566043	0.25671652	-0.01732795	-0.49004748	-0.071122706	0.030914387	0.0926312	0.31519696	0.22484805	-0.1780325	-0.18715823	-0.45578882	-0.04527917	0.99999976	-0.2907603	-0.19492096
0.104384825	-0.29738185	-0.17246862	0.16779801	0.033095337	0.17905557	-0.007727952	0.0507139	-0.19318415	-0.040074043	-0.53330874	0.1695738	0.23609541	-0.05881065	0.101474665	-0.17830779	-0.34897345	-0.117721155	-0.052729174	-0.0637242	0.18638118	0.13687298	-0.2907603	0.9999998	-0.064978324
-0.13029537	-0.19251972	0.019737972	0.16371252	-0.17445365	-0.40670645	0.005332654	-0.4364496	0.04029224	0.23695451	0.0042419997	0.023774836	0.12983584	0.21993023	-0.39371696	-0.09007348	-0.15283026	-0.3597686	0.30056638	0.26702052	0.09399391	-0.021877227	-0.19492096	-0.064978324	0.9999998
