1.0000001	-0.19011213	-0.076701246	0.002600097	0.026356917	0.16685136	0.2883657	0.11864589	-0.025547063	-0.21612243	-0.45339662	-0.22295578	-0.4645246	-0.20373619	-0.0950621	-0.0097998055	0.15821582	0.17760246	0.16825297	-0.22473523	0.11569669	0.22727945	-0.22059572	0.005790652	0.10013879
-0.19011213	1.0000001	0.28574234	-0.35366517	0.22667341	-0.23542191	-0.2126615	-0.29860467	0.28058323	0.24138887	0.055681907	-0.08311649	0.21574242	-0.31980026	-0.15257317	-0.24631453	0.1558425	0.16432376	0.09468602	0.06920853	-0.40450588	-0.054714162	0.23470093	0.2494336	-0.45752454
-0.076701246	0.28574234	1.0	-0.33976746	0.2646421	-0.23633832	-0.1778406	-0.2397013	0.30933604	0.22784008	0.00943258	-0.21790154	0.16085684	-0.2927255	-0.33568028	-0.46143416	0.23336668	0.21434014	0.0970765	0.052136354	-0.35427788	0.03940474	0.23166867	0.2939269	-0.43493327
0.002600097	-0.35366517	-0.33976746	1.0000001	-0.35875794	0.25014114	0.1099391	0.26720905	-0.4513668	-0.34327483	-0.010468576	0.13313913	-0.11710149	0.2543196	0.2556187	0.29758906	-0.22673105	-0.30504784	-0.07443184	-0.06740366	0.28253275	-0.0047153346	-0.19212303	-0.47219586	0.25552243
0.026356917	0.22667341	0.2646421	-0.35875794	0.9999999	-0.41436768	-0.09344121	-0.3168638	0.26196983	0.2249041	-0.05358891	-0.117637426	0.13043444	-0.23514031	-0.44623575	-0.2400021	0.21833575	0.19581378	0.05265843	0.12345996	-0.35600093	-0.052394915	0.22394815	0.27268815	-0.3283867
0.16685136	-0.23542191	-0.23633832	0.25014114	-0.41436768	0.99999976	0.23480077	0.28245607	-0.24065949	-0.47628915	-0.17146662	-0.020591645	-0.32415313	0.11601384	0.21711239	0.18392709	-0.15486297	-0.06813421	-0.010766183	-0.22762509	0.28191304	0.13954173	-0.3092965	-0.30435747	0.21934871
0.2883657	-0.2126615	-0.1778406	0.1099391	-0.09344121	0.23480077	0.9999997	0.17814338	-0.14947917	-0.28442973	-0.3943513	-0.2503477	-0.36261418	-0.091177985	0.060567357	0.029457456	0.10558862	0.12183727	0.15023181	-0.357133	0.17618325	0.24733676	-0.3154889	-0.067855395	0.15243316
0.11864589	-0.29860467	-0.2397013	0.26720905	-0.3168638	0.28245607	0.17814338	0.99999964	-0.27919003	-0.46798015	-0.14088115	0.123204604	-0.32522652	0.14283973	0.2282569	0.22066903	-0.11731585	-0.22845024	-0.008856132	-0.16093856	0.30557883	0.007701029	-0.4097122	-0.27264595	0.24080597
-0.025547063	0.28058323	0.30933604	-0.4513668	0.26196983	-0.24065949	-0.14947917	-0.27919003	0.9999997	0.2225709	-0.031759016	-0.18183827	0.14352092	-0.32923657	-0.20251805	-0.5055367	0.21268316	0.2219043	0.061812893	0.09074108	-0.29736075	-0.018447919	0.19244385	0.28956193	-0.3511646
-0.21612243	0.24138887	0.22784008	-0.34327483	0.2249041	-0.47628915	-0.28442973	-0.46798015	0.2225709	0.99999964	0.10348129	-0.11580021	0.22904803	-0.11937833	-0.20109753	-0.19801597	0.11943052	0.13759238	0.058454294	0.10020111	-0.32599214	-0.040079255	0.24110764	0.23208931	-0.14311989
-0.45339662	0.055681907	0.00943258	-0.010468576	-0.05358891	-0.17146662	-0.3943513	-0.14088115	-0.031759016	0.10348129	0.9999997	0.1725606	0.25999448	0.18658371	0.033877328	0.07264981	-0.23928078	-0.2956901	-0.30172318	0.23361214	-0.11752693	-0.19185066	0.21314919	-0.014313691	-0.09249658
-0.22295578	-0.08311649	-0.21790154	0.13313913	-0.117637426	-0.020591645	-0.2503477	0.123204604	-0.18183827	-0.11580021	0.1725606	0.9999996	0.10828781	0.22277364	0.18962024	0.19482331	-0.40972888	-0.3284921	-0.14090346	0.1630275	0.10207313	-0.52576834	-0.01440561	-0.14617443	0.119686656
-0.4645246	0.21574242	0.16085684	-0.11710149	0.13043444	-0.32415313	-0.36261418	-0.32522652	0.14352092	0.22904803	0.25999448	0.10828781	0.9999996	0.032265585	-0.074104525	-0.12725097	-0.033353053	-0.09554507	-0.13124447	0.22722344	-0.30701682	-0.29382905	0.2838288	0.09873349	-0.25139633
-0.20373619	-0.31980026	-0.2927255	0.2543196	-0.23514031	0.11601384	-0.091177985	0.14283973	-0.32923657	-0.11937833	0.18658371	0.22277364	0.032265585	0.99999964	0.24173601	0.27241817	-0.39484864	-0.41127598	-0.3187998	0.097619794	0.18814574	-0.14365752	-0.031219814	-0.3548246	0.1992008
-0.0950621	-0.15257317	-0.33568028	0.2556187	-0.44623575	0.21711239	0.060567357	0.2282569	-0.20251805	-0.20109753	0.033877328	0.18962024	-0.074104525	0.24173601	0.9999996	0.24821101	-0.39791337	-0.31345242	-0.17036143	-0.02390897	0.2607621	-0.11579757	-0.30931893	-0.38171586	0.24215992
-0.0097998055	-0.24631453	-0.46143416	0.29758906	-0.2400021	0.18392709	0.029457456	0.22066903	-0.5055367	-0.19801597	0.07264981	0.19482331	-0.12725097	0.27241817	0.24821101	0.9999998	-0.30546036	-0.35444468	-0.10359708	-0.0057926723	0.2480774	-0.08577184	-0.15560396	-0.44566488	0.249801
0.15821582	0.1558425	0.23336668	-0.22673105	0.21833575	-0.15486297	0.10558862	-0.11731585	0.21268316	0.11943052	-0.23928078	-0.40972888	-0.033353053	-0.39484864	-0.39791337	-0.30546036	0.9999998	0.3004667	0.23455286	-0.16231804	-0.21631229	0.20498873	0.05734573	0.2556326	-0.20717087
0.17760246	0.16432376	0.21434014	-0.30504784	0.19581378	-0.06813421	0.12183727	-0.22845024	0.2219043	0.13759238	-0.2956901	-0.3284921	-0.09554507	-0.41127598	-0.31345242	-0.35444468	0.3004667	0.9999998	0.22291498	-0.1786694	-0.2084282	0.2063428	0.024577767	0.25718236	-0.1454214
0.16825297	0.09468602	0.0970765	-0.07443184	0.05265843	-0.010766183	0.15023181	-0.008856132	0.061812893	0.058454294	-0.30172318	-0.14090346	-0.13124447	-0.3187998	-0.17036143	-0.10359708	0.23455286	0.22291498	1.0000001	-0.515374	-0.06443271	0.21323036	-0.06286764	0.14949636	-0.15144733
-0.22473523	0.06920853	0.052136354	-0.06740366	0.12345996	-0.22762509	-0.357133	-0.16093856	0.09074108	0.10020111	0.23361214	0.1630275	0.22722344	0.097619794	-0.02390897	-0.0057926723	-0.16231804	-0.1786694	-0.515374	1.0000002	-0.08635395	-0.3954238	0.17645928	-0.033814304	-0.05204186
0.11569669	-0.40450588	-0.35427788	0.28253275	-0.35600093	0.28191304	0.17618325	0.30557883	-0.29736075	-0.32599214	-0.11752693	0.10207313	-0.30701682	0.18814574	0.2607621	0.2480774	-0.21631229	-0.2084282	-0.06443271	-0.08635395	1.0000002	0.034409698	-0.43571258	-0.30576658	0.30095014
0.22727945	-0.054714162	0.03940474	-0.0047153346	-0.052394915	0.13954173	0.24733676	0.007701029	-0.018447919	-0.040079255	-0.19185066	-0.52576834	-0.29382905	-0.14365752	-0.11579757	-0.08577184	0.20498873	0.2063428	0.21323036	-0.3954238	0.034409698	1.0000004	-0.14821748	0.071293026	-0.028158167
-0.22059572	0.23470093	0.23166867	-0.19212303	0.22394815	-0.3092965	-0.3154889	-0.4097122	0.19244385	0.24110764	0.21314919	-0.01440561	0.2838288	-0.031219814	-0.30931893	-0.15560396	0.05734573	0.024577767	-0.06286764	0.17645928	-0.43571258	-0.14821748	1.0000004	0.17419802	-0.36983243
0.005790652	0.2494336	0.2939269	-0.47219586	0.27268815	-0.30435747	-0.067855395	-0.27264595	0.28956193	0.23208931	-0.014313691	-0.14617443	0.09873349	-0.3548246	-0.38171586	-0.44566488	0.2556326	0.25718236	0.14949636	-0.033814304	-0.30576658	0.071293026	0.17419802	1.0000002	-0.2755941
0.10013879	-0.45752454	-0.43493327	0.25552243	-0.3283867	0.21934871	0.15243316	0.24080597	-0.3511646	-0.14311989	-0.09249658	0.119686656	-0.25139633	0.1992008	0.24215992	0.249801	-0.20717087	-0.1454214	-0.15144733	-0.05204186	0.30095014	-0.028158167	-0.36983243	-0.2755941	1.0000002
