0.6355920750686241
1.0215193255850044
1.8611116446491343
0.7116780675149654
0.0765656551831162
0.522169460263733
0.9226136619815248
0.9817537646598089
0.7831103177926921
0.7776572818166638
0.6673620522599559
0.7271090905065316
0.07461174290023731
0.6700502792892356
0.5094118864673123
1.3816424586300076
1.6256925901154053
0.7084315543106481
0.6677251342615227
1.4020492919152865
0.05605705989556031
1.8439752436858328
1.2010544613142298
0.8851874001842635
0.08777036148745343
1.6686319943086405
1.5292811928948964
1.8867096091395628
0.5819352551129315
0.48547213890173335
0.7168145891859063
0.9886578685998282
0.8071685460069231
1.728284170955093
1.5800404485545814
0.4092766044343328
1.2920285149277706
1.6438569256738358
1.841300837844581
1.8307349200403127
0.48010122113304754
1.9423633065280854
1.2192397315827446
1.7322213113314682
1.4080127058997804
1.3520769128694616
1.00503174447917
0.09807350010961358
0.6122615052684546
0.9205312726168273
0.4631536708315951
1.011756532794149
1.395545255602243
0.9868336313408852
0.3977265625988875
1.2444073833702605
1.3390845410744094
1.9124384859209398
1.1424199056727213
0.9136011763294898
0.4440152883281623
1.5931118521894718
1.6361472185093675
0.28132887290051434
0.6307449404367633
1.9076088024945759
1.8827867815097379
1.0031499357519547
0.8443524509082792
0.9341921267508324
1.493681820169561
0.67507228251492
0.9876112566043622
0.07537280775571964
0.057424352326359784
0.8363282456561769
1.5052202954333416
0.3664081241689985
1.7361926354646007
1.7370702020929456
1.4983779089065583
0.06593842487883239
0.7576983157544259
0.4165018458745069
1.708929129185871
1.7176253732236981
0.9831678602022631
1.2058789392743887
1.8073857667094122
0.3156364706348105
1.1319444841631527
1.1690720206900882
1.7636563400304544
1.576515144915027
1.02901256433141
1.8189357501085892
0.5475450870052709
0.38722349090530295
0.8440538990094733
0.5515768934593737
0.7107899465212044
1.4370346050568534
1.5085583150218778
1.3565950130516742
1.3126202235068702
1.1958294463599437
0.3375423427009907
1.6064111321271883
0.8912882724181326
1.6779985085556668
0.5478431528016088
0.4307831776415234
1.9004095489401283
0.5091429158729956
0.763845354106305
1.6242955902187026
1.1980083380945519
0.9474509424167958
1.01276512241597
1.846224426594631
0.9388473846779735
0.4897581272494993
0.9940679770002283
0.6917334635975552
1.9091003058891682
1.5321845578867686
0.2411123856411337
1.9240581607750475
0.1705837527516667
0.7842327185851914
1.3815086783475798
1.312119064943377
1.4257191728734087
1.2249373057881383
1.5820861418062222
1.7606460037351894
1.4996803418287858
1.053615154750815
0.22330952588243003
0.2790861841594887
0.6952229713505556
0.20168573474956464
0.9911350572941378
0.7520244905210118
0.9283335331870952
0.33800383950164514
1.3479134494784035
0.4295653680965523
1.263967065547095
0.18196082347688236
0.7400045520887175
1.5813749544517424
0.6824925924743306
1.9312409814750273
1.1884628744325265
0.6327435889728699
1.7885354688945747
1.2826900416636786
1.0079026996208758
1.4915850508139328
1.7618196775452066
0.9400275979459867
0.1903279263011448
1.2460455898962146
1.0783730734055514
0.15343913374270812
0.02526232905257353
1.979328020563346
0.14887605877850918
0.34469668940999343
0.9150755832122859
1.1007048982981158
1.7298374786776645
1.5799237756685727
1.787417541265368
0.8557175906749592
0.15733693505996116
1.1008944637298226
1.713217734224596
0.895946684712287
1.7203620321748336
1.57244765061175
1.1283239354002286
1.7715184179425496
1.4778262281401178
1.112544848217578
0.102218029874793
1.4407693161530228
0.2299873824109706
0.5851591552100162
1.8246214326275367
0.2588974909410806
1.6263724662368233
1.9843308257603012
0.4118865720183187
0.8482224066699975
0.5032519730258618
0.9421726959187036
0.6028352854472852
0.5943003985796025
1.5055215744788382
0.005864620218295258
1.5349956558194968
1.4786339845525422
0.069577781128491
0.9602123938635805
1.0211676765259643
1.711621139868827
1.3904961507381348
0.06410485292406687
0.5502272010621199
0.03839355546715084
0.5907146749886474
0.9548443968065619
1.2182145994573967
1.2657793989559645
0.7689066901736885
0.7901172339996787
1.3112710362117062
0.11871748394588666
0.38781230613247897
0.15336051681216567
0.3997172606438144
0.15937588149007964
0.7098506321084996
0.17026599196125192
0.5042635757559248
1.2399886572866312
1.5563117193277263
0.2729132979422395
1.573226239285901
1.154619633246607
1.350025915048702
1.3141910839225337
1.9153806400418918
0.22884760477239774
1.6632852706690295
1.8770683275653963
0.06797876304846717
1.685827323868105
1.3191012777481885
1.719738647280845
1.1643320926276552
0.7522294332000137
0.6885997427022674
1.4683435105833975
0.9270062879969565
0.45470961229929063
1.7580311130271318
0.8952802706146792
0.24277888543286008
1.9994859950239927
0.5867350772503046
1.5873485218038712
1.2390429535102039
0.34874437657273916
1.688844614200895
1.6596276879099303
1.945029636140859
0.19221327458833337
1.8376183282831777
0.009815629278797422
0.5151508898448323
1.7322869905746705
0.774012389690309
0.7162755181442184
1.358687862110135
1.9921338075788604
1.7026936363103846
0.4376393933027336
0.5665614280545876
0.8898251954848448
1.3383543210127204
0.2978088789347044
0.19952217439997066
1.4012658971476202
0.5886152843262469
1.9702998038829262
1.937559531627552
1.5904252282209745
0.02132848702078305
1.9663006195500994
1.5362402527337395
1.7342604643067197
0.21586617933670293
1.122004689333414
0.3742878138349892
0.08343684497549075
1.1842225067910206
0.058048703022016035
0.9529174667185365
1.8689974590596365
1.6925258137528116
0.8730020350571799
1.1894787799545201
0.34530449615847325
0.8996916184499235
1.3271210789776218
1.4430203548015266
1.534385822340704
