1.0000001	0.19521233	-0.034669597	0.22085485	0.0998829	-0.026435187	-0.056701247	-0.35145596	-0.022115193	-0.37480465	-0.25103498	-0.027566662	-0.25616816	0.2990863	0.22676271	-0.31130317	-0.035062246	-0.06879789	0.08888108	-0.023823783	0.19563979	0.13348806	-0.19613789	-0.09812018	-0.0777175
0.19521233	1.0	-0.20248805	0.2507841	0.24352214	-0.24609183	-0.09018259	-0.22652325	-0.20686409	-0.41734618	-0.40541783	0.16433841	-0.4641917	0.08159431	0.31759828	0.050927468	0.16503468	-0.4133167	0.29215628	0.14161965	0.26260576	0.15253401	-0.3366519	-0.1805983	0.18574694
-0.034669597	-0.20248805	0.99999994	-0.26376104	-0.34608036	0.27266398	0.27830598	0.20498496	0.25689012	0.18578008	0.2618839	-0.50229424	0.16822806	0.048078742	-0.21411416	-0.21284968	-0.30961466	0.23585418	-0.23636572	-0.2788148	-0.41409844	-0.31238508	0.24946184	0.29052052	-0.39045054
0.22085485	0.2507841	-0.26376104	0.9999999	0.24547304	-0.24115434	-0.32975778	-0.3058858	-0.081416205	-0.31940037	-0.23285347	0.20434612	-0.35698593	0.12205271	0.24120387	0.03456336	0.08530647	-0.16672124	0.1886778	0.20038389	0.28142467	0.23886588	-0.49617776	-0.30145016	0.1500073
0.0998829	0.24352214	-0.34608036	0.24547304	0.99999994	-0.42203054	-0.3241253	-0.31763265	-0.34073022	-0.20139793	-0.32791194	0.25882858	-0.27816114	0.0061768536	0.23755397	0.1694152	0.27113244	-0.3353535	0.2614382	0.26063266	0.28186724	0.28696072	-0.24383673	-0.41324645	0.26876676
-0.026435187	-0.24609183	0.27266398	-0.24115434	-0.42203054	0.99999964	0.23528947	0.19869718	0.26884377	0.17398508	0.24536994	-0.19141129	0.18254447	0.051601768	-0.22660105	-0.2525857	-0.2981988	0.26255074	-0.36200523	-0.3761298	-0.23656064	-0.38285238	0.2342419	0.2856635	-0.41529104
-0.056701247	-0.09018259	0.27830598	-0.32975778	-0.3241253	0.23528947	0.9999997	0.21716096	0.16207866	0.14163227	0.19589777	-0.46109018	0.08113066	0.030565359	-0.11595802	-0.30137143	-0.1879082	0.14214005	-0.09726077	-0.32299614	-0.28761977	-0.4841171	0.24153781	0.2920227	-0.19394618
-0.35145596	-0.22652325	0.20498496	-0.3058858	-0.31763265	0.19869718	0.21716096	0.99999976	0.12695049	0.26772198	0.25359178	-0.14910066	0.16554332	-0.25946602	-0.2955742	0.01572589	-0.124771014	0.13863616	-0.088872194	-0.31127623	-0.37115458	-0.4270878	0.23383784	0.25328732	-0.12922224
-0.022115193	-0.20686409	0.25689012	-0.081416205	-0.34073022	0.26884377	0.16207866	0.12695049	0.9999997	0.114655904	0.21630839	-0.26614198	0.15904252	0.08385128	-0.14733784	-0.13849695	-0.6176649	0.2437211	-0.29750553	-0.25432473	-0.16861783	-0.22183697	0.14485829	0.24459125	-0.46235782
-0.37480465	-0.41734618	0.18578008	-0.31940037	-0.20139793	0.17398508	0.14163227	0.26772198	0.114655904	0.99999976	0.29052204	-0.14490572	0.27592242	-0.23226319	-0.45257372	0.030241804	-0.080639966	0.22551821	-0.29961562	-0.14799768	-0.420261	-0.23454909	0.23199163	0.19536573	-0.08763063
-0.25103498	-0.40541783	0.2618839	-0.23285347	-0.32791194	0.24536994	0.19589777	0.25359178	0.21630839	0.29052204	0.99999976	-0.28360963	0.2720508	-0.14288	-0.4472558	-0.10959876	-0.23596935	0.28100514	-0.30283162	-0.16507174	-0.37447625	-0.25789332	0.24319887	0.24569982	-0.2729474
-0.027566662	0.16433841	-0.50229424	0.20434612	0.25882858	-0.19141129	-0.46109018	-0.14910066	-0.26614198	-0.14490572	-0.28360963	0.9999996	-0.119113095	-0.16890429	0.14890164	0.24674903	0.237729	-0.19731049	0.15712188	0.2628877	0.23404051	0.22522049	-0.33459035	-0.3087123	0.26678187
-0.25616816	-0.4641917	0.16822806	-0.35698593	-0.27816114	0.18254447	0.08113066	0.16554332	0.15904252	0.27592242	0.2720508	-0.119113095	0.99999946	-0.15336238	-0.3774634	-0.0064508813	-0.14177962	0.25805393	-0.4775056	-0.0096314745	-0.22059184	-0.10651339	0.18339267	0.15224127	-0.17257977
0.2990863	0.08159431	0.048078742	0.12205271	0.0061768536	0.051601768	0.030565359	-0.25946602	0.08385128	-0.23226319	-0.14288	-0.16890429	-0.15336238	0.9999995	0.1275596	-0.46772608	-0.15620656	0.04509094	0.012447124	-0.09620104	0.119233355	0.081419155	-0.015780127	-0.03649348	-0.2245509
0.22676271	0.31759828	-0.21411416	0.24120387	0.23755397	-0.22660105	-0.11595802	-0.2955742	-0.14733784	-0.45257372	-0.4472558	0.14890164	-0.3774634	0.1275596	0.9999995	0.016302172	0.12999558	-0.43873832	0.26994792	0.11348393	0.275309	0.17448072	-0.23020709	-0.15408877	0.15071237
-0.31130317	0.050927468	-0.21284968	0.03456336	0.1694152	-0.2525857	-0.30137143	0.01572589	-0.13849695	0.030241804	-0.10959876	0.24674903	-0.0064508813	-0.46772608	0.016302172	0.99999964	0.20359267	-0.2027956	0.12585473	0.22551239	0.081736125	0.09833848	-0.16004518	-0.23272344	0.24250913
-0.035062246	0.16503468	-0.30961466	0.08530647	0.27113244	-0.2981988	-0.1879082	-0.124771014	-0.6176649	-0.080639966	-0.23596935	0.237729	-0.14177962	-0.15620656	0.12999558	0.20359267	0.99999964	-0.3038789	0.22652188	0.2213435	0.17629468	0.19873556	-0.100546844	-0.37138984	0.29048377
-0.06879789	-0.4133167	0.23585418	-0.16672124	-0.3353535	0.26255074	0.14214005	0.13863616	0.2437211	0.22551821	0.28100514	-0.19731049	0.25805393	0.04509094	-0.43873832	-0.2027956	-0.3038789	0.9999995	-0.49617386	-0.17963237	-0.28402072	-0.14610341	0.20109545	0.21219398	-0.2634682
0.08888108	0.29215628	-0.23636572	0.1886778	0.2614382	-0.36200523	-0.09726077	-0.088872194	-0.29750553	-0.29961562	-0.30283162	0.15712188	-0.4775056	0.012447124	0.26994792	0.12585473	0.22652188	-0.49617386	0.9999996	0.13523251	0.22109249	0.15018919	-0.16986457	-0.23174451	0.23003985
-0.023823783	0.14161965	-0.2788148	0.20038389	0.26063266	-0.3761298	-0.32299614	-0.31127623	-0.25432473	-0.14799768	-0.16507174	0.2628877	-0.0096314745	-0.09620104	0.11348393	0.22551239	0.2213435	-0.17963237	0.13523251	0.9999999	0.22656897	0.25618953	-0.42865106	-0.37793675	0.24886796
0.19563979	0.26260576	-0.41409844	0.28142467	0.28186724	-0.23656064	-0.28761977	-0.37115458	-0.16861783	-0.420261	-0.37447625	0.23404051	-0.22059184	0.119233355	0.275309	0.081736125	0.17629468	-0.28402072	0.22109249	0.22656897	0.9999999	0.27461657	-0.30455902	-0.36126646	0.18179104
0.13348806	0.15253401	-0.31238508	0.23886588	0.28696072	-0.38285238	-0.4841171	-0.4270878	-0.22183697	-0.23454909	-0.25789332	0.22522049	-0.10651339	0.081419155	0.17448072	0.09833848	0.19873556	-0.14610341	0.15018919	0.25618953	0.27461657	0.9999998	-0.18717809	-0.4195825	0.19243549
-0.19613789	-0.3366519	0.24946184	-0.49617776	-0.24383673	0.2342419	0.24153781	0.23383784	0.14485829	0.23199163	0.24319887	-0.33459035	0.18339267	-0.015780127	-0.23020709	-0.16004518	-0.100546844	0.20109545	-0.16986457	-0.42865106	-0.30455902	-0.18717809	1.0	0.23854308	-0.2764021
-0.09812018	-0.1805983	0.29052052	-0.30145016	-0.41324645	0.2856635	0.2920227	0.25328732	0.24459125	0.19536573	0.24569982	-0.3087123	0.15224127	-0.03649348	-0.15408877	-0.23272344	-0.37138984	0.21219398	-0.23174451	-0.37793675	-0.36126646	-0.4195825	0.23854308	1.0	-0.21201429
-0.0777175	0.18574694	-0.39045054	0.1500073	0.26876676	-0.41529104	-0.19394618	-0.12922224	-0.46235782	-0.08763063	-0.2729474	0.26678187	-0.17257977	-0.2245509	0.15071237	0.24250913	0.29048377	-0.2634682	0.23003985	0.24886796	0.18179104	0.19243549	-0.2764021	-0.21201429	1.0
