1.0000001	-0.37348685	-0.04689063	0.10701787	-0.13738376	0.039463695	-0.18277664	-0.37383497	0.22752799	-0.30442023	-0.087059535	0.2961758	0.25262228	-0.483468	0.22232307	0.21227439	-0.18396865	0.26778287	-0.2958465	-0.24109301	0.229514	-0.35224685	-0.057725213	0.043686252	0.059068605
-0.37348685	1.0000002	0.10931756	-0.16489063	0.16449238	-0.028315026	0.16969284	0.21800822	-0.3697443	0.20874584	0.0017258475	-0.33638263	-0.36735955	0.2879915	-0.30450356	-0.3466704	0.14894718	-0.21291558	0.2685185	0.22483915	-0.29908893	0.2901866	0.08059436	-0.080447905	-0.10557952
-0.04689063	0.10931756	1.0000004	-0.419663	0.30858362	-0.394651	0.28597468	0.0109942965	0.0323631	0.01712829	0.25681138	-0.004559146	-0.2813313	0.045933932	-0.34096217	-0.046772014	-0.24273473	0.0073067355	0.102593325	0.26304033	0.080672964	0.10392514	0.16269289	-0.17759855	-0.42470393
0.10701787	-0.16489063	-0.419663	1.0000006	-0.4138895	0.2767855	-0.21876141	-0.1323479	-0.03884399	-0.126299	-0.520179	0.011759856	0.15599284	-0.028226027	0.22770101	0.034170166	0.15786427	0.110249795	-0.087068416	-0.31463087	-0.0589326	-0.07556882	-0.084024645	0.06633034	0.25180063
-0.13738376	0.16449238	0.30858362	-0.4138895	1.0000004	-0.4443436	0.3013187	0.10212538	-0.004513579	0.0521191	0.2514321	-0.08472593	-0.2887333	0.12162749	-0.39682215	-0.15518197	-0.16863598	-0.11405232	0.17417988	0.29924136	-0.0034680748	0.17300773	0.15303223	-0.13648608	-0.37960544
0.039463695	-0.028315026	-0.394651	0.2767855	-0.4443436	1.0000002	-0.3747154	0.016096635	-0.071279325	0.040605545	-0.4868278	-0.022707103	0.1662617	-0.015437803	0.2216266	0.0074030845	0.16978239	-0.003293646	-0.14666693	-0.3163612	-0.087393835	-0.081500456	-0.06661326	0.061848123	0.26647958
-0.18277664	0.16969284	0.28597468	-0.21876141	0.3013187	-0.3747154	1.0000001	0.09098422	-0.07098133	0.10245727	0.20419681	-0.05754421	-0.3762415	0.137867	-0.47895446	-0.08295245	-0.11799502	-0.1544131	0.14355132	0.28292847	-0.021385403	0.21368918	0.20874344	-0.24030906	-0.4063484
-0.37383497	0.21800822	0.0109942965	-0.1323479	0.10212538	0.016096635	0.09098422	1.0000004	-0.03386402	0.14807463	0.023702903	-0.40428564	-0.17681824	0.23261458	-0.1534668	-0.5007992	0.030188292	-0.38851595	0.24843232	0.18579878	-0.0932477	0.14762211	0.009242582	0.009998545	-0.081215985
0.22752799	-0.3697443	0.0323631	-0.03884399	-0.004513579	-0.071279325	-0.07098133	-0.03386402	1.0000004	-0.42845258	0.09881203	0.18750764	0.1613273	-0.26113325	0.09052952	0.06704975	-0.41774225	0.21215732	-0.16894384	-0.045747973	0.30409667	-0.3714767	-0.022264011	0.021545323	-0.09569452
-0.30442023	0.20874584	0.01712829	-0.126299	0.0521191	0.040605545	0.10245727	0.14807463	-0.42845258	1.0000002	0.016472612	-0.18621685	-0.10539735	0.17915314	-0.10415718	-0.051843435	0.16453587	-0.5732226	0.09589501	0.08659954	-0.3198336	0.22662245	0.12402952	-0.17353879	0.0056877034
-0.087059535	0.0017258475	0.25681138	-0.520179	0.2514321	-0.4868278	0.20419681	0.023702903	0.09881203	0.016472612	1.0000001	0.060691297	-0.072645545	-0.012778032	-0.22932519	0.0687007	-0.19252174	-0.0794578	0.018645553	0.17194492	0.07500886	0.016048336	0.011596596	0.016824411	-0.27070197
0.2961758	-0.33638263	-0.004559146	0.011759856	-0.08472593	-0.022707103	-0.05754421	-0.40428564	0.18750764	-0.18621685	0.060691297	1.0000001	0.23083693	-0.51417714	0.14607127	0.27356052	-0.14602014	0.20334452	-0.3976862	-0.2545522	0.19675344	-0.30920503	-0.011426578	-0.008561982	0.02271293
0.25262228	-0.36735955	-0.2813313	0.15599284	-0.2887333	0.1662617	-0.3762415	-0.17681824	0.1613273	-0.10539735	-0.072645545	0.23083693	0.99999994	-0.35595334	0.29052466	0.20495845	-0.07511108	0.15953803	-0.35445312	-0.36535263	0.15343574	-0.3597213	-0.17983025	0.1339871	0.20011857
-0.483468	0.2879915	0.045933932	-0.028226027	0.12162749	-0.015437803	0.137867	0.23261458	-0.26113325	0.17915314	-0.012778032	-0.51417714	-0.35595334	1.0	-0.30798593	-0.23817681	0.12856549	-0.2163437	0.24946344	0.20787698	-0.1865656	0.27394655	0.06558911	-0.059888877	-0.04035554
0.22232307	-0.30450356	-0.34096217	0.22770101	-0.39682215	0.2216266	-0.47895446	-0.1534668	0.09052952	-0.10415718	-0.22932519	0.14607127	0.29052466	-0.30798593	0.99999994	0.10361974	0.03907379	0.13850485	-0.1360287	-0.3104639	0.0825867	-0.31746453	-0.18335742	0.15561233	0.25394523
0.21227439	-0.3466704	-0.046772014	0.034170166	-0.15518197	0.0074030845	-0.08295245	-0.5007992	0.06704975	-0.051843435	0.0687007	0.27356052	0.20495845	-0.23817681	0.10361974	1.0	-0.07294681	0.1406807	-0.54969585	-0.22004785	0.12069897	-0.12263964	0.021849195	-0.029934026	0.070164345
-0.18396865	0.14894718	-0.24273473	0.15786427	-0.16863598	0.16978239	-0.11799502	0.030188292	-0.41774225	0.16453587	-0.19252174	-0.14602014	-0.07511108	0.12856549	0.03907379	-0.07294681	0.9999998	-0.18005188	0.108971186	-0.09668673	-0.52130216	0.12909347	-0.18914774	0.15048647	0.22638164
0.26778287	-0.21291558	0.0073067355	0.110249795	-0.11405232	-0.003293646	-0.1544131	-0.38851595	0.21215732	-0.5732226	-0.0794578	0.20334452	0.15953803	-0.2163437	0.13850485	0.1406807	-0.18005188	0.99999994	-0.16162035	-0.15194254	0.21545349	-0.26366314	-0.17003642	0.096988395	0.01241361
-0.2958465	0.2685185	0.102593325	-0.087068416	0.17417988	-0.14666693	0.14355132	0.24843232	-0.16894384	0.09589501	0.018645553	-0.3976862	-0.35445312	0.24946344	-0.1360287	-0.54969585	0.108971186	-0.16162035	1.0	0.22428285	-0.23824154	0.20228967	-0.039520383	0.039447457	-0.1157797
-0.24109301	0.22483915	0.26304033	-0.31463087	0.29924136	-0.3163612	0.28292847	0.18579878	-0.045747973	0.08659954	0.17194492	-0.2545522	-0.36535263	0.20787698	-0.3104639	-0.22004785	-0.09668673	-0.15194254	0.22428285	0.9999998	-0.053815883	0.22877085	0.18840331	-0.23014733	-0.32352296
0.229514	-0.29908893	0.080672964	-0.0589326	-0.0034680748	-0.087393835	-0.021385403	-0.0932477	0.30409667	-0.3198336	0.07500886	0.19675344	0.15343574	-0.1865656	0.0825867	0.12069897	-0.52130216	0.21545349	-0.23824154	-0.053815883	0.9999999	-0.34476966	0.062006537	-0.11207334	-0.13662066
-0.35224685	0.2901866	0.10392514	-0.07556882	0.17300773	-0.081500456	0.21368918	0.14762211	-0.3714767	0.22662245	0.016048336	-0.30920503	-0.3597213	0.27394655	-0.31746453	-0.12263964	0.12909347	-0.26366314	0.20228967	0.22877085	-0.34476966	0.9999998	0.1678004	-0.20783961	-0.17325346
-0.057725213	0.08059436	0.16269289	-0.084024645	0.15303223	-0.06661326	0.20874344	0.009242582	-0.022264011	0.12402952	0.011596596	-0.011426578	-0.17983025	0.06558911	-0.18335742	0.021849195	-0.18914774	-0.17003642	-0.039520383	0.18840331	0.062006537	0.1678004	0.99999964	-0.71934634	-0.33073694
0.043686252	-0.080447905	-0.17759855	0.06633034	-0.13648608	0.061848123	-0.24030906	0.009998545	0.021545323	-0.17353879	0.016824411	-0.008561982	0.1339871	-0.059888877	0.15561233	-0.029934026	0.15048647	0.096988395	0.039447457	-0.23014733	-0.11207334	-0.20783961	-0.71934634	0.9999997	0.22228631
0.059068605	-0.10557952	-0.42470393	0.25180063	-0.37960544	0.26647958	-0.4063484	-0.081215985	-0.09569452	0.0056877034	-0.27070197	0.02271293	0.20011857	-0.04035554	0.25394523	0.070164345	0.22638164	0.01241361	-0.1157797	-0.32352296	-0.13662066	-0.17325346	-0.33073694	0.22228631	0.9999997
