1.0	-0.25665405	-0.14464173	0.19747916	-0.091873415	-0.0070604333	-0.26189306	0.21899447	-0.3022255	0.25056347	0.11967038	-0.47784445	-0.09206678	-0.107387036	-0.06396287	0.2886837	0.25304615	0.22257158	0.18531562	-0.41547978	-0.21918634	-0.49774295	0.1533391	0.26252	-0.31966424
-0.25665405	0.9999998	0.105312236	-0.43951112	0.010388657	-0.07961675	0.28615072	-0.23962347	0.20908466	-0.3665551	-0.24438922	0.286684	0.2057536	0.19785124	0.15262577	-0.30150977	-0.28477204	-0.21597125	-0.45751297	0.2971629	0.2205663	0.21056543	-0.28376213	-0.23840335	0.29325607
-0.14464173	0.105312236	0.9999999	-0.05585905	0.26482427	0.21919225	0.0974088	-0.37694255	0.2526467	0.036433343	0.15722944	0.098574385	-0.18285589	-0.14816138	-0.2755889	-0.24064198	-0.002447932	-0.46492147	0.040515643	0.13432583	-0.07380683	0.20652252	0.09574254	-0.2595367	0.014238894
0.19747916	-0.43951112	-0.05585905	0.9999999	0.061580993	0.17758803	-0.3844359	0.13135882	-0.13927445	0.2815605	0.23273554	-0.37633693	-0.43276957	-0.2115178	-0.21995589	0.20646888	0.2893928	0.06543836	0.28107974	-0.27295035	-0.29926217	-0.10809416	0.26903406	0.09513318	-0.3052974
-0.091873415	0.010388657	0.26482427	0.061580993	0.9999997	0.27339217	-0.10050088	-0.3547366	0.16251467	0.10354023	0.20109227	0.036859676	-0.17284158	-0.3771889	-0.3406737	-0.027567238	0.01798706	-0.27188423	0.121145606	0.08239098	-0.18603572	0.14056835	0.16222647	-0.18842308	-0.031545706
-0.0070604333	-0.07961675	0.21919225	0.17758803	0.27339217	0.9999995	-0.19606587	-0.211164	0.097346336	0.1848383	0.2720807	-0.09302712	-0.30149245	-0.39619076	-0.3635556	-0.025558572	0.18087764	-0.24748895	0.21036643	0.0139417155	-0.37254658	0.05982025	0.2700582	-0.11343852	-0.23837927
-0.26189306	0.28615072	0.0974088	-0.3844359	-0.10050088	-0.19606587	0.9999996	-0.1990549	0.21683122	-0.29211095	-0.10838608	0.28325313	0.17381196	0.2327871	0.1450048	-0.37294176	-0.309107	-0.24860017	-0.34600872	0.25509393	0.20253687	0.20835142	-0.20780766	-0.3203048	0.25990602
0.21899447	-0.23962347	-0.37694255	0.13135882	-0.3547366	-0.211164	-0.1990549	0.99999964	-0.4384954	0.082316145	-0.066125	-0.21659374	-0.004131212	0.0405645	0.112160675	0.2377871	0.12313904	0.3049125	0.08245183	-0.38742432	0.0271875	-0.24812426	-0.024542075	0.26719245	-0.1246709
-0.3022255	0.20908466	0.2526467	-0.13927445	0.16251467	0.097346336	0.21683122	-0.4384954	0.9999996	-0.13158183	-0.024429884	0.24098027	-0.038989414	0.054924946	-0.09845914	-0.3808843	-0.18594964	-0.32948557	-0.10440414	0.2445205	0.039737873	0.2870512	-0.007111066	-0.5293104	0.16584097
0.25056347	-0.3665551	0.036433343	0.2815605	0.10354023	0.1848383	-0.29211095	0.082316145	-0.13158183	0.9999997	0.27353323	-0.33578372	-0.32853907	-0.29699582	-0.3500248	0.22230475	0.2962438	0.07636297	0.30454165	-0.322017	-0.39593658	-0.26647565	0.28313127	0.12979913	-0.3412514
0.11967038	-0.24438922	0.15722944	0.23273554	0.20109227	0.2720807	-0.10838608	-0.066125	-0.024429884	0.27353323	0.99999976	-0.1760242	-0.4236615	-0.40350658	-0.43970937	0.10080537	0.23601745	-0.10245117	0.27227974	-0.19348581	-0.375034	-0.024135673	0.29594862	-0.028273074	-0.3477875
-0.47784445	0.286684	0.098574385	-0.37633693	0.036859676	-0.09302712	0.28325313	-0.21659374	0.24098027	-0.33578372	-0.1760242	0.9999997	0.17505695	0.16983807	0.10344459	-0.34673876	-0.38808292	-0.20891456	-0.21759641	0.29515404	0.21705009	0.27753615	-0.2636589	-0.31560117	0.29132378
-0.09206678	0.2057536	-0.18285589	-0.43276957	-0.17284158	-0.30149245	0.17381196	-0.004131212	-0.038989414	-0.32853907	-0.4236615	0.17505695	0.9999998	0.25618738	0.26253754	-0.13443246	-0.4020936	0.08224162	-0.24774985	0.15694469	0.27470416	0.008618658	-0.31758443	0.07090593	0.24204397
-0.107387036	0.19785124	-0.14816138	-0.2115178	-0.3771889	-0.39619076	0.2327871	0.0405645	0.054924946	-0.29699582	-0.40350658	0.16983807	0.25618738	0.99999976	0.28915608	-0.21829183	-0.26582924	0.026981656	-0.365304	0.13291128	0.27754208	0.064023934	-0.32689145	-0.064608365	0.24977602
-0.06396287	0.15262577	-0.2755889	-0.21995589	-0.3406737	-0.3635556	0.1450048	0.112160675	-0.09845914	-0.3500248	-0.43970937	0.10344459	0.26253754	0.28915608	0.99999994	-0.051516004	-0.13519527	0.12989716	-0.38157687	0.08047742	0.25921994	-0.055552207	-0.2841889	0.06975721	0.19837567
0.2886837	-0.30150977	-0.24064198	0.20646888	-0.027567238	-0.025558572	-0.37294176	0.2377871	-0.3808843	0.22230475	0.10080537	-0.34673876	-0.13443246	-0.21829183	-0.051516004	0.99999994	0.22239405	0.25192165	0.19596276	-0.33473247	-0.07563047	-0.42919824	0.11913816	0.2802128	-0.30380785
0.25304615	-0.28477204	-0.002447932	0.2893928	0.01798706	0.18087764	-0.309107	0.12313904	-0.18594964	0.2962438	0.23601745	-0.38808292	-0.4020936	-0.26582924	-0.13519527	0.22239405	0.9999998	0.07114016	0.25704685	-0.2799976	-0.40884197	-0.28584468	0.2776349	0.12643713	-0.36661178
0.22257158	-0.21597125	-0.46492147	0.06543836	-0.27188423	-0.24748895	-0.24860017	0.3049125	-0.32948557	0.07636297	-0.10245117	-0.20891456	0.08224162	0.026981656	0.12989716	0.25192165	0.07114016	0.9999998	0.045593396	-0.31716555	0.043513298	-0.2789221	-0.08410041	0.2878322	-0.11029777
0.18531562	-0.45751297	0.040515643	0.28107974	0.121145606	0.21036643	-0.34600872	0.08245183	-0.10440414	0.30454165	0.27227974	-0.21759641	-0.24774985	-0.365304	-0.38157687	0.19596276	0.25704685	0.045593396	0.9999998	-0.28812748	-0.3550511	-0.12050301	0.2839421	0.10561916	-0.37279296
-0.41547978	0.2971629	0.13432583	-0.27295035	0.08239098	0.0139417155	0.25509393	-0.38742432	0.2445205	-0.322017	-0.19348581	0.29515404	0.15694469	0.13291128	0.08047742	-0.33473247	-0.2799976	-0.31716555	-0.28812748	0.9999997	0.15432054	0.26028585	-0.23454706	-0.21568534	0.26915395
-0.21918634	0.2205663	-0.07380683	-0.29926217	-0.18603572	-0.37254658	0.20253687	0.0271875	0.039737873	-0.39593658	-0.375034	0.21705009	0.27470416	0.27754208	0.25921994	-0.07563047	-0.40884197	0.043513298	-0.3550511	0.15432054	0.9999997	0.10284165	-0.43193156	-0.044920478	0.28227553
-0.49774295	0.21056543	0.20652252	-0.10809416	0.14056835	0.05982025	0.20835142	-0.24812426	0.2870512	-0.26647565	-0.024135673	0.27753615	0.008618658	0.064023934	-0.055552207	-0.42919824	-0.28584468	-0.2789221	-0.12050301	0.26028585	0.10284165	0.9999996	-0.10807296	-0.38248554	0.20861506
0.1533391	-0.28376213	0.09574254	0.26903406	0.16222647	0.2700582	-0.20780766	-0.024542075	-0.007111066	0.28313127	0.29594862	-0.2636589	-0.31758443	-0.32689145	-0.2841889	0.11913816	0.2776349	-0.08410041	0.2839421	-0.23454706	-0.43193156	-0.10807296	0.9999996	-0.020202657	-0.4476874
0.26252	-0.23840335	-0.2595367	0.09513318	-0.18842308	-0.11343852	-0.3203048	0.26719245	-0.5293104	0.12979913	-0.028273074	-0.31560117	0.07090593	-0.064608365	0.06975721	0.2802128	0.12643713	0.2878322	0.10561916	-0.21568534	-0.044920478	-0.38248554	-0.020202657	0.99999946	-0.17913038
-0.31966424	0.29325607	0.014238894	-0.3052974	-0.031545706	-0.23837927	0.25990602	-0.1246709	0.16584097	-0.3412514	-0.3477875	0.29132378	0.24204397	0.24977602	0.19837567	-0.30380785	-0.36661178	-0.11029777	-0.37279296	0.26915395	0.28227553	0.20861506	-0.4476874	-0.17913038	0.99999946
