1.0000001	0.021563485	0.10819698	-0.08140223	0.07525945	-0.16152954	0.04610584	0.031676196	0.24003455	-0.05437567	0.25729197	0.0465295	-0.2800824	-0.45813084	0.16487356	-0.066111386	-0.4513296	0.019152435	-0.43951413	-0.045530546	0.116508566	-0.042669173	-0.13686009	0.15779968	-0.189561
0.021563485	1.0000002	-0.37874028	-0.2571725	-0.47364542	0.21298426	0.25301483	-0.30179614	0.06693194	0.21719225	0.12562567	-0.2832945	-0.17963727	-0.06605675	0.11154206	0.24287161	-0.13127403	0.2614635	-0.15667437	-0.11811081	-0.34874427	0.14336985	-0.095763035	0.16316861	-0.1577319
0.10819698	-0.37874028	1.0000002	0.22102381	0.28497866	-0.48441964	-0.28342405	0.10528628	0.00086845446	-0.20377788	0.016869247	0.2530136	0.00824203	-0.027178599	-0.1583574	-0.43873352	-0.08539848	-0.26925576	0.036975425	0.116463974	0.2758484	-0.17404	0.117088184	-0.09630704	0.08982258
-0.08140223	-0.2571725	0.22102381	1.0000001	0.16086602	-0.1941754	-0.4487912	0.2106919	-0.24331263	-0.28851333	-0.265932	0.26976764	0.21946609	0.13815105	-0.28442213	-0.33321425	0.10908231	-0.30137494	0.21295734	0.2543884	0.19672559	-0.33537802	0.27495182	-0.19710432	0.24393572
0.07525945	-0.47364542	0.28497866	0.16086602	1.0000002	-0.3665376	-0.16207682	0.052420698	0.016097477	-0.36188805	0.034255	0.22127193	0.011544948	-0.021909675	-0.045016143	-0.43072277	-0.045238458	-0.231644	0.06850156	0.04538786	0.279872	-0.041860178	0.019654566	-0.11407163	0.015916789
-0.16152954	0.21298426	-0.48441964	-0.1941754	-0.3665376	1.0000002	0.15101926	-0.06926272	-0.12252505	0.21214278	-0.089024566	-0.28819776	0.0932234	0.11296997	0.046782404	0.23565856	0.123721994	0.17996828	-0.03251048	0.007973419	-0.47563276	0.076103844	0.007051798	-0.0784257	-0.13027392
0.04610584	0.25301483	-0.28342405	-0.4487912	-0.16207682	0.15101926	1.0000002	-0.48268136	0.10239798	0.16479535	0.16662055	-0.2811158	-0.22014624	-0.061222207	0.20271735	0.19652174	-0.09795538	0.29859486	-0.18739177	-0.17936982	-0.20533463	0.23986562	-0.2979415	0.1524691	-0.3200572
0.031676196	-0.30179614	0.10528628	0.2106919	0.052420698	-0.06926272	-0.48268136	1.0000001	0.008756928	-0.039204873	-0.14577484	0.10904441	0.11431591	-0.059458636	-0.07507665	-0.06513336	0.032035884	-0.44321826	0.08883056	0.13368481	0.14198193	-0.27998865	0.1509362	-0.043311886	0.24179903
0.24003455	0.06693194	0.00086845446	-0.24331263	0.016097477	-0.12252505	0.10239798	0.008756928	1.0	0.13699351	0.25881216	-0.18665777	-0.37865803	-0.45064548	0.26844415	0.10003994	-0.3230888	0.07699261	-0.37573215	-0.33194312	0.027558913	0.15314856	-0.32569158	0.26289308	-0.12165103
-0.05437567	0.21719225	-0.20377788	-0.28851333	-0.36188805	0.21214278	0.16479535	-0.039204873	0.13699351	1.0000001	0.018926369	-0.46547082	-0.12350608	-0.1213014	0.19251908	0.28694588	0.017004501	0.16144986	-0.2199221	-0.2448388	-0.42461994	0.21073198	-0.18868591	0.11566635	-0.07497833
0.25729197	0.12562567	0.016869247	-0.265932	0.034255	-0.089024566	0.16662055	-0.14577484	0.25881216	0.018926369	1.0000002	-0.027083473	-0.42168573	-0.36353487	0.2096669	-0.015705282	-0.4983728	0.16443071	-0.23705205	-0.24187745	0.011467883	0.108285315	-0.27674058	0.2594489	-0.25973332
0.0465295	-0.2832945	0.2530136	0.26976764	0.22127193	-0.28819776	-0.2811158	0.10904441	-0.18665777	-0.46547082	-0.027083473	1.0000001	0.14247034	0.079103366	-0.27209592	-0.38682026	-0.011942964	-0.13851	0.10857819	0.23060836	0.24598572	-0.3857122	0.21161687	-0.20027484	0.13224109
-0.2800824	-0.17963727	0.00824203	0.21946609	0.011544948	0.0932234	-0.22014624	0.11431591	-0.37865803	-0.12350608	-0.42168573	0.14247034	1.0000001	0.27502447	-0.2629532	-0.1026085	0.27167177	-0.15291291	0.20035253	0.26224777	-0.021402868	-0.23786566	0.28062674	-0.49019358	0.19485605
-0.45813084	-0.06605675	-0.027178599	0.13815105	-0.021909675	0.11296997	-0.061222207	-0.059458636	-0.45064548	-0.1213014	-0.36353487	0.079103366	0.27502447	1.0000001	-0.38183045	-0.0298958	0.26227644	-0.04663915	0.24506399	0.18417397	-0.07571474	-0.07967029	0.21918309	-0.30764166	0.13245495
0.16487356	0.11154206	-0.1583574	-0.28442213	-0.045016143	0.046782404	0.20271735	-0.07507665	0.26844415	0.19251908	0.2096669	-0.27209592	-0.2629532	-0.38183045	1.0000004	0.17122693	-0.12167876	0.18451516	-0.34302053	-0.36366725	-0.07699418	0.22439119	-0.46469024	0.21258433	-0.35117927
-0.066111386	0.24287161	-0.43873352	-0.33321425	-0.43072277	0.23565856	0.19652174	-0.06513336	0.10003994	0.28694588	-0.015705282	-0.38682026	-0.1026085	-0.0298958	0.17122693	1.0000004	0.04165164	0.17681345	-0.09427772	-0.26379734	-0.3258449	0.20703961	-0.22180848	0.13415842	-0.0608332
-0.4513296	-0.13127403	-0.08539848	0.10908231	-0.045238458	0.123721994	-0.09795538	0.032035884	-0.3230888	0.017004501	-0.4983728	-0.011942964	0.27167177	0.26227644	-0.12167876	0.04165164	1.0000004	-0.10066241	0.20179728	0.11994775	-0.0382999	0.004898423	0.15259793	-0.4015908	0.15440339
0.019152435	0.2614635	-0.26925576	-0.30137494	-0.231644	0.17996828	0.29859486	-0.44321826	0.07699261	0.16144986	0.16443071	-0.13851	-0.15291291	-0.04663915	0.18451516	0.17681345	-0.10066241	1.0	-0.22312997	-0.19930913	-0.2922742	0.19357404	-0.25553927	0.11909312	-0.44407967
-0.43951413	-0.15667437	0.036975425	0.21295734	0.06850156	-0.03251048	-0.18739177	0.08883056	-0.37573215	-0.2199221	-0.23705205	0.10857819	0.20035253	0.24506399	-0.34302053	-0.09427772	0.20179728	-0.22312997	1.0000001	0.1424317	0.057584766	-0.04927963	0.20461325	-0.09107186	0.23219134
-0.045530546	-0.11811081	0.116463974	0.2543884	0.04538786	0.007973419	-0.17936982	0.13368481	-0.33194312	-0.2448388	-0.24187745	0.23060836	0.26224777	0.18417397	-0.36366725	-0.26379734	0.11994775	-0.19930913	0.1424317	0.9999998	0.0724411	-0.511205	0.30828607	-0.34643137	0.1792774
0.116508566	-0.34874427	0.2758484	0.19672559	0.279872	-0.47563276	-0.20533463	0.14198193	0.027558913	-0.42461994	0.011467883	0.24598572	-0.021402868	-0.07571474	-0.07699418	-0.3258449	-0.0382999	-0.2922742	0.057584766	0.0724411	1.0	-0.20840928	0.05112428	0.011626082	0.10427556
-0.042669173	0.14336985	-0.17404	-0.33537802	-0.041860178	0.076103844	0.23986562	-0.27998865	0.15314856	0.21073198	0.108285315	-0.3857122	-0.23786566	-0.07967029	0.22439119	0.20703961	0.004898423	0.19357404	-0.04927963	-0.511205	-0.20840928	1.0000001	-0.35127583	0.15800042	-0.20308734
-0.13686009	-0.095763035	0.117088184	0.27495182	0.019654566	0.007051798	-0.2979415	0.1509362	-0.32569158	-0.18868591	-0.27674058	0.21161687	0.28062674	0.21918309	-0.46469024	-0.22180848	0.15259793	-0.25553927	0.20461325	0.30828607	0.05112428	-0.35127583	0.99999994	-0.35426858	0.23750865
0.15779968	0.16316861	-0.09630704	-0.19710432	-0.11407163	-0.0784257	0.1524691	-0.043311886	0.26289308	0.11566635	0.2594489	-0.20027484	-0.49019358	-0.30764166	0.21258433	0.13415842	-0.4015908	0.11909312	-0.09107186	-0.34643137	0.011626082	0.15800042	-0.35426858	0.9999998	-0.13329707
-0.189561	-0.1577319	0.08982258	0.24393572	0.015916789	-0.13027392	-0.3200572	0.24179903	-0.12165103	-0.07497833	-0.25973332	0.13224109	0.19485605	0.13245495	-0.35117927	-0.0608332	0.15440339	-0.44407967	0.23219134	0.1792774	0.10427556	-0.20308734	0.23750865	-0.13329707	0.9999998
