1.0	-0.28612074	0.28147173	0.18383108	-0.32718655	-0.3476159	-0.43017688	-0.19198963	0.06129519	-0.3524342	0.15619664	-0.111543305	-0.2720985	0.16365257	0.21361518	0.09252	-0.40068176	0.27289364	-0.32014313	0.067912884	0.26157376	0.2426343	-0.01417951	-0.25446662	0.021143816
-0.28612074	1.0000002	-0.20678724	-0.063521124	0.15871459	0.20528294	0.15269706	0.11752764	-0.25034946	0.21632195	-0.2981668	-0.07518969	0.2779187	0.075489655	-0.4582372	0.120306306	0.18029304	-0.40154698	0.07800607	0.15643528	-0.25963303	-0.2766861	0.14367098	0.19204281	-0.28717172
0.28147173	-0.20678724	1.0000001	0.17308739	-0.24754073	-0.33941	-0.30605757	-0.3282927	0.07077143	-0.39137074	0.136785	0.03686928	-0.19711171	0.07581513	0.23270449	0.0918392	-0.4159919	0.27491254	-0.3337661	0.08250159	0.2688819	0.23305662	-0.06634746	-0.4373028	-0.0022581685
0.18383108	-0.063521124	0.17308739	1.0000002	-0.48895317	-0.087632366	-0.21447578	0.047796033	0.05851331	-0.37899607	0.17956463	0.030941755	-0.10253109	0.073167086	0.1369434	-0.085973896	-0.16234441	0.17711762	-0.32874802	-0.10041038	0.14794043	0.07698033	-0.15949105	-0.3984212	0.15482308
-0.32718655	0.15871459	-0.24754073	-0.48895317	1.0000004	0.23210742	0.22459729	0.11271387	-0.16172549	0.25034603	-0.22340862	-0.042749383	0.24087504	-0.102301225	-0.15765473	0.060286336	0.19833109	-0.28021654	0.18551694	0.03908028	-0.40213278	-0.3565643	0.11650573	0.26966363	-0.0870164
-0.3476159	0.20528294	-0.33941	-0.087632366	0.23210742	0.99999994	0.19118828	0.17123422	-0.2469969	0.19977932	-0.42481685	-0.055158347	0.2848527	-0.09469515	-0.1259552	0.04820086	0.22534558	-0.18473916	0.10843038	0.04799791	-0.3985749	-0.3505321	0.11223325	0.21867059	-0.069623806
-0.43017688	0.15269706	-0.30605757	-0.21447578	0.22459729	0.19118828	0.9999998	0.24095602	0.009221964	0.2581961	-0.053790823	0.08292735	0.19374308	-0.27314863	-0.2537443	-0.20478576	0.29175535	-0.29468924	0.28526628	-0.22490631	-0.29148284	-0.31571707	0.0059277904	0.25214273	0.016038997
-0.19198963	0.11752764	-0.3282927	0.047796033	0.11271387	0.17123422	0.24095602	0.9999998	-0.008308241	0.12592274	0.030531991	0.03438983	0.16591793	-0.11103218	-0.18487662	-0.15116227	0.23514965	-0.27877006	0.16611557	-0.21515009	-0.3388423	-0.43907553	-0.09833463	0.1626339	0.11692237
0.06129519	-0.25034946	0.07077143	0.05851331	-0.16172549	-0.2469969	0.009221964	-0.008308241	0.99999976	-0.05362985	0.25848866	0.23427416	-0.31657016	-0.3501452	0.18792288	-0.27631256	-0.11172298	0.1347283	0.014695677	-0.35606807	0.17133707	0.12385593	-0.35261345	-0.0791098	0.2115116
-0.3524342	0.21632195	-0.39137074	-0.37899607	0.25034603	0.19977932	0.2581961	0.12592274	-0.05362985	0.99999976	-0.26164603	0.0024275794	0.20525774	-0.09122634	-0.35830703	-0.056672167	0.26282692	-0.31428245	0.2690417	-0.013294775	-0.31669393	-0.13753082	0.099962294	0.30163673	-0.15603648
0.15619664	-0.2981668	0.136785	0.17956463	-0.22340862	-0.42481685	-0.053790823	0.030531991	0.25848866	-0.26164603	0.99999964	0.15088442	-0.3426348	-0.084834464	0.18825813	-0.24660759	-0.14033143	0.18838508	-0.04248406	-0.32029438	0.2053421	0.14816861	-0.29391584	-0.2705205	0.24001437
-0.111543305	-0.07518969	0.03686928	0.030941755	-0.042749383	-0.055158347	0.08292735	0.03438983	0.23427416	0.0024275794	0.15088442	0.99999946	-0.1251452	-0.52940875	0.14688249	-0.2649544	-0.01232845	-0.026822537	0.0534954	-0.13350551	0.08831577	-0.0079876445	-0.5273111	-0.03179851	0.13177975
-0.2720985	0.2779187	-0.19711171	-0.10253109	0.24087504	0.2848527	0.19374308	0.16591793	-0.31657016	0.20525774	-0.3426348	-0.1251452	0.99999934	-0.023492523	-0.29126573	0.11841282	0.19711588	-0.27899626	0.10333197	0.09372253	-0.4283658	-0.4385969	0.1826885	0.21082735	-0.21924439
0.16365257	0.075489655	0.07581513	0.073167086	-0.102301225	-0.09469515	-0.27314863	-0.11103218	-0.3501452	-0.09122634	-0.084834464	-0.52940875	-0.023492523	0.9999992	-0.12701887	0.19689001	-0.13422123	0.054467924	-0.20093787	0.19188918	0.030566813	0.09422672	0.19924352	-0.091224656	-0.08929721
0.21361518	-0.4582372	0.23270449	0.1369434	-0.15765473	-0.1259552	-0.2537443	-0.18487662	0.18792288	-0.35830703	0.18825813	0.14688249	-0.29126573	-0.12701887	0.9999992	-0.020784557	-0.23598272	0.25528583	-0.31152546	-0.058058202	0.22887547	0.17585757	-0.2544223	-0.24747875	0.114184976
0.09252	0.120306306	0.0918392	-0.085973896	0.060286336	0.04820086	-0.20478576	-0.15116227	-0.27631256	-0.056672167	-0.24660759	-0.2649544	0.11841282	0.19689001	-0.020784557	0.9999992	-0.20374064	-0.021625718	-0.2555017	0.299208	-0.032081243	-0.019693607	0.21721421	-0.022767201	-0.49488553
-0.40068176	0.18029304	-0.4159919	-0.16234441	0.19833109	0.22534558	0.29175535	0.23514965	-0.11172298	0.26282692	-0.14033143	-0.01232845	0.19711588	-0.13422123	-0.23598272	-0.20374064	0.9999991	-0.38861373	0.26650596	-0.11828974	-0.23084156	-0.22837815	0.06962985	0.27744433	0.020851452
0.27289364	-0.40154698	0.27491254	0.17711762	-0.28021654	-0.18473916	-0.29468924	-0.27877006	0.1347283	-0.31428245	0.18838508	-0.026822537	-0.27899626	0.054467924	0.25528583	-0.021625718	-0.38861373	0.9999989	-0.21866944	-0.08286298	0.25260788	0.25279662	-0.06943105	-0.42628288	0.12553887
-0.32014313	0.07800607	-0.3337661	-0.32874802	0.18551694	0.10843038	0.28526628	0.16611557	0.014695677	0.2690417	-0.04248406	0.0534954	0.10333197	-0.20093787	-0.31152546	-0.2555017	0.26650596	-0.21866944	0.9999989	-0.2624171	-0.17806275	-0.091255575	0.017574882	0.24364449	0.024480132
0.067912884	0.15643528	0.08250159	-0.10041038	0.03908028	0.04799791	-0.22490631	-0.21515009	-0.35606807	-0.013294775	-0.32029438	-0.13350551	0.09372253	0.19188918	-0.058058202	0.299208	-0.11828974	-0.08286298	-0.2624171	0.9999986	0.0039479258	0.007981695	0.1871515	-0.003817587	-0.38246283
0.26157376	-0.25963303	0.2688819	0.14794043	-0.40213278	-0.3985749	-0.29148284	-0.3388423	0.17133707	-0.31669393	0.2053421	0.08831577	-0.4283658	0.030566813	0.22887547	-0.032081243	-0.23084156	0.25260788	-0.17806275	0.0039479258	0.9999985	0.3005483	-0.16266768	-0.2537321	0.07372409
0.2426343	-0.2766861	0.23305662	0.07698033	-0.3565643	-0.3505321	-0.31571707	-0.43907553	0.12385593	-0.13753082	0.14816861	-0.0079876445	-0.4385969	0.09422672	0.17585757	-0.019693607	-0.22837815	0.25279662	-0.091255575	0.007981695	0.3005483	0.99999845	-0.051033095	-0.24363834	0.04547423
-0.01417951	0.14367098	-0.06634746	-0.15949105	0.11650573	0.11223325	0.0059277904	-0.09833463	-0.35261345	0.099962294	-0.29391584	-0.5273111	0.1826885	0.19924352	-0.2544223	0.21721421	0.06962985	-0.06943105	0.017574882	0.1871515	-0.16266768	-0.051033095	0.9999983	0.11529775	-0.37973928
-0.25446662	0.19204281	-0.4373028	-0.3984212	0.26966363	0.21867059	0.25214273	0.1626339	-0.0791098	0.30163673	-0.2705205	-0.03179851	0.21082735	-0.091224656	-0.24747875	-0.022767201	0.27744433	-0.42628288	0.24364449	-0.003817587	-0.2537321	-0.24363834	0.11529775	0.9999983	-0.09562547
0.021143816	-0.28717172	-0.0022581685	0.15482308	-0.0870164	-0.069623806	0.016038997	0.11692237	0.2115116	-0.15603648	0.24001437	0.13177975	-0.21924439	-0.08929721	0.114184976	-0.49488553	0.020851452	0.12553887	0.024480132	-0.38246283	0.07372409	0.04547423	-0.37973928	-0.09562547	0.9999983
