1.0000001	0.16560881	0.24612659	0.27964374	0.22675565	-0.29177505	-0.21977936	-0.022316124	0.27065402	0.16388924	-0.39585683	-0.5673381	-0.23566529	-0.06447571	0.09958701	0.25407678	-0.01957924	-0.21502304	0.012177392	-0.04525752	-0.36587107	-0.16974926	0.06411787	-0.3132479	-0.07420926
0.16560881	1.0	0.07920184	0.17672072	0.23176317	-0.14319453	-0.35830227	-0.29738903	0.15385115	0.21108888	-0.2539965	-0.11928908	-0.45464265	-0.25704616	0.24713007	0.2063971	-0.38812357	-0.3349611	-0.23330194	0.2037483	-0.19786638	-0.11276102	0.23051818	-0.06829642	0.11764249
0.24612659	0.07920184	1.0000001	0.2835506	0.2387815	-0.44687465	-0.12717701	-0.04863871	0.2802104	0.20075002	-0.19558227	-0.4124768	-0.15228441	-0.0371771	0.06613903	0.27121553	0.034982536	-0.2957148	0.13296592	-0.03049201	-0.33483696	-0.42534894	0.075344995	-0.43722287	-0.24219374
0.27964374	0.17672072	0.2835506	1.0000001	0.26821148	-0.46953535	-0.17335233	-0.14367083	0.26232585	0.24975052	-0.33635184	-0.46354434	-0.12707165	-0.14109384	0.13134952	0.27977303	-0.05785581	-0.33923307	0.017185055	-0.04620276	-0.27612922	-0.31272057	0.09286618	-0.35949808	-0.08075553
0.22675565	0.23176317	0.2387815	0.26821148	1.0000001	-0.3181144	-0.3117191	-0.26282376	0.29054192	0.23136973	-0.41880414	-0.18866085	-0.34555143	-0.21371666	0.17604065	0.29775867	-0.08538917	-0.3807979	0.053408705	0.026994802	-0.2835054	-0.32861003	0.22991097	-0.29205954	-0.12712999
-0.29177505	-0.14319453	-0.44687465	-0.46953535	-0.3181144	1.0	0.12749866	0.06961382	-0.36338297	-0.3049232	0.23097727	0.28502306	0.10952902	0.053534187	-0.07589527	-0.31928277	-0.017603578	0.2590109	-0.07226295	0.079055175	0.28414047	0.28684893	-0.04936771	0.30493033	0.15251653
-0.21977936	-0.35830227	-0.12717701	-0.17335233	-0.3117191	0.12749866	1.0000001	0.26828492	-0.31724617	-0.27061298	0.2599407	0.11052525	0.2862143	0.26244083	-0.3547695	-0.2706721	0.19683881	0.24279319	0.10025412	-0.32469788	0.13189642	0.1651119	-0.40237436	0.16750208	-0.010219659
-0.022316124	-0.29738903	-0.04863871	-0.14367083	-0.26282376	0.06961382	0.26828492	0.99999994	-0.10200687	-0.21864133	0.17131102	-0.027206153	0.23587327	0.29926574	-0.44683388	-0.12096191	0.24687214	0.19312891	0.16766237	-0.34612378	0.052426018	0.12898561	-0.48748064	0.06625285	-0.1343782
0.27065402	0.15385115	0.2802104	0.26232585	0.29054192	-0.36338297	-0.31724617	-0.10200687	1.0	0.17807427	-0.42826363	-0.2739877	-0.27934453	-0.08397964	0.12787475	0.3018284	0.0104255155	-0.27040312	0.10459674	0.0059871515	-0.37808567	-0.3161046	0.16215837	-0.35055465	-0.24693117
0.16388924	0.21108888	0.20075002	0.24975052	0.23136973	-0.3049232	-0.27061298	-0.21864133	0.17807427	0.99999994	-0.14490527	-0.20843005	-0.13293625	-0.35588795	0.26435542	0.24079527	-0.31865364	-0.45007685	-0.13161051	0.13834205	-0.14765021	-0.3297068	0.16249494	-0.3397414	0.0480232
-0.39585683	-0.2539965	-0.19558227	-0.33635184	-0.41880414	0.23097727	0.2599407	0.17131102	-0.42826363	-0.14490527	0.9999999	0.21831127	0.24842794	0.13375592	-0.18810028	-0.3807508	0.039577123	0.2283165	-0.061497048	-0.034415983	0.26381955	0.2209574	-0.31248865	0.24697891	0.11266728
-0.5673381	-0.11928908	-0.4124768	-0.46354434	-0.18866085	0.28502306	0.11052525	-0.027206153	-0.2739877	-0.20843005	0.21831127	0.9999999	0.11444794	0.012590696	-0.041999392	-0.21647394	-0.033468135	0.20445542	-0.09392616	0.07163077	0.25663045	0.22247116	0.006671468	0.26772976	0.12941499
-0.23566529	-0.45464265	-0.15228441	-0.12707165	-0.34555143	0.10952902	0.2862143	0.23587327	-0.27934453	-0.13293625	0.24842794	0.11444794	0.9999998	0.23888399	-0.14429519	-0.19867548	0.16846138	0.2008949	0.09504507	-0.28867576	0.14263162	0.14581653	-0.44519502	0.11396144	-0.089389645
-0.06447571	-0.25704616	-0.0371771	-0.14109384	-0.21371666	0.053534187	0.26244083	0.29926574	-0.08397964	-0.35588795	0.13375592	0.012590696	0.23888399	0.9999998	-0.33150172	-0.1427657	0.27759197	0.2158727	0.21943516	-0.4641186	0.017139766	0.114342496	-0.38610843	0.08414149	-0.25293428
0.09958701	0.24713007	0.06613903	0.13134952	0.17604065	-0.07589527	-0.3547695	-0.44683388	0.12787475	0.26435542	-0.18810028	-0.041999392	-0.14429519	-0.33150172	0.99999964	0.16808736	-0.4678284	-0.27838612	-0.28235775	0.23297313	-0.045907028	-0.21189721	0.21328744	-0.16743758	0.12669222
0.25407678	0.2063971	0.27121553	0.27977303	0.29775867	-0.31928277	-0.2706721	-0.12096191	0.3018284	0.24079527	-0.3807508	-0.21647394	-0.19867548	-0.1427657	0.16808736	0.9999996	-0.10192703	-0.38558728	0.03841641	-0.0020370083	-0.4531475	-0.35607308	0.15197964	-0.39713752	-0.16469401
-0.01957924	-0.38812357	0.034982536	-0.05785581	-0.08538917	-0.017603578	0.19683881	0.24687214	0.0104255155	-0.31865364	0.039577123	-0.033468135	0.16846138	0.27759197	-0.4678284	-0.10192703	0.9999995	0.19137265	0.2866168	-0.34461483	-0.03325971	0.022014625	-0.14765152	0.019333655	-0.35181093
-0.21502304	-0.3349611	-0.2957148	-0.33923307	-0.3807979	0.2590109	0.24279319	0.19312891	-0.27040312	-0.45007685	0.2283165	0.20445542	0.2008949	0.2158727	-0.27838612	-0.38558728	0.19137265	0.9999994	0.096008964	-0.10078842	0.21207073	0.25467232	-0.1316822	0.25177744	-0.040573202
0.012177392	-0.23330194	0.13296592	0.017185055	0.053408705	-0.07226295	0.10025412	0.16766237	0.10459674	-0.13161051	-0.061497048	-0.09392616	0.09504507	0.21943516	-0.28235775	0.03841641	0.2866168	0.096008964	0.99999934	-0.35814065	-0.21008517	-0.16959344	-0.05304774	-0.11835077	-0.56341624
-0.04525752	0.2037483	-0.03049201	-0.04620276	0.026994802	0.079055175	-0.32469788	-0.34612378	0.0059871515	0.13834205	-0.034415983	0.07163077	-0.28867576	-0.4641186	0.23297313	-0.0020370083	-0.34461483	-0.10078842	-0.35814065	0.9999991	0.099302776	0.0045860615	0.22001839	0.058001887	0.23342001
-0.36587107	-0.19786638	-0.33483696	-0.27612922	-0.2835054	0.28414047	0.13189642	0.052426018	-0.37808567	-0.14765021	0.26381955	0.25663045	0.14263162	0.017139766	-0.045907028	-0.4531475	-0.03325971	0.21207073	-0.21008517	0.099302776	0.999999	0.27056378	-0.09331765	0.28234446	0.20997953
-0.16974926	-0.11276102	-0.42534894	-0.31272057	-0.32861003	0.28684893	0.1651119	0.12898561	-0.3161046	-0.3297068	0.2209574	0.22247116	0.14581653	0.114342496	-0.21189721	-0.35607308	0.022014625	0.25467232	-0.16959344	0.0045860615	0.27056378	0.9999987	-0.13881457	0.306205	0.17959017
0.06411787	0.23051818	0.075344995	0.09286618	0.22991097	-0.04936771	-0.40237436	-0.48748064	0.16215837	0.16249494	-0.31248865	0.006671468	-0.44519502	-0.38610843	0.21328744	0.15197964	-0.14765152	-0.1316822	-0.05304774	0.22001839	-0.09331765	-0.13881457	0.99999875	-0.1453703	0.030302677
-0.3132479	-0.06829642	-0.43722287	-0.35949808	-0.29205954	0.30493033	0.16750208	0.06625285	-0.35055465	-0.3397414	0.24697891	0.26772976	0.11396144	0.08414149	-0.16743758	-0.39713752	0.019333655	0.25177744	-0.11835077	0.058001887	0.28234446	0.306205	-0.1453703	0.99999875	0.16946992
-0.07420926	0.11764249	-0.24219374	-0.08075553	-0.12712999	0.15251653	-0.010219659	-0.1343782	-0.24693117	0.0480232	0.11266728	0.12941499	-0.089389645	-0.25293428	0.12669222	-0.16469401	-0.35181093	-0.040573202	-0.56341624	0.23342001	0.20997953	0.17959017	0.030302677	0.16946992	0.99999875
