0.892874687184118
0.05014313355142197
1.9120818011474054
1.6838859817073146
0.4639645047696288
0.8349439377878338
0.3164592768373611
1.2232006136169784
1.5118335067257207
0.5103013658245963
0.01319519235809774
1.1764775817314963
0.9475334100087727
1.0301631022751427
0.25911897294066866
0.13163876969681287
0.8463675826053505
1.3996301964871825
1.1435762232048161
1.824378476777545
1.0104296991918094
0.0604598002779817
1.9909760987055753
1.4021050085592288
0.9929137482593584
0.3282903592225277
1.3992304882616775
1.499300996157002
0.16081669147748778
1.7107418859064456
1.1697534192558132
1.1160196526757267
1.58302291736589
1.3144587396047291
1.9633947710299988
0.4653614524083969
1.2648507240201117
1.085214614106338
1.9094380902067682
1.0013999294707903
1.8122459952470922
0.33795020362192507
1.295570795543259
0.14958653965133006
1.153500612083434
1.626814746998395
1.2374233899916802
0.9718280449306604
1.668074097527809
0.9626532245130748
0.7723187249095178
1.4754682626261408
0.5127777202076849
0.39892356156951436
1.177557673317116
0.5604055262260677
0.7241258832965178
1.3475643114139035
1.3998604147767149
0.28122571700992327
0.9373893661582589
0.4464149811575302
0.5853409624169958
1.2332231373926656
0.29233725157742296
0.24980163118669219
1.9017547595507158
1.6941448401298822
0.7090520687922581
1.8324563558493758
0.951903111700964
0.014124736456501363
1.1972137410198012
0.07383233363389308
1.953328370314346
1.0096653880080089
0.9876524662396484
1.6566632030657216
0.2877381191346349
1.6743058971528288
0.8062572457943835
1.5849812430336818
1.2865781162357455
1.6210534334320288
0.296502378068207
0.5188927913592818
1.910636702440948
1.1926790082119674
0.39352238226170866
0.3239032579704726
0.6518867244004276
0.3371026827192174
1.1903093116033292
1.0597371247389618
1.9039672872643985
1.842684687411144
1.8124140627011482
0.7163582775151329
0.2819261327934188
1.0936715396115126
0.7539722299385441
1.1956127316618337
1.9893350452692793
0.38845590405590547
0.9474986341292115
1.0899363903477626
0.11999881372548327
0.024109392383706574
1.6133375658535423
0.452214063544103
1.0017201633527892
1.4247760103682894
0.3707963052438279
0.016220663000146684
1.6502466500445154
0.483433038013372
1.139989362069413
0.6944376848282545
1.9743683636417342
0.6841599047035238
1.036978992184538
1.6111637530764022
0.23029888461238013
1.4093640809037924
1.301243228729637
1.4075847947087223
0.43374948844435046
0.8769791231148938
1.103038514196066
0.8337334335688957
1.8770186011101115
1.8753749678041152
0.11016556895989837
0.6957073922574089
1.1973626905942418
1.8825013103343056
1.0220844802996945
0.6536153212649276
1.3959433377988242
1.8985424290987098
1.304709426905499
0.48102467014397776
1.7313668851528343
1.3103610666875292
1.326595150022749
1.1167985489730212
0.10922756540467038
0.4082115931205683
1.7049429200440789
1.0948961441833767
1.4797431127255416
1.535759981865975
0.604392033295956
1.257245865061961
0.024267081121224887
0.686583977344293
1.384312270713908
0.025732655230985335
0.5100615783827216
1.8974125937486046
0.4519169892426147
0.9875213680802892
1.8037976757286456
0.592813348904708
0.9677393549010509
1.5881647091047928
0.495354530888964
0.8968340392166008
0.2553100680271092
0.859419739712163
1.0846136930509396
0.2849616115919671
1.1223622384121872
1.4190897076665145
0.4314482136936646
1.561252640477197
0.5435130561027726
1.9695618489882745
0.2102680503976624
0.75519536723506
0.5638523674640958
0.9242006251910162
1.4267337416615995
1.250495958302079
1.1258453710662872
0.1829530429590951
0.21913954733831797
1.970858568527132
1.5839421168129197
1.612399055042921
0.6644050055889099
0.7025567845395191
0.3207242035493769
0.7990395891755973
0.003222869465120848
0.12014906621951171
0.005747759846266076
1.9100239428921366
1.452608803973743
1.1313742030480665
0.5566635422522415
0.10929097269953014
1.0871633960323666
1.1283405484197913
1.2016835994326924
0.3363121083336933
1.1188426906324511
1.235745916396623
0.8194162165824075
1.0906023107974077
1.944801533496702
0.9978726023555635
0.4631692584760294
1.1736281344787465
1.9910555831607457
1.1078626752345644
0.3001933795745344
0.7148000176229674
0.5977682432194542
0.5003240249234626
0.3898504642630978
0.5882948987722694
1.769549507508555
1.2467717519197474
0.9660066720651843
1.2001441253007161
0.6736608463905349
1.441307122191643
1.939079615011145
0.20477606628471556
1.0662499122224234
0.2793701199076657
0.03741348037351333
1.8559444788896597
0.39653091387880646
0.6435103784917464
1.0819602313949472
0.25910637863063557
1.1346150397519965
0.5605000088886096
1.2577777251968878
0.5626366421673072
0.7910388350773403
1.3227157183727583
0.2748160301974665
1.2658867922567216
1.7774001339333696
0.6359349497488302
1.1625606688989933
0.8859914655673087
1.7986720987706766
1.984534535879295
1.3634611029501251
0.3655153247193854
1.6733425080664488
0.4027071715500943
0.5964950062157555
0.2138075711343317
0.426191184749674
1.2375757564963379
0.9615305454454925
1.9294565646313466
0.8955379232555587
0.025425350438314842
1.731554074231389
0.9758671597559461
1.2605905823335213
0.38637981635500473
1.1225218393284417
1.0080465131514709
0.1599068722354664
1.1533497703886681
0.2526913468596925
0.40369030452724486
1.3842898964656762
0.893515010931893
0.06301672908089584
0.004517109867551383
0.007089400229279619
0.6372982497954887
1.1207551641503204
1.4339845882748707
1.3045970203934352
1.904332857994798
0.2781113994990436
1.4875247036792296
0.018860301499030285
0.3987361370845164
1.001308165834158
0.24930777521961112
1.6823416454321787
1.9190392590915804
0.2842205427596607
0.9777698712679603
0.11735023413973922
1.9654976817122312
0.05973970777466309
0.7822550324025361
0.9351710304812857
0.0959681032813311
