1.0000001	0.09161573	-0.1412247	-0.2686891	-0.15137039	-0.43635643	0.3135354	-0.34901553	-0.04992252	-0.029217832	0.18912143	-0.31334436	0.26236382	-0.010908548	0.21627474	-0.39266315	-0.42802358	0.2403003	0.2665035	-0.416593	0.11025175	-0.13544221	0.18863072	-0.17022629	0.2605182
0.09161573	1.0000001	0.10933377	-0.19145398	0.0070347376	0.0041918545	0.067267455	-0.013305898	-0.2255921	-0.47232115	0.29370475	-0.24827684	-0.07390217	0.16809945	-0.020866467	-0.20511438	0.037577134	0.21711335	0.040207095	-0.18135063	-0.1560334	-0.4340749	-0.0022479857	-0.3656946	0.26149005
-0.1412247	0.10933377	1.0000002	0.17310277	0.21787576	0.15662144	-0.18173629	0.19015525	-0.329401	-0.27055997	0.089670666	-0.0021293692	-0.35251144	0.26032883	-0.3332504	0.058415905	0.22790752	0.054210387	-0.096711084	0.14859422	-0.18885592	-0.073926724	-0.46228933	-0.30677667	-0.05261338
-0.2686891	-0.19145398	0.17310277	1.0000004	0.19421107	0.20509131	-0.23697005	0.2202943	-0.11437966	0.04047385	-0.25906658	0.13479753	-0.25058815	0.10875535	-0.38569006	0.19419396	0.21971776	-0.15031835	-0.027680954	0.25291222	-0.2261271	0.16933323	-0.28989348	0.084399454	-0.39197177
-0.15137039	0.0070347376	0.21787576	0.19421107	1.0000001	0.21109124	-0.26750088	0.23134118	-0.27586177	-0.1061672	0.0025226725	0.1985405	-0.2101966	0.17328638	-0.21415141	0.16292039	0.24313939	-0.17853032	-0.25015622	0.19319862	-0.47395247	0.046793252	-0.47904462	-0.11800516	-0.11569862
-0.43635643	0.0041918545	0.15662144	0.20509131	0.21109124	1.0000002	-0.4945476	0.29540873	-0.03736522	-0.02840322	-0.12387405	0.23564014	-0.38041127	0.023069564	-0.2929242	0.2641661	0.3020637	-0.28570986	-0.25911433	0.27450648	-0.13783522	0.030347778	-0.2892792	0.07167057	-0.23001501
0.3135354	0.067267455	-0.18173629	-0.23697005	-0.26750088	-0.4945476	1.0000004	-0.27789512	0.026975948	-0.010771391	0.13476734	-0.2837944	0.260523	-0.026216643	0.22916892	-0.41027495	-0.3555937	0.21009009	0.25876644	-0.45372322	0.14814508	-0.0633589	0.21530183	-0.1384811	0.23431963
-0.34901553	-0.013305898	0.19015525	0.2202943	0.23134118	0.29540873	-0.27789512	1.0000002	-0.04374183	-0.08473321	-0.1410076	0.24925286	-0.45734015	0.10524438	-0.33742082	0.26752707	0.30849904	-0.30196592	-0.36023024	0.28119662	-0.22094432	0.08082867	-0.30081055	0.04530725	-0.25946963
-0.04992252	-0.2255921	-0.329401	-0.11437966	-0.27586177	-0.03736522	0.026975948	-0.04374183	1.0000002	0.26103085	-0.31471482	0.07481081	0.14759992	-0.47611776	0.18829712	0.094057225	-0.185587	-0.13927653	-0.09365059	0.011771788	0.25719586	0.17971204	0.1847934	0.26401904	-0.14595245
-0.029217832	-0.47232115	-0.27055997	0.04047385	-0.1061672	-0.02840322	-0.010771391	-0.08473321	0.26103085	1.0000002	-0.3776399	0.1077107	0.14583479	-0.35575384	0.13038068	0.08664139	-0.12573147	-0.266631	0.024439918	0.023546176	0.2124612	0.26031303	0.123897776	0.28566167	-0.26017252
0.18912143	0.29370475	0.089670666	-0.25906658	0.0025226725	-0.12387405	0.13476734	-0.1410076	-0.31471482	-0.3776399	1.0000001	-0.16654061	0.011755561	0.1704557	0.013737406	-0.24723144	-0.07824576	0.24701239	0.12357313	-0.2288649	-0.14375946	-0.43838492	0.028164968	-0.38766694	0.29694632
-0.31334436	-0.24827684	-0.0021293692	0.13479753	0.1985405	0.23564014	-0.2837944	0.24925286	0.07481081	0.1077107	-0.16654061	1.0000002	-0.18268049	-0.100125566	-0.1246927	0.28854576	0.20852226	-0.44454885	-0.47604537	0.24344093	-0.09923484	0.18709558	-0.12818341	0.17772444	-0.28365904
0.26236382	-0.07390217	-0.35251144	-0.25058815	-0.2101966	-0.38041127	0.260523	-0.45734015	0.14759992	0.14583479	0.011755561	-0.18268049	0.99999994	-0.2489164	0.30034843	-0.2301156	-0.44443858	0.110337116	0.2032765	-0.30687368	0.22154213	-0.0036514085	0.27429667	0.04799431	0.14668672
-0.010908548	0.16809945	0.26032883	0.10875535	0.17328638	0.023069564	-0.026216643	0.10524438	-0.47611776	-0.35575384	0.1704557	-0.100125566	-0.2489164	1.0	-0.37863603	-0.027705671	0.15261202	0.14298972	0.013354076	0.079057656	-0.3935477	-0.12642702	-0.25557658	-0.23640089	0.07118214
0.21627474	-0.020866467	-0.3332504	-0.38569006	-0.21415141	-0.2929242	0.22916892	-0.33742082	0.18829712	0.13038068	0.013737406	-0.1246927	0.30034843	-0.37863603	1.0000001	-0.22350438	-0.30882084	0.025599297	0.13904127	-0.33947772	0.24752513	0.031997837	0.28002965	0.06290788	0.13903195
-0.39266315	-0.20511438	0.058415905	0.19419396	0.16292039	0.2641661	-0.41027495	0.26752707	0.094057225	0.08664139	-0.24723144	0.28854576	-0.2301156	-0.027705671	-0.22350438	1.0000001	0.23505515	-0.23492865	-0.45603627	0.3093084	-0.12451109	0.16631907	-0.20830616	0.18665685	-0.35471013
-0.42802358	0.037577134	0.22790752	0.21971776	0.24313939	0.3020637	-0.3555937	0.30849904	-0.185587	-0.12573147	-0.07824576	0.20852226	-0.44443858	0.15261202	-0.30882084	0.23505515	0.99999994	-0.20740555	-0.29932684	0.2695463	-0.25158727	-0.0025215924	-0.29490605	0.00026947574	-0.18223183
0.2403003	0.21711335	0.054210387	-0.15031835	-0.17853032	-0.28570986	0.21009009	-0.30196592	-0.13927653	-0.266631	0.24701239	-0.44454885	0.110337116	0.14298972	0.025599297	-0.23492865	-0.20740555	0.99999994	0.21630257	-0.19505706	-0.01258066	-0.35215446	0.042099003	-0.27214333	0.26206386
0.2665035	0.040207095	-0.096711084	-0.027680954	-0.25015622	-0.25911433	0.25876644	-0.36023024	-0.09365059	0.024439918	0.12357313	-0.47604537	0.2032765	0.013354076	0.13904127	-0.45603627	-0.29932684	0.21630257	1.0	-0.32145894	0.0979063	-0.075179555	0.16288428	-0.12569213	0.17711763
-0.416593	-0.18135063	0.14859422	0.25291222	0.19319862	0.27450648	-0.45372322	0.28119662	0.011771788	0.023546176	-0.2288649	0.24344093	-0.30687368	0.079057656	-0.33947772	0.3093084	0.2695463	-0.19505706	-0.32145894	1.0	-0.21820232	0.13900325	-0.21094874	0.12217695	-0.3178667
0.11025175	-0.1560334	-0.18885592	-0.2261271	-0.47395247	-0.13783522	0.14814508	-0.22094432	0.25719586	0.2124612	-0.14375946	-0.09923484	0.22154213	-0.3935477	0.24752513	-0.12451109	-0.25158727	-0.01258066	0.0979063	-0.21820232	1.0	0.045371372	0.25620613	0.17171982	-0.0044326535
-0.13544221	-0.4340749	-0.073926724	0.16933323	0.046793252	0.030347778	-0.0633589	0.08082867	0.17971204	0.26031303	-0.43838492	0.18709558	-0.0036514085	-0.12642702	0.031997837	0.16631907	-0.0025215924	-0.35215446	-0.075179555	0.13900325	0.045371372	0.9999999	-0.03869166	0.2619565	-0.33819884
0.18863072	-0.0022479857	-0.46228933	-0.28989348	-0.47904462	-0.2892792	0.21530183	-0.30081055	0.1847934	0.123897776	0.028164968	-0.12818341	0.27429667	-0.25557658	0.28002965	-0.20830616	-0.29490605	0.042099003	0.16288428	-0.21094874	0.25620613	-0.03869166	0.9999997	0.09069106	0.13955304
-0.17022629	-0.3656946	-0.30677667	0.084399454	-0.11800516	0.07167057	-0.1384811	0.04530725	0.26401904	0.28566167	-0.38766694	0.17772444	0.04799431	-0.23640089	0.06290788	0.18665685	0.00026947574	-0.27214333	-0.12569213	0.12217695	0.17171982	0.2619565	0.09069106	0.99999976	-0.3266636
0.2605182	0.26149005	-0.05261338	-0.39197177	-0.11569862	-0.23001501	0.23431963	-0.25946963	-0.14595245	-0.26017252	0.29694632	-0.28365904	0.14668672	0.07118214	0.13903195	-0.35471013	-0.18223183	0.26206386	0.17711763	-0.3178667	-0.0044326535	-0.33819884	0.13955304	-0.3266636	0.99999976
