0.9273339550273609
1.8043015110571177
0.9154091217664486
0.7676099774522582
1.45085986591276
1.1613823865473818
1.343627840743715
0.6627253823413555
1.7837112940642144
1.3999972343782394
0.8513235318147951
0.851199742697252
1.0074947763019337
1.43951022695051
0.8418305317486259
0.6430032598287796
0.28906128131522135
1.165300651706397
1.8758854379163892
0.003846008395022915
1.488101688987608
0.6163105613545181
0.13135171046126803
1.750021714348894
0.6155745740087297
0.915439610911567
0.8816729500257106
1.276071811136549
1.7390585442602045
0.5617374801035644
0.26742983699900713
1.7022383695590872
0.06934621632100768
0.7152301380044706
0.17469565006594157
0.7571932641776895
1.1370971291183287
1.5809639673020635
1.6910735615877526
1.5774489321552372
0.43578058164529665
1.1777744492080038
0.4289984524410122
0.21154378573648813
0.90989291931055
1.8062996674650655
1.4316102242412077
0.40349645952126156
1.9434085215605534
1.9172178818791472
1.5436943320921395
1.7468268436745589
0.26147379258713377
0.16302785159211775
1.4390825463723322
0.5056701946312241
0.5463333662146617
0.7142625892694134
0.6728468221351458
1.4158094270881183
0.7735688819926405
0.7412886012015267
0.5769905616410369
1.9800234371216863
1.5624877568515059
1.1721496314993347
0.9634555311537154
0.3017990156159016
0.7060601406894567
0.900193007719919
0.3109106843728917
1.8852765546560342
0.7458741723491902
1.0156943720592146
0.5710259290867565
0.33441614619215265
1.6699898119884466
1.205033350450496
1.9614384737196047
0.9916482992663669
0.6358107928385843
1.776411923648439
0.955928110249461
0.31092028381436254
0.03388186577830132
1.139003442075034
1.1164169964119917
1.1232252016454267
0.9906882022530705
0.24164526539620557
1.7493009740837238
0.7028393559857937
1.3074444051141465
1.9633201660573787
1.3495114142996105
0.37024945282110355
0.40389108852621103
1.02406135789086
0.05977930498800066
1.2798369532802762
1.8752381030184933
0.27004739436754766
1.8756071397870142
1.4419451428283652
1.4160156057345776
0.04501084672419009
0.2653788951433371
0.05250910039704171
1.402598831673721
0.47635642479891427
0.8680735666744945
0.19059230614567912
0.6655394068768097
1.5242157650200898
1.4878420610109693
1.9356089360211708
0.6502504597196805
0.5785434910532288
0.7665454121067048
0.04806848616258952
1.9814223716604236
1.8019282461268205
0.7907750659827504
0.18912331172444996
0.17929633211602214
0.5754601542560709
1.4922640664902287
0.8599649664429458
0.5342899253380158
1.0294829791345976
0.9462730015664131
0.14248620657462818
0.25874725777691543
0.40780360195357046
0.9995072360459194
0.8518376573162738
0.11908722576348785
1.8614549807224572
0.18506382569640611
1.4920296828563004
0.22631771840497916
0.7966623860205997
0.15147219059817663
0.5910178109997222
1.1823609113525908
1.2592291555870447
0.3931354558267608
1.7707997213609836
0.7748733945660542
1.7426619221331496
0.39815600165548237
1.6849528189313936
0.7458209530845472
1.2836921741524863
1.040948544449232
0.5214987336689976
1.214321385298032
1.8541181630708268
1.618144048814262
0.9045157642719248
1.8187312576571644
1.8775683959486427
1.1817221468976518
1.1204948582877756
1.0678748484078517
1.2125414701655428
0.21726963775091201
0.5378010064407359
0.6696664297666082
0.2516529549399533
1.3453292716912681
0.9147952252409799
1.3204844040361592
1.3464175490648032
0.9031266194651382
0.09881139438163289
0.09788218038327723
0.22591939571800101
1.7176836548708685
0.036085005761604005
1.4549014686561097
0.3856103045016872
0.6894076123645676
0.051949460215699794
0.6580163013518849
0.10845291462219375
0.2290528204259148
1.9039060349446857
1.560495059047761
0.47688341029493064
0.38836318366794953
0.5972097098174773
0.6900249140842922
0.5835320384602285
1.1918216051285802
0.8710692321119522
1.8650492060769293
1.7398131962535006
1.1391169219466788
1.3683993260623049
1.9425116182652524
1.7791948127282398
0.2660193727635791
1.8390315112390239
1.4474443107640138
1.5651618602147068
0.7802570907364947
0.9435105316449561
0.6593573869317741
0.8331582816933687
0.8671638905456525
1.0457194194610289
1.3685047286722682
0.5153668550245758
1.3278027792861613
1.7700171355094094
0.8561532182849676
0.5323082777418979
1.0341801166891977
1.911217510596107
0.0265590723994662
0.5510214169082204
1.2393229570919293
0.26149784908068785
1.9021434604647771
0.697034285143233
1.2976100451155803
1.8477652970782146
1.1886258979898343
1.1378981339062528
1.6033323874974281
1.622828821648093
1.2616203476791152
1.605154607801466
1.9032245346928698
0.8618097613344387
0.19710079042352802
1.9573640797175258
0.32419756408402
1.8700558090242994
0.040262960955548266
1.0793913733716964
0.46921971783494776
0.1445067488328442
1.1367512268138797
1.6822429457358916
0.4261979283508528
0.21423983831776217
1.2649280085725405
0.36740764200589826
1.1674261860892312
1.491123600462691
1.3016671420550312
0.12586032435701755
0.4244294248503149
0.7840447112341304
0.6392328793434552
1.360361357817115
1.2193552381003758
1.7231970277565056
0.4263199197397549
1.7846942286644119
1.959067462772988
0.6900718796308174
1.7008710237216813
0.3901263295882573
0.9285931647551751
0.9741615384804707
0.5210716664055495
1.0380033947902056
1.4312580430627573
1.2400829965268123
1.3270576754552883
1.898242551476973
1.8799659415973526
1.4212562578968941
0.48001133691952447
1.1797080482811484
1.5438182572595471
0.06588027061121715
1.2699441141191523
1.4721959518275622
1.6905198915730582
1.2583076457480764
1.5377707701717016
0.7276772591176093
1.4243355084258797
1.6949456805204755
0.6374194615597151
0.07796747749417898
0.3525074461517492
0.8246254079952242
0.6821167583205938
1.5214471970253705
1.2235284213747029
0.5044886959798347
1.9744914310669477
0.0241066947207198
0.018812441096939025
0.6686323107888916
