1.0000001	0.29138312	-0.40956974	-0.21026917	-0.18494266	0.08216905	-0.082944885	-0.3048595	0.27537322	0.13051769	0.28755423	0.24977934	-0.1942104	0.284166	-0.42412046	0.22908196	-0.4482522	-0.19803983	-0.26430708	0.27605107	-0.16503423	0.16871805	0.23444003	-0.23132893	-0.40131268
0.29138312	1.0000001	-0.40582025	-0.41652715	-0.34621513	0.07035311	-0.02099886	-0.26917535	0.28882477	0.112985775	0.3096442	0.2770101	-0.18347558	0.29566374	-0.31600013	0.28971457	-0.33788198	-0.21165408	-0.37801343	0.31931168	-0.23709226	0.20423281	0.21017766	-0.24212481	-0.37656674
-0.40956974	-0.40582025	1.0000001	0.23744684	0.27308908	-0.06618587	-0.015895277	0.18371466	-0.2024822	-0.13354892	-0.3424242	-0.41596287	0.115462184	-0.2628073	0.29710907	-0.28813192	0.25200412	0.15438022	0.29059732	-0.42239547	0.22848003	-0.1586611	-0.26262715	0.22561158	0.28689808
-0.21026917	-0.41652715	0.23744684	0.99999994	0.24757399	-0.07406952	0.022006566	0.19781815	-0.5023641	-0.054866217	-0.35768366	-0.17251602	0.13827461	-0.31935912	0.22258008	-0.3740569	0.25734523	0.12928405	0.29887527	-0.32367787	0.16343632	-0.29679465	-0.11398825	0.1992337	0.24153973
-0.18494266	-0.34621513	0.27308908	0.24757399	0.9999999	-0.182585	0.078492805	0.231789	-0.20728506	-0.15011147	-0.32438132	-0.43545404	0.1941479	-0.3216125	0.27308714	-0.463509	0.17317794	0.2246121	0.30339295	-0.32539356	0.12598768	-0.35876504	-0.30508384	0.2792854	0.22184658
0.08216905	0.07035311	-0.06618587	-0.07406952	-0.182585	0.99999994	-0.5427382	-0.30182442	0.072022095	0.30295017	0.15941137	-0.03247489	-0.4285476	0.13621229	-0.08037032	0.13810326	0.023096504	-0.4128259	-0.13725106	0.03580867	0.17840005	0.2767295	0.25336748	-0.26415634	0.07453434
-0.082944885	-0.02099886	-0.015895277	0.022006566	0.078492805	-0.5427382	0.9999999	0.22461167	-0.048021402	-0.45291397	-0.11622575	0.0745238	0.27809596	-0.10908059	0.074357376	-0.065541245	-0.114647806	0.27045003	0.019521933	0.034100447	-0.24280128	-0.30604836	-0.31837365	0.20029487	-0.114180796
-0.3048595	-0.26917535	0.18371466	0.19781815	0.231789	-0.30182442	0.22461167	0.9999999	-0.31839997	-0.26771355	-0.35273606	-0.14380492	0.29016772	-0.38566437	0.22212204	-0.17533927	0.15801668	0.2982888	0.20676884	-0.21131895	-0.09784766	-0.42513242	-0.38111094	0.29946953	0.14554437
0.27537322	0.28882477	-0.2024822	-0.5023641	-0.20728506	0.072022095	-0.048021402	-0.31839997	0.9999999	0.10026894	0.28094134	0.19164747	-0.24106827	0.2923864	-0.32089692	0.24616523	-0.45594296	-0.16796947	-0.31312197	0.2546279	-0.066383824	0.19139408	0.18434455	-0.19696723	-0.33514738
0.13051769	0.112985775	-0.13354892	-0.054866217	-0.15011147	0.30295017	-0.45291397	-0.26771355	0.10026894	1.0000001	0.18095133	0.0072123036	-0.45790142	0.14126386	-0.21335554	0.13303101	0.01629363	-0.42853904	-0.0887488	0.07851077	0.15376419	0.26316836	0.288754	-0.36727402	0.016195802
0.28755423	0.3096442	-0.3424242	-0.35768366	-0.32438132	0.15941137	-0.11622575	-0.35273606	0.28094134	0.18095133	1.0	0.24020728	-0.2742551	0.29979038	-0.36839312	0.29264444	-0.3171426	-0.32024208	-0.35198164	0.29963624	-0.15956078	0.26047105	0.2684222	-0.3567682	-0.21748672
0.24977934	0.2770101	-0.41596287	-0.17251602	-0.43545404	-0.03247489	0.0745238	-0.14380492	0.19164747	0.0072123036	0.24020728	0.9999999	-0.053389013	0.21923518	-0.41742155	0.25439498	-0.23097171	-0.10174171	-0.27681005	0.28755343	-0.3326988	0.10897975	0.16218244	-0.1908022	-0.4219321
-0.1942104	-0.18347558	0.115462184	0.13827461	0.1941479	-0.4285476	0.27809596	0.29016772	-0.24106827	-0.45790142	-0.2742551	-0.053389013	0.9999998	-0.1933398	0.18049718	-0.24890804	0.088576384	0.31458804	0.15966932	-0.12289315	-0.17927043	-0.40059575	-0.3193151	0.2807589	0.022979595
0.284166	0.29566374	-0.2628073	-0.31935912	-0.3216125	0.13621229	-0.10908059	-0.38566437	0.2923864	0.14126386	0.29979038	0.21923518	-0.1933398	0.99999976	-0.23293814	0.25677136	-0.4028718	-0.24730113	-0.34002966	0.28407553	-0.07563114	0.23815672	0.24664162	-0.38295546	-0.3794913
-0.42412046	-0.31600013	0.29710907	0.22258008	0.27308714	-0.08037032	0.074357376	0.22212204	-0.32089692	-0.21335554	-0.36839312	-0.41742155	0.18049718	-0.23293814	0.9999999	-0.39793235	0.23080757	0.20705417	0.27425304	-0.2921316	0.13831404	-0.16386722	-0.37518612	0.24793409	0.26008776
0.22908196	0.28971457	-0.28813192	-0.3740569	-0.463509	0.13810326	-0.065541245	-0.17533927	0.24616523	0.13303101	0.29264444	0.25439498	-0.24890804	0.25677136	-0.39793235	0.99999976	-0.17601198	-0.2326726	-0.49746084	0.283765	-0.13949837	0.24035442	0.23506868	-0.3074304	-0.23756292
-0.4482522	-0.33788198	0.25200412	0.25734523	0.17317794	0.023096504	-0.114647806	0.15801668	-0.45594296	0.01629363	-0.3171426	-0.23097171	0.088576384	-0.4028718	0.23080757	-0.17601198	0.99999964	0.068659015	0.24228941	-0.33327672	0.18045112	-0.062094465	-0.10169388	0.14361182	0.29874006
-0.19803983	-0.21165408	0.15438022	0.12928405	0.2246121	-0.4128259	0.27045003	0.2982888	-0.16796947	-0.42853904	-0.32024208	-0.10174171	0.31458804	-0.24730113	0.20705417	-0.2326726	0.068659015	0.9999996	0.18473119	-0.21765387	-0.15639436	-0.333622	-0.41469267	0.3059659	0.06393682
-0.26430708	-0.37801343	0.29059732	0.29887527	0.30339295	-0.13725106	0.019521933	0.20676884	-0.31312197	-0.0887488	-0.35198164	-0.27681005	0.15966932	-0.34002966	0.27425304	-0.49746084	0.24228941	0.18473119	0.9999997	-0.42276478	0.18276627	-0.26356247	-0.23622908	0.25302207	0.2561445
0.27605107	0.31931168	-0.42239547	-0.32367787	-0.32539356	0.03580867	0.034100447	-0.21131895	0.2546279	0.07851077	0.29963624	0.28755343	-0.12289315	0.28407553	-0.2921316	0.283765	-0.33327672	-0.21765387	-0.42276478	0.99999946	-0.28656992	0.18317129	0.19612014	-0.32859436	-0.34638143
-0.16503423	-0.23709226	0.22848003	0.16343632	0.12598768	0.17840005	-0.24280128	-0.09784766	-0.066383824	0.15376419	-0.15956078	-0.3326988	-0.17927043	-0.07563114	0.13831404	-0.13949837	0.18045112	-0.15639436	0.18276627	-0.28656992	0.9999995	0.04204378	0.045961462	-0.008096092	0.2327859
0.16871805	0.20423281	-0.1586611	-0.29679465	-0.35876504	0.2767295	-0.30604836	-0.42513242	0.19139408	0.26316836	0.26047105	0.10897975	-0.40059575	0.23815672	-0.16386722	0.24035442	-0.062094465	-0.333622	-0.26356247	0.18317129	0.04204378	0.9999994	0.2814099	-0.42662638	-0.07222772
0.23444003	0.21017766	-0.26262715	-0.11398825	-0.30508384	0.25336748	-0.31837365	-0.38111094	0.18434455	0.288754	0.2684222	0.16218244	-0.3193151	0.24664162	-0.37518612	0.23506868	-0.10169388	-0.41469267	-0.23622908	0.19612014	0.045961462	0.2814099	0.9999995	-0.40941224	-0.16392842
-0.23132893	-0.24212481	0.22561158	0.1992337	0.2792854	-0.26415634	0.20029487	0.29946953	-0.19696723	-0.36727402	-0.3567682	-0.1908022	0.2807589	-0.38295546	0.24793409	-0.3074304	0.14361182	0.3059659	0.25302207	-0.32859436	-0.008096092	-0.42662638	-0.40941224	0.9999995	0.14735094
-0.40131268	-0.37656674	0.28689808	0.24153973	0.22184658	0.07453434	-0.114180796	0.14554437	-0.33514738	0.016195802	-0.21748672	-0.4219321	0.022979595	-0.3794913	0.26008776	-0.23756292	0.29874006	0.06393682	0.2561445	-0.34638143	0.2327859	-0.07222772	-0.16392842	0.14735094	0.9999995
