0.99999994	0.22810498	0.22541837	-0.2783241	-0.42341298	0.23724094	0.01022172	-0.15996137	-0.17646383	-0.30531952	0.27189508	0.28974664	-0.061429966	-0.2885217	-0.30742455	-0.34772098	-0.43870872	0.25621942	-0.4446863	0.26452053	0.23206998	0.27540907	-0.33094105	0.21979001	-0.23967674
0.22810498	0.99999994	0.17283802	-0.3284441	-0.2408488	0.09912606	-0.2156892	-0.44303957	-0.16807175	-0.2260388	0.22302106	0.2733404	0.12949273	-0.17989981	-0.2792548	-0.49962658	-0.25791606	0.25762162	-0.16987191	0.29531527	0.14167559	0.22053038	-0.18090437	0.1801673	-0.22008948
0.22541837	0.17283802	1.0000001	-0.5562405	-0.25657913	0.21239065	0.14421922	-0.07582673	-0.28423354	-0.3512468	0.2469573	0.19094825	-0.21940032	-0.17461093	-0.27240798	-0.4013775	-0.30879298	0.16938885	-0.16135497	0.114392824	0.0055468897	0.21254641	-0.21423322	0.28692988	0.0386216
-0.2783241	-0.3284441	-0.5562405	1.0000002	0.2439208	-0.17462431	-0.08844904	0.14731999	0.25389355	0.27334633	-0.3446552	-0.29772153	0.091226414	0.2111728	0.26240343	0.30759776	0.27358878	-0.24695238	0.17777209	-0.19849677	-0.019654032	-0.27202177	0.21188793	-0.3599854	0.017830357
-0.42341298	-0.2408488	-0.25657913	0.2439208	1.0000002	-0.3609396	-0.059792038	0.16019002	0.2509393	0.26754606	-0.3271861	-0.29640692	0.07921681	0.25538588	0.30199054	0.25952572	0.30534378	-0.2217855	0.3016354	-0.26665717	-0.31048805	-0.42328435	0.2730338	-0.3341762	0.16754538
0.23724094	0.09912606	0.21239065	-0.17462431	-0.3609396	1.0000002	0.13767809	-0.101137884	-0.3788666	-0.23684111	0.25723794	0.21359347	-0.1321582	-0.35285422	-0.4393804	-0.15106672	-0.32067353	0.19680601	-0.37352774	0.13063274	0.10829668	0.2282981	-0.37540635	0.27022028	0.012230677
0.01022172	-0.2156892	0.14421922	-0.08844904	-0.059792038	0.13767809	1.0000004	0.2252674	-0.040806618	0.04557849	-0.029090468	-0.09737043	-0.6500153	0.0704147	-0.046404935	-0.041252065	-0.045159712	-0.15836054	-0.026035853	-0.17745718	-0.03036757	-0.029374208	-0.18564425	0.08132674	0.106893696
-0.15996137	-0.44303957	-0.07582673	0.14731999	0.16019002	-0.101137884	0.2252674	1.0000001	0.19144195	0.22689381	-0.30212468	-0.3259552	-0.3301889	0.2399819	0.21872035	0.1990643	0.20766832	-0.40205845	0.18802914	-0.38291863	-0.17519148	-0.21981394	0.08612725	-0.20275117	0.18319553
-0.17646383	-0.16807175	-0.28423354	0.25389355	0.2509393	-0.3788666	-0.040806618	0.19144195	1.0000001	0.29679522	-0.35525614	-0.2815046	0.013188314	0.2786723	0.29363614	0.21462181	0.25394842	-0.29288697	0.21387492	-0.16682321	-0.045060404	-0.40804732	0.18573752	-0.5099652	-0.026758134
-0.30531952	-0.2260388	-0.3512468	0.27334633	0.26754606	-0.23684111	0.04557849	0.22689381	0.29679522	1.0000002	-0.4526149	-0.21974735	-0.06614302	0.2932905	0.2847414	0.25147492	0.27980572	-0.38828138	0.2410889	-0.2117347	-0.11111861	-0.45604116	0.16577245	-0.38204336	0.069805555
0.27189508	0.22302106	0.2469573	-0.3446552	-0.3271861	0.25723794	-0.029090468	-0.30212468	-0.35525614	-0.4526149	1.0000002	0.27376473	0.028449798	-0.44401783	-0.34124622	-0.26204848	-0.3750204	0.30480137	-0.31493363	0.21782978	0.12146737	0.30164698	-0.19602805	0.29278642	-0.069445014
0.28974664	0.2733404	0.19094825	-0.29772153	-0.29640692	0.21359347	-0.09737043	-0.3259552	-0.2815046	-0.21974735	0.27376473	1.0000004	0.043666877	-0.37248316	-0.31979603	-0.30954084	-0.39420596	0.2908368	-0.29088876	0.29933766	0.21602045	0.27125382	-0.39161405	0.21793763	-0.2628195
-0.061429966	0.12949273	-0.21940032	0.091226414	0.07921681	-0.1321582	-0.6500153	-0.3301889	0.013188314	-0.06614302	0.028449798	0.043666877	1.0000005	-0.09756699	0.012549749	0.031054616	0.04664137	0.11898106	0.00662474	0.12142179	-0.033174943	0.02480763	0.14749548	-0.08458411	-0.08104461
-0.2885217	-0.17989981	-0.17461093	0.2111728	0.25538588	-0.35285422	0.0704147	0.2399819	0.2786723	0.2932905	-0.44401783	-0.37248316	-0.09756699	1.0000005	0.28188896	0.20020935	0.27971303	-0.47936505	0.2704922	-0.1736317	-0.16781107	-0.37459293	0.19462138	-0.25532314	0.10514852
-0.30742455	-0.2792548	-0.27240798	0.26240343	0.30199054	-0.4393804	-0.046404935	0.21872035	0.29363614	0.2847414	-0.34124622	-0.31979603	0.012549749	0.28188896	1.0000002	0.27163637	0.3113533	-0.31545883	0.2881977	-0.32570454	-0.18537718	-0.3101724	0.26690373	-0.39010996	0.096735135
-0.34772098	-0.49962658	-0.4013775	0.30759776	0.25952572	-0.15106672	-0.041252065	0.1990643	0.21462181	0.25147492	-0.26204848	-0.30954084	0.031054616	0.20020935	0.27163637	1.0	0.28535056	-0.25354075	0.20938456	-0.33047217	-0.10403689	-0.26112595	0.23670487	-0.30616313	0.11665807
-0.43870872	-0.25791606	-0.30879298	0.27358878	0.30534378	-0.32067353	-0.045159712	0.20766832	0.25394842	0.27980572	-0.3750204	-0.39420596	0.04664137	0.27971303	0.3113533	0.28535056	1.0000001	-0.35950276	0.29238957	-0.3487979	-0.19820222	-0.31255552	0.27447307	-0.27323976	0.15100867
0.25621942	0.25762162	0.16938885	-0.24695238	-0.2217855	0.19680601	-0.15836054	-0.40205845	-0.29288697	-0.38828138	0.30480137	0.2908368	0.11898106	-0.47936505	-0.31545883	-0.25354075	-0.35950276	1.0	-0.2998362	0.26168934	0.18417206	0.2897616	-0.15216385	0.22485602	-0.21252523
-0.4446863	-0.16987191	-0.16135497	0.17777209	0.3016354	-0.37352774	-0.026035853	0.18802914	0.21387492	0.2410889	-0.31493363	-0.29088876	0.00662474	0.2704922	0.2881977	0.20938456	0.29238957	-0.2998362	0.9999999	-0.278181	-0.4329236	-0.28127748	0.2645144	-0.22671716	0.18362753
0.26452053	0.29531527	0.114392824	-0.19849677	-0.26665717	0.13063274	-0.17745718	-0.38291863	-0.16682321	-0.2117347	0.21782978	0.29933766	0.12142179	-0.1736317	-0.32570454	-0.33047217	-0.3487979	0.26168934	-0.278181	1.0	0.23694637	0.24123889	-0.29939234	0.1537038	-0.39174798
0.23206998	0.14167559	0.0055468897	-0.019654032	-0.31048805	0.10829668	-0.03036757	-0.17519148	-0.045060404	-0.11111861	0.12146737	0.21602045	-0.033174943	-0.16781107	-0.18537718	-0.10403689	-0.19820222	0.18417206	-0.4329236	0.23694637	0.9999997	0.19375435	-0.2342552	0.020031258	-0.57120717
0.27540907	0.22053038	0.21254641	-0.27202177	-0.42328435	0.2282981	-0.029374208	-0.21981394	-0.40804732	-0.45604116	0.30164698	0.27125382	0.02480763	-0.37459293	-0.3101724	-0.26112595	-0.31255552	0.2897616	-0.28127748	0.24123889	0.19375435	0.9999997	-0.17152883	0.2576777	-0.25278515
-0.33094105	-0.18090437	-0.21423322	0.21188793	0.2730338	-0.37540635	-0.18564425	0.08612725	0.18573752	0.16577245	-0.19602805	-0.39161405	0.14749548	0.19462138	0.26690373	0.23670487	0.27447307	-0.15216385	0.2645144	-0.29939234	-0.2342552	-0.17152883	0.9999997	-0.19909574	0.13174029
0.21979001	0.1801673	0.28692988	-0.3599854	-0.3341762	0.27022028	0.08132674	-0.20275117	-0.5099652	-0.38204336	0.29278642	0.21793763	-0.08458411	-0.25532314	-0.39010996	-0.30616313	-0.27323976	0.22485602	-0.22671716	0.1537038	0.020031258	0.2576777	-0.19909574	0.99999976	0.04777339
-0.23967674	-0.22008948	0.0386216	0.017830357	0.16754538	0.012230677	0.106893696	0.18319553	-0.026758134	0.069805555	-0.069445014	-0.2628195	-0.08104461	0.10514852	0.096735135	0.11665807	0.15100867	-0.21252523	0.18362753	-0.39174798	-0.57120717	-0.25278515	0.13174029	0.04777339	0.99999976
