1.0	-0.10830015	0.087483495	-0.083391346	0.05387454	-0.88746446	0.12809305	-0.11146609	0.06803708	-0.068660386	0.23734778	-0.13947254	0.09252423	-0.0869048	0.051584426	-0.18671939	0.13567457	-0.094463244	0.07199131	-0.051181003	0.14577577	-0.09611481	0.11630823	-0.049550585	0.040859383
-0.10830015	0.99999976	-0.61050814	0.21991038	-0.11316702	0.09255993	-0.6414352	0.2422006	-0.18129185	0.12301116	-0.14339136	0.21003938	-0.1479136	0.11123289	-0.06712825	0.11376571	-0.1852793	0.121740304	-0.09756211	0.06312958	-0.12640038	0.090396866	-0.11610434	0.05417545	-0.04691549
0.087483495	-0.61050814	0.9999996	-0.47342974	0.1595386	-0.07660639	0.29007024	-0.43306598	0.26458296	-0.18667947	0.122950956	-0.18092461	0.14729966	-0.12106557	0.07277185	-0.10097411	0.15090685	-0.12701498	0.099869825	-0.06943778	0.11528057	-0.08228712	0.10646629	-0.058270156	0.04946452
-0.083391346	0.21991038	-0.47342974	0.9999997	-0.3170861	0.069077685	-0.252319	0.3110677	-0.65145165	0.228743	-0.119912274	0.14435753	-0.13327377	0.106249325	-0.070513174	0.09421449	-0.14458361	0.109470256	-0.09294254	0.06442985	-0.114032514	0.07884715	-0.105885714	0.053614914	-0.04686301
0.05387454	-0.11316702	0.1595386	-0.3170861	0.99999994	-0.04443703	0.12795483	-0.16703272	0.17899872	-0.89592886	0.07854223	-0.08863001	0.08303334	-0.080173925	0.07716328	-0.06207066	0.090062454	-0.074447915	0.068204045	-0.06906088	0.07840008	-0.053768054	0.07364488	-0.051817235	0.04356144
-0.88746446	0.09255993	-0.07660639	0.069077685	-0.04443703	1.0	-0.12723202	0.09229873	-0.057338092	0.055609997	-0.3354419	0.12466669	-0.08145547	0.07296563	-0.04327134	0.17100222	-0.1281313	0.080861926	-0.061893575	0.04256024	-0.14007065	0.08674874	-0.10565699	0.040503897	-0.033812582
0.12809305	-0.6414352	0.29007024	-0.252319	0.12795483	-0.12723202	0.99999994	-0.33835578	0.1897827	-0.16090824	0.17640546	-0.43317437	0.19881462	-0.15951884	0.0894712	-0.15156128	0.2305213	-0.17503567	0.13006032	-0.08684048	0.15475537	-0.11599774	0.14119597	-0.07434254	0.062458564
-0.11146609	0.2422006	-0.43306598	0.3110677	-0.16703272	0.09229873	-0.33835578	0.9999999	-0.62563825	0.16423602	-0.16509049	0.20537786	-0.26340783	0.16119091	-0.0965883	0.13009124	-0.20583342	0.17290893	-0.14320187	0.088497184	-0.15623797	0.108891	-0.14576486	0.0727182	-0.06435518
0.06803708	-0.18129185	0.26458296	-0.65145165	0.17899872	-0.057338092	0.1897827	-0.62563825	0.9999999	-0.20102929	0.10026083	-0.13136576	0.14079575	-0.11565258	0.0680769	-0.080796845	0.1232117	-0.115932204	0.09312182	-0.06373996	0.09600932	-0.06761662	0.08954147	-0.051178027	0.04396517
-0.068660386	0.12301116	-0.18667947	0.228743	-0.89592886	0.055609997	-0.16090824	0.16423602	-0.20102929	0.9999998	-0.0998241	0.105505124	-0.097194195	0.09088959	-0.096415445	0.077435024	-0.113045655	0.08577075	-0.080770016	0.07819602	-0.09981352	0.067371525	-0.09379379	0.058678333	-0.051397204
0.23734778	-0.14339136	0.122950956	-0.119912274	0.07854223	-0.3354419	0.17640546	-0.16509049	0.10026083	-0.0998241	0.99999934	-0.3004408	0.16419622	-0.1506408	0.085168295	-0.6549993	0.27295384	-0.17221172	0.123884395	-0.085012265	0.27465478	-0.18701717	0.19658184	-0.08033242	0.06586885
-0.13947254	0.21003938	-0.18092461	0.14435753	-0.08863001	0.12466669	-0.43317437	0.20537786	-0.13136576	0.105505124	-0.3004408	0.99999917	-0.41084164	0.20494346	-0.1096508	0.23428868	-0.5898745	0.24970894	-0.18382537	0.10355604	-0.22296265	0.17651816	-0.2048237	0.082833424	-0.071491726
0.09252423	-0.1479136	0.14729966	-0.13327377	0.08303334	-0.08145547	0.19881462	-0.26340783	0.14079575	-0.097194195	0.16419622	-0.41084164	0.9999991	-0.48116335	0.16394462	-0.14608297	0.2560194	-0.60495216	0.29710886	-0.1615134	0.14973345	-0.11904264	0.14427389	-0.10704611	0.09109953
-0.0869048	0.11123289	-0.12106557	0.106249325	-0.080173925	0.07296563	-0.15951884	0.16119091	-0.11565258	0.09088959	-0.1506408	0.20494346	-0.48116335	0.99999917	-0.36957705	0.124705836	-0.21730164	0.3120342	-0.63564944	0.24700058	-0.14302652	0.10602665	-0.13850552	0.14058988	-0.13243638
0.051584426	-0.06712825	0.07277185	-0.070513174	0.07716328	-0.04327134	0.0894712	-0.0965883	0.0680769	-0.096415445	0.085168295	-0.1096508	0.16394462	-0.36957705	0.99999887	-0.0714589	0.111915655	-0.17218323	0.24329036	-0.8138389	0.08542627	-0.062267747	0.082954176	-0.2683398	0.21571161
-0.18671939	0.11376571	-0.10097411	0.09421449	-0.06207066	0.17100222	-0.15156128	0.13009124	-0.080796845	0.077435024	-0.6549993	0.23428868	-0.14608297	0.124705836	-0.0714589	0.999999	-0.4189611	0.15193155	-0.11040193	0.070323594	-0.4750902	0.21398899	-0.21960233	0.064698145	-0.05390558
0.13567457	-0.1852793	0.15090685	-0.14458361	0.090062454	-0.1281313	0.2305213	-0.20583342	0.1232117	-0.113045655	0.27295384	-0.5898745	0.2560194	-0.21730164	0.111915655	-0.4189611	0.99999917	-0.3261213	0.18512203	-0.11291138	0.2657135	-0.30033728	0.23607743	-0.09377793	0.07760888
-0.094463244	0.121740304	-0.12701498	0.109470256	-0.074447915	0.080861926	-0.17503567	0.17290893	-0.115932204	0.08577075	-0.17221172	0.24970894	-0.60495216	0.3120342	-0.17218323	0.15193155	-0.3261213	0.99999905	-0.5662879	0.1633089	-0.16334644	0.13100977	-0.16806744	0.105882876	-0.09640281
0.07199131	-0.09756211	0.099869825	-0.09294254	0.068204045	-0.061893575	0.13006032	-0.14320187	0.09312182	-0.080770016	0.123884395	-0.18382537	0.29710886	-0.63564944	0.24329036	-0.11040193	0.18512203	-0.5662879	0.99999917	-0.31464228	0.12053337	-0.09429004	0.118498474	-0.15677883	0.13240138
-0.051181003	0.06312958	-0.06943778	0.06442985	-0.06906088	0.04256024	-0.08684048	0.088497184	-0.06373996	0.07819602	-0.085012265	0.10355604	-0.1615134	0.24700058	-0.8138389	0.070323594	-0.11291138	0.1633089	-0.31464228	0.9999991	-0.08503076	0.061504457	-0.082800075	0.2335239	-0.31842902
0.14577577	-0.12640038	0.11528057	-0.114032514	0.07840008	-0.14007065	0.15475537	-0.15623797	0.09600932	-0.09981352	0.27465478	-0.22296265	0.14973345	-0.14302652	0.08542627	-0.4750902	0.2657135	-0.16334644	0.12053337	-0.08503076	0.99999934	-0.5186202	0.30680615	-0.08685861	0.07072047
-0.09611481	0.090396866	-0.08228712	0.07884715	-0.053768054	0.08674874	-0.11599774	0.108891	-0.06761662	0.067371525	-0.18701717	0.17651816	-0.11904264	0.10602665	-0.062267747	0.21398899	-0.30033728	0.13100977	-0.09429004	0.061504457	-0.5186202	0.9999993	-0.72600716	0.060659107	-0.050197665
0.11630823	-0.11610434	0.10646629	-0.105885714	0.07364488	-0.10565699	0.14119597	-0.14576486	0.08954147	-0.09379379	0.19658184	-0.2048237	0.14427389	-0.13850552	0.082954176	-0.21960233	0.23607743	-0.16806744	0.118498474	-0.082800075	0.30680615	-0.72600716	0.9999991	-0.087828636	0.07085059
-0.049550585	0.05417545	-0.058270156	0.053614914	-0.051817235	0.040503897	-0.07434254	0.0727182	-0.051178027	0.058678333	-0.08033242	0.082833424	-0.10704611	0.14058988	-0.2683398	0.064698145	-0.09377793	0.105882876	-0.15677883	0.2335239	-0.08685861	0.060659107	-0.087828636	0.99999917	-0.9043616
0.040859383	-0.04691549	0.04946452	-0.04686301	0.04356144	-0.033812582	0.062458564	-0.06435518	0.04396517	-0.051397204	0.06586885	-0.071491726	0.09109953	-0.13243638	0.21571161	-0.05390558	0.07760888	-0.09640281	0.13240138	-0.31842902	0.07072047	-0.050197665	0.07085059	-0.9043616	0.99999917
