1.0	-0.7347103	0.19849409	-0.16820465	0.098812304	-0.49425614	0.22417401	-0.19512406	0.13405435	-0.08519695	0.23702937	-0.21412158	0.16402027	-0.113795266	0.084978856	-0.16621336	0.14094757	-0.128299	0.11539014	-0.045733847	0.120097294	-0.09857493	0.0871139	-0.10540655	0.068025984
-0.7347103	1.0000002	-0.3109252	0.18699048	-0.11790656	0.27405363	-0.36104962	0.23005952	-0.16229081	0.09867828	-0.25246638	0.22767098	-0.20126279	0.12951937	-0.09879539	0.1582495	-0.1614436	0.13784158	-0.13522336	0.05274212	-0.136289	0.10637838	-0.09699022	0.11355845	-0.07861745
0.19849409	-0.3109252	1.0	-0.55499446	0.19131573	-0.19559667	0.2631318	-0.5860606	0.25815994	-0.16534093	0.16273513	-0.26536366	0.24023467	-0.18721671	0.13847253	-0.14449514	0.14577572	-0.17109935	0.17050059	-0.07438487	0.11779846	-0.10528031	0.11446938	-0.14735751	0.107131265
-0.16820465	0.18699048	-0.55499446	0.9999999	-0.39909717	0.15744957	-0.20888308	0.27773345	-0.48566946	0.25528017	-0.15813553	0.20822152	-0.271372	0.2320358	-0.20324244	0.13747133	-0.1551824	0.17823271	-0.22838673	0.105391175	-0.12598234	0.10899825	-0.12940651	0.1604403	-0.15125471
0.098812304	-0.11790656	0.19131573	-0.39909717	0.99999964	-0.11104322	0.12699412	-0.17810011	0.276364	-0.7447425	0.103635475	-0.14880435	0.17120036	-0.18040417	0.23858723	-0.10282491	0.110186115	-0.14329883	0.15742451	-0.13406603	0.08896667	-0.0820864	0.09879925	-0.13315983	0.15868554
-0.49425614	0.27405363	-0.19559667	0.15744957	-0.11104322	0.99999946	-0.24144945	0.1780483	-0.15004002	0.09321553	-0.6517315	0.20353012	-0.19141127	0.12670442	-0.099230744	0.2491226	-0.22342078	0.15513611	-0.14189617	0.053184107	-0.19896808	0.1431964	-0.11170037	0.12407495	-0.08021508
0.22417401	-0.36104962	0.2631318	-0.20888308	0.12699412	-0.24144945	0.99999946	-0.52024907	0.19174577	-0.11211822	0.18550873	-0.6223215	0.2693229	-0.163496	0.1053519	-0.14658503	0.15016685	-0.15852086	0.14970863	-0.056764018	0.11778928	-0.103645876	0.10493238	-0.12975799	0.082963355
-0.19512406	0.23005952	-0.5860606	0.27773345	-0.17810011	0.1780483	-0.52024907	0.9999993	-0.32189658	0.15239133	-0.16779913	0.28842276	-0.3439198	0.19887851	-0.13390884	0.13693194	-0.15025212	0.16847856	-0.18362056	0.07110475	-0.11931711	0.10369482	-0.11600454	0.14227179	-0.10294019
0.13405435	-0.16229081	0.25815994	-0.48566946	0.276364	-0.15004002	0.19174577	-0.32189658	0.9999996	-0.4019069	0.13896886	-0.22751096	0.2666519	-0.4907852	0.19978403	-0.13878009	0.1508074	-0.2141808	0.25992355	-0.10905943	0.119265586	-0.11299149	0.1445036	-0.20309958	0.14235927
-0.08519695	0.09867828	-0.16534093	0.25528017	-0.7447425	0.09321553	-0.11211822	0.15239133	-0.4019069	0.99999934	-0.08991512	0.12784898	-0.16269	0.1798016	-0.35502464	0.08771572	-0.097185515	0.12601674	-0.15948851	0.14911538	-0.07805875	0.07143631	-0.08971333	0.119086325	-0.18066904
0.23702937	-0.25246638	0.16273513	-0.15813553	0.103635475	-0.6517315	0.18550873	-0.16779913	0.13896886	-0.08991512	0.99999905	-0.22607388	0.17773773	-0.12681179	0.09523074	-0.52091444	0.22934793	-0.1756015	0.13711894	-0.051655546	0.20895916	-0.17021187	0.11812729	-0.13748257	0.07758215
-0.21412158	0.22767098	-0.26536366	0.20822152	-0.14880435	0.20353012	-0.6223215	0.28842276	-0.22751096	0.12784898	-0.22607388	0.99999946	-0.5269359	0.20573609	-0.12735315	0.16866592	-0.20601015	0.19620231	-0.19748333	0.06823442	-0.14797968	0.12843396	-0.13326317	0.15563966	-0.10038313
0.16402027	-0.20126279	0.24023467	-0.271372	0.17120036	-0.19141127	0.2693229	-0.3439198	0.2666519	-0.16269	0.17773773	-0.5269359	0.9999995	-0.4387636	0.15527427	-0.18169321	0.20216672	-0.3532172	0.2731543	-0.08615581	0.15110454	-0.14851265	0.19194607	-0.25017127	0.12235938
-0.113795266	0.12951937	-0.18721671	0.2320358	-0.18040417	0.12670442	-0.163496	0.19887851	-0.4907852	0.1798016	-0.12681179	0.20573609	-0.4387636	0.9999989	-0.17432827	0.12783761	-0.15337722	0.22888091	-0.61191374	0.092079416	-0.11784321	0.11149919	-0.1710915	0.22449563	-0.12215998
0.084978856	-0.09879539	0.13847253	-0.20324244	0.23858723	-0.099230744	0.1053519	-0.13390884	0.19978403	-0.35502464	0.09523074	-0.12735315	0.15527427	-0.17432827	0.99999875	-0.097758144	0.10665911	-0.14073376	0.1546154	-0.57002485	0.08666531	-0.08041203	0.09981133	-0.13797405	0.31827816
-0.16621336	0.1582495	-0.14449514	0.13747133	-0.10282491	0.2491226	-0.14658503	0.13693194	-0.13878009	0.08771572	-0.52091444	0.16866592	-0.18169321	0.12783761	-0.097758144	0.99999887	-0.5058339	0.20917316	-0.15950933	0.053197823	-0.4953124	0.28175876	-0.15652615	0.15371957	-0.080622576
0.14094757	-0.1614436	0.14577572	-0.1551824	0.110186115	-0.22342078	0.15016685	-0.15025212	0.1508074	-0.097185515	0.22934793	-0.20601015	0.20216672	-0.15337722	0.10665911	-0.5058339	0.99999887	-0.41483894	0.18849695	-0.059290938	0.3148494	-0.5423825	0.21997239	-0.22039501	0.088871494
-0.128299	0.13784158	-0.17109935	0.17823271	-0.14329883	0.15513611	-0.15852086	0.16847856	-0.2141808	0.12601674	-0.1756015	0.19620231	-0.3532172	0.22888091	-0.14073376	0.20917316	-0.41483894	0.99999857	-0.38407546	0.07916166	-0.2192643	0.22291617	-0.56720036	0.31190085	-0.11813775
0.11539014	-0.13522336	0.17050059	-0.22838673	0.15742451	-0.14189617	0.14970863	-0.18362056	0.25992355	-0.15948851	0.13711894	-0.19748333	0.2731543	-0.61191374	0.1546154	-0.15950933	0.18849695	-0.38407546	0.9999987	-0.09539856	0.14231806	-0.14864852	0.25199208	-0.4650257	0.12555274
-0.045733847	0.05274212	-0.07438487	0.105391175	-0.13406603	0.053184107	-0.056764018	0.07110475	-0.10905943	0.14911538	-0.051655546	0.06823442	-0.08615581	0.092079416	-0.57002485	0.053197823	-0.059290938	0.07916166	-0.09539856	0.9999986	-0.0480737	0.044756107	-0.060701285	0.08457939	-0.74335694
0.120097294	-0.136289	0.11779846	-0.12598234	0.08896667	-0.19896808	0.11778928	-0.11931711	0.119265586	-0.07805875	0.20895916	-0.14797968	0.15110454	-0.11784321	0.08666531	-0.4953124	0.3148494	-0.2192643	0.14231806	-0.0480737	0.9999986	-0.71439016	0.1731188	-0.18015113	0.07246127
-0.09857493	0.10637838	-0.10528031	0.10899825	-0.0820864	0.1431964	-0.103645876	0.10369482	-0.11299149	0.07143631	-0.17021187	0.12843396	-0.14851265	0.11149919	-0.08041203	0.28175876	-0.5423825	0.22291617	-0.14864852	0.044756107	-0.71439016	0.9999987	-0.23525004	0.17528994	-0.06762358
0.0871139	-0.09699022	0.11446938	-0.12940651	0.09879925	-0.11170037	0.10493238	-0.11600454	0.1445036	-0.08971333	0.11812729	-0.13326317	0.19194607	-0.1710915	0.09981133	-0.15652615	0.21997239	-0.56720036	0.25199208	-0.060701285	0.1731188	-0.23525004	0.9999987	-0.691462	0.08940479
-0.10540655	0.11355845	-0.14735751	0.1604403	-0.13315983	0.12407495	-0.12975799	0.14227179	-0.20309958	0.119086325	-0.13748257	0.15563966	-0.25017127	0.22449563	-0.13797405	0.15371957	-0.22039501	0.31190085	-0.4650257	0.08457939	-0.18015113	0.17528994	-0.691462	0.9999987	-0.12995902
0.068025984	-0.07861745	0.107131265	-0.15125471	0.15868554	-0.08021508	0.082963355	-0.10294019	0.14235927	-0.18066904	0.07758215	-0.10038313	0.12235938	-0.12215998	0.31827816	-0.080622576	0.088871494	-0.11813775	0.12555274	-0.74335694	0.07246127	-0.06762358	0.08940479	-0.12995902	0.9999987
