1.0000001	-0.76677495	0.30519995	-0.14448331	0.092275076	-0.2177491	0.19863373	-0.22576603	0.09602696	-0.07207861	0.14268641	-0.142724	0.16692333	-0.12385368	0.09159402	-0.11344406	0.13255958	-0.13129261	0.1161358	-0.08413895	0.103820585	-0.110303745	0.099352665	-0.10571915	0.111439385
-0.76677495	1.0	-0.5080117	0.1151457	-0.0732785	0.16701376	-0.21261042	0.19105588	-0.07840541	0.056057826	-0.11969869	0.1174287	-0.14721732	0.09321142	-0.07036149	0.08855338	-0.1063974	0.10027916	-0.08938091	0.06343207	-0.08150532	0.0837945	-0.07659184	0.07856482	-0.0840179
0.30519995	-0.5080117	0.9999998	-0.2597521	0.13803062	-0.17883529	0.1944335	-0.4429805	0.15287341	-0.107594036	0.16362423	-0.17329332	0.24597082	-0.18213548	0.13008402	-0.13616347	0.16644347	-0.1726635	0.16396186	-0.118095614	0.1294558	-0.13892245	0.12988171	-0.14300036	0.15135169
-0.14448331	0.1151457	-0.2597521	0.9999997	-0.42367533	0.08379047	-0.09606739	0.14715374	-0.65739274	0.26877522	-0.09758958	0.09726534	-0.1476384	0.30158886	-0.2670635	0.08730921	-0.11375889	0.12639846	-0.3034947	0.20350173	-0.09209416	0.10250959	-0.11088904	0.17844915	-0.21989445
0.092275076	-0.0732785	0.13803062	-0.42367533	0.9999999	-0.061215464	0.068390734	-0.10643026	0.2701501	-0.73827785	0.07238965	-0.07366132	0.10478125	-0.26602045	0.27797222	-0.06961112	0.08784093	-0.107027516	0.20196159	-0.2716487	0.07270888	-0.0870551	0.09166243	-0.16652995	0.17678268
-0.2177491	0.16701376	-0.17883529	0.08379047	-0.061215464	0.9999998	-0.79319566	0.20623453	-0.0633406	0.04768383	-0.41994256	0.2487774	-0.20213516	0.08419163	-0.063937835	0.17061718	-0.18558499	0.13673745	-0.08661117	0.059455626	-0.13941756	0.12414578	-0.10421926	0.08353108	-0.08575898
0.19863373	-0.21261042	0.1944335	-0.09606739	0.068390734	-0.79319566	0.99999976	-0.29246396	0.07142052	-0.053623635	0.27176878	-0.31043512	0.21475782	-0.095851	0.07108496	-0.1758514	0.18447278	-0.153539	0.0958053	-0.066457614	0.13503711	-0.1366942	0.11132042	-0.09317356	0.094074525
-0.22576603	0.19105588	-0.4429805	0.14715374	-0.10643026	0.20623453	-0.29246396	0.9999998	-0.120037176	0.082585044	-0.24247885	0.24826594	-0.6792161	0.15006769	-0.10800969	0.16388758	-0.22343187	0.19864815	-0.14669538	0.09757324	-0.15812875	0.15094814	-0.15247402	0.12799297	-0.13676837
0.09602696	-0.07840541	0.15287341	-0.65739274	0.2701501	-0.0633406	0.07142052	-0.120037176	0.99999976	-0.33808357	0.07459724	-0.07709899	0.118815534	-0.5524965	0.21357866	-0.0686454	0.0881855	-0.103866965	0.2459097	-0.18261403	0.07161393	-0.082848616	0.08928011	-0.1553777	0.16644026
-0.07207861	0.056057826	-0.107594036	0.26877522	-0.73827785	0.04768383	-0.053623635	0.082585044	-0.33808357	0.99999946	-0.05719204	0.057946842	-0.084030524	0.21978581	-0.45716968	0.054753978	-0.06983452	0.08470055	-0.18731627	0.2338694	-0.057811122	0.06869412	-0.0743155	0.13689832	-0.16454583
0.14268641	-0.11969869	0.16362423	-0.09758958	0.07238965	-0.41994256	0.27176878	-0.24247885	0.07459724	-0.05719204	0.9999996	-0.63051325	0.2431713	-0.10447274	0.077634454	-0.41324738	0.28215677	-0.20780706	0.10800587	-0.07411861	0.21644273	-0.20297845	0.14951514	-0.11201403	0.10874767
-0.142724	0.1174287	-0.17329332	0.09726534	-0.07366132	0.2487774	-0.31043512	0.24826594	-0.07709899	0.057946842	-0.63051325	0.99999964	-0.4222721	0.107815064	-0.07912749	0.25702322	-0.43445906	0.21383359	-0.11178375	0.07468321	-0.20222558	0.18279693	-0.15478237	0.1109675	-0.11071114
0.16692333	-0.14721732	0.24597082	-0.1476384	0.10478125	-0.20213516	0.21475782	-0.6792161	0.118815534	-0.084030524	0.2431713	-0.4222721	0.9999995	-0.18628031	0.10989215	-0.1876568	0.23990051	-0.2932899	0.15526026	-0.10277698	0.16547771	-0.177887	0.17332472	-0.1435303	0.14196528
-0.12385368	0.09321142	-0.18213548	0.30158886	-0.26602045	0.08419163	-0.095851	0.15006769	-0.5524965	0.21978581	-0.10447274	0.107815064	-0.18628031	0.99999934	-0.2899518	0.09531341	-0.12560129	0.14660701	-0.56766236	0.2315027	-0.101470955	0.11565681	-0.13125113	0.22878613	-0.2594346
0.09159402	-0.07036149	0.13008402	-0.2670635	0.27797222	-0.063937835	0.07108496	-0.10800969	0.21357866	-0.45716968	0.077634454	-0.07912749	0.10989215	-0.2899518	0.99999946	-0.07783197	0.09756529	-0.12573457	0.24698082	-0.6721559	0.08204589	-0.10224543	0.110028066	-0.22451824	0.24977037
-0.11344406	0.08855338	-0.13616347	0.08730921	-0.06961112	0.17061718	-0.1758514	0.16388758	-0.0686454	0.054753978	-0.41324738	0.25702322	-0.1876568	0.09531341	-0.07783197	0.99999917	-0.5118463	0.23316588	-0.11201167	0.07542024	-0.6145224	0.27549022	-0.20448823	0.12325459	-0.120776385
0.13255958	-0.1063974	0.16644347	-0.11375889	0.08784093	-0.18558499	0.18447278	-0.22343187	0.0881855	-0.06983452	0.28215677	-0.43445906	0.23990051	-0.12560129	0.09756529	-0.5118463	0.99999917	-0.46277952	0.14205725	-0.096065044	0.28757793	-0.3656614	0.25195193	-0.16165932	0.14777024
-0.13129261	0.10027916	-0.1726635	0.12639846	-0.107027516	0.13673745	-0.153539	0.19864815	-0.103866965	0.08470055	-0.20780706	0.21383359	-0.2932899	0.14660701	-0.12573457	0.23316588	-0.46277952	0.99999934	-0.20663553	0.12522015	-0.28754863	0.29595128	-0.62917095	0.2241678	-0.2195066
0.1161358	-0.08938091	0.16396186	-0.3034947	0.20196159	-0.08661117	0.0958053	-0.14669538	0.2459097	-0.18731627	0.10800587	-0.11178375	0.15526026	-0.56766236	0.24698082	-0.11201167	0.14205725	-0.20663553	0.9999991	-0.36275104	0.11988542	-0.15549248	0.18064778	-0.48643208	0.2973968
-0.08413895	0.06343207	-0.118095614	0.20350173	-0.2716487	0.059455626	-0.066457614	0.09757324	-0.18261403	0.2338694	-0.07411861	0.07468321	-0.10277698	0.2315027	-0.6721559	0.07542024	-0.096065044	0.12522015	-0.36275104	0.9999991	-0.08172563	0.10160425	-0.11740247	0.25130147	-0.46966836
0.103820585	-0.08150532	0.1294558	-0.09209416	0.07270888	-0.13941756	0.13503711	-0.15812875	0.07161393	-0.057811122	0.21644273	-0.20222558	0.16547771	-0.101470955	0.08204589	-0.6145224	0.28757793	-0.28754863	0.11988542	-0.08172563	0.9999986	-0.59290546	0.24244663	-0.14675264	0.12949888
-0.110303745	0.0837945	-0.13892245	0.10250959	-0.0870551	0.12414578	-0.1366942	0.15094814	-0.082848616	0.06869412	-0.20297845	0.18279693	-0.177887	0.11565681	-0.10224543	0.27549022	-0.3656614	0.29595128	-0.15549248	0.10160425	-0.59290546	0.99999857	-0.5413028	0.18950036	-0.18116163
0.099352665	-0.07659184	0.12988171	-0.11088904	0.09166243	-0.10421926	0.11132042	-0.15247402	0.08928011	-0.0743155	0.14951514	-0.15478237	0.17332472	-0.13125113	0.110028066	-0.20448823	0.25195193	-0.62917095	0.18064778	-0.11740247	0.24244663	-0.5413028	0.99999845	-0.34877056	0.20649192
-0.10571915	0.07856482	-0.14300036	0.17844915	-0.16652995	0.08353108	-0.09317356	0.12799297	-0.1553777	0.13689832	-0.11201403	0.1109675	-0.1435303	0.22878613	-0.22451824	0.12325459	-0.16165932	0.2241678	-0.48643208	0.25130147	-0.14675264	0.18950036	-0.34877056	0.9999985	-0.6526698
0.111439385	-0.0840179	0.15135169	-0.21989445	0.17678268	-0.08575898	0.094074525	-0.13676837	0.16644026	-0.16454583	0.10874767	-0.11071114	0.14196528	-0.2594346	0.24977037	-0.120776385	0.14777024	-0.2195066	0.2973968	-0.46966836	0.12949888	-0.18116163	0.20649192	-0.6526698	0.9999985
