1.0000001	-0.7830351	0.07515072	-0.07440633	0.06890005	-0.49998155	0.29202783	-0.10580101	0.09223406	-0.052553058	0.14273101	-0.18249962	0.13654342	-0.086282946	0.09660382	-0.1344054	0.119171284	-0.09510817	0.092361	-0.06395045	0.104360625	-0.08321896	0.075010434	-0.056932267	0.05471868
-0.7830351	1.0000005	-0.08859809	0.08207689	-0.07884299	0.3077773	-0.46542126	0.11634817	-0.10662913	0.05904913	-0.14036106	0.19575511	-0.16416995	0.0947826	-0.110672034	0.122641735	-0.13292198	0.101488575	-0.10284964	0.0694286	-0.11436305	0.08836431	-0.08204083	0.061474293	-0.060064685
0.07515072	-0.08859809	1.0000004	-0.8320112	0.15803714	-0.10676143	0.09985935	-0.39562336	0.2326093	-0.12997745	0.08480216	-0.14851668	0.18768504	-0.17857665	0.1596283	-0.08743054	0.10926323	-0.10375377	0.11112789	-0.08163476	0.09659358	-0.081645794	0.08163146	-0.06626754	0.06561177
-0.07440633	0.08207689	-0.8320112	1.0000005	-0.22727948	0.10188761	-0.098704964	0.26303178	-0.30953124	0.14984387	-0.08654747	0.13700426	-0.19210625	0.18941545	-0.19797331	0.086633585	-0.11679258	0.10741505	-0.12374576	0.08927136	-0.10453674	0.08598308	-0.08917148	0.071515486	-0.07269481
0.06890005	-0.07884299	0.15803714	-0.22727948	1.0000001	-0.107984684	0.090331644	-0.16880575	0.16710551	-0.8167787	0.08682673	-0.1311441	0.13380595	-0.22215968	0.28385863	-0.09415085	0.12176858	-0.12171649	0.13783331	-0.123760775	0.120198466	-0.103825495	0.10876008	-0.09415801	0.09283369
-0.49998155	0.3077773	-0.10676143	0.10188761	-0.107984684	0.9999997	-0.6256663	0.15503877	-0.14567083	0.08052195	-0.29578722	0.267021	-0.22853689	0.1296013	-0.15370303	0.20454904	-0.19957158	0.14576955	-0.14767824	0.09859361	-0.17218001	0.13012925	-0.11907233	0.088244095	-0.086045064
0.29202783	-0.46542126	0.09985935	-0.098704964	0.090331644	-0.6256663	0.9999994	-0.16824411	0.13067825	-0.06941167	0.19817682	-0.461109	0.22266704	-0.12082648	0.12825026	-0.18075943	0.16888572	-0.13372482	0.123934664	-0.08479719	0.13614066	-0.11225238	0.098610535	-0.0755005	0.0720627
-0.10580101	0.11634817	-0.39562336	0.26303178	-0.16880575	0.15503877	-0.16824411	0.99999917	-0.51959246	0.13001373	-0.13676608	0.2422444	-0.5448902	0.2590666	-0.2392115	0.1307274	-0.17613733	0.16211511	-0.17642139	0.11857861	-0.14523876	0.1204012	-0.12225308	0.09684994	-0.097836405
0.09223406	-0.10662913	0.2326093	-0.30953124	0.16710551	-0.14567083	0.13067825	-0.51959246	0.99999917	-0.15331265	0.11677255	-0.20572151	0.24662814	-0.6255308	0.26009136	-0.12335325	0.15626878	-0.1630827	0.18222684	-0.13146412	0.13618352	-0.11912478	0.12095973	-0.102646284	0.1011595
-0.052553058	0.05904913	-0.12997745	0.14984387	-0.8167787	0.08052195	-0.06941167	0.13001373	-0.15331265	0.9999991	-0.06720961	0.0994129	-0.10850747	0.18912712	-0.45417848	0.071672544	-0.09743466	0.09713253	-0.119029954	0.11013815	-0.09430699	0.08127059	-0.090775594	0.07782175	-0.08411114
0.14273101	-0.14036106	0.08480216	-0.08654747	0.08682673	-0.29578722	0.19817682	-0.13676608	0.11677255	-0.06720961	0.9999991	-0.31838727	0.18497446	-0.11521323	0.12496478	-0.81035215	0.21977027	-0.16618998	0.13736847	-0.09644757	0.1917011	-0.16103351	0.11670083	-0.0899944	0.08149056
-0.18249962	0.19575511	-0.14851668	0.13700426	-0.1311441	0.267021	-0.461109	0.2422444	-0.20572151	0.0994129	-0.31838727	0.9999989	-0.58317494	0.17458282	-0.18985882	0.22689465	-0.30269587	0.20186841	-0.18499777	0.12114164	-0.19195047	0.15861213	-0.14078082	0.106702074	-0.10322443
0.13654342	-0.16416995	0.18768504	-0.19210625	0.13380595	-0.22853689	0.22266704	-0.5448902	0.24662814	-0.10850747	0.18497446	-0.58317494	0.99999887	-0.24198869	0.19263332	-0.18929642	0.21624939	-0.23465052	0.18288063	-0.12408341	0.16180864	-0.14387602	0.13222083	-0.10574982	0.100984335
-0.086282946	0.0947826	-0.17857665	0.18941545	-0.22215968	0.1296013	-0.12082648	0.2590666	-0.6255308	0.18912712	-0.11521323	0.17458282	-0.24198869	0.9999988	-0.5281092	0.11793761	-0.17312486	0.17867209	-0.2774446	0.16986902	-0.14989868	0.12994163	-0.14410649	0.123430125	-0.13114487
0.09660382	-0.110672034	0.1596283	-0.19797331	0.28385863	-0.15370303	0.12825026	-0.2392115	0.26009136	-0.45417848	0.12496478	-0.18985882	0.19263332	-0.5281092	0.99999875	-0.13645262	0.18112288	-0.19077861	0.22849955	-0.26620778	0.17371397	-0.15625687	0.17080896	-0.15942201	0.16579875
-0.1344054	0.122641735	-0.08743054	0.086633585	-0.09415085	0.20454904	-0.18075943	0.1307274	-0.12335325	0.071672544	-0.81035215	0.22689465	-0.18929642	0.11793761	-0.13645262	0.99999875	-0.31385016	0.17865828	-0.15747915	0.10554361	-0.27451035	0.18381006	-0.13438693	0.09962523	-0.09145201
0.119171284	-0.13292198	0.10926323	-0.11679258	0.12176858	-0.19957158	0.16888572	-0.17613733	0.15626878	-0.09743466	0.21977027	-0.30269587	0.21624939	-0.17312486	0.18112288	-0.31385016	0.9999982	-0.6095266	0.27685964	-0.19108167	0.26842505	-0.39404535	0.22217987	-0.17824197	0.15194826
-0.09510817	0.101488575	-0.10375377	0.10741505	-0.12171649	0.14576955	-0.13372482	0.16211511	-0.1630827	0.09713253	-0.16618998	0.20186841	-0.23465052	0.17867209	-0.19077861	0.17865828	-0.6095266	0.9999978	-0.571393	0.21696582	-0.2264863	0.22845013	-0.2582176	0.18690279	-0.18586321
0.092361	-0.10284964	0.11112789	-0.12374576	0.13783331	-0.14767824	0.123934664	-0.17642139	0.18222684	-0.119029954	0.13736847	-0.18499777	0.18288063	-0.2774446	0.22849955	-0.15747915	0.27685964	-0.571393	0.99999774	-0.46392208	0.20639005	-0.22473209	0.24617049	-0.28527927	0.24997747
-0.06395045	0.0694286	-0.08163476	0.08927136	-0.123760775	0.09859361	-0.08479719	0.11857861	-0.13146412	0.11013815	-0.09644757	0.12114164	-0.12408341	0.16986902	-0.26620778	0.10554361	-0.19108167	0.21696582	-0.46392208	0.9999975	-0.17305313	0.1706067	-0.30126134	0.28401646	-0.6818745
0.104360625	-0.11436305	0.09659358	-0.10453674	0.120198466	-0.17218001	0.13614066	-0.14523876	0.13618352	-0.09430699	0.1917011	-0.19195047	0.16180864	-0.14989868	0.17371397	-0.27451035	0.26842505	-0.2264863	0.20639005	-0.17305313	0.9999974	-0.6931846	0.25231615	-0.19560222	0.14937738
-0.08321896	0.08836431	-0.081645794	0.08598308	-0.103825495	0.13012925	-0.11225238	0.1204012	-0.11912478	0.08127059	-0.16103351	0.15861213	-0.14387602	0.12994163	-0.15625687	0.18381006	-0.39404535	0.22845013	-0.22473209	0.1706067	-0.6931846	0.9999977	-0.423273	0.20873074	-0.16883901
0.075010434	-0.08204083	0.08163146	-0.08917148	0.10876008	-0.11907233	0.098610535	-0.12225308	0.12095973	-0.090775594	0.11670083	-0.14078082	0.13222083	-0.14410649	0.17080896	-0.13438693	0.22217987	-0.2582176	0.24617049	-0.30126134	0.25231615	-0.423273	0.9999976	-0.6498397	0.2684959
-0.056932267	0.061474293	-0.06626754	0.071515486	-0.09415801	0.088244095	-0.0755005	0.09684994	-0.102646284	0.07782175	-0.0899944	0.106702074	-0.10574982	0.123430125	-0.15942201	0.09962523	-0.17824197	0.18690279	-0.28527927	0.28401646	-0.19560222	0.20873074	-0.6498397	0.9999977	-0.56181043
0.05471868	-0.060064685	0.06561177	-0.07269481	0.09283369	-0.086045064	0.0720627	-0.097836405	0.1011595	-0.08411114	0.08149056	-0.10322443	0.100984335	-0.13114487	0.16579875	-0.09145201	0.15194826	-0.18586321	0.24997747	-0.6818745	0.14937738	-0.16883901	0.2684959	-0.56181043	0.9999977
