1.0	-0.78816	0.15277602	-0.089099966	0.08689648	-0.3958801	0.28571984	-0.15301488	0.09071538	-0.06700473	0.22681198	-0.26013696	0.13127121	-0.08884865	0.07550907	-0.13727464	0.14379033	-0.067475475	0.060551476	-0.062248945	0.103198014	-0.13437131	0.06530558	-0.066061854	0.05529102
-0.78816	0.9999998	-0.20151424	0.09159233	-0.08865637	0.25290355	-0.4378501	0.15490535	-0.091823764	0.065332964	-0.22108215	0.22671472	-0.13032915	0.08455012	-0.07307143	0.117676005	-0.13729456	0.061033837	-0.05703081	0.058019154	-0.09442551	0.1137991	-0.06000584	0.060171444	-0.050982643
0.15277602	-0.20151424	0.99999964	-0.38337713	0.22302946	-0.102969386	0.14362665	-0.766496	0.23019703	-0.1612121	0.10041297	-0.13000107	0.25402075	-0.1910007	0.1554813	-0.071230546	0.087537706	-0.07750082	0.11280321	-0.11901842	0.061439384	-0.08037267	0.0743771	-0.11818259	0.09748399
-0.089099966	0.09159233	-0.38337713	0.99999934	-0.6018239	0.06422353	-0.08916207	0.2409615	-0.5709271	0.2585879	-0.0686244	0.086689524	-0.21742448	0.21522611	-0.21799268	0.05091728	-0.06488447	0.06820353	-0.12690201	0.13134791	-0.045845237	0.05973367	-0.067102306	0.119518556	-0.10214252
0.08689648	-0.08865637	0.22302946	-0.6018239	0.9999994	-0.069466315	0.093211085	-0.23370856	0.32089826	-0.50654197	0.07545661	-0.0966404	0.22387227	-0.25121123	0.270466	-0.05896957	0.07487685	-0.082300484	0.1522422	-0.17308737	0.053659048	-0.07100464	0.08032068	-0.16158342	0.13279441
-0.3958801	0.25290355	-0.102969386	0.06422353	-0.069466315	0.9999993	-0.44604027	0.1033136	-0.07301296	0.053540852	-0.69867605	0.2813877	-0.117848106	0.07363938	-0.063199684	0.19281097	-0.19666547	0.070231594	-0.052401777	0.052651443	-0.15239191	0.15447058	-0.06990235	0.05547527	-0.047217403
0.28571984	-0.4378501	0.14362665	-0.08916207	0.093211085	-0.44604027	0.99999934	-0.16214131	0.09867516	-0.07308664	0.28680897	-0.61698955	0.16328174	-0.10327912	0.08503655	-0.19407476	0.22027023	-0.09018934	0.07080078	-0.071979344	0.14266767	-0.19556545	0.08634385	-0.0757853	0.06358901
-0.15301488	0.15490535	-0.766496	0.2409615	-0.23370856	0.1033136	-0.16214131	0.99999934	-0.25181913	0.15595047	-0.10622806	0.13630685	-0.41542202	0.19830245	-0.16654342	0.07308219	-0.0928285	0.08384673	-0.118947275	0.118765056	-0.06385018	0.08182039	-0.082023	0.11348104	-0.09705711
0.09071538	-0.091823764	0.23019703	-0.5709271	0.32089826	-0.07301296	0.09867516	-0.25181913	0.9999994	-0.4179364	0.0797996	-0.10363502	0.2603649	-0.41509062	0.27896467	-0.06256308	0.080032855	-0.092717916	0.18829481	-0.20368671	0.057046372	-0.07554856	0.08965631	-0.17998444	0.14717293
-0.06700473	0.065332964	-0.1612121	0.2585879	-0.50654197	0.053540852	-0.07308664	0.15595047	-0.4179364	0.99999917	-0.059817128	0.07633667	-0.21074982	0.25250494	-0.65224564	0.046633933	-0.06060403	0.07274416	-0.1630029	0.1749853	-0.043046363	0.056404576	-0.07220268	0.13899429	-0.1267035
0.22681198	-0.22108215	0.10041297	-0.0686244	0.07545661	-0.69867605	0.28680897	-0.10622806	0.0797996	-0.059817128	0.99999934	-0.42490405	0.13231863	-0.08486905	0.07121018	-0.3461931	0.23745759	-0.088425644	0.06096173	-0.06164091	0.19209903	-0.2188945	0.08575596	-0.0658239	0.05535252
-0.26013696	0.22671472	-0.13000107	0.086689524	-0.0966404	0.2813877	-0.61698955	0.13630685	-0.10363502	0.07633667	-0.42490405	0.99999887	-0.21950154	0.11359076	-0.09241883	0.22997734	-0.4309213	0.108397625	-0.07864304	0.07765027	-0.18707553	0.22075635	-0.10737938	0.079929955	-0.068343736
0.13127121	-0.13032915	0.25402075	-0.21742448	0.22387227	-0.117848106	0.16328174	-0.41542202	0.2603649	-0.21074982	0.13231863	-0.21950154	0.9999989	-0.5132433	0.24537964	-0.105445065	0.13757399	-0.17752428	0.22126141	-0.23048751	0.09393704	-0.12696043	0.15056725	-0.21973889	0.17530066
-0.08884865	0.08455012	-0.1910007	0.21522611	-0.25121123	0.07363938	-0.10327912	0.19830245	-0.41509062	0.25250494	-0.08486905	0.11359076	-0.5132433	0.99999905	-0.43467662	0.066451274	-0.08934739	0.12290857	-0.4339243	0.26823115	-0.061853457	0.08085384	-0.12081207	0.20258436	-0.18695462
0.07550907	-0.07307143	0.1554813	-0.21799268	0.270466	-0.063199684	0.08503655	-0.16654342	0.27896467	-0.65224564	0.07121018	-0.09241883	0.24537964	-0.43467662	0.99999887	-0.057455357	0.07458199	-0.09593869	0.2282354	-0.30708918	0.053317454	-0.07082723	0.09285661	-0.2009093	0.17185588
-0.13727464	0.117676005	-0.071230546	0.05091728	-0.05896957	0.19281097	-0.19407476	0.07308219	-0.06256308	0.046633933	-0.3461931	0.22997734	-0.105445065	0.066451274	-0.057455357	0.9999992	-0.5330231	0.110236906	-0.05331984	0.052080672	-0.6497125	0.32113206	-0.114322335	0.05495987	-0.047167037
0.14379033	-0.13729456	0.087537706	-0.06488447	0.07487685	-0.19666547	0.22027023	-0.0928285	0.080032855	-0.06060403	0.23745759	-0.4309213	0.13757399	-0.08934739	0.07458199	-0.5330231	0.9999993	-0.18946347	0.07315898	-0.07165685	0.30546263	-0.5646743	0.1631831	-0.07511679	0.0632591
-0.067475475	0.061033837	-0.07750082	0.06820353	-0.082300484	0.070231594	-0.09018934	0.08384673	-0.092717916	0.07274416	-0.088425644	0.108397625	-0.17752428	0.12290857	-0.09593869	0.110236906	-0.18946347	0.99999976	-0.16717155	0.12813663	-0.12265819	0.1714415	-0.9123005	0.120627016	-0.10425959
0.060551476	-0.05703081	0.11280321	-0.12690201	0.1522422	-0.052401777	0.07080078	-0.118947275	0.18829481	-0.1630029	0.06096173	-0.07864304	0.22126141	-0.4339243	0.2282354	-0.05331984	0.07315898	-0.16717155	1.0	-0.72441745	0.05174818	-0.06973036	0.14031346	-0.34919938	0.2617342
-0.062248945	0.058019154	-0.11901842	0.13134791	-0.17308737	0.052651443	-0.071979344	0.118765056	-0.20368671	0.1749853	-0.06164091	0.07765027	-0.23048751	0.26823115	-0.30708918	0.052080672	-0.07165685	0.12813663	-0.72441745	0.99999994	-0.05086037	0.06688886	-0.13246608	0.28368658	-0.4206384
0.103198014	-0.09442551	0.061439384	-0.045845237	0.053659048	-0.15239191	0.14266767	-0.06385018	0.057046372	-0.043046363	0.19209903	-0.18707553	0.09393704	-0.061853457	0.053317454	-0.6497125	0.30546263	-0.12265819	0.05174818	-0.05086037	0.9999996	-0.64497954	0.12146177	-0.054151945	0.045754634
-0.13437131	0.1137991	-0.08037267	0.05973367	-0.07100464	0.15447058	-0.19556545	0.08182039	-0.07554856	0.056404576	-0.2188945	0.22075635	-0.12696043	0.08085384	-0.07082723	0.32113206	-0.5646743	0.1714415	-0.06973036	0.06688886	-0.64497954	0.9999996	-0.21700081	0.070369795	-0.060911864
0.06530558	-0.06000584	0.0743771	-0.067102306	0.08032068	-0.06990235	0.08634385	-0.082023	0.08965631	-0.07220268	0.08575596	-0.10737938	0.15056725	-0.12081207	0.09285661	-0.114322335	0.1631831	-0.9123005	0.14031346	-0.13246608	0.12146177	-0.21700081	0.9999995	-0.13383365	0.10366636
-0.066061854	0.060171444	-0.11818259	0.119518556	-0.16158342	0.05547527	-0.0757853	0.11348104	-0.17998444	0.13899429	-0.0658239	0.079929955	-0.21973889	0.20258436	-0.2009093	0.05495987	-0.07511679	0.120627016	-0.34919938	0.28368658	-0.054151945	0.070369795	-0.13383365	0.9999995	-0.8169776
0.05529102	-0.050982643	0.09748399	-0.10214252	0.13279441	-0.047217403	0.06358901	-0.09705711	0.14717293	-0.1267035	0.05535252	-0.068343736	0.17530066	-0.18695462	0.17185588	-0.047167037	0.0632591	-0.10425959	0.2617342	-0.4206384	0.045754634	-0.060911864	0.10366636	-0.8169776	0.9999995
