1.0	-0.13424778	0.10181574	-0.068340674	0.077567175	-0.6659428	0.12701827	-0.11067949	0.07767809	-0.07229421	0.32586452	-0.23438597	0.16562052	-0.07517612	0.07682814	-0.12382562	0.11160095	-0.09992516	0.07195794	-0.06687941	0.10317442	-0.08916002	0.096386775	-0.083904445	0.07472542
-0.13424778	1.0	-0.6007901	0.16882996	-0.16099551	0.08387471	-0.67189103	0.32046524	-0.16487926	0.12250158	-0.1047927	0.17757192	-0.17968039	0.09091457	-0.09181146	0.081403516	-0.08380416	0.08945626	-0.0781374	0.07316705	-0.07328453	0.06668494	-0.08168644	0.07606228	-0.068156965
0.10181574	-0.6007901	0.9999999	-0.29994473	0.1883376	-0.06996312	0.3182715	-0.61357754	0.2032488	-0.15732303	0.09254252	-0.1796989	0.18269165	-0.10643955	0.103444055	-0.08521324	0.083902	-0.09667262	0.08660516	-0.08372139	0.07373427	-0.06982619	0.08388117	-0.08476186	0.07350097
-0.068340674	0.16882996	-0.29994473	1.0000001	-0.63264287	0.045425322	-0.15372683	0.20508893	-0.6039679	0.30358577	-0.06653946	0.1191113	-0.13180244	0.15554129	-0.16138218	0.0690573	-0.06775272	0.08443475	-0.118004	0.11571344	-0.0633749	0.059910953	-0.07656446	0.09963718	-0.08822862
0.077567175	-0.16099551	0.1883376	-0.63264287	1.0000001	-0.05192881	0.13788092	-0.19240282	0.32880926	-0.59525496	0.07740847	-0.13985458	0.14274384	-0.19414623	0.2049831	-0.08515921	0.08099646	-0.10218255	0.13916229	-0.1612367	0.07632174	-0.07359762	0.09230464	-0.13764496	0.11396974
-0.6659428	0.08387471	-0.06996312	0.045425322	-0.05192881	1.0000001	-0.093966156	0.07625458	-0.052345533	0.047776323	-0.65431076	0.1722228	-0.12571539	0.05087072	-0.05181564	0.0845643	-0.08129015	0.069587275	-0.048986964	0.044626947	-0.07111699	0.060654726	-0.06772566	0.055016715	-0.049852513
0.12701827	-0.67189103	0.3182715	-0.15372683	0.13788092	-0.093966156	1.0	-0.5569617	0.15453608	-0.12772895	0.12098091	-0.27855438	0.21354042	-0.10120277	0.09797565	-0.10390276	0.105060376	-0.1100086	0.08658917	-0.08183326	0.087936305	-0.08224131	0.09677035	-0.08848136	0.077169515
-0.11067949	0.32046524	-0.61357754	0.20508893	-0.19240282	0.07625458	-0.5569617	0.99999976	-0.24958862	0.16031428	-0.10891351	0.21510848	-0.30998537	0.12263533	-0.11961726	0.10130398	-0.10427181	0.12327297	-0.10349864	0.09520659	-0.09139925	0.08520401	-0.10787896	0.09778372	-0.08719715
0.07767809	-0.16487926	0.2032488	-0.6039679	0.32880926	-0.052345533	0.15453608	-0.24958862	0.9999997	-0.5654761	0.07800224	-0.14471675	0.15599771	-0.2726904	0.22386684	-0.086960815	0.08412442	-0.10981872	0.16583672	-0.1716608	0.07896259	-0.076108284	0.097661786	-0.1404064	0.11927388
-0.07229421	0.12250158	-0.15732303	0.30358577	-0.59525496	0.047776323	-0.12772895	0.16031428	-0.5654761	0.99999994	-0.073135145	0.1284237	-0.14739978	0.22466995	-0.39018574	0.082345955	-0.08103676	0.10617302	-0.17616497	0.18857247	-0.07833532	0.07397731	-0.09828107	0.1426185	-0.1353833
0.32586452	-0.1047927	0.09254252	-0.06653946	0.07740847	-0.65431076	0.12098091	-0.10891351	0.07800224	-0.073135145	1.0	-0.35101363	0.19630821	-0.08081577	0.08162748	-0.14941765	0.13598835	-0.11431405	0.07806365	-0.07137435	0.116740316	-0.10141037	0.10939033	-0.08993394	0.08026359
-0.23438597	0.17757192	-0.1796989	0.1191113	-0.13985458	0.1722228	-0.27855438	0.21510848	-0.14471675	0.1284237	-0.35101363	0.9999995	-0.6184849	0.15634431	-0.15459523	0.23465832	-0.33852875	0.23898572	-0.15337512	0.1302242	-0.21700966	0.18726583	-0.23215176	0.15344901	-0.1447951
0.16562052	-0.17968039	0.18269165	-0.13180244	0.14274384	-0.12571539	0.21354042	-0.30998537	0.15599771	-0.14739978	0.19630821	-0.6184849	0.9999991	-0.22554615	0.17104179	-0.23992757	0.23571722	-0.40062448	0.18246904	-0.15770179	0.19353935	-0.20302697	0.24201225	-0.18500525	0.15335613
-0.07517612	0.09091457	-0.10643955	0.15554129	-0.19414623	0.05087072	-0.10120277	0.12263533	-0.2726904	0.22466995	-0.08081577	0.15634431	-0.22554615	0.9999992	-0.5493548	0.107782565	-0.11180532	0.17461434	-0.6398738	0.30522922	-0.10680212	0.10262087	-0.1535578	0.20120831	-0.20225158
0.07682814	-0.09181146	0.103444055	-0.16138218	0.2049831	-0.05181564	0.09797565	-0.11961726	0.22386684	-0.39018574	0.08162748	-0.15459523	0.17104179	-0.5493548	0.99999905	-0.109444045	0.105406016	-0.15671566	0.310156	-0.5517346	0.10201072	-0.101659425	0.13899845	-0.26568475	0.2269415
-0.12382562	0.081403516	-0.08521324	0.0690573	-0.08515921	0.0845643	-0.10390276	0.10130398	-0.086960815	0.082345955	-0.14941765	0.23465832	-0.23992757	0.107782565	-0.109444045	0.99999875	-0.7364841	0.2314523	-0.11756319	0.10095162	-0.47085	0.27998117	-0.24706994	0.13491905	-0.124391034
0.11160095	-0.08380416	0.083902	-0.06775272	0.08099646	-0.08129015	0.105060376	-0.10427181	0.08412442	-0.08103676	0.13598835	-0.33852875	0.23571722	-0.11180532	0.105406016	-0.7364841	0.9999987	-0.33257574	0.119714536	-0.10309691	0.28722164	-0.35295096	0.24133626	-0.13767862	0.11680184
-0.09992516	0.08945626	-0.09667262	0.08443475	-0.10218255	0.069587275	-0.1100086	0.12327297	-0.10981872	0.10617302	-0.11431405	0.23898572	-0.40062448	0.17461434	-0.15671566	0.2314523	-0.33257574	0.99999857	-0.24830632	0.1615609	-0.25716898	0.2536425	-0.69121414	0.20375723	-0.18367864
0.07195794	-0.0781374	0.08660516	-0.118004	0.13916229	-0.048986964	0.08658917	-0.10349864	0.16583672	-0.17616497	0.07806365	-0.15337512	0.18246904	-0.6398738	0.310156	-0.11756319	0.119714536	-0.24830632	0.99999845	-0.55350596	0.11334019	-0.11482899	0.17474325	-0.2831184	0.23446426
-0.06687941	0.07316705	-0.08372139	0.11571344	-0.1612367	0.044626947	-0.08183326	0.09520659	-0.1716608	0.18857247	-0.07137435	0.1302242	-0.15770179	0.30522922	-0.5517346	0.10095162	-0.10309691	0.1615609	-0.55350596	0.9999984	-0.10300786	0.09942937	-0.15284126	0.27374637	-0.44437087
0.10317442	-0.07328453	0.07373427	-0.0633749	0.07632174	-0.07111699	0.087936305	-0.09139925	0.07896259	-0.07833532	0.116740316	-0.21700966	0.19353935	-0.10680212	0.10201072	-0.47085	0.28722164	-0.25716898	0.11334019	-0.10300786	0.99999833	-0.73143756	0.25660896	-0.1539528	0.1198224
-0.08916002	0.06668494	-0.06982619	0.059910953	-0.07359762	0.060654726	-0.08224131	0.08520401	-0.076108284	0.07397731	-0.10141037	0.18726583	-0.20302697	0.10262087	-0.101659425	0.27998117	-0.35295096	0.2536425	-0.11482899	0.09942937	-0.73143756	0.9999983	-0.44099438	0.14838535	-0.12700823
0.096386775	-0.08168644	0.08388117	-0.07656446	0.09230464	-0.06772566	0.09677035	-0.10787896	0.097661786	-0.09828107	0.10939033	-0.23215176	0.24201225	-0.1535578	0.13899845	-0.24706994	0.24133626	-0.69121414	0.17474325	-0.15284126	0.25660896	-0.44099438	0.99999815	-0.2904704	0.18655626
-0.083904445	0.07606228	-0.08476186	0.09963718	-0.13764496	0.055016715	-0.08848136	0.09778372	-0.1404064	0.1426185	-0.08993394	0.15344901	-0.18500525	0.20120831	-0.26568475	0.13491905	-0.13767862	0.20375723	-0.2831184	0.27374637	-0.1539528	0.14838535	-0.2904704	0.9999982	-0.78383565
0.07472542	-0.068156965	0.07350097	-0.08822862	0.11396974	-0.049852513	0.077169515	-0.08719715	0.11927388	-0.1353833	0.08026359	-0.1447951	0.15335613	-0.20225158	0.2269415	-0.124391034	0.11680184	-0.18367864	0.23446426	-0.44437087	0.1198224	-0.12700823	0.18655626	-0.78383565	0.9999982
