1.0000001	-0.5726785	0.31862754	-0.11907275	0.09211299	-0.34470156	0.15874816	-0.14333327	0.123505145	-0.12380518	0.22649428	-0.14563754	0.14271982	-0.13908422	0.16427962	-0.23548226	0.14269435	-0.13291202	0.12682234	-0.109701075	0.13918369	-0.13112333	0.12137782	-0.09157959	0.0944008
-0.5726785	0.9999999	-0.73230696	0.086323954	-0.06568963	0.152873	-0.13653801	0.10672057	-0.08876648	0.08250845	-0.13671236	0.10153693	-0.0985026	0.08877867	-0.103518926	0.13069013	-0.089475036	0.08260189	-0.079965405	0.06732156	-0.08302159	0.07828518	-0.07430665	0.055644985	-0.057815745
0.31862754	-0.73230696	0.99999976	-0.12763262	0.092392765	-0.17176685	0.14234334	-0.13555154	0.11867218	-0.11748517	0.1458382	-0.12619707	0.12610467	-0.123810135	0.14590214	-0.18489444	0.11943628	-0.11381553	0.11027644	-0.095513724	0.11391675	-0.10941581	0.10364195	-0.07871404	0.081380814
-0.11907275	0.086323954	-0.12763262	0.9999996	-0.6553484	0.096335344	-0.1954634	0.21188611	-0.55302143	0.32284018	-0.09866799	0.14754088	-0.19149502	0.19671123	-0.2535051	0.13880086	-0.13038512	0.13384713	-0.1553059	0.12293567	-0.10453233	0.105254464	-0.12116585	0.09210489	-0.10085774
0.09211299	-0.06568963	0.092392765	-0.6553484	0.9999994	-0.076959714	0.13541043	-0.16167845	0.2858922	-0.64410007	0.07736392	-0.1155022	0.13984093	-0.16913986	0.21078424	-0.11879983	0.10322216	-0.110164404	0.12272058	-0.107443504	0.084581435	-0.08809041	0.09730365	-0.07816481	0.082785055
-0.34470156	0.152873	-0.17176685	0.096335344	-0.076959714	0.9999994	-0.21494213	0.14532292	-0.11495152	0.10182411	-0.81985307	0.16258186	-0.15184346	0.122040756	-0.14311035	0.23042352	-0.15286618	0.12388621	-0.11832861	0.09411099	-0.1496867	0.122855775	-0.11329561	0.08020625	-0.08458724
0.15874816	-0.13653801	0.14234334	-0.1954634	0.13541043	-0.21494213	0.99999946	-0.6305128	0.2380115	-0.19518931	0.17547756	-0.5452	0.30487627	-0.20936409	0.1937357	-0.21344514	0.21196944	-0.19322886	0.16726376	-0.13063361	0.1426372	-0.15801379	0.1410193	-0.106807806	0.10708415
-0.14333327	0.10672057	-0.13555154	0.21188611	-0.16167845	0.14532292	-0.6305128	0.99999905	-0.45502892	0.20646903	-0.14558212	0.29003638	-0.43812838	0.22142634	-0.22051565	0.17874233	-0.19131634	0.1838146	-0.1796328	0.13229825	-0.13213237	0.13717583	-0.14336793	0.10557796	-0.11086996
0.123505145	-0.08876648	0.11867218	-0.55302143	0.2858922	-0.11495152	0.2380115	-0.45502892	0.99999917	-0.45785332	0.11257077	-0.19696094	0.2326155	-0.3162305	0.25309542	-0.16927375	0.15382953	-0.166754	0.18501878	-0.14498433	0.119016655	-0.12658869	0.13527529	-0.10765891	0.11222349
-0.12380518	0.08250845	-0.11748517	0.32284018	-0.64410007	0.10182411	-0.19518931	0.20646903	-0.45785332	0.99999905	-0.1051018	0.15522608	-0.20076723	0.22404791	-0.39873055	0.15384382	-0.14239211	0.149575	-0.1760993	0.15174769	-0.115655236	0.11724861	-0.13927433	0.108302474	-0.12092161
0.22649428	-0.13671236	0.1458382	-0.09866799	0.07736392	-0.81985307	0.17547756	-0.14558212	0.11257077	-0.1051018	0.9999992	-0.18197723	0.15102968	-0.1277075	0.14333455	-0.35336462	0.16263972	-0.1336295	0.12115677	-0.098274454	0.15820922	-0.13740557	0.11624308	-0.08429443	0.086504504
-0.14563754	0.10153693	-0.12619707	0.14754088	-0.1155022	0.16258186	-0.5452	0.29003638	-0.19696094	0.15522608	-0.18197723	0.99999917	-0.58572173	0.22068384	-0.21093357	0.2247731	-0.39118052	0.24105473	-0.20219521	0.14271139	-0.17210379	0.18574817	-0.17016548	0.119996175	-0.12205086
0.14271982	-0.0985026	0.12610467	-0.19149502	0.13984093	-0.15184346	0.30487627	-0.43812838	0.2326155	-0.20076723	0.15102968	-0.58572173	0.999999	-0.3768822	0.24263343	-0.24206765	0.26343006	-0.34531903	0.2430784	-0.1754748	0.16718794	-0.19287133	0.18781286	-0.14338283	0.13958932
-0.13908422	0.08877867	-0.123810135	0.19671123	-0.16913986	0.122040756	-0.20936409	0.22142634	-0.3162305	0.22404791	-0.1277075	0.22068384	-0.3768822	0.9999986	-0.5192545	0.20922016	-0.22246112	0.2661716	-0.5556644	0.24804161	-0.16081601	0.16858092	-0.2162158	0.16823211	-0.19105661
0.16427962	-0.103518926	0.14590214	-0.2535051	0.21078424	-0.14311035	0.1937357	-0.22051565	0.25309542	-0.39873055	0.14333455	-0.21093357	0.24263343	-0.5192545	0.99999857	-0.26710984	0.21011746	-0.25302878	0.29003972	-0.3943264	0.17545423	-0.19595866	0.22207214	-0.21396765	0.21918489
-0.23548226	0.13069013	-0.18489444	0.13880086	-0.11879983	0.23042352	-0.21344514	0.17874233	-0.16927375	0.15384382	-0.35336462	0.2247731	-0.24206765	0.20922016	-0.26710984	0.99999833	-0.4417449	0.25238466	-0.24020252	0.18061145	-0.5153394	0.3009637	-0.24934459	0.16202472	-0.1746367
0.14269435	-0.089475036	0.11943628	-0.13038512	0.10322216	-0.15286618	0.21196944	-0.19131634	0.15382953	-0.14239211	0.16263972	-0.39118052	0.26343006	-0.22246112	0.21011746	-0.4417449	0.99999815	-0.5184995	0.24143198	-0.17773482	0.27615213	-0.44890124	0.23066217	-0.16309434	0.15049313
-0.13291202	0.08260189	-0.11381553	0.13384713	-0.110164404	0.12388621	-0.19322886	0.1838146	-0.166754	0.149575	-0.1336295	0.24105473	-0.34531903	0.2661716	-0.25302878	0.25238466	-0.5184995	0.99999845	-0.50154626	0.23048018	-0.21156417	0.2342536	-0.40335023	0.21495071	-0.20926827
0.12682234	-0.079965405	0.11027644	-0.1553059	0.12272058	-0.11832861	0.16726376	-0.1796328	0.18501878	-0.1760993	0.12115677	-0.20219521	0.2430784	-0.5556644	0.29003972	-0.24020252	0.24143198	-0.50154626	0.99999875	-0.42144728	0.16764653	-0.19703165	0.24584338	-0.2257462	0.22682339
-0.109701075	0.06732156	-0.095513724	0.12293567	-0.107443504	0.09411099	-0.13063361	0.13229825	-0.14498433	0.15174769	-0.098274454	0.14271139	-0.1754748	0.24804161	-0.3943264	0.18061145	-0.17773482	0.23048018	-0.42144728	0.9999984	-0.14518347	0.1554758	-0.32172215	0.27875724	-0.64615184
0.13918369	-0.08302159	0.11391675	-0.10453233	0.084581435	-0.1496867	0.1426372	-0.13213237	0.119016655	-0.115655236	0.15820922	-0.17210379	0.16718794	-0.16081601	0.17545423	-0.5153394	0.27615213	-0.21156417	0.16764653	-0.14518347	0.9999983	-0.72671264	0.19430073	-0.14221136	0.12696512
-0.13112333	0.07828518	-0.10941581	0.105254464	-0.08809041	0.122855775	-0.15801379	0.13717583	-0.12658869	0.11724861	-0.13740557	0.18574817	-0.19287133	0.16858092	-0.19595866	0.3009637	-0.44890124	0.2342536	-0.19703165	0.1554758	-0.72671264	0.99999833	-0.27301592	0.15773346	-0.14934582
0.12137782	-0.07430665	0.10364195	-0.12116585	0.09730365	-0.11329561	0.1410193	-0.14336793	0.13527529	-0.13927433	0.11624308	-0.17016548	0.18781286	-0.2162158	0.22207214	-0.24934459	0.23066217	-0.40335023	0.24584338	-0.32172215	0.19430073	-0.27301592	0.99999815	-0.65701675	0.28339285
-0.09157959	0.055644985	-0.07871404	0.09210489	-0.07816481	0.08020625	-0.106807806	0.10557796	-0.10765891	0.108302474	-0.08429443	0.119996175	-0.14338283	0.16823211	-0.21396765	0.16202472	-0.16309434	0.21495071	-0.2257462	0.27875724	-0.14221136	0.15773346	-0.65701675	0.9999982	-0.58735746
0.0944008	-0.057815745	0.081380814	-0.10085774	0.082785055	-0.08458724	0.10708415	-0.11086996	0.11222349	-0.12092161	0.086504504	-0.12205086	0.13958932	-0.19105661	0.21918489	-0.1746367	0.15049313	-0.20926827	0.22682339	-0.64615184	0.12696512	-0.14934582	0.28339285	-0.58735746	0.9999982
