1.0	-0.83085257	0.24209227	-0.1520596	0.16485843	-0.27613446	0.1939413	-0.17891815	0.14111695	-0.1009282	0.16243821	-0.16192763	0.172496	-0.18764387	0.11183977	-0.1963422	0.15690435	-0.1499293	0.14587769	-0.10970256	0.113171324	-0.10037793	0.11756367	-0.08815152	0.07904523
-0.83085257	0.99999994	-0.36057553	0.15118651	-0.16714935	0.19258045	-0.22294348	0.18669812	-0.14602356	0.098110214	-0.14091463	0.15480848	-0.18164688	0.17091814	-0.11009668	0.15940717	-0.15157388	0.13980983	-0.13681948	0.09764675	-0.10199423	0.088884905	-0.10852737	0.07931969	-0.07200844
0.24209227	-0.36057553	0.9999999	-0.3931614	0.26367503	-0.21073799	0.23055404	-0.5726482	0.2818254	-0.18138285	0.15078369	-0.19906348	0.28672516	-0.3169081	0.181916	-0.21253262	0.19288582	-0.21628852	0.196857	-0.14702421	0.13164306	-0.121763274	0.14885375	-0.11548346	0.10274677
-0.1520596	0.15118651	-0.3931614	1.0000001	-0.56356597	0.1365733	-0.16578475	0.25666064	-0.59908617	0.2316084	-0.10332657	0.13386905	-0.22500601	0.2665347	-0.23465112	0.14357728	-0.14320979	0.15112087	-0.16208489	0.11172325	-0.097449556	0.088239096	-0.11390778	0.08707655	-0.07964177
0.16485843	-0.16714935	0.26367503	-0.56356597	1.0000001	-0.17786992	0.18122683	-0.22994538	0.30006868	-0.3254568	0.13019906	-0.1554937	0.22812851	-0.3545956	0.2513618	-0.19276308	0.17390443	-0.18550201	0.20397167	-0.15370399	0.12797621	-0.11663837	0.14781758	-0.11672692	0.10617596
-0.27613446	0.19258045	-0.21073799	0.1365733	-0.17786992	1.0000001	-0.3464173	0.17457747	-0.14630856	0.10280365	-0.7069734	0.2622691	-0.22003989	0.18829635	-0.12142786	0.3047898	-0.27282035	0.20064647	-0.20529555	0.13808042	-0.20519441	0.15252805	-0.18300411	0.12034142	-0.11188033
0.1939413	-0.22294348	0.23055404	-0.16578475	0.18122683	-0.3464173	1.0	-0.30976674	0.17550455	-0.120793596	0.24903916	-0.6940973	0.26534662	-0.24113663	0.13206169	-0.29032743	0.2791597	-0.25380918	0.19371766	-0.14718737	0.15727192	-0.14770459	0.16241409	-0.12085203	0.10539835
-0.17891815	0.18669812	-0.5726482	0.25666064	-0.22994538	0.17457747	-0.30976674	1.0000004	-0.40463778	0.16991264	-0.13592502	0.21169473	-0.52420837	0.2778241	-0.17815137	0.17780232	-0.19419247	0.21101186	-0.18190925	0.12550573	-0.11598569	0.10674928	-0.13563368	0.10080113	-0.09025496
0.14111695	-0.14602356	0.2818254	-0.59908617	0.30006868	-0.14630856	0.17550455	-0.40463778	1.0000002	-0.38186562	0.10975017	-0.14820993	0.2477982	-0.40472767	0.26001635	-0.15510592	0.15221597	-0.16906084	0.1767755	-0.1232357	0.10327962	-0.09482128	0.12147276	-0.094894126	0.0858993
-0.1009282	0.098110214	-0.18138285	0.2316084	-0.3254568	0.10280365	-0.120793596	0.16991264	-0.38186562	1.0000001	-0.0779796	0.09965467	-0.16816692	0.24729212	-0.8024644	0.110728264	-0.11008057	0.11734815	-0.13428749	0.094256304	-0.07668248	0.06953532	-0.09118988	0.07095558	-0.06608307
0.16243821	-0.14091463	0.15078369	-0.10332657	0.13019906	-0.7069734	0.24903916	-0.13592502	0.10975017	-0.0779796	1.0000001	-0.3269417	0.17172635	-0.15079176	0.090692915	-0.52051437	0.23021436	-0.17202134	0.15539579	-0.1118586	0.17413463	-0.1383437	0.14289086	-0.09747047	0.08706531
-0.16192763	0.15480848	-0.19906348	0.13386905	-0.1554937	0.2622691	-0.6940973	0.21169473	-0.14820993	0.09965467	-0.3269417	1.0000001	-0.3102031	0.19953196	-0.11309971	0.25658202	-0.44628757	0.24340397	-0.18294226	0.12880397	-0.15253995	0.13797866	-0.15559655	0.10897203	-0.096197955
0.172496	-0.18164688	0.28672516	-0.22500601	0.22812851	-0.22003989	0.26534662	-0.52420837	0.2477982	-0.16816692	0.17172635	-0.3102031	1.0000001	-0.45751113	0.1807506	-0.24000044	0.26324785	-0.42291817	0.24831067	-0.17531356	0.15358536	-0.14703408	0.18722932	-0.14199485	0.12304918
-0.18764387	0.17091814	-0.3169081	0.2665347	-0.3545956	0.18829635	-0.24113663	0.2778241	-0.40472767	0.24729212	-0.15079176	0.19953196	-0.45751113	1.0000002	-0.35904148	0.20799881	-0.2364292	0.2547304	-0.39657974	0.19649464	-0.15899241	0.14202866	-0.20025538	0.15310447	-0.14428023
0.11183977	-0.11009668	0.181916	-0.23465112	0.2513618	-0.12142786	0.13206169	-0.17815137	0.26001635	-0.8024644	0.090692915	-0.11309971	0.1807506	-0.35904148	0.99999976	-0.13222478	0.12589988	-0.13729858	0.15810527	-0.11764142	0.09019955	-0.082515806	0.107199006	-0.08578514	0.07938908
-0.1963422	0.15940717	-0.21253262	0.14357728	-0.19276308	0.3047898	-0.29032743	0.17780232	-0.15510592	0.110728264	-0.52051437	0.25658202	-0.24000044	0.20799881	-0.13222478	0.99999994	-0.41449475	0.25257048	-0.25506407	0.17425539	-0.40864494	0.24138464	-0.25436866	0.15891151	-0.14557464
0.15690435	-0.15157388	0.19288582	-0.14320979	0.17390443	-0.27282035	0.2791597	-0.19419247	0.15221597	-0.11008057	0.23021436	-0.44628757	0.26324785	-0.2364292	0.12589988	-0.41449475	0.9999999	-0.57766324	0.24904975	-0.18993336	0.21797195	-0.2469378	0.22918974	-0.16410151	0.13642973
-0.1499293	0.13980983	-0.21628852	0.15112087	-0.18550201	0.20064647	-0.25380918	0.21101186	-0.16906084	0.11734815	-0.17202134	0.24340397	-0.42291817	0.2547304	-0.13729858	0.25257048	-0.57766324	1.0000002	-0.42197084	0.21820073	-0.20432702	0.19861722	-0.3458334	0.19639464	-0.17075288
0.14587769	-0.13681948	0.196857	-0.16208489	0.20397167	-0.20529555	0.19371766	-0.18190925	0.1767755	-0.13428749	0.15539579	-0.18294226	0.24831067	-0.39657974	0.15810527	-0.25506407	0.24904975	-0.42197084	1.0000004	-0.52753246	0.18675146	-0.19004893	0.26700243	-0.32352895	0.2576945
-0.10970256	0.09764675	-0.14702421	0.11172325	-0.15370399	0.13808042	-0.14718737	0.12550573	-0.1232357	0.094256304	-0.1118586	0.12880397	-0.17531356	0.19649464	-0.11764142	0.17425539	-0.18993336	0.21820073	-0.52753246	1.0000004	-0.18905096	0.16964051	-0.32635903	0.3033394	-0.6355345
0.113171324	-0.10199423	0.13164306	-0.097449556	0.12797621	-0.20519441	0.15727192	-0.11598569	0.10327962	-0.07668248	0.17413463	-0.15253995	0.15358536	-0.15899241	0.09019955	-0.40864494	0.21797195	-0.20432702	0.18675146	-0.18905096	1.0000004	-0.7590923	0.26604217	-0.19241638	0.13976887
-0.10037793	0.088884905	-0.121763274	0.088239096	-0.11663837	0.15252805	-0.14770459	0.10674928	-0.09482128	0.06953532	-0.1383437	0.13797866	-0.14703408	0.14202866	-0.082515806	0.24138464	-0.2469378	0.19861722	-0.19004893	0.16964051	-0.7590923	1.0000002	-0.45498958	0.19305697	-0.1530438
0.11756367	-0.10852737	0.14885375	-0.11390778	0.14781758	-0.18300411	0.16241409	-0.13563368	0.12147276	-0.09118988	0.14289086	-0.15559655	0.18722932	-0.20025538	0.107199006	-0.25436866	0.22918974	-0.3458334	0.26700243	-0.32635903	0.26604217	-0.45498958	1.0000005	-0.5537465	0.26215956
-0.08815152	0.07931969	-0.11548346	0.08707655	-0.11672692	0.12034142	-0.12085203	0.10080113	-0.094894126	0.07095558	-0.09747047	0.10897203	-0.14199485	0.15310447	-0.08578514	0.15891151	-0.16410151	0.19639464	-0.32352895	0.3033394	-0.19241638	0.19305697	-0.5537465	1.0000005	-0.6395972
0.07904523	-0.07200844	0.10274677	-0.07964177	0.10617596	-0.11188033	0.10539835	-0.09025496	0.0858993	-0.06608307	0.08706531	-0.096197955	0.12304918	-0.14428023	0.07938908	-0.14557464	0.13642973	-0.17075288	0.2576945	-0.6355345	0.13976887	-0.1530438	0.26215956	-0.6395972	1.0000005
