1.0000001	-0.86282045	0.121297084	-0.02913326	0.02735831	-0.37332156	0.25221866	-0.112657554	0.026921798	-0.024376541	0.1842591	-0.16457014	0.09838693	-0.08343621	0.0635272	-0.1055879	0.097188726	-0.11435398	0.06932522	-0.054881703	0.10368141	-0.09552294	0.06356591	-0.06999005	0.07164938
-0.86282045	0.99999994	-0.15182143	0.030168226	-0.028410282	0.25904354	-0.35592595	0.12757099	-0.028101387	0.02519654	-0.19510949	0.16072612	-0.10381063	0.084436	-0.06558292	0.10343961	-0.0996303	0.113068074	-0.070838846	0.05575302	-0.10961503	0.093667135	-0.06415485	0.069300376	-0.07364129
0.121297084	-0.15182143	0.9999997	-0.07999841	0.061821293	-0.19702633	0.23843694	-0.840392	0.07234022	-0.0565233	0.16155905	-0.2056072	0.23991524	-0.20063196	0.13063507	-0.12957072	0.12883665	-0.27250874	0.14010556	-0.112329185	0.14014265	-0.13991833	0.10755825	-0.1227078	0.13114126
-0.02913326	0.030168226	-0.07999841	0.99999976	-0.3681302	0.04360576	-0.057919458	0.06824186	-0.87111604	0.2631499	-0.05277748	0.059378248	-0.09421272	0.13165724	-0.13051564	0.046644285	-0.04920108	0.09711641	-0.095118076	0.088519774	-0.06356786	0.05535508	-0.054118574	0.06123027	-0.089831874
0.02735831	-0.028410282	0.061821293	-0.3681302	0.9999998	-0.041598693	0.052932784	-0.05496278	0.2636884	-0.8601697	0.050685987	-0.05867281	0.08600599	-0.1333505	0.16176143	-0.047702603	0.049553413	-0.110833	0.09759905	-0.121303484	0.063686766	-0.059173398	0.056277968	-0.067914344	0.097965576
-0.37332156	0.25904354	-0.19702633	0.04360576	-0.041598693	0.99999994	-0.58197105	0.17297162	-0.04076728	0.036908086	-0.5731456	0.27832353	-0.1590239	0.12604095	-0.09765444	0.18213436	-0.17004219	0.16732456	-0.106369585	0.08297255	-0.1825384	0.14906505	-0.099587016	0.10586287	-0.10848883
0.25221866	-0.35592595	0.23843694	-0.057919458	0.052932784	-0.58197105	0.99999976	-0.31887212	0.05360721	-0.047599073	0.3032044	-0.4369635	0.20763735	-0.17136094	0.12333676	-0.2008388	0.19563831	-0.23275591	0.13565136	-0.10697331	0.18684904	-0.19109303	0.12379888	-0.13725747	0.13373725
-0.112657554	0.12757099	-0.840392	0.06824186	-0.05496278	0.17297162	-0.31887212	0.9999999	-0.0671545	0.049850017	-0.15438673	0.18483704	-0.30716854	0.17183557	-0.11815261	0.11135844	-0.115762845	0.21359465	-0.123803996	0.09593892	-0.125044	0.1166059	-0.09214376	0.10144853	-0.11260304
0.026921798	-0.028101387	0.07234022	-0.87111604	0.2636884	-0.04076728	0.05360721	-0.0671545	0.9999996	-0.368963	0.048812423	-0.05629707	0.09020502	-0.14884026	0.12333565	-0.043428395	0.045772757	-0.09521264	0.089618996	-0.087020986	0.058041595	-0.052067243	0.05044158	-0.0583047	0.08074102
-0.024376541	0.02519654	-0.0565233	0.2631499	-0.8601697	0.036908086	-0.047599073	0.049850017	-0.368963	0.9999995	-0.0453778	0.05214081	-0.07972823	0.12288143	-0.19460423	0.042080864	-0.044128902	0.09598013	-0.0924579	0.112991184	-0.056735102	0.051969316	-0.050733276	0.06041562	-0.090018906
0.1842591	-0.19510949	0.16155905	-0.05277748	0.050685987	-0.5731456	0.3032044	-0.15438673	0.048812423	-0.0453778	0.9999995	-0.5507041	0.19786549	-0.1668653	0.122249514	-0.34427074	0.24686122	-0.22783692	0.13685323	-0.10709312	0.2336015	-0.22271028	0.13501547	-0.14689818	0.13527034
-0.16457014	0.16072612	-0.2056072	0.059378248	-0.05867281	0.27832353	-0.4369635	0.18483704	-0.05629707	0.05214081	-0.5507041	0.9999993	-0.33696628	0.1940233	-0.14617643	0.25968978	-0.42941397	0.24341612	-0.1606912	0.12095031	-0.25881538	0.23683429	-0.15675357	0.15522869	-0.15206537
0.09838693	-0.10381063	0.23991524	-0.09421272	0.08600599	-0.1590239	0.20763735	-0.30716854	0.09020502	-0.07972823	0.19786549	-0.33696628	0.9999997	-0.5413364	0.22828318	-0.15725172	0.17574337	-0.578102	0.24653116	-0.18676163	0.18414542	-0.17770837	0.15862632	-0.17652063	0.1833049
-0.08343621	0.084436	-0.20063196	0.13165724	-0.1333505	0.12604095	-0.17136094	0.17183557	-0.14884026	0.12288143	-0.1668653	0.1940233	-0.5413364	0.9999992	-0.48348287	0.13842045	-0.15573841	0.31256387	-0.44793624	0.2745407	-0.1881019	0.16542014	-0.18099292	0.19934101	-0.23507835
0.0635272	-0.06558292	0.13063507	-0.13051564	0.16176143	-0.09765444	0.12333676	-0.11815261	0.12333565	-0.19460423	0.122249514	-0.14617643	0.22828318	-0.48348287	0.9999991	-0.11692646	0.123665035	-0.3038967	0.3044414	-0.64491165	0.15479504	-0.15126576	0.15095207	-0.19372827	0.25509575
-0.1055879	0.10343961	-0.12957072	0.046644285	-0.047702603	0.18213436	-0.2008388	0.11135844	-0.043428395	0.042080864	-0.34427074	0.25968978	-0.15725172	0.13842045	-0.11692646	0.99999887	-0.5417836	0.18663546	-0.13506235	0.10299564	-0.6521552	0.2822563	-0.16669616	0.16062827	-0.14252762
0.097188726	-0.0996303	0.12883665	-0.04920108	0.049553413	-0.17004219	0.19563831	-0.115762845	0.045772757	-0.044128902	0.24686122	-0.42941397	0.17574337	-0.15573841	0.123665035	-0.5417836	0.9999988	-0.21537617	0.14963402	-0.11188513	0.3078045	-0.56311846	0.2072756	-0.20619684	0.14097482
-0.11435398	0.113068074	-0.27250874	0.09711641	-0.110833	0.16732456	-0.23275591	0.21359465	-0.09521264	0.09598013	-0.22783692	0.24341612	-0.578102	0.31256387	-0.3038967	0.18663546	-0.21537617	0.999999	-0.40012017	0.23407342	-0.26720592	0.21524705	-0.25304568	0.23096864	-0.2766661
0.06932522	-0.070838846	0.14010556	-0.095118076	0.09759905	-0.106369585	0.13565136	-0.123803996	0.089618996	-0.0924579	0.13685323	-0.1606912	0.24653116	-0.44793624	0.3044414	-0.13506235	0.14963402	-0.40012017	0.9999989	-0.5268958	0.1821349	-0.19690758	0.23323816	-0.41766676	0.24264747
-0.054881703	0.05575302	-0.112329185	0.088519774	-0.121303484	0.08297255	-0.10697331	0.09593892	-0.087020986	0.112991184	-0.10709312	0.12095031	-0.18676163	0.2745407	-0.64491165	0.10299564	-0.11188513	0.23407342	-0.5268958	0.99999875	-0.14440545	0.13537627	-0.15875898	0.19215357	-0.3863179
0.10368141	-0.10961503	0.14014265	-0.06356786	0.063686766	-0.1825384	0.18684904	-0.125044	0.058041595	-0.056735102	0.2336015	-0.25881538	0.18414542	-0.1881019	0.15479504	-0.6521552	0.3078045	-0.26720592	0.1821349	-0.14440545	0.9999985	-0.43849427	0.21581584	-0.25252116	0.1962974
-0.09552294	0.093667135	-0.13991833	0.05535508	-0.059173398	0.14906505	-0.19109303	0.1166059	-0.052067243	0.051969316	-0.22271028	0.23683429	-0.17770837	0.16542014	-0.15126576	0.2822563	-0.56311846	0.21524705	-0.19690758	0.13537627	-0.43849427	0.99999857	-0.48047665	0.26433352	-0.1819437
0.06356591	-0.06415485	0.10755825	-0.054118574	0.056277968	-0.099587016	0.12379888	-0.09214376	0.05044158	-0.050733276	0.13501547	-0.15675357	0.15862632	-0.18099292	0.15095207	-0.16669616	0.2072756	-0.25304568	0.23323816	-0.15875898	0.21581584	-0.48047665	0.9999984	-0.7306373	0.1603403
-0.06999005	0.069300376	-0.1227078	0.06123027	-0.067914344	0.10586287	-0.13725747	0.10144853	-0.0583047	0.06041562	-0.14689818	0.15522869	-0.17652063	0.19934101	-0.19372827	0.16062827	-0.20619684	0.23096864	-0.41766676	0.19215357	-0.25252116	0.26433352	-0.7306373	0.99999845	-0.20580326
0.07164938	-0.07364129	0.13114126	-0.089831874	0.097965576	-0.10848883	0.13373725	-0.11260304	0.08074102	-0.090018906	0.13527034	-0.15206537	0.1833049	-0.23507835	0.25509575	-0.14252762	0.14097482	-0.2766661	0.24264747	-0.3863179	0.1962974	-0.1819437	0.1603403	-0.20580326	0.99999845
