1.0	-0.6522596	0.099491775	-0.085829616	0.09719799	-0.65670013	0.3160456	-0.12153902	0.073875874	-0.074648455	0.15579924	-0.15207522	0.09887862	-0.08269262	0.1007215	-0.023294432	0.02393792	-0.022772312	0.017973006	-0.022536628	0.014180243	-0.013961357	0.021099975	-0.01935762	0.025051985
-0.6522596	1.0000001	-0.15493022	0.12117787	-0.14793496	0.3269264	-0.5607563	0.17002092	-0.10969191	0.10540005	-0.25482267	0.19973451	-0.15089136	0.11796534	-0.15461342	0.03286311	-0.03438215	0.03196533	-0.025818342	0.032493703	-0.020305064	0.01971584	-0.03017766	0.027545316	-0.03648529
0.099491775	-0.15493022	1.0000004	-0.6035007	0.2646484	-0.10708717	0.14244436	-0.5918456	0.2295716	-0.22445154	0.08800796	-0.08747868	0.25623563	-0.24359277	0.21938707	-0.017120533	0.017800482	-0.035643093	0.040706176	-0.048885573	0.014122366	-0.013712746	0.032691855	-0.04350686	0.052213404
-0.085829616	0.12117787	-0.6035007	1.0000005	-0.5468876	0.08115766	-0.11204452	0.27178404	-0.34879893	0.2529301	-0.07986472	0.07442086	-0.24926409	0.21444824	-0.2627097	0.015763344	-0.01645586	0.034701552	-0.040375818	0.05086098	-0.013597345	0.013129476	-0.032433137	0.042620223	-0.055656753
0.09719799	-0.14793496	0.2646484	-0.5468876	1.0000005	-0.088772774	0.11445954	-0.24269679	0.2559532	-0.36165968	0.082931764	-0.07777419	0.20424162	-0.22185065	0.2803216	-0.01845397	0.019165698	-0.045030992	0.04892968	-0.06626678	0.016942449	-0.016365815	0.04135459	-0.05367463	0.072362535
-0.65670013	0.3269264	-0.10708717	0.08115766	-0.088772774	1.0000005	-0.62631196	0.13252056	-0.07315561	0.069264196	-0.2089543	0.17678717	-0.10740614	0.080749236	-0.09396912	0.025056029	-0.026046734	0.02102828	-0.016485952	0.02013554	-0.014179225	0.013918381	-0.019596096	0.01758185	-0.02229521
0.3160456	-0.5607563	0.14244436	-0.11204452	0.11445954	-0.62631196	1.0000004	-0.23041107	0.097807966	-0.09400307	0.2309209	-0.30467516	0.14455408	-0.11180379	0.12090655	-0.032734863	0.033874605	-0.027388185	0.02181148	-0.026373038	0.018131467	-0.017993525	0.025311958	-0.023283796	0.029013582
-0.12153902	0.17002092	-0.5918456	0.27178404	-0.24269679	0.13252056	-0.23041107	1.0000007	-0.27932325	0.21020678	-0.115713865	0.113506936	-0.54649436	0.26931277	-0.260494	0.02002204	-0.020987311	0.038186133	-0.043152686	0.04985486	-0.015639618	0.015152164	-0.035577297	0.044697586	-0.05366017
0.073875874	-0.10969191	0.2295716	-0.34879893	0.2559532	-0.07315561	0.097807966	-0.27932325	1.0000007	-0.73251086	0.07045884	-0.06806641	0.24066505	-0.3883697	0.28288466	-0.014532961	0.01514553	-0.034133274	0.047874294	-0.054844018	0.012735844	-0.012365806	0.031558093	-0.04987057	0.05732212
-0.074648455	0.10540005	-0.22445154	0.2529301	-0.36165968	0.069264196	-0.09400307	0.21020678	-0.73251086	1.0000007	-0.07162167	0.066556364	-0.23331206	0.26370242	-0.43178043	0.01489976	-0.015554101	0.035667803	-0.048469108	0.062579505	-0.013358525	0.012925476	-0.033400837	0.050172348	-0.06738409
0.15579924	-0.25482267	0.08800796	-0.07986472	0.082931764	-0.2089543	0.2309209	-0.115713865	0.07045884	-0.07162167	1.000001	-0.8969302	0.11872764	-0.09563686	0.09175537	-0.08767399	0.082935296	-0.037254635	0.019661032	-0.022485351	0.03640849	-0.037008833	0.033734597	-0.021220693	0.024735022
-0.15207522	0.19973451	-0.08747868	0.07442086	-0.07777419	0.17678717	-0.30467516	0.113506936	-0.06806641	0.066556364	-0.8969302	1.0000006	-0.13312742	0.09136325	-0.0884787	0.07881409	-0.0877775	0.034449626	-0.01842912	0.020833176	-0.034537103	0.03452341	-0.0318064	0.019721622	-0.022967651
0.09887862	-0.15089136	0.25623563	-0.24926409	0.20424162	-0.10740614	0.14455408	-0.54649436	0.24066505	-0.23331206	0.11872764	-0.13312742	1.0000001	-0.6362653	0.26860106	-0.02262264	0.02372214	-0.05166214	0.06088356	-0.061976753	0.018616091	-0.01805692	0.046222843	-0.06320685	0.06349386
-0.08269262	0.11796534	-0.24359277	0.21444824	-0.22185065	0.080749236	-0.11180379	0.26931277	-0.3883697	0.26370242	-0.09563686	0.09136325	-0.6362653	1.0000001	-0.4986762	0.018975604	-0.01992471	0.046842337	-0.08739799	0.07790178	-0.01676304	0.016296659	-0.04389501	0.080269955	-0.079710625
0.1007215	-0.15461342	0.21938707	-0.2627097	0.2803216	-0.09396912	0.12090655	-0.260494	0.28288466	-0.43178043	0.09175537	-0.0884787	0.26860106	-0.4986762	1.0000006	-0.021849316	0.022676319	-0.059139915	0.086886436	-0.13596386	0.020689907	-0.020159867	0.053852234	-0.09388766	0.124843955
-0.023294432	0.03286311	-0.017120533	0.015763344	-0.01845397	0.025056029	-0.032734863	0.02002204	-0.014532961	0.01489976	-0.08767399	0.07881409	-0.02262264	0.018975604	-0.021849316	1.0000005	-0.9168937	0.123404056	-0.018667754	0.01505743	-0.28897175	0.21408458	-0.122765556	0.021022476	-0.018728685
0.02393792	-0.03438215	0.017800482	-0.01645586	0.019165698	-0.026046734	0.033874605	-0.020987311	0.01514553	-0.015554101	0.082935296	-0.0877775	0.02372214	-0.01992471	0.022676319	-0.9168937	1.0000007	-0.15275848	0.019252148	-0.015622409	0.21887727	-0.2683249	0.12539038	-0.021844868	0.01928657
-0.022772312	0.03196533	-0.035643093	0.034701552	-0.045030992	0.02102828	-0.027388185	0.038186133	-0.034133274	0.035667803	-0.037254635	0.034449626	-0.05166214	0.046842337	-0.059139915	0.123404056	-0.15275848	1.0000006	-0.10921341	0.07576372	-0.20509358	0.18318549	-0.9251955	0.1180748	-0.10043116
0.017973006	-0.025818342	0.040706176	-0.040375818	0.04892968	-0.016485952	0.02181148	-0.043152686	0.047874294	-0.048469108	0.019661032	-0.01842912	0.06088356	-0.08739799	0.086886436	-0.018667754	0.019252148	-0.10921341	1.0000005	-0.37475812	0.025158336	-0.027034258	0.102698505	-0.872652	0.261465
-0.022536628	0.032493703	-0.048885573	0.05086098	-0.06626678	0.02013554	-0.026373038	0.04985486	-0.054844018	0.062579505	-0.022485351	0.020833176	-0.061976753	0.07790178	-0.13596386	0.01505743	-0.015622409	0.07576372	-0.37475812	1.0000006	-0.020198436	0.020418204	-0.074403994	0.26050177	-0.86960363
0.014180243	-0.020305064	0.014122366	-0.013597345	0.016942449	-0.014179225	0.018131467	-0.015639618	0.012735844	-0.013358525	0.03640849	-0.034537103	0.018616091	-0.01676304	0.020689907	-0.28897175	0.21887727	-0.20509358	0.025158336	-0.020198436	1.0000006	-0.8985198	0.17493488	-0.030039325	0.024437904
-0.013961357	0.01971584	-0.013712746	0.013129476	-0.016365815	0.013918381	-0.017993525	0.015152164	-0.012365806	0.012925476	-0.037008833	0.03452341	-0.01805692	0.016296659	-0.020159867	0.21408458	-0.2683249	0.18318549	-0.027034258	0.020418204	-0.8985198	1.0000004	-0.22931886	0.03171684	-0.025145533
0.021099975	-0.03017766	0.032691855	-0.032433137	0.04135459	-0.019596096	0.025311958	-0.035577297	0.031558093	-0.033400837	0.033734597	-0.0318064	0.046222843	-0.04389501	0.053852234	-0.122765556	0.12539038	-0.9251955	0.102698505	-0.074403994	0.17493488	-0.22931886	1.0000005	-0.13806604	0.088721946
-0.01935762	0.027545316	-0.04350686	0.042620223	-0.05367463	0.01758185	-0.023283796	0.044697586	-0.04987057	0.050172348	-0.021220693	0.019721622	-0.06320685	0.080269955	-0.09388766	0.021022476	-0.021844868	0.1180748	-0.872652	0.26050177	-0.030039325	0.03171684	-0.13806604	1.0000004	-0.35935813
0.025051985	-0.03648529	0.052213404	-0.055656753	0.072362535	-0.02229521	0.029013582	-0.05366017	0.05732212	-0.06738409	0.024735022	-0.022967651	0.06349386	-0.079710625	0.124843955	-0.018728685	0.01928657	-0.10043116	0.261465	-0.86960363	0.024437904	-0.025145533	0.088721946	-0.35935813	1.0000004
