1.0000001	-0.78546405	0.25413933	-0.14358558	0.08637469	-0.40240562	0.27951166	-0.29130733	0.10127014	-0.07996685	0.145539	-0.1843705	0.1238709	-0.08980978	0.10730009	-0.08945499	0.08206218	-0.098073706	0.09013977	-0.09323735	0.11029846	-0.07370975	0.09106306	-0.04904219	0.06301531
-0.78546405	1.0000005	-0.37964186	0.12527403	-0.0795598	0.26875865	-0.36424297	0.2560161	-0.091749676	0.06975202	-0.12957603	0.15292819	-0.1100725	0.07816813	-0.09516832	0.0762699	-0.07080017	0.083412655	-0.07788119	0.07811675	-0.0976019	0.06257333	-0.07850347	0.04188426	-0.054103155
0.25413933	-0.37964186	1.0000008	-0.2708092	0.1352515	-0.253907	0.24243087	-0.7720476	0.15308951	-0.11607802	0.12661253	-0.15854335	0.16400938	-0.12467585	0.14319094	-0.08342182	0.08595999	-0.12278838	0.111833364	-0.113874264	0.105443254	-0.0781311	0.10343526	-0.056136448	0.071705
-0.14358558	0.12527403	-0.2708092	1.0000005	-0.5765846	0.1340411	-0.124307275	0.20292945	-0.49102587	0.31533042	-0.111817904	0.12593096	-0.23143163	0.26124972	-0.36463684	0.088203065	-0.110329136	0.16574426	-0.215659	0.19918326	-0.11937813	0.09983717	-0.15597081	0.08518812	-0.11244642
0.08637469	-0.0795598	0.1352515	-0.5765846	1.0000007	-0.09403077	0.08173564	-0.13901955	0.27366456	-0.70190555	0.07609846	-0.08880206	0.15071689	-0.19824764	0.25033495	-0.061379258	0.075864196	-0.11840322	0.14661299	-0.16072018	0.0813225	-0.07013741	0.10600737	-0.059695248	0.07745373
-0.40240562	0.26875865	-0.253907	0.1340411	-0.09403077	1.0000007	-0.7195439	0.24033532	-0.11258769	0.08460064	-0.31200323	0.2641091	-0.1517638	0.10042898	-0.12549804	0.14729333	-0.120296665	0.1171248	-0.10686112	0.10479677	-0.19146378	0.10280988	-0.119883135	0.06270313	-0.08133958
0.27951166	-0.36424297	0.24243087	-0.124307275	0.08173564	-0.7195439	1.000001	-0.3497419	0.0992617	-0.074928865	0.22163422	-0.3452462	0.1355007	-0.08961199	0.10636483	-0.118589744	0.10076038	-0.10487307	0.091084056	-0.091537885	0.14386648	-0.08756292	0.099542595	-0.052757658	0.06733484
-0.29130733	0.2560161	-0.7720476	0.20292945	-0.13901955	0.24033532	-0.3497419	1.0000011	-0.17498508	0.117848426	-0.14369063	0.16702835	-0.2204302	0.13694975	-0.15898155	0.09207746	-0.09723768	0.13787723	-0.12502664	0.121419504	-0.11983365	0.08651896	-0.11802814	0.06280898	-0.08087032
0.10127014	-0.091749676	0.15308951	-0.49102587	0.27366456	-0.11258769	0.0992617	-0.17498508	1.0000011	-0.44188178	0.096538015	-0.11503711	0.22766303	-0.58859956	0.3110482	-0.07950783	0.10085041	-0.17994791	0.2136428	-0.22764762	0.103269555	-0.094369106	0.14031738	-0.08006685	0.10091108
-0.07996685	0.06975202	-0.11607802	0.31533042	-0.70190555	0.08460064	-0.074928865	0.117848426	-0.44188178	1.0000008	-0.07586784	0.08713745	-0.1725799	0.2411634	-0.40904832	0.062428385	-0.079992145	0.1288083	-0.17234226	0.17426984	-0.083241835	0.07351993	-0.1139861	0.06388153	-0.0829811
0.145539	-0.12957603	0.12661253	-0.111817904	0.07609846	-0.31200323	0.22163422	-0.14369063	0.096538015	-0.07586784	1.0000011	-0.7154974	0.16152216	-0.09946137	0.11663895	-0.45212206	0.1904459	-0.14551999	0.112140074	-0.11685801	0.28368524	-0.17022003	0.14360614	-0.0758102	0.09292235
-0.1843705	0.15292819	-0.15854335	0.12593096	-0.08880206	0.2641091	-0.3452462	0.16702835	-0.11503711	0.08713745	-0.7154974	1.0000011	-0.22146027	0.11732977	-0.13802008	0.26479903	-0.22680977	0.1654259	-0.1307148	0.12872194	-0.340126	0.17189282	-0.17046395	0.08650071	-0.10955493
0.1238709	-0.1100725	0.16400938	-0.23143163	0.15071689	-0.1517638	0.1355007	-0.2204302	0.22766303	-0.1725799	0.16152216	-0.22146027	1.0000007	-0.39171675	0.2547533	-0.1388334	0.19125423	-0.63553	0.25864273	-0.27159268	0.1659154	-0.18522072	0.25328678	-0.14019455	0.1574753
-0.08980978	0.07816813	-0.12467585	0.26124972	-0.19824764	0.10042898	-0.08961199	0.13694975	-0.58859956	0.2411634	-0.09946137	0.11732977	-0.39171675	1.0000008	-0.52067393	0.083714426	-0.11355696	0.21961911	-0.33414546	0.2571403	-0.108437255	0.10484093	-0.16221543	0.09100465	-0.11303624
0.10730009	-0.09516832	0.14319094	-0.36463684	0.25033495	-0.12549804	0.10636483	-0.15898155	0.3110482	-0.40904832	0.11663895	-0.13802008	0.2547533	-0.52067393	1.0000008	-0.09990384	0.1275918	-0.22017843	0.27961785	-0.40829286	0.13044995	-0.12039877	0.18058188	-0.10626646	0.13516106
-0.08945499	0.0762699	-0.08342182	0.088203065	-0.061379258	0.14729333	-0.118589744	0.09207746	-0.07950783	0.062428385	-0.45212206	0.26479903	-0.1388334	0.083714426	-0.09990384	1.0000004	-0.3314114	0.14107712	-0.10239044	0.10447484	-0.745006	0.21937369	-0.15723301	0.078461826	-0.094573356
0.08206218	-0.07080017	0.08595999	-0.110329136	0.075864196	-0.120296665	0.10076038	-0.09723768	0.10085041	-0.079992145	0.1904459	-0.22680977	0.19125423	-0.11355696	0.1275918	-0.3314114	1.0000007	-0.29546788	0.14423029	-0.1497748	0.25376135	-0.7633655	0.26248416	-0.13080166	0.13778482
-0.098073706	0.083412655	-0.12278838	0.16574426	-0.11840322	0.1171248	-0.10487307	0.13787723	-0.17994791	0.1288083	-0.14551999	0.1654259	-0.63553	0.21961911	-0.22017843	0.14107712	-0.29546788	1.0000008	-0.33663285	0.24203472	-0.17229354	0.22821634	-0.45636532	0.17291076	-0.20215432
0.09013977	-0.07788119	0.111833364	-0.215659	0.14661299	-0.10686112	0.091084056	-0.12502664	0.2136428	-0.17234226	0.112140074	-0.1307148	0.25864273	-0.33414546	0.27961785	-0.10239044	0.14423029	-0.33663285	1.0000011	-0.74772763	0.13110594	-0.1387923	0.21153617	-0.14557536	0.16507536
-0.09323735	0.07811675	-0.113874264	0.19918326	-0.16072018	0.10479677	-0.091537885	0.121419504	-0.22764762	0.17426984	-0.11685801	0.12872194	-0.27159268	0.2571403	-0.40829286	0.10447484	-0.1497748	0.24203472	-0.74772763	1.0000013	-0.14181094	0.13663307	-0.23526411	0.14689182	-0.20331906
0.11029846	-0.0976019	0.105443254	-0.11937813	0.0813225	-0.19146378	0.14386648	-0.11983365	0.103269555	-0.083241835	0.28368524	-0.340126	0.1659154	-0.108437255	0.13044995	-0.745006	0.25376135	-0.17229354	0.13110594	-0.14181094	1.0000014	-0.28441703	0.18342222	-0.09841704	0.11587788
-0.07370975	0.06257333	-0.0781311	0.09983717	-0.07013741	0.10280988	-0.08756292	0.08651896	-0.094369106	0.07351993	-0.17022003	0.17189282	-0.18522072	0.10484093	-0.12039877	0.21937369	-0.7633655	0.22821634	-0.1387923	0.13663307	-0.28441703	1.0000013	-0.42698407	0.15118046	-0.17075297
0.09106306	-0.07850347	0.10343526	-0.15597081	0.10600737	-0.119883135	0.099542595	-0.11802814	0.14031738	-0.1139861	0.14360614	-0.17046395	0.25328678	-0.16221543	0.18058188	-0.15723301	0.26248416	-0.45636532	0.21153617	-0.23526411	0.18342222	-0.42698407	1.0000012	-0.44036153	0.28016284
-0.04904219	0.04188426	-0.056136448	0.08518812	-0.059695248	0.06270313	-0.052757658	0.06280898	-0.08006685	0.06388153	-0.0758102	0.08650071	-0.14019455	0.09100465	-0.10626646	0.078461826	-0.13080166	0.17291076	-0.14557536	0.14689182	-0.09841704	0.15118046	-0.44036153	1.0000011	-0.82733524
0.06301531	-0.054103155	0.071705	-0.11244642	0.07745373	-0.08133958	0.06733484	-0.08087032	0.10091108	-0.0829811	0.09292235	-0.10955493	0.1574753	-0.11303624	0.13516106	-0.094573356	0.13778482	-0.20215432	0.16507536	-0.20331906	0.11587788	-0.17075297	0.28016284	-0.82733524	1.0000011
