1.306964285671711
0.5119022000581026
1.4843391235917807
1.897009575739503
0.9920300580561161
1.9291241485625505
0.9279284216463566
1.9677296299487352
1.5294879227876663
1.3204304166138172
1.8626535348594189
1.9082137234508991
1.6918548662215471
0.9546469040215015
0.2955038882791996
1.558039439842105
1.5225460138171911
1.481237430125475
1.7844748850911856
0.41545290499925613
1.6445321030914783
1.9192011822015047
0.3945178985595703
1.896027049049735
0.15045000426471233
0.8935188632458448
1.9385497812181711
1.160251259803772
1.6477887406945229
0.3921301607042551
1.651485739275813
0.6453123427927494
0.7317314986139536
0.791253698989749
1.446174293756485
1.4420740194618702
1.196630658581853
0.8796383440494537
0.33541112393140793
0.26462029479444027
