1.0000001	-0.43226624	0.23845167	-0.19059388	0.21324942	-0.40358898	0.29108614	-0.36593172	0.17420924	-0.14837298	0.2578218	-0.29090396	0.21751854	-0.17004123	0.14714392	-0.21014579	0.17885676	-0.25952554	0.15507597	-0.23197576	0.22214754	-0.13983144	0.20173152	-0.060887005	0.06388524
-0.43226624	1.0000004	-0.64270365	0.2161256	-0.18725559	0.2115524	-0.36078078	0.30885845	-0.22870702	0.11657418	-0.20633367	0.20673923	-0.18781437	0.13251127	-0.12205276	0.13856229	-0.13542749	0.17885657	-0.12487228	0.15365754	-0.18352471	0.109273106	-0.16673696	0.047008567	-0.05009608
0.23845167	-0.64270365	1.0000002	-0.37595624	0.14430232	-0.1378198	0.19592226	-0.54293567	0.25859836	-0.09887329	0.13418354	-0.15084182	0.16810212	-0.11702845	0.099696115	-0.100542024	0.09682206	-0.16374347	0.10330401	-0.12377345	0.126145	-0.07834119	0.118190676	-0.03528886	0.03725123
-0.19059388	0.2161256	-0.37595624	1.0000002	-0.18629715	0.09607995	-0.13398647	0.2671668	-0.8297501	0.1238645	-0.10094907	0.10769691	-0.13027485	0.13458255	-0.1192676	0.07669597	-0.07501975	0.12364613	-0.11735913	0.12887083	-0.10914895	0.0658277	-0.10125727	0.03358341	-0.035414573
0.21324942	-0.18725559	0.14430232	-0.18629715	0.99999976	-0.10985732	0.13533987	-0.21164517	0.16623132	-0.60050565	0.12088468	-0.13762067	0.16583107	-0.2830496	0.30438846	-0.10953115	0.10378979	-0.18700773	0.2367921	-0.47327152	0.18330169	-0.10836397	0.16694947	-0.07578992	0.07779147
-0.40358898	0.2115524	-0.1378198	0.09607995	-0.10985732	0.99999964	-0.6090841	0.18651736	-0.095378816	0.07414376	-0.58480686	0.29898936	-0.14770153	0.09146193	-0.077665344	0.17776547	-0.16234607	0.15354358	-0.083809614	0.10965662	-0.13044965	0.087192975	-0.11988691	0.033245493	-0.03500579
0.29108614	-0.36078078	0.19592226	-0.13398647	0.13533987	-0.6090841	0.99999964	-0.28585753	0.13014361	-0.09282302	0.3152813	-0.48697135	0.19217125	-0.11698422	0.096942425	-0.2075292	0.1833948	-0.20201911	0.10495642	-0.13514435	0.15235941	-0.10379436	0.14221647	-0.040251147	0.04225247
-0.36593172	0.30885845	-0.54293567	0.2671668	-0.21164517	0.18651736	-0.28585753	0.9999996	-0.3781764	0.1376565	-0.20024696	0.21010217	-0.34818864	0.17077276	-0.14894317	0.14449787	-0.1458907	0.24132353	-0.15752128	0.17560303	-0.20179419	0.12234805	-0.19044374	0.0541727	-0.057618845
0.17420924	-0.22870702	0.25859836	-0.8297501	0.16623132	-0.095378816	0.13014361	-0.3781764	0.99999976	-0.14017387	0.09932935	-0.11170009	0.14121865	-0.16520597	0.12494402	-0.07853225	0.07606435	-0.13853218	0.123632416	-0.13748822	0.106187664	-0.06566895	0.0999637	-0.03437379	0.03598388
-0.14837298	0.11657418	-0.09887329	0.1238645	-0.60050565	0.07414376	-0.09282302	0.1376565	-0.14017387	0.99999994	-0.08367837	0.09295478	-0.12478381	0.23883434	-0.6706147	0.07313072	-0.07111348	0.12786604	-0.22008474	0.2631964	-0.12682027	0.07442725	-0.1166709	0.052109625	-0.054543376
0.2578218	-0.20633367	0.13418354	-0.10094907	0.12088468	-0.58480686	0.3152813	-0.20024696	0.09932935	-0.08367837	0.99999994	-0.5796342	0.18816167	-0.10887897	0.0883985	-0.3286626	0.23599279	-0.20490697	0.097507365	-0.12573196	0.15200414	-0.109602354	0.14143957	-0.038836524	0.04062757
-0.29090396	0.20673923	-0.15084182	0.10769691	-0.13762067	0.29898936	-0.48697135	0.21010217	-0.11170009	0.09295478	-0.5796342	0.99999994	-0.31257612	0.12732348	-0.10316198	0.26356632	-0.35862845	0.23546319	-0.1161588	0.13550034	-0.18065749	0.1294732	-0.17228761	0.04509143	-0.047489606
0.21751854	-0.18781437	0.16810212	-0.13027485	0.16583107	-0.14770153	0.19217125	-0.34818864	0.14121865	-0.12478381	0.18816167	-0.31257612	0.9999999	-0.27305958	0.1494837	-0.16752848	0.17328481	-0.7471273	0.1848631	-0.17732435	0.16914025	-0.1275772	0.186613	-0.05448253	0.0561395
-0.17004123	0.13251127	-0.11702845	0.13458255	-0.2830496	0.09146193	-0.11698422	0.17077276	-0.16520597	0.23883434	-0.10887897	0.12732348	-0.27305958	0.99999976	-0.46635926	0.09401382	-0.09454057	0.20539798	-0.6764356	0.30553657	-0.14487821	0.09079356	-0.14231218	0.077185445	-0.08016583
0.14714392	-0.12205276	0.099696115	-0.1192676	0.30438846	-0.077665344	0.096942425	-0.14894317	0.12494402	-0.6706147	0.0883985	-0.10316198	0.1494837	-0.46635926	0.9999997	-0.07951803	0.076919176	-0.15739319	0.26339832	-0.39374393	0.12627304	-0.07751273	0.11950552	-0.062380373	0.06380811
-0.21014579	0.13856229	-0.100542024	0.07669597	-0.10953115	0.17776547	-0.2075292	0.14449787	-0.07853225	0.07313072	-0.3286626	0.26356632	-0.16752848	0.09401382	-0.07951803	0.9999998	-0.8215693	0.18501535	-0.08923548	0.1113696	-0.22653684	0.17296451	-0.19273739	0.043945406	-0.04613964
0.17885676	-0.13542749	0.09682206	-0.07501975	0.10378979	-0.16234607	0.1833948	-0.1458907	0.07606435	-0.07111348	0.23599279	-0.35862845	0.17328481	-0.09454057	0.076919176	-0.8215693	0.9999998	-0.22911009	0.087308966	-0.10975287	0.19211885	-0.20791897	0.18030876	-0.04212976	0.043563638
-0.25952554	0.17885657	-0.16374347	0.12364613	-0.18700773	0.15354358	-0.20201911	0.24132353	-0.13853218	0.12786604	-0.20490697	0.23546319	-0.7471273	0.20539798	-0.15739319	0.18501535	-0.22911009	1.0	-0.2050768	0.18433568	-0.22897108	0.16716503	-0.29325014	0.0676605	-0.070923775
0.15507597	-0.12487228	0.10330401	-0.11735913	0.2367921	-0.083809614	0.10495642	-0.15752128	0.123632416	-0.22008474	0.097507365	-0.1161588	0.1848631	-0.6764356	0.26339832	-0.08923548	0.087308966	-0.2050768	1.0000002	-0.5720606	0.13620642	-0.088028766	0.1354291	-0.111947246	0.10429027
-0.23197576	0.15365754	-0.12377345	0.12887083	-0.47327152	0.10965662	-0.13514435	0.17560303	-0.13748822	0.2631964	-0.12573196	0.13550034	-0.17732435	0.30553657	-0.39374393	0.1113696	-0.10975287	0.18433568	-0.5720606	1.0000006	-0.22458817	0.1288337	-0.20816292	0.12270477	-0.1430684
0.22214754	-0.18352471	0.126145	-0.10914895	0.18330169	-0.13044965	0.15235941	-0.20179419	0.106187664	-0.12682027	0.15200414	-0.18065749	0.16914025	-0.14487821	0.12627304	-0.22653684	0.19211885	-0.22897108	0.13620642	-0.22458817	1.0000005	-0.61692643	0.32464758	-0.08506078	0.08348012
-0.13983144	0.109273106	-0.07834119	0.0658277	-0.10836397	0.087192975	-0.10379436	0.12234805	-0.06566895	0.07442725	-0.109602354	0.1294732	-0.1275772	0.09079356	-0.07751273	0.17296451	-0.20791897	0.16716503	-0.088028766	0.1288337	-0.61692643	1.0000007	-0.67537904	0.08629848	-0.08839065
0.20173152	-0.16673696	0.118190676	-0.10125727	0.16694947	-0.11988691	0.14221647	-0.19044374	0.0999637	-0.1166709	0.14143957	-0.17228761	0.186613	-0.14231218	0.11950552	-0.19273739	0.18030876	-0.29325014	0.1354291	-0.20816292	0.32464758	-0.67537904	1.0000005	-0.15541427	0.13149726
-0.060887005	0.047008567	-0.03528886	0.03358341	-0.07578992	0.033245493	-0.040251147	0.0541727	-0.03437379	0.052109625	-0.038836524	0.04509143	-0.05448253	0.077185445	-0.062380373	0.043945406	-0.04212976	0.0676605	-0.111947246	0.12270477	-0.08506078	0.08629848	-0.15541427	1.0000006	-0.9642023
0.06388524	-0.05009608	0.03725123	-0.035414573	0.07779147	-0.03500579	0.04225247	-0.057618845	0.03598388	-0.054543376	0.04062757	-0.047489606	0.0561395	-0.08016583	0.06380811	-0.04613964	0.043563638	-0.070923775	0.10429027	-0.1430684	0.08348012	-0.08839065	0.13149726	-0.9642023	1.0000006
