1.0000001	-0.8397745	0.062107854	-0.045578517	0.03599012	-0.43340832	0.28860492	-0.05539866	0.040004253	-0.03246596	0.10886466	-0.06946857	0.066616304	-0.029407693	0.025476482	-0.121663995	0.037915926	-0.016755376	0.026150845	-0.022856256	0.03231989	-0.02801455	0.017397143	-0.013277708	0.012080964
-0.8397745	1.0000002	-0.07897236	0.053119417	-0.0431382	0.28532368	-0.43435627	0.06427218	-0.048042003	0.037946936	-0.0962025	0.08288829	-0.08383824	0.034830306	-0.030264102	0.09887197	-0.039819844	0.01812372	-0.031225296	0.02674396	-0.03411477	0.02886714	-0.018955026	0.015339377	-0.014031633
0.062107854	-0.07897236	1.0000002	-0.7707738	0.2593234	-0.05805154	0.06787187	-0.4488149	0.2889503	-0.26747754	0.032124262	-0.10750561	0.10215479	-0.14012592	0.13418218	-0.03599129	0.04876259	-0.03612496	0.1098588	-0.12903917	0.047079265	-0.036432315	0.03731841	-0.06664003	0.05739379
-0.045578517	0.053119417	-0.7707738	0.99999994	-0.39520168	0.040711775	-0.049029328	0.28949153	-0.3903251	0.24682978	-0.022930345	0.076388136	-0.07650831	0.11977386	-0.123110496	0.025396276	-0.035927024	0.028281756	-0.09727678	0.10757451	-0.034453537	0.026609672	-0.029398117	0.053750526	-0.047561634
0.03599012	-0.0431382	0.2593234	-0.39520168	1.0000001	-0.042188723	0.048451044	-0.32709897	0.2807568	-0.74386233	0.026208611	-0.10173844	0.09725746	-0.20028329	0.22008711	-0.029411446	0.047022082	-0.04174175	0.14948218	-0.21066575	0.044353403	-0.03528893	0.04266158	-0.09653914	0.08213398
-0.43340832	0.28532368	-0.05805154	0.040711775	-0.042188723	1.0000004	-0.78710985	0.06344332	-0.048851807	0.035902273	-0.24573818	0.116208054	-0.11732502	0.03967763	-0.033247303	0.19182073	-0.057145208	0.023943605	-0.036402978	0.02867597	-0.04568605	0.041286346	-0.024785003	0.016825415	-0.015617427
0.28860492	-0.43435627	0.06787187	-0.049029328	0.048451044	-0.78710985	1.0000001	-0.079636544	0.05708712	-0.042266194	0.17689346	-0.16074146	0.12947458	-0.045736834	0.037910257	-0.20943543	0.06369319	-0.02717111	0.041043397	-0.03309563	0.050904587	-0.047279954	0.027855845	-0.019361751	0.017850505
-0.05539866	0.06427218	-0.4488149	0.28949153	-0.32709897	0.06344332	-0.079636544	1.0000004	-0.73405993	0.2581533	-0.036378846	0.13562487	-0.16503833	0.16486178	-0.16312908	0.040050447	-0.057890512	0.04197447	-0.14556776	0.13154124	-0.053787142	0.042210788	-0.044149816	0.06760732	-0.062544115
0.040004253	-0.048042003	0.2889503	-0.3903251	0.2807568	-0.048851807	0.05708712	-0.73405993	1.0000002	-0.39507863	0.028311964	-0.11499838	0.11581177	-0.20015939	0.16841365	-0.031740732	0.046391163	-0.03711142	0.140927	-0.1432077	0.042362206	-0.0346034	0.038230684	-0.068395495	0.061168764
-0.03246596	0.037946936	-0.26747754	0.24682978	-0.74386233	0.035902273	-0.042266194	0.2581533	-0.39507863	1.0000002	-0.02247746	0.08554503	-0.087581806	0.19138554	-0.33959338	0.024943093	-0.041281637	0.038415488	-0.15861513	0.19704176	-0.03866212	0.030598173	-0.03983717	0.08655823	-0.07953543
0.10886466	-0.0962025	0.032124262	-0.022930345	0.026208611	-0.24573818	0.17689346	-0.036378846	0.028311964	-0.02247746	0.9999999	-0.08620389	0.07828255	-0.027936723	0.022916099	-0.9341047	0.09438134	-0.033075992	0.026226217	-0.020499414	0.06620914	-0.07248107	0.032551005	-0.013523328	0.012532607
-0.06946857	0.08288829	-0.10750561	0.076388136	-0.10173844	0.116208054	-0.16074146	0.13562487	-0.11499838	0.08554503	-0.08620389	0.9999999	-0.90953165	0.14736868	-0.11039466	0.087907426	-0.16090089	0.063339874	-0.13445929	0.08815875	-0.09190893	0.102423646	-0.06378474	0.048596524	-0.046198815
0.066616304	-0.08383824	0.10215479	-0.07650831	0.09725746	-0.11732502	0.12947458	-0.16503833	0.11581177	-0.087581806	0.07828255	-0.90953165	0.9999997	-0.18436587	0.10877534	-0.08838784	0.13046098	-0.06257642	0.12946077	-0.09158645	0.087134995	-0.10198696	0.060749408	-0.049667995	0.04602924
-0.029407693	0.034830306	-0.14012592	0.11977386	-0.20028329	0.03967763	-0.045736834	0.16486178	-0.20015939	0.19138554	-0.027936723	0.14736868	-0.18436587	0.99999976	-0.51058096	0.030955937	-0.06109219	0.07670936	-0.70654666	0.31008038	-0.0497418	0.045204982	-0.07886625	0.13842121	-0.13464394
0.025476482	-0.030264102	0.13418218	-0.123110496	0.22008711	-0.033247303	0.037910257	-0.16312908	0.16841365	-0.33959338	0.022916099	-0.11039466	0.10877534	-0.51058096	0.99999964	-0.025590347	0.048930783	-0.06011569	0.30958995	-0.6617566	0.04209122	-0.03703151	0.060439974	-0.18250449	0.16021858
-0.121663995	0.09887197	-0.03599129	0.025396276	-0.029411446	0.19182073	-0.20943543	0.040050447	-0.031740732	0.024943093	-0.9341047	0.087907426	-0.08838784	0.030955937	-0.025590347	0.9999997	-0.114342	0.035951048	-0.029347308	0.022697402	-0.0743654	0.07659616	-0.036085133	0.014897295	-0.013864412
0.037915926	-0.039819844	0.04876259	-0.035927024	0.047022082	-0.057145208	0.06369319	-0.057890512	0.046391163	-0.041281637	0.09438134	-0.16090089	0.13046098	-0.06109219	0.048930783	-0.114342	0.99999917	-0.24298254	0.062086727	-0.0486403	0.29968303	-0.75196135	0.19046162	-0.041490134	0.03813839
-0.016755376	0.01812372	-0.03612496	0.028281756	-0.04174175	0.023943605	-0.02717111	0.04197447	-0.03711142	0.038415488	-0.033075992	0.063339874	-0.06257642	0.07670936	-0.06011569	0.035951048	-0.24298254	0.99999934	-0.10314915	0.07084183	-0.1271323	0.15294243	-0.9290809	0.08390074	-0.079267144
0.026150845	-0.031225296	0.1098588	-0.09727678	0.14948218	-0.036402978	0.041043397	-0.14556776	0.140927	-0.15861513	0.026226217	-0.13445929	0.12946077	-0.70654666	0.30958995	-0.029347308	0.062086727	-0.10314915	0.99999934	-0.5358083	0.049933955	-0.04699843	0.093511894	-0.21212336	0.17223126
-0.022856256	0.02674396	-0.12903917	0.10757451	-0.21066575	0.02867597	-0.03309563	0.13154124	-0.1432077	0.19704176	-0.020499414	0.08815875	-0.09158645	0.31008038	-0.6617566	0.022697402	-0.0486403	0.07084183	-0.5358083	0.9999994	-0.04162537	0.036286354	-0.07375402	0.21254914	-0.27835003
0.03231989	-0.03411477	0.047079265	-0.034453537	0.044353403	-0.04568605	0.050904587	-0.053787142	0.042362206	-0.03866212	0.06620914	-0.09190893	0.087134995	-0.0497418	0.04209122	-0.0743654	0.29968303	-0.1271323	0.049933955	-0.04162537	0.99999905	-0.52801895	0.12904073	-0.035121307	0.03225609
-0.02801455	0.02886714	-0.036432315	0.026609672	-0.03528893	0.041286346	-0.047279954	0.042210788	-0.0346034	0.030598173	-0.07248107	0.102423646	-0.10198696	0.045204982	-0.03703151	0.07659616	-0.75196135	0.15294243	-0.04699843	0.036286354	-0.52801895	0.9999989	-0.17183264	0.03218934	-0.03006228
0.017397143	-0.018955026	0.03731841	-0.029398117	0.04266158	-0.024785003	0.027855845	-0.044149816	0.038230684	-0.03983717	0.032551005	-0.06378474	0.060749408	-0.07886625	0.060439974	-0.036085133	0.19046162	-0.9290809	0.093511894	-0.07375402	0.12904073	-0.17183264	0.99999887	-0.09830838	0.0810241
-0.013277708	0.015339377	-0.06664003	0.053750526	-0.09653914	0.016825415	-0.019361751	0.06760732	-0.068395495	0.08655823	-0.013523328	0.048596524	-0.049667995	0.13842121	-0.18250449	0.014897295	-0.041490134	0.08390074	-0.21212336	0.21254914	-0.035121307	0.03218934	-0.09830838	0.9999988	-0.92372197
0.012080964	-0.014031633	0.05739379	-0.047561634	0.08213398	-0.015617427	0.017850505	-0.062544115	0.061168764	-0.07953543	0.012532607	-0.046198815	0.04602924	-0.13464394	0.16021858	-0.013864412	0.03813839	-0.079267144	0.17223126	-0.27835003	0.03225609	-0.03006228	0.0810241	-0.92372197	0.9999988
