1.0000001	-0.64836985	0.22980739	-0.21560168	0.18747286	-0.52898186	0.31004018	-0.22936985	0.15383548	-0.11375756	0.23759401	-0.22236097	0.19892187	-0.16533442	0.11842976	-0.14663737	0.12999402	-0.1658296	0.08909823	-0.08994518	0.14560315	-0.07846177	0.09680028	-0.094931915	0.07084205
-0.64836985	1.0000001	-0.39267004	0.22674659	-0.21260434	0.28343633	-0.4888054	0.2436436	-0.16541538	0.11446092	-0.21072872	0.18296027	-0.20474407	0.153124	-0.120623514	0.124912	-0.11916886	0.14487852	-0.08423208	0.08434369	-0.13784933	0.072269514	-0.09133507	0.08752817	-0.067078345
0.22980739	-0.39267004	0.9999999	-0.67915565	0.27933374	-0.17994437	0.24716508	-0.37880182	0.19737479	-0.14199722	0.15747602	-0.16177358	0.20340206	-0.17967108	0.1384471	-0.11515258	0.114637285	-0.1504568	0.095893465	-0.09775389	0.12945381	-0.07073536	0.08993952	-0.10085085	0.07620805
-0.21560168	0.22674659	-0.67915565	0.9999997	-0.53835076	0.15370658	-0.22296926	0.23545349	-0.2105654	0.14351073	-0.14905399	0.14089532	-0.19031847	0.16484834	-0.14582737	0.106482655	-0.10845012	0.13512108	-0.091295466	0.09260529	-0.12672472	0.06742869	-0.087215446	0.09419602	-0.07316427
0.18747286	-0.21260434	0.27933374	-0.53835076	0.99999964	-0.1577124	0.2032412	-0.23353392	0.21151856	-0.20826222	0.15562059	-0.15603423	0.19276337	-0.22330542	0.18413018	-0.1337883	0.13703714	-0.18471989	0.12259451	-0.12818472	0.15868858	-0.087196566	0.11275596	-0.13365138	0.10005943
-0.52898186	0.28343633	-0.17994437	0.15370658	-0.1577124	0.9999997	-0.49957317	0.22511952	-0.14868245	0.10373187	-0.5234633	0.2574887	-0.23997733	0.14922076	-0.11042613	0.16521873	-0.14361835	0.16111496	-0.08194445	0.08093193	-0.16755457	0.08386075	-0.10323552	0.08483541	-0.06462788
0.31004018	-0.4888054	0.24716508	-0.22296926	0.2032412	-0.49957317	0.9999996	-0.45645022	0.20680319	-0.14934957	0.25844792	-0.2809257	0.25834677	-0.20706062	0.14631873	-0.15920842	0.14744861	-0.18897289	0.10879362	-0.11005012	0.16133983	-0.08814593	0.108923495	-0.11454607	0.08546775
-0.22936985	0.2436436	-0.37880182	0.23545349	-0.23353392	0.22511952	-0.45645022	0.99999964	-0.4339689	0.20167485	-0.23214622	0.24238783	-0.48309603	0.23968506	-0.20058344	0.14491281	-0.15099949	0.1865301	-0.12840821	0.12635066	-0.16549172	0.089501575	-0.11422229	0.1257059	-0.09867805
0.15383548	-0.16541538	0.19737479	-0.2105654	0.21151856	-0.14868245	0.20680319	-0.4339689	1.0000002	-0.5667644	0.14979972	-0.16356725	0.22790933	-0.45513204	0.30244595	-0.115876004	0.12240615	-0.16379865	0.19572489	-0.20595185	0.13372143	-0.07674574	0.09859044	-0.19430427	0.14485973
-0.11375756	0.11446092	-0.14199722	0.14351073	-0.20826222	0.10373187	-0.14934957	0.20167485	-0.5667644	1.0000002	-0.1102173	0.1121781	-0.16237937	0.25959203	-0.69211227	0.085275225	-0.09179474	0.11831481	-0.16619065	0.1833048	-0.10222334	0.057977855	-0.07558625	0.14960894	-0.13443258
0.23759401	-0.21072872	0.15747602	-0.14905399	0.15562059	-0.5234633	0.25844792	-0.23214622	0.14979972	-0.1102173	1.0000001	-0.60460436	0.2733468	-0.17381363	0.11629562	-0.30072704	0.19054604	-0.21233052	0.09339462	-0.09204686	0.2105861	-0.10811522	0.124851465	-0.09771113	0.07290195
-0.22236097	0.18296027	-0.16177358	0.14089532	-0.15603423	0.2574887	-0.2809257	0.24238783	-0.16356725	0.1121781	-0.60460436	1.0	-0.57876796	0.17538811	-0.1230045	0.20061083	-0.22596775	0.21506627	-0.09700382	0.09169186	-0.20263453	0.110433236	-0.13223356	0.09573708	-0.07393899
0.19892187	-0.20474407	0.20340206	-0.19031847	0.19276337	-0.23997733	0.25834677	-0.48309603	0.22790933	-0.16237937	0.2733468	-0.57876796	0.9999998	-0.29905596	0.16756172	-0.18488349	0.19831267	-0.3002337	0.14063476	-0.13349916	0.18796763	-0.11025176	0.13489342	-0.13676071	0.10308661
-0.16533442	0.153124	-0.17967108	0.16484834	-0.22330542	0.14922076	-0.20706062	0.23968506	-0.45513204	0.25959203	-0.17381363	0.17538811	-0.29905596	0.9999996	-0.39957806	0.13314724	-0.15038763	0.18311115	-0.5106306	0.27243587	-0.16714612	0.09414346	-0.12565306	0.2446713	-0.23060168
0.11842976	-0.120623514	0.1384471	-0.14582737	0.18413018	-0.11042613	0.14631873	-0.20058344	0.30244595	-0.69211227	0.11629562	-0.1230045	0.16756172	-0.39957806	0.9999992	-0.09709114	0.105493575	-0.14310558	0.2294373	-0.34312883	0.114943884	-0.067910165	0.08805633	-0.23344211	0.1879259
-0.14663737	0.124912	-0.11515258	0.106482655	-0.1337883	0.16521873	-0.15920842	0.14491281	-0.115876004	0.085275225	-0.30072704	0.20061083	-0.18488349	0.13314724	-0.09709114	0.99999905	-0.47219315	0.2909357	-0.082773685	0.078973025	-0.7110146	0.22644426	-0.24985136	0.08863471	-0.06710327
0.12999402	-0.11916886	0.114637285	-0.10845012	0.13703714	-0.14361835	0.14744861	-0.15099949	0.12240615	-0.09179474	0.19054604	-0.22596775	0.19831267	-0.15038763	0.105493575	-0.47219315	0.9999993	-0.6646576	0.10104938	-0.093342595	0.30545267	-0.3715156	0.27020636	-0.104534976	0.07784125
-0.1658296	0.14487852	-0.1504568	0.13512108	-0.18471989	0.16111496	-0.18897289	0.1865301	-0.16379865	0.11831481	-0.21233052	0.21506627	-0.3002337	0.18311115	-0.14310558	0.2909357	-0.6646576	0.99999964	-0.14407271	0.11914949	-0.38891104	0.25652555	-0.3509834	0.12892905	-0.10329779
0.08909823	-0.08423208	0.095893465	-0.091295466	0.12259451	-0.08194445	0.10879362	-0.12840821	0.19572489	-0.16619065	0.09339462	-0.09700382	0.14063476	-0.5106306	0.2294373	-0.082773685	0.10104938	-0.14407271	0.9999996	-0.6135611	0.10217848	-0.065426655	0.08661489	-0.4636204	0.29651025
-0.08994518	0.08434369	-0.09775389	0.09260529	-0.12818472	0.08093193	-0.11005012	0.12635066	-0.20595185	0.1833048	-0.09204686	0.09169186	-0.13349916	0.27243587	-0.34312883	0.078973025	-0.093342595	0.11914949	-0.6135611	0.99999934	-0.09938608	0.061034042	-0.081843354	0.32029617	-0.5545381
0.14560315	-0.13784933	0.12945381	-0.12672472	0.15868858	-0.16755457	0.16133983	-0.16549172	0.13372143	-0.10222334	0.2105861	-0.20263453	0.18796763	-0.16714612	0.114943884	-0.7110146	0.30545267	-0.38891104	0.10217848	-0.09938608	0.9999993	-0.32430917	0.24645515	-0.11291634	0.08239487
-0.07846177	0.072269514	-0.07073536	0.06742869	-0.087196566	0.08386075	-0.08814593	0.089501575	-0.07674574	0.057977855	-0.10811522	0.110433236	-0.11025176	0.09414346	-0.067910165	0.22644426	-0.3715156	0.25652555	-0.065426655	0.061034042	-0.32430917	0.9999992	-0.82622653	0.07838357	-0.058376107
0.09680028	-0.09133507	0.08993952	-0.087215446	0.11275596	-0.10323552	0.108923495	-0.11422229	0.09859044	-0.07558625	0.124851465	-0.13223356	0.13489342	-0.12565306	0.08805633	-0.24985136	0.27020636	-0.3509834	0.08661489	-0.081843354	0.24645515	-0.82622653	0.99999917	-0.110271335	0.076865904
-0.094931915	0.08752817	-0.10085085	0.09419602	-0.13365138	0.08483541	-0.11454607	0.1257059	-0.19430427	0.14960894	-0.09771113	0.09573708	-0.13676071	0.2446713	-0.23344211	0.08863471	-0.104534976	0.12892905	-0.4636204	0.32029617	-0.11291634	0.07838357	-0.110271335	0.9999992	-0.7371881
0.07084205	-0.067078345	0.07620805	-0.07316427	0.10005943	-0.06462788	0.08546775	-0.09867805	0.14485973	-0.13443258	0.07290195	-0.07393899	0.10308661	-0.23060168	0.1879259	-0.06710327	0.07784125	-0.10329779	0.29651025	-0.5545381	0.08239487	-0.058376107	0.076865904	-0.7371881	0.9999992
