1.0	-0.5790732	0.17027985	-0.13653654	0.0917117	-0.72072905	0.28655085	-0.1622993	0.11329212	-0.08020043	0.16740406	-0.12479852	0.11579303	-0.10194671	0.09325909	-0.09491705	0.09287003	-0.09359638	0.09137644	-0.07081834	0.102102764	-0.08122846	0.070974626	-0.065244995	0.07122593
-0.5790732	1.0000006	-0.3334976	0.19697134	-0.14013207	0.3193942	-0.58061326	0.24689424	-0.1761509	0.11738462	-0.19933781	0.1619458	-0.17180255	0.14657496	-0.13757858	0.11148955	-0.12413948	0.12480194	-0.1305031	0.10018968	-0.13474898	0.10436771	-0.09553854	0.08863213	-0.09941934
0.17027985	-0.3334976	1.0000004	-0.59844035	0.22227712	-0.2034185	0.26635167	-0.5314962	0.24761157	-0.19556189	0.17965147	-0.20049925	0.21964481	-0.21908809	0.18344523	-0.11481134	0.14100023	-0.15655486	0.16084516	-0.13580528	0.14106998	-0.124105	0.11269918	-0.11067024	0.12126528
-0.13653654	0.19697134	-0.59844035	1.0000006	-0.48116913	0.15305522	-0.22315279	0.27392718	-0.30644447	0.26154098	-0.19977295	0.1914802	-0.2329002	0.21837743	-0.26993328	0.12344944	-0.15210311	0.16312408	-0.21296088	0.1717885	-0.16008976	0.13275589	-0.12594074	0.1312252	-0.15313333
0.0917117	-0.14013207	0.22227712	-0.48116913	1.0000005	-0.11440191	0.14500798	-0.19712056	0.22038077	-0.7071368	0.1486707	-0.16500226	0.16931047	-0.19800809	0.26777282	-0.09774141	0.12145593	-0.13910225	0.17698525	-0.19590643	0.12394707	-0.1147684	0.10410152	-0.120304585	0.13040964
-0.72072905	0.3193942	-0.2034185	0.15305522	-0.11440191	1.0000004	-0.46397573	0.19559342	-0.14547515	0.09804604	-0.27365446	0.15529245	-0.14957958	0.12574214	-0.11837021	0.12772836	-0.12208727	0.11855302	-0.11687676	0.088795766	-0.13998294	0.10342447	-0.091687225	0.08234975	-0.090835445
0.28655085	-0.58061326	0.26635167	-0.22315279	0.14500798	-0.46397573	1.0000001	-0.45998347	0.20436448	-0.13230222	0.20115563	-0.21558525	0.20128183	-0.18652019	0.14564982	-0.12367935	0.1421594	-0.1482056	0.13944006	-0.1106162	0.14200023	-0.12009027	0.10693688	-0.098729946	0.10721384
-0.1622993	0.24689424	-0.5314962	0.27392718	-0.19712056	0.19559342	-0.45998347	1.0000002	-0.44063294	0.17443721	-0.19117361	0.21386185	-0.35847074	0.26551569	-0.1868563	0.12092669	-0.15680072	0.17075223	-0.16708697	0.13251835	-0.14994152	0.12767056	-0.12150092	0.111143075	-0.12330339
0.11329212	-0.1761509	0.24761157	-0.30644447	0.22038077	-0.14547515	0.20436448	-0.44063294	1.0	-0.29087713	0.1709228	-0.22622915	0.28758445	-0.6667646	0.21878506	-0.115383066	0.15267238	-0.17755285	0.17290485	-0.15424551	0.14178514	-0.13118505	0.12085732	-0.117285594	0.12669381
-0.08020043	0.11738462	-0.19556189	0.26154098	-0.7071368	0.09804604	-0.13230222	0.17443721	-0.29087713	0.9999999	-0.13712408	0.14936793	-0.16900912	0.20046692	-0.48095477	0.090323366	-0.114849016	0.13141087	-0.19980387	0.206453	-0.11564466	0.10632872	-0.099543415	0.1188673	-0.13707465
0.16740406	-0.19933781	0.17965147	-0.19977295	0.1486707	-0.27365446	0.20115563	-0.19117361	0.1709228	-0.13712408	0.9999996	-0.36088514	0.2207774	-0.18385547	0.1760818	-0.5524991	0.26993674	-0.25540915	0.19753358	-0.14964694	0.30923104	-0.25087127	0.19058546	-0.16277502	0.16478811
-0.12479852	0.1619458	-0.20049925	0.1914802	-0.16500226	0.15529245	-0.21558525	0.21386185	-0.22622915	0.14936793	-0.36088514	0.9999996	-0.48388907	0.23102312	-0.20582463	0.24907462	-0.5647805	0.30023023	-0.2338957	0.16235308	-0.28830087	0.21466845	-0.21319926	0.16005568	-0.17576201
0.11579303	-0.17180255	0.21964481	-0.2329002	0.16931047	-0.14957958	0.20128183	-0.35847074	0.28758445	-0.16900912	0.2207774	-0.48388907	0.9999997	-0.52293885	0.19831307	-0.16655573	0.2570408	-0.37852067	0.20318656	-0.16129355	0.19407307	-0.19565776	0.1852904	-0.14775282	0.15136413
-0.10194671	0.14657496	-0.21908809	0.21837743	-0.19800809	0.12574214	-0.18652019	0.26551569	-0.6667646	0.20046692	-0.18385547	0.23102312	-0.52293885	0.9999997	-0.2615362	0.12313287	-0.17370528	0.19479719	-0.19762775	0.16068915	-0.15514544	0.13699052	-0.13535932	0.12389536	-0.13750583
0.09325909	-0.13757858	0.18344523	-0.26993328	0.26777282	-0.11837021	0.14564982	-0.1868563	0.21878506	-0.48095477	0.1760818	-0.20582463	0.19831307	-0.2615362	1.0000002	-0.121059105	0.15336609	-0.18763557	0.28656298	-0.5707934	0.15332712	-0.15469888	0.14003564	-0.192423	0.20325933
-0.09491705	0.11148955	-0.11481134	0.12344944	-0.09774141	0.12772836	-0.12367935	0.12092669	-0.115383066	0.090323366	-0.5524991	0.24907462	-0.16655573	0.12313287	-0.121059105	1.0000004	-0.40025014	0.22281328	-0.14788227	0.10628249	-0.6332536	0.22148319	-0.18068747	0.12131335	-0.12406427
0.09287003	-0.12413948	0.14100023	-0.15210311	0.12145593	-0.12208727	0.1421594	-0.15680072	0.15267238	-0.114849016	0.26993674	-0.5647805	0.2570408	-0.17370528	0.15336609	-0.40025014	1.0000005	-0.54469347	0.1973037	-0.14178605	0.27017325	-0.2699031	0.23181266	-0.15583088	0.15197645
-0.09359638	0.12480194	-0.15655486	0.16312408	-0.13910225	0.11855302	-0.1482056	0.17075223	-0.17755285	0.13141087	-0.25540915	0.30023023	-0.37852067	0.19479719	-0.18763557	0.22281328	-0.54469347	1.0000007	-0.31532776	0.17934085	-0.2759108	0.28084362	-0.46463656	0.19764566	-0.19740441
0.09137644	-0.1305031	0.16084516	-0.21296088	0.17698525	-0.11687676	0.13944006	-0.16708697	0.17290485	-0.19980387	0.19753358	-0.2338957	0.20318656	-0.19762775	0.28656298	-0.14788227	0.1973037	-0.31532776	1.0000011	-0.62139255	0.1848204	-0.21338274	0.20288743	-0.3804448	0.28319934
-0.07081834	0.10018968	-0.13580528	0.1717885	-0.19590643	0.088795766	-0.1106162	0.13251835	-0.15424551	0.206453	-0.14964694	0.16235308	-0.16129355	0.16068915	-0.5707934	0.10628249	-0.14178605	0.17934085	-0.62139255	1.0000012	-0.1376118	0.1441877	-0.14330399	0.24039531	-0.3382807
0.102102764	-0.13474898	0.14106998	-0.16008976	0.12394707	-0.13998294	0.14200023	-0.14994152	0.14178514	-0.11564466	0.30923104	-0.28830087	0.19407307	-0.15514544	0.15332712	-0.6332536	0.27017325	-0.2759108	0.1848204	-0.1376118	1.0000012	-0.4249754	0.23808517	-0.16719414	0.16187038
-0.08122846	0.10436771	-0.124105	0.13275589	-0.1147684	0.10342447	-0.12009027	0.12767056	-0.13118505	0.10632872	-0.25087127	0.21466845	-0.19565776	0.13699052	-0.15469888	0.22148319	-0.2699031	0.28084362	-0.21338274	0.1441877	-0.4249754	1.000001	-0.71151984	0.21230327	-0.22655243
0.070974626	-0.09553854	0.11269918	-0.12594074	0.10410152	-0.091687225	0.10693688	-0.12150092	0.12085732	-0.099543415	0.19058546	-0.21319926	0.1852904	-0.13535932	0.14003564	-0.18068747	0.23181266	-0.46463656	0.20288743	-0.14330399	0.23808517	-0.71151984	1.0000011	-0.30705604	0.21481223
-0.065244995	0.08863213	-0.11067024	0.1312252	-0.120304585	0.08234975	-0.098729946	0.111143075	-0.117285594	0.1188673	-0.16277502	0.16005568	-0.14775282	0.12389536	-0.192423	0.12131335	-0.15583088	0.19764566	-0.3804448	0.24039531	-0.16719414	0.21230327	-0.30705604	1.000001	-0.7882353
0.07122593	-0.09941934	0.12126528	-0.15313333	0.13040964	-0.090835445	0.10721384	-0.12330339	0.12669381	-0.13707465	0.16478811	-0.17576201	0.15136413	-0.13750583	0.20325933	-0.12406427	0.15197645	-0.19740441	0.28319934	-0.3382807	0.16187038	-0.22655243	0.21481223	-0.7882353	1.000001
