1.0000001	-0.4662845	0.2515691	-0.15177254	0.12348306	-0.6262318	0.32454908	-0.2947958	0.12357974	-0.11892343	0.18642059	-0.2910758	0.21054769	-0.09616393	0.08634345	-0.15379065	0.14745225	-0.11446772	0.098531656	-0.05397906	0.12272205	-0.11835556	0.10401611	-0.0761637	0.06778323
-0.4662845	1.0000001	-0.68506056	0.15742269	-0.14395197	0.24476843	-0.368882	0.28507233	-0.1253236	0.10969952	-0.13127941	0.21033625	-0.22265041	0.08553385	-0.07948495	0.10155761	-0.11348359	0.09114514	-0.081086844	0.047148667	-0.089308016	0.08490896	-0.08399417	0.061501715	-0.06015018
0.2515691	-0.68506056	0.99999994	-0.22704628	0.16091974	-0.19404365	0.24235302	-0.5236108	0.1448721	-0.13064276	0.11963816	-0.23815337	0.22850159	-0.09506103	0.08523533	-0.09775675	0.11276259	-0.0943906	0.08183756	-0.049942702	0.0870327	-0.085777506	0.08386448	-0.06295964	0.06273943
-0.15177254	0.15742269	-0.22704628	0.99999976	-0.8219988	0.10289199	-0.13517325	0.17231804	-0.33964673	0.2714511	-0.098457396	0.1391933	-0.14135033	0.15520826	-0.16049431	0.077983804	-0.09609145	0.082841925	-0.09336561	0.08304813	-0.07785101	0.07348451	-0.081754364	0.07064635	-0.108045205
0.12348306	-0.14395197	0.16091974	-0.8219988	0.9999997	-0.09082358	0.1136573	-0.15820882	0.26076287	-0.4129569	0.088326946	-0.1333764	0.12249532	-0.15106443	0.14273472	-0.07206177	0.087101825	-0.07620436	0.0838318	-0.07614671	0.07118982	-0.068674155	0.07349294	-0.06499863	0.09257811
-0.6262318	0.24476843	-0.19404365	0.10289199	-0.09082358	0.9999993	-0.6553141	0.2128257	-0.09144159	0.083446234	-0.20580217	0.2111718	-0.17432621	0.07006292	-0.06403896	0.13354301	-0.11755159	0.08772524	-0.0757194	0.03974219	-0.09700778	0.090524435	-0.08087956	0.05778787	-0.050475664
0.32454908	-0.368882	0.24235302	-0.13517325	0.1136573	-0.6553141	0.99999917	-0.3758958	0.12132028	-0.11309165	0.17380987	-0.3516161	0.23679967	-0.09167964	0.0817117	-0.14031696	0.1424642	-0.11082901	0.09286555	-0.050272763	0.111006804	-0.10891696	0.09868195	-0.07166017	0.063226655
-0.2947958	0.28507233	-0.5236108	0.17231804	-0.15820882	0.2128257	-0.3758958	0.9999991	-0.22450542	0.16053826	-0.14845084	0.28848526	-0.53829926	0.12480558	-0.11108009	0.11747059	-0.14786108	0.1289649	-0.10978092	0.06319073	-0.107982315	0.10545673	-0.114329666	0.08281253	-0.079970315
0.12357974	-0.1253236	0.1448721	-0.33964673	0.26076287	-0.09144159	0.12132028	-0.22450542	0.99999934	-0.74458605	0.09020328	-0.14169525	0.1471749	-0.37911326	0.2449627	-0.07606068	0.09600379	-0.09407547	0.117210716	-0.118029654	0.07496191	-0.07571959	0.08936921	-0.09105663	0.13756178
-0.11892343	0.10969952	-0.13064276	0.2714511	-0.4129569	0.083446234	-0.11309165	0.16053826	-0.74458605	0.99999946	-0.08618459	0.123935565	-0.13388336	0.25382861	-0.31507227	0.07127635	-0.091383144	0.087144144	-0.11264649	0.1287319	-0.07173749	0.07093084	-0.0866062	0.08554534	-0.1624381
0.18642059	-0.13127941	0.11963816	-0.098457396	0.088326946	-0.20580217	0.17380987	-0.14845084	0.09020328	-0.08618459	0.9999998	-0.25159445	0.16832328	-0.08986482	0.08264633	-0.7178529	0.25411096	-0.16686876	0.13304406	-0.057087384	0.25576618	-0.23645054	0.15105346	-0.10418185	0.07264748
-0.2910758	0.21033625	-0.23815337	0.1391933	-0.1333764	0.2111718	-0.3516161	0.28848526	-0.14169525	0.123935565	-0.25159445	0.99999994	-0.6616261	0.12389629	-0.11492787	0.18855302	-0.31519613	0.19883491	-0.15727364	0.07149178	-0.177127	0.17276596	-0.17678726	0.117694125	-0.092226386
0.21054769	-0.22265041	0.22850159	-0.14135033	0.12249532	-0.17432621	0.23679967	-0.53829926	0.1471749	-0.13388336	0.16832328	-0.6616261	0.99999964	-0.1349143	0.110812925	-0.14714938	0.20113581	-0.21538693	0.13575226	-0.067391396	0.1327922	-0.14204179	0.1507436	-0.10694835	0.08397013
-0.09616393	0.08553385	-0.09506103	0.15520826	-0.15106443	0.07006292	-0.09167964	0.12480558	-0.37911326	0.25382861	-0.08986482	0.12389629	-0.1349143	0.9999998	-0.7459824	0.08036081	-0.11079035	0.12593237	-0.2401673	0.2344851	-0.08257549	0.08787031	-0.12695138	0.15394793	-0.30134475
0.08634345	-0.07948495	0.08523533	-0.16049431	0.14273472	-0.06403896	0.0817117	-0.11108009	0.2449627	-0.31507227	0.08264633	-0.11492787	0.110812925	-0.7459824	0.99999964	-0.07512573	0.09862011	-0.11378292	0.16609174	-0.39531437	0.0760319	-0.08249373	0.10874185	-0.13954419	0.2652941
-0.15379065	0.10155761	-0.09775675	0.077983804	-0.07206177	0.13354301	-0.14031696	0.11747059	-0.07606068	0.07127635	-0.7178529	0.18855302	-0.14714938	0.08036081	-0.07512573	0.99999946	-0.38610443	0.17852895	-0.1442085	0.05262914	-0.41494408	0.25758225	-0.17191762	0.10845265	-0.06777504
0.14745225	-0.11348359	0.11276259	-0.09609145	0.087101825	-0.11755159	0.1424642	-0.14786108	0.09600379	-0.091383144	0.25411096	-0.31519613	0.20113581	-0.11079035	0.09862011	-0.38610443	0.9999996	-0.49698904	0.20802206	-0.07250291	0.28467765	-0.4799287	0.26104507	-0.17742635	0.09029648
-0.11446772	0.09114514	-0.0943906	0.082841925	-0.07620436	0.08772524	-0.11082901	0.1289649	-0.09407547	0.087144144	-0.16686876	0.19883491	-0.21538693	0.12593237	-0.11378292	0.17852895	-0.49698904	0.9999993	-0.4038267	0.08598658	-0.18350497	0.22362722	-0.6223023	0.27430937	-0.10895681
0.098531656	-0.081086844	0.08183756	-0.09336561	0.0838318	-0.0757194	0.09286555	-0.10978092	0.117210716	-0.11264649	0.13304406	-0.15727364	0.13575226	-0.2401673	0.16609174	-0.1442085	0.20802206	-0.4038267	0.9999994	-0.14654478	0.14251256	-0.18456611	0.31142855	-0.7276753	0.16054802
-0.05397906	0.047148667	-0.049942702	0.08304813	-0.07614671	0.03974219	-0.050272763	0.06319073	-0.118029654	0.1287319	-0.057087384	0.07149178	-0.067391396	0.2344851	-0.39531437	0.05262914	-0.07250291	0.08598658	-0.14654478	0.9999996	-0.054935396	0.059910215	-0.095098056	0.1263664	-0.85839874
0.12272205	-0.089308016	0.0870327	-0.07785101	0.07118982	-0.09700778	0.111006804	-0.107982315	0.07496191	-0.07173749	0.25576618	-0.177127	0.1327922	-0.08257549	0.0760319	-0.41494408	0.28467765	-0.18350497	0.14251256	-0.054935396	0.9999993	-0.7195268	0.17743577	-0.11786803	0.06977958
-0.11835556	0.08490896	-0.085777506	0.07348451	-0.068674155	0.090524435	-0.10891696	0.10545673	-0.07571959	0.07093084	-0.23645054	0.17276596	-0.14204179	0.08787031	-0.08249373	0.25758225	-0.4799287	0.22362722	-0.18456611	0.059910215	-0.7195268	0.9999993	-0.26262844	0.14392585	-0.077439666
0.10401611	-0.08399417	0.08386448	-0.081754364	0.07349294	-0.08087956	0.09868195	-0.114329666	0.08936921	-0.0866062	0.15105346	-0.17678726	0.1507436	-0.12695138	0.10874185	-0.17191762	0.26104507	-0.6223023	0.31142855	-0.095098056	0.17743577	-0.26262844	0.9999993	-0.5453093	0.11437394
-0.0761637	0.061501715	-0.06295964	0.07064635	-0.06499863	0.05778787	-0.07166017	0.08281253	-0.09105663	0.08554534	-0.10418185	0.117694125	-0.10694835	0.15394793	-0.13954419	0.10845265	-0.17742635	0.27430937	-0.7276753	0.1263664	-0.11786803	0.14392585	-0.5453093	0.9999993	-0.17366584
0.06778323	-0.06015018	0.06273943	-0.108045205	0.09257811	-0.050475664	0.063226655	-0.079970315	0.13756178	-0.1624381	0.07264748	-0.092226386	0.08397013	-0.30134475	0.2652941	-0.06777504	0.09029648	-0.10895681	0.16054802	-0.85839874	0.06977958	-0.077439666	0.11437394	-0.17366584	0.9999993
