0.9134563691914082
1.4229526557028294
1.5776366405189037
1.9905032254755497
0.04187127389013767
1.739695331081748
0.649397736415267
1.371259892359376
0.2756138313561678
0.9428214337676764
1.185701061040163
0.20577643066644669
0.4401115868240595
0.16254697367548943
0.4142132066190243
1.7968422397971153
1.562209639698267
1.705026999115944
0.18189271353185177
1.6663489118218422
0.25850857608020306
0.4240478780120611
0.8518257811665535
0.945585198700428
1.3399115912616253
0.42874182760715485
1.901364104822278
1.021819794550538
0.11809967830777168
0.50084831379354
1.1351888664066792
0.6963837575167418
1.7930271122604609
0.3003411125391722
1.9832709655165672
1.2557134181261063
0.6912837326526642
0.8493014611303806
0.6340496614575386
1.3044813591986895
