1.0000001	-0.792971	0.15511361	-0.11234575	0.07274212	-0.44069445	0.30611867	-0.15302137	0.09479675	-0.07022109	0.16629975	-0.20379812	0.09085045	-0.075600155	0.057459794	-0.12463632	0.117379494	-0.07820792	0.06864496	-0.075434394	0.074598856	-0.08937683	0.06738884	-0.050257053	0.05438183
-0.792971	0.99999994	-0.18626732	0.10223004	-0.06776942	0.28529125	-0.483097	0.15397428	-0.09259871	0.063627854	-0.13594985	0.1552207	-0.07808812	0.06524147	-0.05058881	0.093901016	-0.09706616	0.06466199	-0.058350284	0.0623671	-0.05861086	0.06756878	-0.05635701	0.041521903	-0.04466305
0.15511361	-0.18626732	1.0000004	-0.441716	0.19455089	-0.19246945	0.19300067	-0.75749046	0.28650638	-0.19945835	0.100430526	-0.124065116	0.11674298	-0.17022306	0.1283241	-0.089713044	0.09437333	-0.09936221	0.111935884	-0.13078628	0.059205364	-0.07233911	0.09638561	-0.072521284	0.07554756
-0.11234575	0.10223004	-0.441716	1.0000006	-0.5012673	0.11600846	-0.1228694	0.28312957	-0.59031117	0.29715598	-0.0755451	0.088524036	-0.11149808	0.221817	-0.19940855	0.072967276	-0.084227234	0.0895233	-0.159016	0.1661882	-0.05470212	0.06527141	-0.13390754	0.09511383	-0.10196859
0.07274212	-0.06776942	0.19455089	-0.5012673	1.0000008	-0.08637919	0.08390134	-0.19762602	0.29713905	-0.7363559	0.056702007	-0.06765527	0.08508628	-0.25292712	0.21680097	-0.05730021	0.06501117	-0.07156827	0.13614528	-0.1903922	0.042906202	-0.05214152	0.108222276	-0.082006104	0.08432158
-0.44069445	0.28529125	-0.19246945	0.11600846	-0.08637919	1.0000006	-0.67661625	0.17427605	-0.115354754	0.07836852	-0.38254032	0.26531297	-0.12763873	0.08496075	-0.066745386	0.17326264	-0.17847691	0.10333898	-0.08513779	0.08618467	-0.107717596	0.113990106	-0.08497802	0.06165415	-0.06472433
0.30611867	-0.483097	0.19300067	-0.1228694	0.08390134	-0.67661625	1.0000006	-0.24749486	0.11965368	-0.080288276	0.22798084	-0.3127532	0.110278845	-0.08432981	0.06468921	-0.1498709	0.14779697	-0.09335377	0.07653778	-0.08141113	0.08792605	-0.10160782	0.074441545	-0.055256087	0.057031803
-0.15302137	0.15397428	-0.75749046	0.28312957	-0.19762602	0.17427605	-0.24749486	1.0000005	-0.43952408	0.1835948	-0.09749157	0.11656398	-0.13394558	0.16047385	-0.12948042	0.08438406	-0.093178526	0.10088754	-0.11263001	0.121111654	-0.056769572	0.06816018	-0.09627639	0.0709477	-0.07284551
0.09479675	-0.09259871	0.28650638	-0.59031117	0.29713905	-0.115354754	0.11965368	-0.43952408	1.0000007	-0.44457248	0.07029426	-0.08451932	0.10222399	-0.34338096	0.2183638	-0.06781974	0.076388285	-0.08493182	0.14628366	-0.17404896	0.04934283	-0.05967417	0.11602548	-0.08662144	0.08705738
-0.07022109	0.063627854	-0.19945835	0.29715598	-0.7363559	0.07836852	-0.080288276	0.1835948	-0.44457248	1.0000007	-0.053871818	0.06337036	-0.086677715	0.24712884	-0.32712486	0.0546499	-0.06383637	0.07111308	-0.14799608	0.18278132	-0.04212489	0.05060338	-0.11549793	0.08458854	-0.08616282
0.16629975	-0.13594985	0.100430526	-0.0755451	0.056702007	-0.38254032	0.22798084	-0.09749157	0.07029426	-0.053871818	1.0000005	-0.6986491	0.15500623	-0.07018954	0.053265434	-0.45052123	0.2755204	-0.13753939	0.08263295	-0.082902975	0.17698544	-0.19544002	0.08797954	-0.06578826	0.061346814
-0.20379812	0.1552207	-0.124065116	0.088524036	-0.06765527	0.26531297	-0.3127532	0.11656398	-0.08451932	0.06337036	-0.6986491	1.0000001	-0.22643586	0.08135387	-0.062449213	0.28429002	-0.42749843	0.17543817	-0.09966417	0.09532472	-0.17504402	0.17860664	-0.10208094	0.07544757	-0.07116635
0.09085045	-0.07808812	0.11674298	-0.11149808	0.08508628	-0.12763873	0.110278845	-0.13394558	0.10222399	-0.086677715	0.15500623	-0.22643586	1.0	-0.14329769	0.103408776	-0.22906315	0.2583692	-0.8306782	0.18951733	-0.19245464	0.13299441	-0.18289506	0.1591416	-0.14088592	0.10837831
-0.075600155	0.06524147	-0.17022306	0.221817	-0.25292712	0.08496075	-0.08432981	0.16047385	-0.34338096	0.24712884	-0.07018954	0.08135387	-0.14329769	1.0000001	-0.70538855	0.077942476	-0.09658119	0.116990425	-0.337399	0.29966855	-0.06542716	0.0780124	-0.22815408	0.16480526	-0.15403597
0.057459794	-0.05058881	0.1283241	-0.19940855	0.21680097	-0.066745386	0.06468921	-0.12948042	0.2183638	-0.32712486	0.053265434	-0.062449213	0.103408776	-0.70538855	0.99999994	-0.059262384	0.07185925	-0.08804246	0.23761825	-0.50175774	0.04861481	-0.058723446	0.16200411	-0.12692742	0.114420645
-0.12463632	0.093901016	-0.089713044	0.072967276	-0.05730021	0.17326264	-0.1498709	0.08438406	-0.06781974	0.0546499	-0.45052123	0.28429002	-0.22906315	0.077942476	-0.059262384	0.9999999	-0.5915917	0.19054659	-0.10603103	0.09826849	-0.46979505	0.2922572	-0.11896373	0.0855278	-0.075346865
0.117379494	-0.09706616	0.09437333	-0.084227234	0.06501117	-0.17847691	0.14779697	-0.093178526	0.076388285	-0.06383637	0.2755204	-0.42749843	0.2583692	-0.09658119	0.07185925	-0.5915917	0.99999976	-0.36884102	0.1293241	-0.12612218	0.26237726	-0.38638747	0.13579829	-0.10668266	0.088137046
-0.07820792	0.06466199	-0.09936221	0.0895233	-0.07156827	0.10333898	-0.09335377	0.10088754	-0.08493182	0.07111308	-0.13753939	0.17543817	-0.8306782	0.116990425	-0.08804246	0.19054659	-0.36884102	0.99999964	-0.22785667	0.1602338	-0.12055622	0.15220374	-0.16987649	0.1361912	-0.09601307
0.06864496	-0.058350284	0.111935884	-0.159016	0.13614528	-0.08513779	0.07653778	-0.11263001	0.14628366	-0.14799608	0.08263295	-0.09966417	0.18951733	-0.337399	0.23761825	-0.10603103	0.1293241	-0.22785667	0.9999999	-0.5915748	0.08550363	-0.110163435	0.30546042	-0.5192123	0.1995274
-0.075434394	0.0623671	-0.13078628	0.1661882	-0.1903922	0.08618467	-0.08141113	0.121111654	-0.17404896	0.18278132	-0.082902975	0.09532472	-0.19245464	0.29966855	-0.50175774	0.09826849	-0.12612218	0.1602338	-0.5915748	0.9999999	-0.08689857	0.10343868	-0.34683612	0.25154877	-0.23022467
0.074598856	-0.05861086	0.059205364	-0.05470212	0.042906202	-0.107717596	0.08792605	-0.056769572	0.04934283	-0.04212489	0.17698544	-0.17504402	0.13299441	-0.06542716	0.04861481	-0.46979505	0.26237726	-0.12055622	0.08550363	-0.08689857	0.99999976	-0.8035565	0.11983091	-0.087733835	0.06646389
-0.08937683	0.06756878	-0.07233911	0.06527141	-0.05214152	0.113990106	-0.10160782	0.06816018	-0.05967417	0.05060338	-0.19544002	0.17860664	-0.18289506	0.0780124	-0.058723446	0.2922572	-0.38638747	0.15220374	-0.110163435	0.10343868	-0.8035565	0.99999976	-0.1753222	0.10879539	-0.08296739
0.06738884	-0.05635701	0.09638561	-0.13390754	0.108222276	-0.08497802	0.074441545	-0.09627639	0.11602548	-0.11549793	0.08797954	-0.10208094	0.1591416	-0.22815408	0.16200411	-0.11896373	0.13579829	-0.16987649	0.30546042	-0.34683612	0.11983091	-0.1753222	0.99999964	-0.7323969	0.23697324
-0.050257053	0.041521903	-0.072521284	0.09511383	-0.082006104	0.06165415	-0.055256087	0.0709477	-0.08662144	0.08458854	-0.06578826	0.07544757	-0.14088592	0.16480526	-0.12692742	0.0855278	-0.10668266	0.1361912	-0.5192123	0.25154877	-0.087733835	0.10879539	-0.7323969	0.99999964	-0.26991504
0.05438183	-0.04466305	0.07554756	-0.10196859	0.08432158	-0.06472433	0.057031803	-0.07284551	0.08705738	-0.08616282	0.061346814	-0.07116635	0.10837831	-0.15403597	0.114420645	-0.075346865	0.088137046	-0.09601307	0.1995274	-0.23022467	0.06646389	-0.08296739	0.23697324	-0.26991504	0.99999964
