1.0	-0.4572876	0.27697828	-0.19753182	0.2141202	-0.48135313	0.2756149	-0.24040142	0.18419331	-0.14905313	0.20830455	-0.19751976	0.18602498	-0.20627639	0.15450665	-0.10946802	0.114041954	-0.16444382	0.16372293	-0.14121802	0.09773746	-0.12171064	0.16437736	-0.14664307	0.17269346
-0.4572876	1.0000001	-0.5500464	0.21693207	-0.23158786	0.30256054	-0.5217093	0.24364643	-0.19650929	0.14649235	-0.22788015	0.2062985	-0.19039345	0.17732309	-0.14669895	0.093612425	-0.10229328	0.14470163	-0.14824271	0.12756006	-0.08272111	0.09871521	-0.14698783	0.12604325	-0.15443704
0.27697828	-0.5500464	0.99999994	-0.47488797	0.27936694	-0.28638342	0.25784484	-0.35266688	0.24690114	-0.19311146	0.18326475	-0.18343993	0.20883556	-0.22246705	0.17130461	-0.10670627	0.11172386	-0.1711629	0.17026386	-0.15538956	0.09325488	-0.11630983	0.16337547	-0.14931177	0.17279546
-0.19753182	0.21693207	-0.47488797	0.9999999	-0.6444148	0.17311594	-0.1619083	0.23602884	-0.44657388	0.2610868	-0.13107733	0.12336739	-0.1661616	0.17794989	-0.20067972	0.08410929	-0.08933364	0.13892165	-0.15040986	0.15930372	-0.07543216	0.0926403	-0.14083175	0.13185756	-0.16402668
0.2141202	-0.23158786	0.27936694	-0.6444148	0.99999964	-0.20629987	0.16975687	-0.25692135	0.30675107	-0.42094293	0.14390104	-0.13973276	0.18170685	-0.22353578	0.23195991	-0.103693165	0.106822185	-0.16884181	0.17862129	-0.21129157	0.09184754	-0.11707114	0.1643846	-0.16480546	0.1900469
-0.48135313	0.30256054	-0.28638342	0.17311594	-0.20629987	0.99999946	-0.58799136	0.24132267	-0.18653737	0.1405927	-0.40945196	0.27357376	-0.21209075	0.18814802	-0.15088966	0.10545595	-0.11699684	0.15741007	-0.16042306	0.13181913	-0.091881186	0.107629426	-0.16177921	0.1343513	-0.16619074
0.2756149	-0.5217093	0.25784484	-0.1619083	0.16975687	-0.58799136	0.9999995	-0.32506692	0.17002009	-0.12722108	0.27843606	-0.38573173	0.21074061	-0.18353285	0.12823732	-0.09797257	0.106654964	-0.14786658	0.14203198	-0.11557731	0.079806104	-0.09619789	0.13802983	-0.11791362	0.13771433
-0.24040142	0.24364643	-0.35266688	0.23602884	-0.25692135	0.24132267	-0.32506692	0.9999995	-0.42278978	0.2241845	-0.2346303	0.22294372	-0.5536911	0.2792199	-0.22424513	0.12522326	-0.14332677	0.2286434	-0.23666623	0.18632428	-0.11001582	0.12812802	-0.2224699	0.18052289	-0.22128464
0.18419331	-0.19650929	0.24690114	-0.44657388	0.30675107	-0.18653737	0.17002009	-0.42278978	0.99999946	-0.5863594	0.14345713	-0.14192048	0.21449669	-0.24103788	0.26051155	-0.1013638	0.106104806	-0.17609152	0.18667512	-0.2276721	0.087436475	-0.109782256	0.16514891	-0.16577493	0.19193098
-0.14905313	0.14649235	-0.19311146	0.2610868	-0.42094293	0.1405927	-0.12722108	0.2241845	-0.5863594	0.9999995	-0.113815874	0.108252354	-0.16571218	0.19043724	-0.5388462	0.08430978	-0.089586206	0.14706026	-0.18003324	0.24453911	-0.074682325	0.09236071	-0.15165348	0.15309566	-0.2116793
0.20830455	-0.22788015	0.18326475	-0.13107733	0.14390104	-0.40945196	0.27843606	-0.2346303	0.14345713	-0.113815874	0.99999917	-0.7740629	0.2292276	-0.21098408	0.1193001	-0.13065152	0.13549432	-0.16932687	0.14890067	-0.11387398	0.09217321	-0.11363534	0.14351375	-0.12347303	0.13406162
-0.19751976	0.2062985	-0.18343993	0.12336739	-0.13973276	0.27357376	-0.38573173	0.22294372	-0.14192048	0.108252354	-0.7740629	0.9999991	-0.3172582	0.19273357	-0.11630944	0.12224899	-0.15170375	0.16399688	-0.14794764	0.10819805	-0.08891651	0.10442984	-0.14327884	0.116385795	-0.13074298
0.18602498	-0.19039345	0.20883556	-0.1661616	0.18170685	-0.21209075	0.21074061	-0.5536911	0.21449669	-0.16571218	0.2292276	-0.3172582	0.99999905	-0.5257293	0.1754917	-0.14477393	0.16093685	-0.37564543	0.2645274	-0.17309968	0.11153393	-0.13470936	0.22607549	-0.18999873	0.19470477
-0.20627639	0.17732309	-0.22246705	0.17794989	-0.22353578	0.18814802	-0.18353285	0.2792199	-0.24103788	0.19043724	-0.21098408	0.19273357	-0.5257293	0.99999905	-0.26023725	0.14309207	-0.16600358	0.2867154	-0.55779266	0.23831569	-0.1261758	0.14532629	-0.28261375	0.24160367	-0.28155553
0.15450665	-0.14669895	0.17130461	-0.20067972	0.23195991	-0.15088966	0.12823732	-0.22424513	0.26051155	-0.5388462	0.1193001	-0.11630944	0.1754917	-0.26023725	0.99999875	-0.102366716	0.10563082	-0.18431367	0.23206992	-0.6115215	0.08781554	-0.11247891	0.17707029	-0.21083696	0.25844285
-0.10946802	0.093612425	-0.10670627	0.08410929	-0.103693165	0.10545595	-0.09797257	0.12522326	-0.1013638	0.08430978	-0.13065152	0.12224899	-0.14477393	0.14309207	-0.102366716	0.9999989	-0.77607656	0.22947004	-0.16631962	0.104729325	-0.43078467	0.272427	-0.21433586	0.13448934	-0.14100555
0.114041954	-0.10229328	0.11172386	-0.08933364	0.106822185	-0.11699684	0.106654964	-0.14332677	0.106104806	-0.089586206	0.13549432	-0.15170375	0.16093685	-0.16600358	0.10563082	-0.77607656	0.99999887	-0.37504095	0.1754797	-0.11248097	0.2550152	-0.32094613	0.21066916	-0.14666517	0.14079025
-0.16444382	0.14470163	-0.1711629	0.13892165	-0.16884181	0.15741007	-0.14786658	0.2286434	-0.17609152	0.14706026	-0.16932687	0.16399688	-0.37564543	0.2867154	-0.18431367	0.22947004	-0.37504095	0.9999987	-0.45719847	0.20099692	-0.17720215	0.19629073	-0.5399721	0.26924205	-0.25543135
0.16372293	-0.14824271	0.17026386	-0.15040986	0.17862129	-0.16042306	0.14203198	-0.23666623	0.18667512	-0.18003324	0.14890067	-0.14794764	0.2645274	-0.55779266	0.23206992	-0.16631962	0.1754797	-0.45719847	0.9999988	-0.38283324	0.12712811	-0.1598839	0.28861567	-0.39270902	0.285062
-0.14121802	0.12756006	-0.15538956	0.15930372	-0.21129157	0.13181913	-0.11557731	0.18632428	-0.2276721	0.24453911	-0.11387398	0.10819805	-0.17309968	0.23831569	-0.6115215	0.104729325	-0.11248097	0.20099692	-0.38283324	0.99999887	-0.09134216	0.11318799	-0.21550567	0.25204024	-0.51562494
0.09773746	-0.08272111	0.09325488	-0.07543216	0.09184754	-0.091881186	0.079806104	-0.11001582	0.087436475	-0.074682325	0.09217321	-0.08891651	0.11153393	-0.1261758	0.08781554	-0.43078467	0.2550152	-0.17720215	0.12712811	-0.09134216	0.99999887	-0.8209917	0.1771399	-0.123755634	0.119911715
-0.12171064	0.09871521	-0.11630983	0.0926403	-0.11707114	0.107629426	-0.09619789	0.12812802	-0.109782256	0.09236071	-0.11363534	0.10442984	-0.13470936	0.14532629	-0.11247891	0.272427	-0.32094613	0.19629073	-0.1598839	0.11318799	-0.8209917	0.9999992	-0.26196796	0.15224135	-0.16068396
0.16437736	-0.14698783	0.16337547	-0.14083175	0.1643846	-0.16177921	0.13802983	-0.2224699	0.16514891	-0.15165348	0.14351375	-0.14327884	0.22607549	-0.28261375	0.17707029	-0.21433586	0.21066916	-0.5399721	0.28861567	-0.21550567	0.1771399	-0.26196796	0.9999993	-0.57100034	0.27655903
-0.14664307	0.12604325	-0.14931177	0.13185756	-0.16480546	0.1343513	-0.11791362	0.18052289	-0.16577493	0.15309566	-0.12347303	0.116385795	-0.18999873	0.24160367	-0.21083696	0.13448934	-0.14666517	0.26924205	-0.39270902	0.25204024	-0.123755634	0.15224135	-0.57100034	0.9999992	-0.5872835
0.17269346	-0.15443704	0.17279546	-0.16402668	0.1900469	-0.16619074	0.13771433	-0.22128464	0.19193098	-0.2116793	0.13406162	-0.13074298	0.19470477	-0.28155553	0.25844285	-0.14100555	0.14079025	-0.25543135	0.285062	-0.51562494	0.119911715	-0.16068396	0.27655903	-0.5872835	0.9999992
