1.0000002	-0.044861186	0.037680898	-0.047314063	0.030600425	-0.95998627	0.1131391	-0.056379236	0.052850142	-0.052539762	0.15041365	-0.116586305	0.049428515	-0.04878961	0.045615073	-0.07069875	0.05931688	-0.047004748	0.045362487	-0.03226833	0.059871722	-0.057141054	0.04187319	-0.03537553	0.04591369
-0.044861186	1.0000005	-0.90909606	0.20207636	-0.14701822	0.041249912	-0.16320194	0.12764867	-0.15667099	0.14047891	-0.09231374	0.13209738	-0.11139999	0.108770266	-0.13183324	0.056235947	-0.066219695	0.090249	-0.11714344	0.08287221	-0.058958694	0.058309898	-0.093572244	0.07940678	-0.11883452
0.037680898	-0.90909606	1.0000005	-0.27344066	0.14357199	-0.035518177	0.12737677	-0.12661718	0.13904159	-0.14957923	0.07753247	-0.12661614	0.09789275	-0.09776673	0.11075582	-0.049279224	0.057941798	-0.079130456	0.09832476	-0.07053881	0.050796606	-0.05196198	0.07907556	-0.0676542	0.098542675
-0.047314063	0.20207636	-0.27344066	1.0000002	-0.6791693	0.042528022	-0.11637247	0.19206935	-0.33510628	0.31706306	-0.14158072	0.11258938	-0.17686702	0.1880847	-0.2559621	0.080140516	-0.09197255	0.1491888	-0.21321268	0.1529778	-0.087105125	0.081524976	-0.16133101	0.14002806	-0.21715839
0.030600425	-0.14701822	0.14357199	-0.6791693	1.0000002	-0.027671676	0.07588081	-0.127911	0.18196179	-0.6282388	0.090747036	-0.07609698	0.113808215	-0.12905985	0.17602809	-0.052358583	0.060054407	-0.09873584	0.13860421	-0.10567869	0.05646216	-0.053791855	0.103652574	-0.09243177	0.1393752
-0.95998627	0.041249912	-0.035518177	0.042528022	-0.027671676	1.0000001	-0.12698984	0.052461274	-0.049527608	0.04689796	-0.17588921	0.10742528	-0.0460946	0.04460689	-0.041670218	0.06747067	-0.05672951	0.043227874	-0.04160403	0.02948189	-0.057398606	0.05304684	-0.038655046	0.032350015	-0.042057358
0.1131391	-0.16320194	0.12737677	-0.11637247	0.07588081	-0.12698984	1.0000002	-0.24658792	0.17316923	-0.11655086	0.12198124	-0.8842475	0.17002636	-0.14317435	0.11148074	-0.11022134	0.14380637	-0.12676951	0.11346715	-0.079242386	0.09860028	-0.12669171	0.10621681	-0.086174935	0.10797668
-0.056379236	0.12764867	-0.12661718	0.19206935	-0.127911	0.052461274	-0.24658792	1.0000005	-0.68709034	0.18691896	-0.12589787	0.19721507	-0.497258	0.28082505	-0.20444138	0.089545526	-0.113358706	0.21595412	-0.21018714	0.14224884	-0.090842076	0.09772404	-0.19430558	0.14857575	-0.19093351
0.052850142	-0.15667099	0.13904159	-0.33510628	0.18196179	-0.049527608	0.17316923	-0.68709034	1.0000005	-0.28501773	0.13288	-0.18606606	0.28834462	-0.38251987	0.2135838	-0.09275034	0.11105844	-0.21120808	0.20964092	-0.15177168	0.09353221	-0.10182	0.17327008	-0.15337354	0.18641795
-0.052539762	0.14047891	-0.14957923	0.31706306	-0.6282388	0.04689796	-0.11655086	0.18691896	-0.28501773	1.0000006	-0.16883564	0.11411789	-0.19800778	0.21761715	-0.37925887	0.09349302	-0.106248274	0.176612	-0.2710742	0.20441455	-0.10261837	0.09437644	-0.19572784	0.17405145	-0.2762518
0.15041365	-0.09231374	0.07753247	-0.14158072	0.090747036	-0.17588921	0.12198124	-0.12589787	0.13288	-0.16883564	1.0000006	-0.13435584	0.12557366	-0.13565935	0.13998505	-0.41495636	0.22114302	-0.14633353	0.13911973	-0.09969788	0.25609672	-0.22641085	0.1302335	-0.11166264	0.14551029
-0.116586305	0.13209738	-0.12661614	0.11258938	-0.07609698	0.10742528	-0.8842475	0.19721507	-0.18606606	0.11411789	-0.13435584	1.0000004	-0.20062311	0.14527747	-0.12152481	0.11590118	-0.18438141	0.13373004	-0.124441594	0.085341305	-0.109053016	0.12963262	-0.11830184	0.09225614	-0.1191274
0.049428515	-0.11139999	0.09789275	-0.17686702	0.113808215	-0.0460946	0.17002636	-0.497258	0.28834462	-0.19800778	0.12557366	-0.20062311	1.0000006	-0.5606187	0.21796736	-0.10232033	0.13280158	-0.45497578	0.24319962	-0.16746569	0.098070145	-0.1158741	0.2369	-0.1898296	0.20051163
-0.04878961	0.108770266	-0.09776673	0.1880847	-0.12905985	0.04460689	-0.14317435	0.28082505	-0.38251987	0.21761715	-0.13565935	0.14527747	-0.5606187	1.0000005	-0.4113849	0.096163355	-0.12066432	0.26795423	-0.4306186	0.24907473	-0.09829531	0.1051318	-0.2491742	0.20964505	-0.26547155
0.045615073	-0.13183324	0.11075582	-0.2559621	0.17602809	-0.041670218	0.11148074	-0.20444138	0.2135838	-0.37925887	0.13998505	-0.12152481	0.21796736	-0.4113849	1.0000006	-0.09245558	0.10724777	-0.2223447	0.31826133	-0.6167473	0.094903864	-0.100357816	0.19314522	-0.22947486	0.27164704
-0.07069875	0.056235947	-0.049279224	0.080140516	-0.052358583	0.06747067	-0.11022134	0.089545526	-0.09275034	0.09349302	-0.41495636	0.11590118	-0.10232033	0.096163355	-0.09245558	1.0000005	-0.5379871	0.13612266	-0.10257646	0.069711484	-0.62487483	0.31776664	-0.11585819	0.083761096	-0.10371892
0.05931688	-0.066219695	0.057941798	-0.09197255	0.060054407	-0.05672951	0.14380637	-0.113358706	0.11105844	-0.106248274	0.22114302	-0.18438141	0.13280158	-0.12066432	0.10724777	-0.5379871	1.0000001	-0.23014031	0.12378408	-0.08367462	0.32089874	-0.66916436	0.1476324	-0.105224684	0.1213558
-0.047004748	0.090249	-0.079130456	0.1491888	-0.09873584	0.043227874	-0.12676951	0.21595412	-0.21120808	0.176612	-0.14633353	0.13373004	-0.45497578	0.26795423	-0.2223447	0.13612266	-0.23014031	1.0	-0.3450761	0.19384223	-0.12871411	0.1558846	-0.6233778	0.2694837	-0.28616387
0.045362487	-0.11714344	0.09832476	-0.21321268	0.13860421	-0.04160403	0.11346715	-0.21018714	0.20964092	-0.2710742	0.13911973	-0.124441594	0.24319962	-0.4306186	0.31826133	-0.10257646	0.12378408	-0.3450761	1.0	-0.5735486	0.10148878	-0.114690706	0.24881075	-0.34506524	0.29931864
-0.03226833	0.08287221	-0.07053881	0.1529778	-0.10567869	0.02948189	-0.079242386	0.14224884	-0.15177168	0.20441455	-0.09969788	0.085341305	-0.16746569	0.24907473	-0.6167473	0.069711484	-0.08367462	0.19384223	-0.5735486	0.99999976	-0.070696175	0.07670824	-0.18461753	0.23421009	-0.41789433
0.059871722	-0.058958694	0.050796606	-0.087105125	0.05646216	-0.057398606	0.09860028	-0.090842076	0.09353221	-0.10261837	0.25609672	-0.109053016	0.098070145	-0.09829531	0.094903864	-0.62487483	0.32089874	-0.12871411	0.10148878	-0.070696175	0.99999976	-0.6017548	0.10740843	-0.08399891	0.103769846
-0.057141054	0.058309898	-0.05196198	0.081524976	-0.053791855	0.05304684	-0.12669171	0.09772404	-0.10182	0.09437644	-0.22641085	0.12963262	-0.1158741	0.1051318	-0.100357816	0.31776664	-0.66916436	0.1558846	-0.114690706	0.07670824	-0.6017548	0.99999946	-0.135375	0.09352741	-0.1155951
0.04187319	-0.093572244	0.07907556	-0.16133101	0.103652574	-0.038655046	0.10621681	-0.19430558	0.17327008	-0.19572784	0.1302335	-0.11830184	0.2369	-0.2491742	0.19314522	-0.11585819	0.1476324	-0.6233778	0.24881075	-0.18461753	0.10740843	-0.135375	0.99999946	-0.5637657	0.27928215
-0.03537553	0.07940678	-0.0676542	0.14002806	-0.09243177	0.032350015	-0.086174935	0.14857575	-0.15337354	0.17405145	-0.11166264	0.09225614	-0.1898296	0.20964505	-0.22947486	0.083761096	-0.105224684	0.2694837	-0.34506524	0.23421009	-0.08399891	0.09352741	-0.5637657	0.9999995	-0.635913
0.04591369	-0.11883452	0.098542675	-0.21715839	0.1393752	-0.042057358	0.10797668	-0.19093351	0.18641795	-0.2762518	0.14551029	-0.1191274	0.20051163	-0.26547155	0.27164704	-0.10371892	0.1213558	-0.28616387	0.29931864	-0.41789433	0.103769846	-0.1155951	0.27928215	-0.635913	0.9999995
