1.0	-0.8928103	0.2091831	-0.06019161	0.060595732	-0.3165601	0.15721336	-0.14061262	0.06254488	-0.055024173	0.1141106	-0.13576826	0.112988956	-0.05728031	0.043806583	-0.07034494	0.09295697	-0.08680243	0.091398895	-0.042203795	0.068729684	-0.08088324	0.073089585	-0.057014517	0.044623386
-0.8928103	0.99999994	-0.29381245	0.06540777	-0.06662778	0.22505958	-0.16397859	0.14631172	-0.067627	0.05808931	-0.12147389	0.13147125	-0.12317027	0.06028338	-0.046555962	0.072805725	-0.09988151	0.0907097	-0.097546555	0.04426626	-0.07323527	0.084045045	-0.07768103	0.060075402	-0.047271855
0.2091831	-0.29381245	0.99999994	-0.2133839	0.17406747	-0.38783985	0.263401	-0.57276046	0.18902396	-0.16444068	0.21495615	-0.293519	0.2805343	-0.16713853	0.12288282	-0.15421817	0.20883851	-0.22644444	0.21424218	-0.11099321	0.14543949	-0.1965676	0.17234461	-0.14043835	0.11340503
-0.06019161	0.06540777	-0.2133839	1.0000001	-0.6922667	0.114174835	-0.09370166	0.15614946	-0.57997984	0.28255028	-0.08660885	0.10001337	-0.11997907	0.2390556	-0.19948038	0.06158619	-0.093923025	0.092790164	-0.13209811	0.106538825	-0.061925545	0.08260846	-0.0928725	0.082426764	-0.11101539
0.060595732	-0.06662778	0.17406747	-0.6922667	1.0000002	-0.12495404	0.09509504	-0.14783023	0.3211091	-0.50187147	0.094124325	-0.10790726	0.1181737	-0.32053596	0.23457631	-0.06824838	0.10104831	-0.1000138	0.14874269	-0.1344501	0.06835873	-0.09294579	0.103855535	-0.09550437	0.12766135
-0.3165601	0.22505958	-0.38783985	0.114174835	-0.12495404	0.9999998	-0.6096296	0.26771328	-0.12722479	0.10781548	-0.33033282	0.3071692	-0.26730937	0.114143364	-0.08984529	0.17115799	-0.22814058	0.1893246	-0.21188822	0.08793863	-0.17481059	0.1834361	-0.16999274	0.12749581	-0.09601498
0.15721336	-0.16397859	0.263401	-0.09370166	0.09509504	-0.6096296	0.9999997	-0.37163004	0.10781439	-0.08969052	0.23903678	-0.5849711	0.24253029	-0.09453228	0.071610965	-0.14034845	0.17248675	-0.16489916	0.15410192	-0.068434075	0.1284953	-0.14890343	0.12727712	-0.09835699	0.07269052
-0.14061262	0.14631172	-0.57276046	0.15614946	-0.14783023	0.26771328	-0.37163004	0.9999997	-0.22162193	0.1405229	-0.1965883	0.26445115	-0.54650295	0.14472362	-0.10843725	0.13151988	-0.22038536	0.2318382	-0.19479404	0.09146812	-0.12835166	0.16507186	-0.16059636	0.12381392	-0.09638701
0.06254488	-0.067627	0.18902396	-0.57997984	0.3211091	-0.12722479	0.10781439	-0.22162193	0.9999995	-0.4837509	0.096472144	-0.114691496	0.1396376	-0.47864816	0.26795223	-0.06930105	0.10571214	-0.10838344	0.15480687	-0.13655387	0.06918925	-0.09391209	0.10606991	-0.09791118	0.13359152
-0.055024173	0.05808931	-0.16444068	0.28255028	-0.50187147	0.10781548	-0.08969052	0.1405229	-0.4837509	0.9999995	-0.08956667	0.097881265	-0.119704306	0.3201193	-0.56418145	0.06432154	-0.100510366	0.098134615	-0.16375689	0.1781422	-0.0657697	0.08867705	-0.11262922	0.104628436	-0.19124128
0.1141106	-0.12147389	0.21495615	-0.08660885	0.094124325	-0.33033282	0.23903678	-0.1965883	0.096472144	-0.08956667	0.9999994	-0.4818352	0.21512109	-0.09799203	0.075712994	-0.56287026	0.2406334	-0.20323496	0.19293664	-0.08411458	0.27707586	-0.3174021	0.17220892	-0.13464232	0.08870105
-0.13576826	0.13147125	-0.293519	0.10001337	-0.10790726	0.3071692	-0.5849711	0.26445115	-0.114691496	0.097881265	-0.4818352	0.99999934	-0.36615214	0.105268575	-0.081863485	0.20798466	-0.2503613	0.21207938	-0.20142907	0.0826581	-0.19752258	0.20145789	-0.1695847	0.12665467	-0.08922017
0.112988956	-0.12317027	0.2805343	-0.11997907	0.1181737	-0.26730937	0.24253029	-0.54650295	0.1396376	-0.119704306	0.21512109	-0.36615214	0.999999	-0.13072288	0.09593891	-0.16379365	0.2701387	-0.52836096	0.21595132	-0.09711289	0.15141177	-0.21932901	0.19321162	-0.15596783	0.10009847
-0.05728031	0.06028338	-0.16713853	0.2390556	-0.32053596	0.114143364	-0.09453228	0.14472362	-0.47864816	0.3201193	-0.09799203	0.105268575	-0.13072288	0.9999989	-0.65552163	0.071637586	-0.11308697	0.11294679	-0.23813412	0.20453013	-0.07353455	0.10112924	-0.13398975	0.13193253	-0.22649288
0.043806583	-0.046555962	0.12288282	-0.19948038	0.23457631	-0.08984529	0.071610965	-0.10843725	0.26795223	-0.56418145	0.075712994	-0.081863485	0.09593891	-0.65552163	0.99999875	-0.056050505	0.08633372	-0.08661785	0.15971988	-0.30927476	0.057311248	-0.07998753	0.105602615	-0.10863535	0.21618855
-0.07034494	0.072805725	-0.15421817	0.06158619	-0.06824838	0.17115799	-0.14034845	0.13151988	-0.06930105	0.06432154	-0.56287026	0.20798466	-0.16379365	0.071637586	-0.056050505	0.9999987	-0.28747323	0.16914922	-0.16087285	0.064253174	-0.65712315	0.2896932	-0.15350784	0.11043149	-0.06929893
0.09295697	-0.09988151	0.20883851	-0.093923025	0.10104831	-0.22814058	0.17248675	-0.22038536	0.10571214	-0.100510366	0.2406334	-0.2503613	0.2701387	-0.11308697	0.08633372	-0.28747323	0.99999845	-0.6042892	0.24005952	-0.102838784	0.24218337	-0.48422188	0.2359372	-0.1880226	0.106228866
-0.08680243	0.0907097	-0.22644444	0.092790164	-0.1000138	0.1893246	-0.16489916	0.2318382	-0.10838344	0.098134615	-0.20323496	0.21207938	-0.52836096	0.11294679	-0.08661785	0.16914922	-0.6042892	0.9999984	-0.31150568	0.10187199	-0.17006163	0.24804054	-0.3162924	0.20234479	-0.107928194
0.091398895	-0.097546555	0.21424218	-0.13209811	0.14874269	-0.21188822	0.15410192	-0.19479404	0.15480687	-0.16375689	0.19293664	-0.20142907	0.21595132	-0.23813412	0.15971988	-0.16087285	0.24005952	-0.31150568	0.99999833	-0.22386707	0.16086774	-0.25762603	0.3140958	-0.5367586	0.20658442
-0.042203795	0.04426626	-0.11099321	0.106538825	-0.1344501	0.08793863	-0.068434075	0.09146812	-0.13655387	0.1781422	-0.08411458	0.0826581	-0.09711289	0.20453013	-0.30927476	0.064253174	-0.102838784	0.10187199	-0.22386707	0.99999833	-0.06849693	0.097709894	-0.17586197	0.18913524	-0.8591099
0.068729684	-0.07323527	0.14543949	-0.061925545	0.06835873	-0.17481059	0.1284953	-0.12835166	0.06918925	-0.0657697	0.27707586	-0.19752258	0.15141177	-0.07353455	0.057311248	-0.65712315	0.24218337	-0.17006163	0.16086774	-0.06849693	0.9999983	-0.58624357	0.16575563	-0.1241389	0.072558485
-0.08088324	0.084045045	-0.1965676	0.08260846	-0.09294579	0.1834361	-0.14890343	0.16507186	-0.09391209	0.08867705	-0.3174021	0.20145789	-0.21932901	0.10112924	-0.07998753	0.2896932	-0.48422188	0.24804054	-0.25762603	0.097709894	-0.58624357	0.9999983	-0.32054162	0.18947718	-0.10764911
0.073089585	-0.07768103	0.17234461	-0.0928725	0.103855535	-0.16999274	0.12727712	-0.16059636	0.10606991	-0.11262922	0.17220892	-0.1695847	0.19321162	-0.13398975	0.105602615	-0.15350784	0.2359372	-0.3162924	0.3140958	-0.17586197	0.16575563	-0.32054162	0.9999982	-0.7044194	0.17706947
-0.057014517	0.060075402	-0.14043835	0.082426764	-0.09550437	0.12749581	-0.09835699	0.12381392	-0.09791118	0.104628436	-0.13464232	0.12665467	-0.15596783	0.13193253	-0.10863535	0.11043149	-0.1880226	0.20234479	-0.5367586	0.18913524	-0.1241389	0.18947718	-0.7044194	0.9999981	-0.26209182
0.044623386	-0.047271855	0.11340503	-0.11101539	0.12766135	-0.09601498	0.07269052	-0.09638701	0.13359152	-0.19124128	0.08870105	-0.08922017	0.10009847	-0.22649288	0.21618855	-0.06929893	0.106228866	-0.107928194	0.20658442	-0.8591099	0.072558485	-0.10764911	0.17706947	-0.26209182	0.9999981
