1.0	-0.25060496	0.21140435	-0.08704744	0.09074224	-0.51810724	0.2801803	-0.38505438	0.1221783	-0.09886818	0.23747692	-0.22462137	0.21381067	-0.14617649	0.15181616	-0.19595253	0.2539717	-0.18394084	0.10305075	-0.123226404	0.19737904	-0.2008173	0.1588941	-0.10556745	0.10679381
-0.25060496	1.0000001	-0.89378494	0.05401528	-0.052608486	0.18850139	-0.27957144	0.20068514	-0.06672246	0.051385634	-0.11883197	0.12760034	-0.1171865	0.07154385	-0.07473594	0.0899612	-0.1286674	0.088819414	-0.049922492	0.057919428	-0.093657516	0.09028514	-0.076223254	0.049479026	-0.05052526
0.21140435	-0.89378494	1.0000002	-0.06410897	0.05951176	-0.20573884	0.21814921	-0.24318044	0.07542103	-0.058940653	0.12444819	-0.1375692	0.12453707	-0.08137949	0.083696835	-0.09873364	0.13683161	-0.09908254	0.05622925	-0.06615011	0.101548985	-0.10176573	0.0840019	-0.055733036	0.05643815
-0.08704744	0.05401528	-0.06410897	1.0000002	-0.709479	0.071686916	-0.07280517	0.11264434	-0.5753338	0.2998717	-0.06934204	0.07606372	-0.09463388	0.19786616	-0.24805136	0.05782826	-0.09165206	0.07706273	-0.11883165	0.13457693	-0.067394085	0.0745368	-0.071481645	0.07763946	-0.077573285
0.09074224	-0.052608486	0.05951176	-0.709479	1.0000004	-0.07657872	0.07452904	-0.11949833	0.31449038	-0.5433111	0.07309674	-0.08139211	0.09840831	-0.21626465	0.24623673	-0.062197894	0.09625969	-0.084307365	0.12237547	-0.15962966	0.07185361	-0.08277798	0.07701473	-0.087647736	0.084313296
-0.51810724	0.18850139	-0.20573884	0.071686916	-0.07657872	1.0000004	-0.57399946	0.3076601	-0.10547492	0.08166657	-0.39947855	0.2553784	-0.23371683	0.12454563	-0.1300462	0.21482724	-0.27283394	0.17193691	-0.08941341	0.10150679	-0.2157353	0.18004853	-0.15200527	0.09202584	-0.09522762
0.2801803	-0.27957144	0.21814921	-0.07280517	0.07452904	-0.57399946	1.0000002	-0.5652697	0.10686986	-0.081133656	0.24196394	-0.3681513	0.24328315	-0.12506233	0.12263208	-0.17587498	0.23786667	-0.16940406	0.08613894	-0.09799603	0.16864961	-0.16188632	0.13817443	-0.08625763	0.08765489
-0.38505438	0.20068514	-0.24318044	0.11264434	-0.11949833	0.3076601	-0.5652697	1.0000004	-0.18595032	0.12662952	-0.2821822	0.2907859	-0.3896004	0.180692	-0.19595848	0.20370594	-0.34041446	0.2225455	-0.12796023	0.14084218	-0.23464736	0.206804	-0.1999517	0.123050846	-0.12983663
0.1221783	-0.06672246	0.07542103	-0.5753338	0.31449038	-0.10547492	0.10686986	-0.18595032	1.0000001	-0.50021625	0.10119325	-0.11629488	0.1446338	-0.41566834	0.29219857	-0.08536731	0.13255249	-0.118174374	0.1874137	-0.22606537	0.09807487	-0.1124341	0.10687791	-0.12374031	0.1182131
-0.09886818	0.051385634	-0.058940653	0.2998717	-0.5433111	0.08166657	-0.081133656	0.12662952	-0.50021625	1.0000001	-0.080589555	0.08889045	-0.111040436	0.24294624	-0.5588557	0.0678516	-0.107358016	0.09222013	-0.14830217	0.17766339	-0.07933711	0.08933828	-0.0858582	0.097275525	-0.09757998
0.23747692	-0.11883197	0.12444819	-0.06934204	0.07309674	-0.39947855	0.24196394	-0.2821822	0.10119325	-0.080589555	1.0000002	-0.41824445	0.24590082	-0.13457589	0.12676428	-0.61068416	0.28987664	-0.21302518	0.09479095	-0.109884925	0.2785632	-0.2587404	0.17340225	-0.103299834	0.10221321
-0.22462137	0.12760034	-0.1375692	0.07606372	-0.08139211	0.2553784	-0.3681513	0.2907859	-0.11629488	0.08889045	-0.41824445	1.0	-0.5991214	0.16054265	-0.14515921	0.23597004	-0.44243267	0.2508286	-0.11108659	0.11825158	-0.21727535	0.20764013	-0.19258797	0.10966849	-0.11115853
0.21381067	-0.1171865	0.12453707	-0.09463388	0.09840831	-0.23371683	0.24328315	-0.3896004	0.1446338	-0.111040436	0.24590082	-0.5991214	0.9999998	-0.2644101	0.17644548	-0.20647623	0.30441976	-0.445819	0.14728115	-0.15632488	0.20168419	-0.2395342	0.23256867	-0.13975656	0.13468756
-0.14617649	0.07154385	-0.08137949	0.19786616	-0.21626465	0.12454563	-0.12506233	0.180692	-0.41566834	0.24294624	-0.13457589	0.16054265	-0.2644101	0.99999994	-0.4813708	0.11129717	-0.18245071	0.16525328	-0.54346347	0.30113795	-0.13034786	0.14532945	-0.15628128	0.18215524	-0.1908373
0.15181616	-0.07473594	0.083696835	-0.24805136	0.24623673	-0.1300462	0.12263208	-0.19595848	0.29219857	-0.5588557	0.12676428	-0.14515921	0.17644548	-0.4813708	0.9999997	-0.109944664	0.16789712	-0.15600531	0.25172168	-0.38409397	0.12671766	-0.15262198	0.14201352	-0.17854862	0.16911373
-0.19595253	0.0899612	-0.09873364	0.05782826	-0.062197894	0.21482724	-0.17587498	0.20370594	-0.08536731	0.0678516	-0.61068416	0.23597004	-0.20647623	0.11129717	-0.109944664	0.99999976	-0.36641887	0.19089557	-0.08282305	0.0942623	-0.5766151	0.25819772	-0.17664593	0.09501396	-0.09658778
0.2539717	-0.1286674	0.13683161	-0.09165206	0.09625969	-0.27283394	0.23786667	-0.34041446	0.13255249	-0.107358016	0.28987664	-0.44243267	0.30441976	-0.18245071	0.16789712	-0.36641887	0.9999997	-0.43024644	0.1306779	-0.15408841	0.27461874	-0.3520765	0.25830147	-0.15093909	0.14442255
-0.18394084	0.088819414	-0.09908254	0.07706273	-0.084307365	0.17193691	-0.16940406	0.2225455	-0.118174374	0.09222013	-0.21302518	0.2508286	-0.445819	0.16525328	-0.15600531	0.19089557	-0.43024644	0.9999995	-0.14034869	0.14509188	-0.24282147	0.28157446	-0.62223065	0.18640053	-0.19176134
0.10305075	-0.049922492	0.05622925	-0.11883165	0.12237547	-0.08941341	0.08613894	-0.12796023	0.1874137	-0.14830217	0.09479095	-0.11108659	0.14728115	-0.54346347	0.25172168	-0.08282305	0.1306779	-0.14034869	0.99999976	-0.6837728	0.09873884	-0.124893755	0.14063448	-0.3007884	0.24151708
-0.123226404	0.057919428	-0.06615011	0.13457693	-0.15962966	0.10150679	-0.09799603	0.14084218	-0.22606537	0.17766339	-0.109884925	0.11825158	-0.15632488	0.30113795	-0.38409397	0.0942623	-0.15408841	0.14509188	-0.6837728	0.99999964	-0.11578981	0.1365569	-0.15770534	0.25823873	-0.38920355
0.19737904	-0.093657516	0.101548985	-0.067394085	0.07185361	-0.2157353	0.16864961	-0.23464736	0.09807487	-0.07933711	0.2785632	-0.21727535	0.20168419	-0.13034786	0.12671766	-0.5766151	0.27461874	-0.24282147	0.09873884	-0.11578981	0.9999997	-0.5798626	0.23248039	-0.12330621	0.11930913
-0.2008173	0.09028514	-0.10176573	0.0745368	-0.08277798	0.18004853	-0.16188632	0.206804	-0.1124341	0.08933828	-0.2587404	0.20764013	-0.2395342	0.14532945	-0.15262198	0.25819772	-0.3520765	0.28157446	-0.124893755	0.1365569	-0.5798626	0.99999934	-0.5256137	0.17523989	-0.1862651
0.1588941	-0.076223254	0.0840019	-0.071481645	0.07701473	-0.15200527	0.13817443	-0.1999517	0.10687791	-0.0858582	0.17340225	-0.19258797	0.23256867	-0.15628128	0.14201352	-0.17664593	0.25830147	-0.62223065	0.14063448	-0.15770534	0.23248039	-0.5256137	0.9999993	-0.32107073	0.21652289
-0.10556745	0.049479026	-0.055733036	0.07763946	-0.087647736	0.09202584	-0.08625763	0.123050846	-0.12374031	0.097275525	-0.103299834	0.10966849	-0.13975656	0.18215524	-0.17854862	0.09501396	-0.15093909	0.18640053	-0.3007884	0.25823873	-0.12330621	0.17523989	-0.32107073	0.9999993	-0.8103431
0.10679381	-0.05052526	0.05643815	-0.077573285	0.084313296	-0.09522762	0.08765489	-0.12983663	0.1182131	-0.09757998	0.10221321	-0.11115853	0.13468756	-0.1908373	0.16911373	-0.09658778	0.14442255	-0.19176134	0.24151708	-0.38920355	0.11930913	-0.1862651	0.21652289	-0.8103431	0.9999993
