1.0000002	-0.7420625	0.2896958	-0.14492132	0.13432339	-0.338923	0.24117875	-0.23286635	0.18891913	-0.14993957	0.20753346	-0.20914152	0.16990696	-0.16177559	0.116340004	-0.14905354	0.098815076	-0.14576629	0.12296945	-0.12564614	0.13762063	-0.10558195	0.1462976	-0.136348	0.12830515
-0.7420625	1.0000002	-0.5032944	0.14367491	-0.14018737	0.21058494	-0.25233293	0.20750338	-0.17280917	0.12398195	-0.17106268	0.172517	-0.15224266	0.13361228	-0.09830551	0.11026802	-0.07953736	0.11796026	-0.101242326	0.10028999	-0.1060492	0.08311743	-0.11955988	0.108326115	-0.10470951
0.2896958	-0.5032944	0.9999999	-0.33252826	0.23045422	-0.21019484	0.22315064	-0.4751137	0.2724467	-0.21365286	0.18744652	-0.22074217	0.23704068	-0.2217569	0.15997723	-0.15834713	0.12065701	-0.18992399	0.1607088	-0.16420071	0.14926372	-0.12882753	0.18323192	-0.17470703	0.16429615
-0.14492132	0.14367491	-0.33252826	0.99999994	-0.8304955	0.10406926	-0.120740674	0.19135153	-0.3027888	0.21209583	-0.10500168	0.11807962	-0.14160338	0.16375151	-0.15577658	0.08739825	-0.074677326	0.11700519	-0.11214597	0.12206579	-0.08642707	0.078420855	-0.12142868	0.116637625	-0.12676038
0.13432339	-0.14018737	0.23045422	-0.8304955	1.0000001	-0.1097342	0.12338697	-0.19352546	0.23969668	-0.31615028	0.11031359	-0.12669572	0.1458292	-0.18465623	0.17501041	-0.09785697	0.08149587	-0.12855841	0.12324553	-0.14254655	0.095387325	-0.08693022	0.13130824	-0.13192837	0.13852663
-0.338923	0.21058494	-0.21019484	0.10406926	-0.1097342	1.0000002	-0.575328	0.18988538	-0.17389971	0.12182507	-0.61784005	0.30491015	-0.18115611	0.1448684	-0.10217307	0.18059565	-0.10468494	0.13849697	-0.11502821	0.107422486	-0.17751287	0.10576788	-0.14310122	0.121903315	-0.11587683
0.24117875	-0.25233293	0.22315064	-0.120740674	0.12338697	-0.575328	1.0000004	-0.27802408	0.20536055	-0.15202056	0.32054007	-0.57516134	0.23642735	-0.18882935	0.12566239	-0.17914523	0.12570556	-0.17967615	0.14315653	-0.1333325	0.16199958	-0.13040924	0.16977204	-0.15331832	0.13825557
-0.23286635	0.20750338	-0.4751137	0.19135153	-0.19352546	0.18988538	-0.27802408	0.99999994	-0.47771648	0.20739846	-0.2042584	0.24530083	-0.52776307	0.2636644	-0.17877163	0.14325178	-0.1409592	0.22986841	-0.19567607	0.1673966	-0.14313927	0.13861398	-0.22117308	0.1871202	-0.17817444
0.18891913	-0.17280917	0.2724467	-0.3027888	0.23969668	-0.17389971	0.20536055	-0.47771648	1.0	-0.38670927	0.1829829	-0.22430038	0.28511158	-0.4523763	0.25800675	-0.16222115	0.14637473	-0.24620865	0.23388112	-0.23888788	0.15758722	-0.15723303	0.23137015	-0.24771209	0.22355013
-0.14993957	0.12398195	-0.21365286	0.21209583	-0.31615028	0.12182507	-0.15202056	0.20739846	-0.38670927	0.9999997	-0.13724801	0.15086904	-0.20934287	0.2859608	-0.68862	0.11204969	-0.111947075	0.17620513	-0.20363887	0.25530845	-0.11641456	0.11415005	-0.20050153	0.18951492	-0.28725684
0.20753346	-0.17106268	0.18744652	-0.10500168	0.11031359	-0.61784005	0.32054007	-0.2042584	0.1829829	-0.13724801	0.9999995	-0.5280466	0.21001251	-0.1708612	0.11479537	-0.30924168	0.13058394	-0.16875392	0.13351355	-0.12379756	0.21547928	-0.13465165	0.16355422	-0.14396144	0.13017708
-0.20914152	0.172517	-0.22074217	0.11807962	-0.12669572	0.30491015	-0.57516134	0.24530083	-0.22430038	0.15086904	-0.5280466	0.999999	-0.4015141	0.20062034	-0.13484257	0.18454018	-0.15765204	0.20122795	-0.16137423	0.13595393	-0.18256593	0.1443377	-0.1969371	0.15939659	-0.1480115
0.16990696	-0.15224266	0.23704068	-0.14160338	0.1458292	-0.18115611	0.23642735	-0.52776307	0.28511158	-0.20934287	0.21001251	-0.4015141	0.9999988	-0.41514105	0.19068661	-0.15189779	0.1724601	-0.43117356	0.24205224	-0.1843407	0.14501035	-0.17278647	0.24595016	-0.22473937	0.18371888
-0.16177559	0.13361228	-0.2217569	0.16375151	-0.18465623	0.1448684	-0.18882935	0.2636644	-0.4523763	0.2859608	-0.1708612	0.20062034	-0.41514105	0.9999992	-0.45222053	0.13292937	-0.15211181	0.2640438	-0.43407378	0.24887402	-0.13645285	0.14984336	-0.26470074	0.26027602	-0.2607852
0.116340004	-0.09830551	0.15997723	-0.15577658	0.17501041	-0.10217307	0.12566239	-0.17877163	0.25800675	-0.68862	0.11479537	-0.13484257	0.19068661	-0.45222053	0.9999989	-0.097585335	0.10103741	-0.1721476	0.20904356	-0.40050906	0.0986649	-0.10475831	0.17528246	-0.193424	0.2558826
-0.14905354	0.11026802	-0.15834713	0.08739825	-0.09785697	0.18059565	-0.17914523	0.14325178	-0.16222115	0.11204969	-0.30924168	0.18454018	-0.15189779	0.13292937	-0.097585335	0.9999988	-0.20637004	0.15192209	-0.12185026	0.10816176	-0.83446085	0.17578343	-0.17694606	0.13136199	-0.12406786
0.098815076	-0.07953736	0.12065701	-0.074677326	0.08149587	-0.10468494	0.12570556	-0.1409592	0.14637473	-0.111947075	0.13058394	-0.15765204	0.1724601	-0.15211181	0.10103741	-0.20637004	0.99999875	-0.3740047	0.1750735	-0.1208214	0.17157324	-0.82577676	0.25917187	-0.18585074	0.12778439
-0.14576629	0.11796026	-0.18992399	0.11700519	-0.12855841	0.13849697	-0.17967615	0.22986841	-0.24620865	0.17620513	-0.16875392	0.20122795	-0.43117356	0.2640438	-0.1721476	0.15192209	-0.3740047	0.99999875	-0.4724128	0.19606563	-0.1532839	0.25988013	-0.50308365	0.29376704	-0.21387614
0.12296945	-0.101242326	0.1607088	-0.11214597	0.12324553	-0.11502821	0.14315653	-0.19567607	0.23388112	-0.20363887	0.13351355	-0.16137423	0.24205224	-0.43407378	0.20904356	-0.12185026	0.1750735	-0.4724128	0.9999988	-0.31277275	0.121296	-0.18124047	0.30198836	-0.5961352	0.25707448
-0.12564614	0.10028999	-0.16420071	0.12206579	-0.14254655	0.107422486	-0.1333325	0.1673966	-0.23888788	0.25530845	-0.12379756	0.13595393	-0.1843407	0.24887402	-0.40050906	0.10816176	-0.1208214	0.19606563	-0.31277275	0.9999989	-0.11277467	0.12290034	-0.22863989	0.25520936	-0.745367
0.13762063	-0.1060492	0.14926372	-0.08642707	0.095387325	-0.17751287	0.16199958	-0.14313927	0.15758722	-0.11641456	0.21547928	-0.18256593	0.14501035	-0.13645285	0.0986649	-0.83446085	0.17157324	-0.1532839	0.121296	-0.11277467	0.99999934	-0.19617736	0.16820398	-0.13722023	0.12421567
-0.10558195	0.08311743	-0.12882753	0.078420855	-0.08693022	0.10576788	-0.13040924	0.13861398	-0.15723303	0.11415005	-0.13465165	0.1443377	-0.17278647	0.14984336	-0.10475831	0.17578343	-0.82577676	0.25988013	-0.18124047	0.12290034	-0.19617736	0.99999976	-0.3730513	0.18560536	-0.1389844
0.1462976	-0.11955988	0.18323192	-0.12142868	0.13130824	-0.14310122	0.16977204	-0.22117308	0.23137015	-0.20050153	0.16355422	-0.1969371	0.24595016	-0.26470074	0.17528246	-0.17694606	0.25917187	-0.50308365	0.30198836	-0.22863989	0.16820398	-0.3730513	0.9999997	-0.5377084	0.23097453
-0.136348	0.108326115	-0.17470703	0.116637625	-0.13192837	0.121903315	-0.15331832	0.1871202	-0.24771209	0.18951492	-0.14396144	0.15939659	-0.22473937	0.26027602	-0.193424	0.13136199	-0.18585074	0.29376704	-0.5961352	0.25520936	-0.13722023	0.18560536	-0.5377084	0.99999946	-0.37498042
0.12830515	-0.10470951	0.16429615	-0.12676038	0.13852663	-0.11587683	0.13825557	-0.17817444	0.22355013	-0.28725684	0.13017708	-0.1480115	0.18371888	-0.2607852	0.2558826	-0.12406786	0.12778439	-0.21387614	0.25707448	-0.745367	0.12421567	-0.1389844	0.23097453	-0.37498042	0.99999946
