0.7896145563572645
1.0102554392069578
0.3265727087855339
0.39243681728839874
1.0724184196442366
0.9457005970180035
0.01423845998942852
1.7957989405840635
0.29813040792942047
1.2545224204659462
0.6174915935844183
1.8464024662971497
1.5076516661792994
1.957665080204606
0.5780631359666586
0.5609182342886925
0.46776645071804523
1.029027834534645
0.11252925358712673
1.290321659296751
0.08213454112410545
0.11700844764709473
1.1170320883393288
0.7431315444409847
1.6686274856328964
0.07234285026788712
0.9992804303765297
0.7907945550978184
1.049968145787716
1.6052983924746513
0.49199526011943817
1.3674465268850327
1.0317320935428143
1.6958624962717295
1.7629561759531498
1.8807983454316854
1.9765433240681887
0.6561778131872416
1.3827142175287008
0.035576947033405304
