1.0000001	-0.7963044	0.22539774	-0.1658051	0.17348452	-0.25852928	0.2565518	-0.23238672	0.15847501	-0.119363315	0.2008684	-0.2030099	0.17582586	-0.14126226	0.13052309	-0.16340445	0.16652046	-0.11144595	0.10575028	-0.12248261	0.13389444	-0.21202354	0.103353195	-0.09472421	0.09282006	-0.09396912	0.09101811	-0.09655564	0.08788181	-0.0946358	0.08592203	-0.08491816	0.097339	-0.08318603	0.06864742	-0.073584676	0.059880316	-0.061657082	0.08130154	-0.0719253	0.057086457	-0.047264118	0.06105245	-0.055926297	0.07742262
-0.7963044	1.0000001	-0.3010565	0.1617276	-0.16161238	0.2183388	-0.36285535	0.2280447	-0.16384163	0.11124735	-0.20560484	0.1733019	-0.16901536	0.12764645	-0.12254778	0.13114187	-0.14954406	0.09591709	-0.09160412	0.1023398	-0.11327685	0.16623132	-0.08981168	0.07978849	-0.078447506	0.076725386	-0.074875295	0.079820305	-0.07367357	0.07824344	-0.07111621	0.06948303	-0.08121914	0.06827049	-0.056849558	0.060004324	-0.049311507	0.050732415	-0.06722785	0.058831044	-0.047060046	0.038757656	-0.050459106	0.04596064	-0.0640238
0.22539774	-0.3010565	0.9999994	-0.55065167	0.2170032	-0.18523201	0.23413968	-0.54821604	0.29101872	-0.18142317	0.17758511	-0.18807949	0.2353092	-0.20004494	0.17683145	-0.15156293	0.16167843	-0.12849608	0.12571919	-0.1436157	0.13046087	-0.20419502	0.11623954	-0.10710138	0.10341072	-0.0942683	0.09308566	-0.10194973	0.09608464	-0.10343266	0.0870983	-0.08675665	0.10191212	-0.08862636	0.07317859	-0.07497062	0.06137469	-0.06378473	0.084714405	-0.075295955	0.058313075	-0.04839956	0.06318579	-0.057970718	0.08047891
-0.1658051	0.1617276	-0.55065167	0.9999993	-0.26193288	0.121719636	-0.15989529	0.25520447	-0.68087524	0.21951587	-0.13322985	0.13612504	-0.1991853	0.1808655	-0.20186272	0.11236795	-0.12481359	0.10159159	-0.108503535	0.11795437	-0.101142175	0.15214361	-0.09474074	0.087492906	-0.085184306	0.07300124	-0.07280959	0.08046713	-0.07794963	0.08298536	-0.06825493	0.0677036	-0.08115749	0.070410736	-0.058627576	0.058598064	-0.04836166	0.050401554	-0.06744123	0.059567858	-0.045949504	0.038050067	-0.050130967	0.045880582	-0.064081974
0.17348452	-0.16161238	0.2170032	-0.26193288	0.99999917	-0.13756864	0.16154538	-0.2236414	0.26672858	-0.56181365	0.15960675	-0.18315856	0.23436835	-0.28478205	0.28953126	-0.17616317	0.17757893	-0.15218855	0.16984434	-0.20554063	0.15932542	-0.25347388	0.13941553	-0.14315185	0.13891838	-0.1203237	0.11860769	-0.13152702	0.1272696	-0.1404576	0.11152965	-0.11170064	0.13135731	-0.12024945	0.09862203	-0.09932161	0.08108774	-0.08494665	0.113775656	-0.102611706	0.077087134	-0.064343296	0.084213	-0.07807795	0.108441435
-0.25852928	0.2183388	-0.18523201	0.121719636	-0.13756864	0.99999934	-0.61353326	0.22954637	-0.1347388	0.096977994	-0.61998814	0.2490445	-0.17752516	0.12135849	-0.111755565	0.14810005	-0.18435572	0.09692598	-0.08666042	0.09548956	-0.121276796	0.16970018	-0.09012943	0.07622433	-0.07429739	0.07669458	-0.07443652	0.07807804	-0.070591144	0.074139684	-0.07071567	0.068435416	-0.07934221	0.06459669	-0.053827457	0.057870846	-0.04754331	0.048543382	-0.06376488	0.055435736	-0.04535447	0.03720475	-0.04817811	0.04359195	-0.060552843
0.2565518	-0.36285535	0.23413968	-0.15989529	0.16154538	-0.61353326	0.99999934	-0.45346114	0.16534133	-0.11857219	0.29125834	-0.28855294	0.20997876	-0.15076898	0.13222039	-0.16748561	0.18820961	-0.11652383	0.1037596	-0.11645806	0.13223882	-0.20576896	0.10578352	-0.09150828	0.08847898	-0.08966225	0.08752391	-0.09279862	0.08397498	-0.08906372	0.08195475	-0.08084223	0.093083784	-0.077248976	0.063971624	-0.06823221	0.055756588	-0.05723904	0.07514787	-0.06597538	0.05304847	-0.043770995	0.056620948	-0.051491354	0.071286164
-0.23238672	0.2280447	-0.54821604	0.25520447	-0.2236414	0.22954637	-0.45346114	0.9999994	-0.30700243	0.17536953	-0.24052581	0.21717826	-0.41479737	0.21913987	-0.19988193	0.15380467	-0.18587619	0.1469372	-0.1344233	0.14254387	-0.1361637	0.2007834	-0.13541852	0.11082119	-0.10683258	0.09507373	-0.095330805	0.10495319	-0.099258415	0.10382263	-0.08887994	0.08785284	-0.105612546	0.08824869	-0.07368659	0.07455126	-0.06165961	0.06396296	-0.08500984	0.074458085	-0.05854456	0.04831158	-0.063548945	0.0577671	-0.08060055
0.15847501	-0.16384163	0.29101872	-0.68087524	0.26672858	-0.1347388	0.16534133	-0.30700243	0.9999995	-0.39543346	0.14244893	-0.15723462	0.21656369	-0.25295892	0.2390238	-0.13346997	0.14183314	-0.119990245	0.1313436	-0.1485776	0.11802226	-0.18486632	0.10944627	-0.10651279	0.10215342	-0.08721348	0.08674499	-0.09630893	0.093462124	-0.100994274	0.08095304	-0.080978654	0.09610196	-0.085260965	0.070405796	-0.070259474	0.057656106	-0.06024701	0.080489755	-0.07184108	0.054704413	-0.045494072	0.059729196	-0.054935414	0.07641881
-0.119363315	0.11124735	-0.18142317	0.21951587	-0.56181365	0.096977994	-0.11857219	0.17536953	-0.39543346	0.9999995	-0.11226048	0.12665544	-0.2121813	0.25792164	-0.6020942	0.109290645	-0.11903815	0.107579246	-0.13100435	0.13883142	-0.09973827	0.15392129	-0.09971286	0.098198384	-0.094338834	0.07475705	-0.07528307	0.08477028	-0.08491105	0.0907887	-0.069967516	0.07012961	-0.0847122	0.07550486	-0.062681325	0.060756266	-0.050131608	0.052631028	-0.07074375	0.06305671	-0.047487445	0.03949767	-0.052274626	0.048048712	-0.067093104
0.2008684	-0.20560484	0.17758511	-0.13322985	0.15960675	-0.61998814	0.29125834	-0.24052581	0.14244893	-0.11226048	0.99999964	-0.51857966	0.2032897	-0.1478814	0.1284556	-0.23694387	0.25123286	-0.12640941	0.10836521	-0.12235209	0.16583084	-0.24742667	0.11505311	-0.09832093	0.09506192	-0.10496834	0.10075249	-0.104022585	0.0915621	-0.09671109	0.09498466	-0.092584	0.10460151	-0.0846384	0.07004949	-0.07724398	0.06291012	-0.06395215	0.0831978	-0.07261443	0.059940826	-0.04926292	0.0631531	-0.057151854	0.07885672
-0.2030099	0.1733019	-0.18807949	0.13612504	-0.18315856	0.2490445	-0.28855294	0.21717826	-0.15723462	0.12665544	-0.51857966	0.99999964	-0.31916392	0.17646189	-0.15514001	0.22622676	-0.58781385	0.15566869	-0.12605269	0.13417816	-0.18930976	0.26458457	-0.1441716	0.111297525	-0.10786903	0.11459351	-0.1134754	0.116598204	-0.10369487	0.10654014	-0.106657386	0.10221004	-0.11925787	0.092825726	-0.07788426	0.084472105	-0.06993381	0.070929155	-0.0927633	0.07951737	-0.066749126	0.05437309	-0.07051124	0.06318429	-0.08795479
0.17582586	-0.16901536	0.2353092	-0.1991853	0.23436835	-0.17752516	0.20997876	-0.41479737	0.21656369	-0.2121813	0.2032897	-0.31916392	0.9999998	-0.5528637	0.25517607	-0.18127418	0.22081523	-0.30542412	0.20249209	-0.21423674	0.15929702	-0.2603323	0.20959754	-0.16499077	0.14772886	-0.12072958	0.124893434	-0.14574401	0.13759376	-0.14405781	0.11219281	-0.114721574	0.13919604	-0.1181201	0.097409956	-0.0943232	0.077871405	-0.08180512	0.10830301	-0.096250884	0.07327233	-0.06097945	0.08059354	-0.073463485	0.10189677
-0.14126226	0.12764645	-0.20004494	0.1808655	-0.28478205	0.12135849	-0.15076898	0.21913987	-0.25295892	0.25792164	-0.1478814	0.17646189	-0.5528637	1.0	-0.5626644	0.13458036	-0.16174297	0.17254616	-0.2981758	0.21626376	-0.12556118	0.18912998	-0.15943587	0.15798959	-0.14300385	0.09588743	-0.10025736	0.11719714	-0.12662488	0.12889884	-0.090904474	0.092042066	-0.11574402	0.10190934	-0.08553564	0.07708359	-0.06443315	0.068245254	-0.09237203	0.08177227	-0.06058201	0.050353747	-0.06780611	0.061855495	-0.08687977
0.13052309	-0.12254778	0.17683145	-0.20186272	0.28953126	-0.111755565	0.13222039	-0.19988193	0.2390238	-0.6020942	0.1284556	-0.15514001	0.25517607	-0.5626644	0.99999976	-0.1301996	0.1406624	-0.13689953	0.17567164	-0.19373797	0.11779525	-0.18715256	0.12189958	-0.12911493	0.11940195	-0.09021872	0.09141434	-0.10452621	0.10652047	-0.115013205	0.08410484	-0.08517275	0.102812134	-0.09341674	0.07706473	-0.073063165	0.060201276	-0.06347518	0.08532878	-0.07665315	0.056839805	-0.047430348	0.06285193	-0.05788297	0.08064368
-0.16340445	0.13114187	-0.15156293	0.11236795	-0.17616317	0.14810005	-0.16748561	0.15380467	-0.13346997	0.109290645	-0.23694387	0.22622676	-0.18127418	0.13458036	-0.1301996	0.9999999	-0.40902844	0.14093545	-0.12330444	0.1352889	-0.7257789	0.28059185	-0.13856795	0.119783685	-0.11919783	0.21351735	-0.16730899	0.1493979	-0.12099565	0.12285448	-0.19632024	0.15094393	-0.16449694	0.114308715	-0.096613556	0.13056065	-0.107391745	0.10060643	-0.12646188	0.10333971	-0.10509051	0.08198207	-0.10050342	0.08720898	-0.12035951
0.16652046	-0.14954406	0.16167843	-0.12481359	0.17757893	-0.18435572	0.18820961	-0.18587619	0.14183314	-0.11903815	0.25123286	-0.58781385	0.22081523	-0.16174297	0.1406624	-0.40902844	0.99999917	-0.20482934	0.13522701	-0.15012048	0.24964964	-0.4976088	0.17299975	-0.13047712	0.12420171	-0.15545455	0.15473737	-0.15121152	0.12410151	-0.12753807	0.13892415	-0.13737199	0.1501195	-0.112336576	0.09319177	-0.10700643	0.08732144	-0.08759739	0.111920625	-0.09601903	0.083016686	-0.06776098	0.08616477	-0.0768642	0.105599836
-0.11144595	0.09591709	-0.12849608	0.10159159	-0.15218855	0.09692598	-0.11652383	0.1469372	-0.119990245	0.107579246	-0.12640941	0.15566869	-0.30542412	0.17254616	-0.13689953	0.14093545	-0.20482934	0.99999934	-0.2067471	0.17630179	-0.14323598	0.22216706	-0.81511706	0.19583732	-0.16727383	0.12206431	-0.15046059	0.19673754	-0.16996752	0.14932133	-0.11989387	0.12750675	-0.18315536	0.12071572	-0.102597855	0.092947796	-0.07979112	0.085528694	-0.110758185	0.094336845	-0.07345846	0.06087005	-0.08378009	0.0735751	-0.10242144
0.10575028	-0.09160412	0.12571919	-0.108503535	0.16984434	-0.08666042	0.1037596	-0.1344233	0.1313436	-0.13100435	0.10836521	-0.12605269	0.20249209	-0.2981758	0.17567164	-0.12330444	0.13522701	-0.2067471	0.99999946	-0.6979394	0.123947315	-0.18390115	0.18345357	-0.46020168	0.27573642	-0.11031986	0.12247965	-0.16212238	0.22784582	-0.2360924	0.10594189	-0.11247318	0.14985964	-0.15815921	0.12993148	-0.09126196	0.07755468	-0.08568016	0.12061374	-0.11086579	0.07134789	-0.060284607	0.08480613	-0.07827473	0.11108429
-0.12248261	0.1023398	-0.1436157	0.11795437	-0.20554063	0.09548956	-0.11645806	0.14254387	-0.1485776	0.13883142	-0.12235209	0.13417816	-0.21423674	0.21626376	-0.19373797	0.1352889	-0.15012048	0.17630179	-0.6979394	0.99999946	-0.14285284	0.19156657	-0.18235506	0.29353163	-0.43707764	0.12187936	-0.13590199	0.16754791	-0.24527502	0.24406938	-0.121260084	0.123925686	-0.1725833	0.16580535	-0.1508548	0.10419087	-0.09067245	0.099757954	-0.14478832	0.12633245	-0.08403277	0.07009053	-0.1011939	0.09231809	-0.13498634
0.13389444	-0.11327685	0.13046087	-0.101142175	0.15932542	-0.121276796	0.13223882	-0.1361637	0.11802226	-0.09973827	0.16583084	-0.18930976	0.15929702	-0.12556118	0.11779525	-0.7257789	0.24964964	-0.14323598	0.123947315	-0.14285284	0.9999994	-0.35339072	0.13851446	-0.12754932	0.12349755	-0.36500102	0.19587791	-0.17370789	0.12964824	-0.13486086	0.21828653	-0.18412508	0.1761493	-0.12527198	0.10231852	-0.15465708	0.115380906	-0.10869715	0.1301713	-0.11088532	0.110196784	-0.089702494	0.10433534	-0.0922481	0.122109845
-0.21202354	0.16623132	-0.20419502	0.15214361	-0.25347388	0.16970018	-0.20576896	0.2007834	-0.18486632	0.15392129	-0.24742667	0.26458457	-0.2603323	0.18912998	-0.18715256	0.28059185	-0.4976088	0.22216706	-0.18390115	0.19156657	-0.35339072	0.99999934	-0.26661468	0.18005884	-0.1807644	0.22808674	-0.31465644	0.22952409	-0.18658166	0.17787878	-0.23011722	0.21715872	-0.25369966	0.1623198	-0.1403528	0.16222979	-0.13970384	0.13752457	-0.17749044	0.14331484	-0.13384189	0.10594861	-0.13846953	0.11966164	-0.16846643
0.103353195	-0.08981168	0.11623954	-0.09474074	0.13941553	-0.09012943	0.10578352	-0.13541852	0.10944627	-0.09971286	0.11505311	-0.1441716	0.20959754	-0.15943587	0.12189958	-0.13856795	0.17299975	-0.81511706	0.18345357	-0.18235506	0.13851446	-0.26661468	0.99999934	-0.2526823	0.16779476	-0.12892765	0.15905029	-0.26913643	0.18082903	-0.16254184	0.12141341	-0.13724922	0.18390235	-0.1284686	0.10502656	-0.0948959	0.08012754	-0.08680148	0.11038175	-0.09642014	0.073243365	-0.06140694	0.083384104	-0.07395357	0.101481564
-0.09472421	0.07978849	-0.10710138	0.087492906	-0.14315185	0.07622433	-0.09150828	0.11082119	-0.10651279	0.098198384	-0.09832093	0.111297525	-0.16499077	0.15798959	-0.12911493	0.119783685	-0.13047712	0.19583732	-0.46020168	0.29353163	-0.12754932	0.18005884	-0.2526823	0.99999934	-0.4967297	0.12300991	-0.15206254	0.21152952	-0.54157835	0.30213204	-0.121709086	0.13239083	-0.19499528	0.19757459	-0.17276558	0.10121739	-0.08823517	0.09960171	-0.14382467	0.129259	-0.07975956	0.067586556	-0.098820806	0.09006669	-0.12990254
0.09282006	-0.078447506	0.10341072	-0.085184306	0.13891838	-0.07429739	0.08847898	-0.10683258	0.10215342	-0.094338834	0.09506192	-0.10786903	0.14772886	-0.14300385	0.11940195	-0.11919783	0.12420171	-0.16727383	0.27573642	-0.43707764	0.12349755	-0.1807644	0.16779476	-0.4967297	0.9999994	-0.11889412	0.13456239	-0.18524438	0.30006817	-0.6120533	0.11452622	-0.12427811	0.16898935	-0.21574466	0.18369883	-0.101022825	0.086356595	-0.098288625	0.14359936	-0.14292654	0.078261666	-0.06713611	0.096970215	-0.091404654	0.13013586
-0.09396912	0.076725386	-0.0942683	0.07300124	-0.1203237	0.07669458	-0.08966225	0.09507373	-0.08721348	0.07475705	-0.10496834	0.11459351	-0.12072958	0.09588743	-0.09021872	0.21351735	-0.15545455	0.12206431	-0.11031986	0.12187936	-0.36500102	0.22808674	-0.12892765	0.12300991	-0.11889412	0.9999993	-0.44403172	0.22416057	-0.14205426	0.1319794	-0.66061556	0.29472554	-0.25905266	0.12733866	-0.106234536	0.20419544	-0.16121191	0.13187005	-0.14709996	0.11418731	-0.15214516	0.11364241	-0.12721409	0.10274223	-0.13457881
0.09101811	-0.074875295	0.09308566	-0.07280959	0.11860769	-0.07443652	0.08752391	-0.095330805	0.08674499	-0.07528307	0.10075249	-0.1134754	0.124893434	-0.10025736	0.09141434	-0.16730899	0.15473737	-0.15046059	0.12247965	-0.13590199	0.19587791	-0.31465644	0.15905029	-0.15206254	0.13456239	-0.44403172	0.99999917	-0.48296988	0.180211	-0.16079767	0.28884032	-0.5732573	0.308805	-0.14343792	0.11388466	-0.15997551	0.12902023	-0.1253975	0.13679087	-0.112850346	0.11306315	-0.09419125	0.11395753	-0.09538174	0.12349694
-0.09655564	0.079820305	-0.10194973	0.08046713	-0.13152702	0.07807804	-0.09279862	0.10495319	-0.09630893	0.08477028	-0.104022585	0.116598204	-0.14574401	0.11719714	-0.10452621	0.1493979	-0.15121152	0.19673754	-0.16212238	0.16754791	-0.17370789	0.22952409	-0.26913643	0.21152952	-0.18524438	0.22416057	-0.48296988	0.9999993	-0.36975977	0.21308509	-0.22487898	0.28840578	-0.5893705	0.18545575	-0.15126377	0.1484576	-0.13169958	0.14899108	-0.16592918	0.1352076	-0.113526165	0.09589403	-0.13640295	0.11128147	-0.14709614
0.08788181	-0.07367357	0.09608464	-0.07794963	0.1272696	-0.070591144	0.08397498	-0.099258415	0.093462124	-0.08491105	0.0915621	-0.10369487	0.13759376	-0.12662488	0.10652047	-0.12099565	0.12410151	-0.16996752	0.22784582	-0.24527502	0.12964824	-0.18658166	0.18082903	-0.54157835	0.30006817	-0.14205426	0.180211	-0.36975977	0.9999993	-0.5243847	0.13510966	-0.15943468	0.2263059	-0.3378707	0.219181	-0.11260107	0.09719765	-0.11299851	0.16184236	-0.15465872	0.08629994	-0.07448356	0.10891528	-0.10077503	0.1427623
-0.0946358	0.07824344	-0.10343266	0.08298536	-0.1404576	0.074139684	-0.08906372	0.10382263	-0.100994274	0.0907887	-0.09671109	0.10654014	-0.14405781	0.12889884	-0.115013205	0.12285448	-0.12753807	0.14932133	-0.2360924	0.24406938	-0.13486086	0.17787878	-0.16254184	0.30213204	-0.6120533	0.1319794	-0.16079767	0.21308509	-0.5243847	0.99999946	-0.13342725	0.14251716	-0.21486604	0.25372815	-0.30526146	0.115577415	-0.10267376	0.11896613	-0.18543726	0.17540203	-0.092124544	0.0786345	-0.12031461	0.11189108	-0.16712938
0.08592203	-0.07111621	0.0870983	-0.06825493	0.11152965	-0.07071567	0.08195475	-0.08887994	0.08095304	-0.069967516	0.09498466	-0.106657386	0.11219281	-0.090904474	0.08410484	-0.19632024	0.13892415	-0.11989387	0.10594189	-0.121260084	0.21828653	-0.23011722	0.12141341	-0.121709086	0.11452622	-0.66061556	0.28884032	-0.22487898	0.13510966	-0.13342725	0.99999946	-0.4741171	0.2435166	-0.12952892	0.1043378	-0.33196288	0.17903087	-0.14121981	0.14443046	-0.11562176	0.16208783	-0.12894991	0.12756969	-0.10492469	0.13062844
-0.08491816	0.06948303	-0.08675665	0.0677036	-0.11170064	0.068435416	-0.08084223	0.08785284	-0.080978654	0.07012961	-0.092584	0.10221004	-0.114721574	0.092042066	-0.08517275	0.15094393	-0.13737199	0.12750675	-0.11247318	0.123925686	-0.18412508	0.21715872	-0.13724922	0.13239083	-0.12427811	0.29472554	-0.5732573	0.28840578	-0.15943468	0.14251716	-0.4741171	0.9999993	-0.5117481	0.13986614	-0.114033304	0.18581471	-0.16570282	0.14798005	-0.15051605	0.11734116	-0.13408273	0.1103836	-0.13295995	0.10508802	-0.13355036
0.097339	-0.08121914	0.10191212	-0.08115749	0.13135731	-0.07934221	0.093083784	-0.105612546	0.09610196	-0.0847122	0.10460151	-0.11925787	0.13919604	-0.11574402	0.102812134	-0.16449694	0.1501195	-0.18315536	0.14985964	-0.1725833	0.1761493	-0.25369966	0.18390235	-0.19499528	0.16898935	-0.25905266	0.308805	-0.5893705	0.2263059	-0.21486604	0.2435166	-0.5117481	0.9999994	-0.22070535	0.15836886	-0.1878488	0.16100432	-0.23150842	0.18726788	-0.15726939	0.13072711	-0.11932785	0.16472498	-0.13611455	0.16263372
-0.08318603	0.06827049	-0.08862636	0.070410736	-0.12024945	0.06459669	-0.077248976	0.08824869	-0.085260965	0.07550486	-0.0846384	0.092825726	-0.1181201	0.10190934	-0.09341674	0.114308715	-0.112336576	0.12071572	-0.15815921	0.16580535	-0.12527198	0.1623198	-0.1284686	0.19757459	-0.21574466	0.12733866	-0.14343792	0.18545575	-0.3378707	0.25372815	-0.12952892	0.13986614	-0.22070535	0.99999934	-0.71898955	0.13211085	-0.121931344	0.15686767	-0.3193378	0.2831754	-0.10463336	0.09363244	-0.16180073	0.1600962	-0.25301853
0.06864742	-0.056849558	0.07317859	-0.058627576	0.09862203	-0.053827457	0.063971624	-0.07368659	0.070405796	-0.062681325	0.07004949	-0.07788426	0.097409956	-0.08553564	0.07706473	-0.096613556	0.09319177	-0.102597855	0.12993148	-0.1508548	0.10231852	-0.1403528	0.10502656	-0.17276558	0.18369883	-0.106234536	0.11388466	-0.15126377	0.219181	-0.30526146	0.1043378	-0.114033304	0.15836886	-0.71898955	0.99999934	-0.11283865	0.10024187	-0.1326586	0.2468034	-0.48087895	0.08563098	-0.07881337	0.1313027	-0.14232859	0.21077241
-0.073584676	0.060004324	-0.07497062	0.058598064	-0.09932161	0.057870846	-0.06823221	0.07455126	-0.070259474	0.060756266	-0.07724398	0.084472105	-0.0943232	0.07708359	-0.073063165	0.13056065	-0.10700643	0.092947796	-0.09126196	0.10419087	-0.15465708	0.16222979	-0.0948959	0.10121739	-0.101022825	0.20419544	-0.15997551	0.1484576	-0.11260107	0.115577415	-0.33196288	0.18581471	-0.1878488	0.13211085	-0.11283865	0.9999993	-0.58808976	0.24363388	-0.22975573	0.15295586	-0.5063991	0.30334076	-0.23797293	0.16552693	-0.20184423
0.059880316	-0.049311507	0.06137469	-0.04836166	0.08108774	-0.04754331	0.055756588	-0.06165961	0.057656106	-0.050131608	0.06291012	-0.06993381	0.077871405	-0.06443315	0.060201276	-0.107391745	0.08732144	-0.07979112	0.07755468	-0.09067245	0.115380906	-0.13970384	0.08012754	-0.08823517	0.086356595	-0.16121191	0.12902023	-0.13169958	0.09719765	-0.10267376	0.17903087	-0.16570282	0.16100432	-0.121931344	0.10024187	-0.58808976	0.9999991	-0.42561224	0.20496176	-0.14647448	0.30592215	-0.5177798	0.23272249	-0.17009006	0.1695495
-0.061657082	0.050732415	-0.06378473	0.050401554	-0.08494665	0.048543382	-0.05723904	0.06396296	-0.06024701	0.052631028	-0.06395215	0.070929155	-0.08180512	0.068245254	-0.06347518	0.10060643	-0.08759739	0.085528694	-0.08568016	0.099757954	-0.10869715	0.13752457	-0.08680148	0.09960171	-0.098288625	0.13187005	-0.1253975	0.14899108	-0.11299851	0.11896613	-0.14121981	0.14798005	-0.23150842	0.15686767	-0.1326586	0.24363388	-0.42561224	0.99999905	-0.42691767	0.21236	-0.18862177	0.20356305	-0.6247536	0.26934105	-0.26621056
0.08130154	-0.06722785	0.084714405	-0.06744123	0.113775656	-0.06376488	0.07514787	-0.08500984	0.080489755	-0.07074375	0.0831978	-0.0927633	0.10830301	-0.09237203	0.08532878	-0.12646188	0.111920625	-0.110758185	0.12061374	-0.14478832	0.1301713	-0.17749044	0.11038175	-0.14382467	0.14359936	-0.14709996	0.13679087	-0.16592918	0.16184236	-0.18543726	0.14443046	-0.15051605	0.18726788	-0.3193378	0.2468034	-0.22975573	0.20496176	-0.42691767	0.9999994	-0.56889164	0.15403967	-0.16631787	0.2760518	-0.37922987	0.3059664
-0.0719253	0.058831044	-0.075295955	0.059567858	-0.102611706	0.055435736	-0.06597538	0.074458085	-0.07184108	0.06305671	-0.07261443	0.07951737	-0.096250884	0.08177227	-0.07665315	0.10333971	-0.09601903	0.094336845	-0.11086579	0.12633245	-0.11088532	0.14331484	-0.09642014	0.129259	-0.14292654	0.11418731	-0.112850346	0.1352076	-0.15465872	0.17540203	-0.11562176	0.11734116	-0.15726939	0.2831754	-0.48087895	0.15295586	-0.14647448	0.21236	-0.56889164	0.9999997	-0.1188534	0.11335275	-0.22710037	0.2516253	-0.4876692
0.057086457	-0.047060046	0.058313075	-0.045949504	0.077087134	-0.04535447	0.05304847	-0.05854456	0.054704413	-0.047487445	0.059940826	-0.066749126	0.07327233	-0.06058201	0.056839805	-0.10509051	0.083016686	-0.07345846	0.07134789	-0.08403277	0.110196784	-0.13384189	0.073243365	-0.07975956	0.078261666	-0.15214516	0.11306315	-0.113526165	0.08629994	-0.092124544	0.16208783	-0.13408273	0.13072711	-0.10463336	0.08563098	-0.5063991	0.30592215	-0.18862177	0.15403967	-0.1188534	0.99999917	-0.7452579	0.16399886	-0.12929511	0.13684826
-0.047264118	0.038757656	-0.04839956	0.038050067	-0.064343296	0.03720475	-0.043770995	0.04831158	-0.045494072	0.03949767	-0.04926292	0.05437309	-0.06097945	0.050353747	-0.047430348	0.08198207	-0.06776098	0.06087005	-0.060284607	0.07009053	-0.089702494	0.10594861	-0.06140694	0.067586556	-0.06713611	0.11364241	-0.09419125	0.09589403	-0.07448356	0.0786345	-0.12894991	0.1103836	-0.11932785	0.09363244	-0.07881337	0.30334076	-0.5177798	0.20356305	-0.16631787	0.11335275	-0.7452579	0.999999	-0.20453548	0.13175401	-0.14421473
0.06105245	-0.050459106	0.06318579	-0.050130967	0.084213	-0.04817811	0.056620948	-0.063548945	0.059729196	-0.052274626	0.0631531	-0.07051124	0.08059354	-0.06780611	0.06285193	-0.10050342	0.08616477	-0.08378009	0.08480613	-0.1011939	0.10433534	-0.13846953	0.083384104	-0.098820806	0.096970215	-0.12721409	0.11395753	-0.13640295	0.10891528	-0.12031461	0.12756969	-0.13295995	0.16472498	-0.16180073	0.1313027	-0.23797293	0.23272249	-0.6247536	0.2760518	-0.22710037	0.16399886	-0.20453548	0.99999887	-0.5570812	0.2720515
-0.055926297	0.04596064	-0.057970718	0.045880582	-0.07807795	0.04359195	-0.051491354	0.0577671	-0.054935414	0.048048712	-0.057151854	0.06318429	-0.073463485	0.061855495	-0.05788297	0.08720898	-0.0768642	0.0735751	-0.07827473	0.09231809	-0.0922481	0.11966164	-0.07395357	0.09006669	-0.091404654	0.10274223	-0.09538174	0.11128147	-0.10077503	0.11189108	-0.10492469	0.10508802	-0.13611455	0.1600962	-0.14232859	0.16552693	-0.17009006	0.26934105	-0.37922987	0.2516253	-0.12929511	0.13175401	-0.5570812	0.9999988	-0.6344199
0.07742262	-0.0640238	0.08047891	-0.064081974	0.108441435	-0.060552843	0.071286164	-0.08060055	0.07641881	-0.067093104	0.07885672	-0.08795479	0.10189677	-0.08687977	0.08064368	-0.12035951	0.105599836	-0.10242144	0.11108429	-0.13498634	0.122109845	-0.16846643	0.101481564	-0.12990254	0.13013586	-0.13457881	0.12349694	-0.14709614	0.1427623	-0.16712938	0.13062844	-0.13355036	0.16263372	-0.25301853	0.21077241	-0.20184423	0.1695495	-0.26621056	0.3059664	-0.4876692	0.13684826	-0.14421473	0.2720515	-0.6344199	0.9999988
