1.0000001	-0.62434787	0.23271692	-0.104575165	0.10507984	-0.26359376	0.31911346	-0.24702258	0.11583755	-0.09798221	0.19462949	-0.29676577	0.20303452	-0.1362967	0.16488554	-0.13871819	0.18128422	-0.23783268	0.15534194	-0.17741624	0.10956183	-0.18477082	0.1491475	-0.16499777	0.11011874	-0.10604609	0.12255421	-0.14717261	0.12946828	-0.10476372	0.114949025	-0.10328689	0.14392416	-0.1819872	0.14136277	-0.09536839	0.10794917	-0.11274042	0.112076774	-0.093215786	0.08295299	-0.09506711	0.08490509	-0.11221228	0.1556094
-0.62434787	1.0000001	-0.39089057	0.07754765	-0.07262129	0.17904189	-0.57329804	0.2647464	-0.08393186	0.06630314	-0.15130185	0.18050474	-0.14518175	0.09108705	-0.107222274	0.07992771	-0.11346531	0.14566164	-0.09791417	0.1070612	-0.06426253	0.10809125	-0.08873402	0.09566428	-0.06491557	0.061669916	-0.071923405	0.08576501	-0.07550268	0.061369985	-0.06729138	0.060035113	-0.08410429	0.103842236	-0.082285926	0.05485109	-0.0626894	0.06488856	-0.06484048	0.054011673	-0.047883052	0.05451223	-0.048894998	0.06432342	-0.09009632
0.23271692	-0.39089057	1.0000004	-0.122262746	0.092217445	-0.13191919	0.2759189	-0.809716	0.11370607	-0.08368327	0.11165777	-0.16746248	0.18081892	-0.11314988	0.12025433	-0.07880194	0.10925211	-0.16603628	0.108468264	-0.11865993	0.0635055	-0.10729228	0.091169015	-0.0986358	0.06755507	-0.061935864	0.07239574	-0.087625496	0.07738817	-0.06385155	0.06757068	-0.060493875	0.0850277	-0.1056211	0.08325421	-0.055210523	0.06304324	-0.065475434	0.065351844	-0.054592043	0.04814264	-0.054892197	0.049243	-0.06485173	0.09044351
-0.104575165	0.07754765	-0.122262746	1.0000004	-0.54027724	0.059511654	-0.098935366	0.10634226	-0.74348664	0.30148292	-0.058628153	0.10152644	-0.14171498	0.14635761	-0.20331722	0.058613952	-0.07775276	0.13028328	-0.1271183	0.13060689	-0.047997717	0.07869606	-0.07208481	0.08202346	-0.06254671	0.04891096	-0.057778545	0.070140794	-0.06482137	0.05850473	-0.054389857	0.048861325	-0.06938908	0.08680085	-0.071842045	0.045097273	-0.05160545	0.054527115	-0.05513158	0.046668228	-0.039686043	0.045249775	-0.0409697	0.054226518	-0.07647043
0.10507984	-0.07262129	0.092217445	-0.54027724	1.0000002	-0.06401758	0.0965163	-0.09043896	0.3175762	-0.69778156	0.06355314	-0.1177874	0.14893077	-0.16658066	0.23468892	-0.070908695	0.09107211	-0.15883912	0.14085488	-0.16675399	0.057672404	-0.094660036	0.08670334	-0.100404054	0.076337084	-0.05913795	0.06952256	-0.08525795	0.078825176	-0.072183944	0.065395154	-0.05908167	0.08369136	-0.106952414	0.086261176	-0.054811995	0.062257852	-0.06625408	0.06645285	-0.05631292	0.048003983	-0.055091567	0.049655396	-0.0660068	0.09156409
-0.26359376	0.17904189	-0.13191919	0.059511654	-0.06401758	1.0000005	-0.3473035	0.13417152	-0.07005524	0.059040587	-0.82201725	0.24642271	-0.14185107	0.08598475	-0.10634644	0.0866185	-0.15536807	0.13975833	-0.09640941	0.09992988	-0.07244814	0.11805484	-0.0945305	0.0943762	-0.064516924	0.064558625	-0.07644147	0.087417446	-0.076086275	0.060332242	-0.071127445	0.061923545	-0.087179035	0.10054149	-0.08319482	0.05499069	-0.064388424	0.06466004	-0.065257564	0.05422451	-0.048363384	0.054079022	-0.04889569	0.06345503	-0.091130346
0.31911346	-0.57329804	0.2759189	-0.098935366	0.0965163	-0.3473035	1.0000004	-0.38950256	0.10901453	-0.09018075	0.2248803	-0.30451936	0.19879508	-0.12804493	0.14969884	-0.12187955	0.17237861	-0.21518412	0.13950692	-0.15537432	0.09718264	-0.16612071	0.13267256	-0.14291331	0.09544017	-0.09244191	0.10732693	-0.12841627	0.11233207	-0.090476334	0.100145124	-0.089463174	0.12496369	-0.15506032	0.12118351	-0.081606776	0.09303673	-0.09624952	0.09579962	-0.079697125	0.07101231	-0.0809939	0.072462894	-0.095356	0.13275833
-0.24702258	0.2647464	-0.809716	0.10634226	-0.09043896	0.13417152	-0.38950256	1.0000004	-0.11646156	0.082673214	-0.1199032	0.16104989	-0.2363119	0.1185569	-0.12511195	0.074147835	-0.10752279	0.16040944	-0.110686034	0.1146409	-0.060413007	0.1017323	-0.08766127	0.09324994	-0.064744554	0.058714576	-0.06906416	0.083069704	-0.07355872	0.06086379	-0.064411916	0.057405364	-0.08099034	0.09899613	-0.07935161	0.05210636	-0.05986999	0.061862815	-0.062018197	0.051859457	-0.0455748	0.05173517	-0.04656155	0.061148874	-0.085975885
0.11583755	-0.08393186	0.11370607	-0.74348664	0.3175762	-0.07005524	0.10901453	-0.11646156	1.0000004	-0.463408	0.068956375	-0.12578234	0.16427766	-0.20133065	0.22634293	-0.074132755	0.09633322	-0.16720589	0.15255694	-0.1721197	0.060383957	-0.09933613	0.09087964	-0.10465843	0.07933658	-0.061723895	0.07264081	-0.08897101	0.082151316	-0.074814476	0.068276994	-0.061594397	0.08730318	-0.11094225	0.0898332	-0.05699618	0.064866774	-0.06885184	0.069154814	-0.05857833	0.049948458	-0.057227608	0.05162346	-0.068528615	0.09538217
-0.09798221	0.06630314	-0.08368327	0.30148292	-0.69778156	0.059040587	-0.09018075	0.082673214	-0.463408	1.0	-0.059210163	0.10898924	-0.16086063	0.18698491	-0.40026644	0.06455779	-0.085037254	0.14840949	-0.15236123	0.15649368	-0.052910075	0.086860545	-0.0805122	0.09249206	-0.07150418	0.05422676	-0.06408967	0.078322165	-0.07284093	0.066861205	-0.06024293	0.05423353	-0.07711906	0.09709217	-0.080045916	0.05004755	-0.057191614	0.06063427	-0.061217245	0.051966682	-0.043984123	0.050246548	-0.045480587	0.060287423	-0.084592044
0.19462949	-0.15130185	0.11165777	-0.058628153	0.06355314	-0.82201725	0.2248803	-0.1199032	0.068956375	-0.059210163	1.0000001	-0.3906871	0.14314698	-0.088288695	0.10673583	-0.09906835	0.16894299	-0.15232573	0.098815426	-0.10470149	0.07998492	-0.13583167	0.10212335	-0.10229255	0.06768558	-0.06983685	0.08163436	-0.09478762	0.08136837	-0.06365189	0.07539142	-0.06595044	0.092214	-0.108128965	0.086441	-0.058327824	0.067810394	-0.06818978	0.06816106	-0.05655105	0.05086684	-0.057199642	0.05140678	-0.066821136	0.094447464
-0.29676577	0.18050474	-0.16746248	0.10152644	-0.1177874	0.24642271	-0.30451936	0.16104989	-0.12578234	0.10898924	-0.3906871	0.9999999	-0.3279841	0.17157272	-0.21146719	0.16340476	-0.5550583	0.27187195	-0.1897148	0.18247026	-0.14710653	0.2587993	-0.20150383	0.17833066	-0.122702375	0.12652633	-0.15428022	0.17112906	-0.1471545	0.113238655	-0.14100066	0.12040148	-0.17152433	0.18337879	-0.15806761	0.103449166	-0.12427501	0.12098124	-0.12317494	0.10219085	-0.091570325	0.100559674	-0.091688186	0.11728148	-0.17225677
0.20303452	-0.14518175	0.18081892	-0.14171498	0.14893077	-0.14185107	0.19879508	-0.2363119	0.16427766	-0.16086063	0.14314698	-0.3279841	0.99999964	-0.5079948	0.28810066	-0.14628582	0.22203805	-0.523652	0.27599686	-0.2852739	0.121530406	-0.21188435	0.19892308	-0.20372537	0.14130439	-0.12048167	0.14335354	-0.17985444	0.15770023	-0.13253643	0.1316744	-0.1176993	0.16788204	-0.20379516	0.16105102	-0.10484111	0.12112755	-0.124673165	0.12458939	-0.10480398	0.09135596	-0.10356104	0.093336895	-0.122238845	0.17057239
-0.1362967	0.09108705	-0.11314988	0.14635761	-0.16658066	0.08598475	-0.12804493	0.1185569	-0.20133065	0.18698491	-0.088288695	0.17157272	-0.5079948	0.9999996	-0.5738153	0.0951958	-0.13517603	0.25289735	-0.49559057	0.27080092	-0.07939501	0.13223004	-0.12773477	0.14496544	-0.114868075	0.08107492	-0.09697753	0.11937405	-0.11318668	0.10456418	-0.090333804	0.08091066	-0.116209544	0.14266458	-0.12046228	0.07335025	-0.08474521	0.08911777	-0.09061336	0.0773692	-0.064580746	0.07328723	-0.06672983	0.08799586	-0.12477669
0.16488554	-0.107222274	0.12025433	-0.20331722	0.23468892	-0.10634644	0.14969884	-0.12511195	0.22634293	-0.40026644	0.10673583	-0.21146719	0.28810066	-0.5738153	0.9999994	-0.12529586	0.1632079	-0.30616143	0.2854168	-0.34291086	0.10223367	-0.16987757	0.15758985	-0.18371755	0.14181781	-0.10493886	0.12359058	-0.15355514	0.14270039	-0.13402435	0.11558965	-0.10456571	0.1485413	-0.19036037	0.1523962	-0.09629222	0.10948281	-0.11655445	0.1166327	-0.099316806	0.08410947	-0.09659762	0.08707663	-0.11575057	0.15952387
-0.13871819	0.07992771	-0.07880194	0.058613952	-0.070908695	0.0866185	-0.12187955	0.074147835	-0.074132755	0.06455779	-0.09906835	0.16340476	-0.14628582	0.0951958	-0.12529586	0.99999964	-0.23576215	0.1734677	-0.12069446	0.12254597	-0.8305315	0.24236119	-0.18129823	0.15143442	-0.09898955	0.22805716	-0.23151998	0.17089449	-0.13319711	0.09228348	-0.21724503	0.15006058	-0.18277046	0.16339137	-0.13197142	0.108592115	-0.1366123	0.1134827	-0.108599424	0.08710297	-0.09099194	0.09724963	-0.08551606	0.10473643	-0.1444623
0.18128422	-0.11346531	0.10925211	-0.07775276	0.09107211	-0.15536807	0.17237861	-0.10752279	0.09633322	-0.085037254	0.16894299	-0.5550583	0.22203805	-0.13517603	0.1632079	-0.23576215	0.99999964	-0.35520956	0.15957119	-0.16106233	0.19248745	-0.5788155	0.24855354	-0.20480004	0.11609274	-0.1463831	0.16930059	-0.20449474	0.15739506	-0.10932071	0.14610869	-0.12639405	0.1743634	-0.19093005	0.14257565	-0.102858916	0.12165695	-0.11616813	0.11344829	-0.09325838	0.08753622	-0.09737517	0.08673952	-0.11031633	0.1527544
-0.23783268	0.14566164	-0.16603628	0.13028328	-0.15883912	0.13975833	-0.21518412	0.16040944	-0.16720589	0.14840949	-0.15232573	0.27187195	-0.523652	0.25289735	-0.30616143	0.1734677	-0.35520956	0.9999996	-0.31257161	0.25122392	-0.15790431	0.26812804	-0.37257376	0.24144863	-0.16665937	0.15558566	-0.19879994	0.2358329	-0.20364225	0.15090017	-0.17861035	0.15388079	-0.22935289	0.23286365	-0.20518836	0.1300582	-0.15834776	0.153629	-0.15766196	0.13126056	-0.115703054	0.12623876	-0.116179064	0.14780656	-0.2195869
0.15534194	-0.09791417	0.108468264	-0.1271183	0.14085488	-0.09640941	0.13950692	-0.110686034	0.15255694	-0.15236123	0.098815426	-0.1897148	0.27599686	-0.49559057	0.2854168	-0.12069446	0.15957119	-0.31257161	0.9999994	-0.64612764	0.10071687	-0.16644219	0.16634762	-0.22206105	0.18639459	-0.105991915	0.1269948	-0.15998554	0.16241783	-0.1704151	0.11842524	-0.10703117	0.15483458	-0.19669828	0.1685091	-0.09754557	0.11226841	-0.1208728	0.12333458	-0.10759858	0.08595167	-0.09815531	0.08985853	-0.11947125	0.16790354
-0.17741624	0.1070612	-0.11865993	0.13060689	-0.16675399	0.09992988	-0.15537432	0.1146409	-0.1721197	0.15649368	-0.10470149	0.18247026	-0.2852739	0.27080092	-0.34291086	0.12254597	-0.16106233	0.25122392	-0.64612764	0.9999996	-0.10465519	0.16363092	-0.16747634	0.20760196	-0.34596947	0.11362563	-0.13890606	0.16529073	-0.18138352	0.22093327	-0.132787	0.118617296	-0.17359538	0.20580858	-0.23794666	0.11029439	-0.12981755	0.14327495	-0.1583244	0.14122254	-0.10082225	0.11297176	-0.1076754	0.14299686	-0.22360037
0.10956183	-0.06426253	0.0635055	-0.047997717	0.057672404	-0.07244814	0.09718264	-0.060413007	0.060383957	-0.052910075	0.07998492	-0.14710653	0.121530406	-0.07939501	0.10223367	-0.8305315	0.19248745	-0.15790431	0.10071687	-0.10465519	0.99999934	-0.31577182	0.16881819	-0.14194791	0.0842379	-0.30767536	0.20695427	-0.16463372	0.11908248	-0.079814255	0.18721458	-0.13756184	0.15497431	-0.14837751	0.10860395	-0.09653054	0.11586784	-0.09797758	0.090628505	-0.07247952	0.07743135	-0.08503689	0.07286043	-0.08985802	0.11783692
-0.18477082	0.10809125	-0.10729228	0.07869606	-0.094660036	0.11805484	-0.16612071	0.1017323	-0.09933613	0.086860545	-0.13583167	0.2587993	-0.21188435	0.13223004	-0.16987757	0.24236119	-0.5788155	0.26812804	-0.16644219	0.16363092	-0.31577182	0.99999934	-0.48435566	0.23051755	-0.13317172	0.1839097	-0.23890233	0.25038463	-0.19346443	0.12293081	-0.18683606	0.15531343	-0.2198646	0.20826675	-0.16454336	0.11909164	-0.14685781	0.13304791	-0.13070199	0.10672974	-0.101958774	0.110800125	-0.09962256	0.12416424	-0.17566523
0.1491475	-0.08873402	0.091169015	-0.07208481	0.08670334	-0.0945305	0.13267256	-0.08766127	0.09087964	-0.0805122	0.10212335	-0.20150383	0.19892308	-0.12773477	0.15758985	-0.18129823	0.24855354	-0.37257376	0.16634762	-0.16747634	0.16881819	-0.48435566	0.9999993	-0.43819192	0.14747328	-0.17568295	0.22394846	-0.52509445	0.2606573	-0.141544	0.17384674	-0.16016455	0.2387304	-0.25095713	0.16260244	-0.11988732	0.14351006	-0.1358874	0.12927249	-0.10599974	0.10003629	-0.11120094	0.099211216	-0.12427678	0.16774379
-0.16499777	0.09566428	-0.0986358	0.08202346	-0.100404054	0.0943762	-0.14291331	0.09324994	-0.10465843	0.09249206	-0.10229255	0.17833066	-0.20372537	0.14496544	-0.18371755	0.15143442	-0.20480004	0.24144863	-0.22206105	0.20760196	-0.14194791	0.23051755	-0.43819192	0.99999934	-0.25672892	0.15924597	-0.21294597	0.2923621	-0.62826335	0.21844107	-0.18512592	0.1641346	-0.26974657	0.2962894	-0.22246638	0.13115132	-0.16243246	0.15786809	-0.16271357	0.1375476	-0.11543386	0.1258802	-0.117140375	0.14783111	-0.21452127
0.11011874	-0.06491557	0.06755507	-0.06254671	0.076337084	-0.064516924	0.09544017	-0.064744554	0.07933658	-0.07150418	0.06768558	-0.122702375	0.14130439	-0.114868075	0.14181781	-0.09898955	0.11609274	-0.16665937	0.18639459	-0.34596947	0.0842379	-0.13317172	0.14747328	-0.25672892	0.9999993	-0.09743896	0.1186257	-0.16197607	0.22302884	-0.79704666	0.1103227	-0.10284451	0.15311952	-0.21948111	0.23030104	-0.09581615	0.108815335	-0.13312097	0.13619319	-0.1462052	0.08482358	-0.10011993	0.09426419	-0.1318342	0.1693738
-0.10604609	0.061669916	-0.061935864	0.04891096	-0.05913795	0.064558625	-0.09244191	0.058714576	-0.061723895	0.05422676	-0.06983685	0.12652633	-0.12048167	0.08107492	-0.10493886	0.22805716	-0.1463831	0.15558566	-0.105991915	0.11362563	-0.30767536	0.1839097	-0.17568295	0.15924597	-0.09743896	0.99999934	-0.63359094	0.22840919	-0.14934108	0.09361288	-0.5569315	0.266741	-0.23702317	0.18949184	-0.12782909	0.14745517	-0.18776792	0.13263193	-0.11347174	0.08774558	-0.109628156	0.118609264	-0.09724512	0.115465134	-0.13913508
0.12255421	-0.071923405	0.07239574	-0.057778545	0.06952256	-0.07644147	0.10732693	-0.06906416	0.07264081	-0.06408967	0.08163436	-0.15428022	0.14335354	-0.09697753	0.12359058	-0.23151998	0.16930059	-0.19879994	0.1269948	-0.13890606	0.20695427	-0.23890233	0.22394846	-0.21294597	0.1186257	-0.63359094	0.9999994	-0.42210758	0.19216044	-0.11681651	0.3073972	-0.3585154	0.2644849	-0.2472778	0.1498221	-0.17763613	0.20335124	-0.15969448	0.13296922	-0.10357521	0.1259759	-0.1439428	0.11488423	-0.13930562	0.16131522
-0.14717261	0.08576501	-0.087625496	0.070140794	-0.08525795	0.087417446	-0.12841627	0.083069704	-0.08897101	0.078322165	-0.09478762	0.17112906	-0.17985444	0.11937405	-0.15355514	0.17089449	-0.20449474	0.2358329	-0.15998554	0.16529073	-0.16463372	0.25038463	-0.52509445	0.2923621	-0.16197607	0.22840919	-0.42210758	0.9999993	-0.3870517	0.1558023	-0.24059798	0.22323145	-0.42451018	0.28491998	-0.18326978	0.14740382	-0.18579157	0.16397102	-0.1504706	0.12015616	-0.12076138	0.13213684	-0.11819945	0.14300974	-0.18847874
0.12946828	-0.07550268	0.07738817	-0.06482137	0.078825176	-0.076086275	0.11233207	-0.07355872	0.082151316	-0.07284093	0.08136837	-0.1471545	0.15770023	-0.11318668	0.14270039	-0.13319711	0.15739506	-0.20364225	0.16241783	-0.18138352	0.11908248	-0.19346443	0.2606573	-0.62826335	0.22302884	-0.14934108	0.19216044	-0.3870517	0.9999994	-0.2959981	0.16258568	-0.15385616	0.25283527	-0.49245226	0.1947965	-0.119130746	0.14305931	-0.1441777	0.14290477	-0.12323092	0.101463035	-0.113547824	0.10403608	-0.13264996	0.17904654
-0.10476372	0.061369985	-0.06385155	0.05850473	-0.072183944	0.060332242	-0.090476334	0.06086379	-0.074814476	0.066861205	-0.06365189	0.113238655	-0.13253643	0.10456418	-0.13402435	0.09228348	-0.10932071	0.15090017	-0.1704151	0.22093327	-0.079814255	0.12293081	-0.141544	0.21844107	-0.79704666	0.09361288	-0.11681651	0.1558023	-0.2959981	0.9999994	-0.10836428	0.10016949	-0.15269235	0.20475045	-0.34259072	0.09264789	-0.107343115	0.13169548	-0.14820792	0.159546	-0.08340754	0.09704381	-0.09393864	0.13014507	-0.18433669
0.114949025	-0.06729138	0.06757068	-0.054389857	0.065395154	-0.071127445	0.100145124	-0.064411916	0.068276994	-0.06024293	0.07539142	-0.14100066	0.1316744	-0.090333804	0.11558965	-0.21724503	0.14610869	-0.17861035	0.11842524	-0.132787	0.18721458	-0.18683606	0.17384674	-0.18512592	0.1103227	-0.5569315	0.3073972	-0.24059798	0.16258568	-0.10836428	0.999999	-0.5703011	0.26906812	-0.24742173	0.14843187	-0.23413824	0.24965315	-0.17884393	0.13941984	-0.10592732	0.14871043	-0.17018181	0.12810288	-0.15291926	0.16361311
-0.10328689	0.060035113	-0.060493875	0.048861325	-0.05908167	0.061923545	-0.089463174	0.057405364	-0.061594397	0.05423353	-0.06595044	0.12040148	-0.1176993	0.08091066	-0.10456571	0.15006058	-0.12639405	0.15388079	-0.10703117	0.118617296	-0.13756184	0.15531343	-0.16016455	0.1641346	-0.10284451	0.266741	-0.3585154	0.22323145	-0.15385616	0.10016949	-0.5703011	0.99999905	-0.4548615	0.22913775	-0.14349772	0.22817633	-0.46105158	0.18333443	-0.1401127	0.10285767	-0.15611804	0.16408233	-0.12991144	0.14487495	-0.15895884
0.14392416	-0.08410429	0.0850277	-0.06938908	0.08369136	-0.087179035	0.12496369	-0.08099034	0.08730318	-0.07711906	0.092214	-0.17152433	0.16788204	-0.116209544	0.1485413	-0.18277046	0.1743634	-0.22935289	0.15483458	-0.17359538	0.15497431	-0.2198646	0.2387304	-0.26974657	0.15311952	-0.23702317	0.2644849	-0.42451018	0.25283527	-0.15269235	0.26906812	-0.4548615	0.9999989	-0.50910556	0.20047116	-0.21683781	0.24972348	-0.27469224	0.19117965	-0.14332576	0.1611953	-0.18851921	0.1643648	-0.19262724	0.21411903
-0.1819872	0.103842236	-0.1056211	0.08680085	-0.106952414	0.10054149	-0.15506032	0.09899613	-0.11094225	0.09709217	-0.108128965	0.18337879	-0.20379516	0.14266458	-0.19036037	0.16339137	-0.19093005	0.23286365	-0.19669828	0.20580858	-0.14837751	0.20826675	-0.25095713	0.2962894	-0.21948111	0.18949184	-0.2472778	0.28491998	-0.49245226	0.20475045	-0.24742173	0.22913775	-0.50910556	0.9999986	-0.28532833	0.17322236	-0.22302948	0.21462442	-0.22984366	0.17876294	-0.15360327	0.16484773	-0.15744705	0.192985	-0.27916637
0.14136277	-0.082285926	0.08325421	-0.071842045	0.086261176	-0.08319482	0.12118351	-0.07935161	0.0898332	-0.080045916	0.086441	-0.15806761	0.16105102	-0.12046228	0.1523962	-0.13197142	0.14257565	-0.20518836	0.1685091	-0.23794666	0.10860395	-0.16454336	0.16260244	-0.22246638	0.23030104	-0.12782909	0.1498221	-0.18326978	0.1947965	-0.34259072	0.14843187	-0.14349772	0.20047116	-0.28532833	0.99999887	-0.15704055	0.16815078	-0.2755753	0.28826684	-0.5959471	0.14246275	-0.1810694	0.1789865	-0.27803972	0.30853695
-0.09536839	0.05485109	-0.055210523	0.045097273	-0.054811995	0.05499069	-0.081606776	0.05210636	-0.05699618	0.05004755	-0.058327824	0.103449166	-0.10484111	0.07335025	-0.09629222	0.108592115	-0.102858916	0.1300582	-0.09754557	0.11029439	-0.09653054	0.11909164	-0.11988732	0.13115132	-0.09581615	0.14745517	-0.17763613	0.14740382	-0.119130746	0.09264789	-0.23413824	0.22817633	-0.21683781	0.17322236	-0.15704055	0.99999905	-0.60437614	0.21192768	-0.1682732	0.11759909	-0.58607936	0.27915677	-0.19590046	0.1845524	-0.18965459
0.10794917	-0.0626894	0.06304324	-0.05160545	0.062257852	-0.064388424	0.09303673	-0.05986999	0.064866774	-0.057191614	0.067810394	-0.12427501	0.12112755	-0.08474521	0.10948281	-0.1366123	0.12165695	-0.15834776	0.11226841	-0.12981755	0.11586784	-0.14685781	0.14351006	-0.16243246	0.108815335	-0.18776792	0.20335124	-0.18579157	0.14305931	-0.107343115	0.24965315	-0.46105158	0.24972348	-0.22302948	0.16815078	-0.60437614	0.99999875	-0.31141937	0.18646963	-0.13060917	0.26926348	-0.31151372	0.20167577	-0.216623	0.19555557
-0.11274042	0.06488856	-0.065475434	0.054527115	-0.06625408	0.06466004	-0.09624952	0.061862815	-0.06885184	0.06063427	-0.06818978	0.12098124	-0.124673165	0.08911777	-0.11655445	0.1134827	-0.11616813	0.153629	-0.1208728	0.14327495	-0.09797758	0.13304791	-0.1358874	0.15786809	-0.13312097	0.13263193	-0.15969448	0.16397102	-0.1441777	0.13169548	-0.17884393	0.18333443	-0.27469224	0.21462442	-0.2755753	0.21192768	-0.31141937	0.9999988	-0.5317412	0.24005021	-0.23551022	0.25775635	-0.50847787	0.3166364	-0.3227547
0.112076774	-0.06484048	0.065351844	-0.05513158	0.06645285	-0.065257564	0.09579962	-0.062018197	0.069154814	-0.061217245	0.06816106	-0.12317494	0.12458939	-0.09061336	0.1166327	-0.108599424	0.11344829	-0.15766196	0.12333458	-0.1583244	0.090628505	-0.13070199	0.12927249	-0.16271357	0.13619319	-0.11347174	0.13296922	-0.1504706	0.14290477	-0.14820792	0.13941984	-0.1401127	0.19117965	-0.22984366	0.28826684	-0.1682732	0.18646963	-0.5317412	0.99999905	-0.5337343	0.16311766	-0.21005411	0.25515854	-0.42709622	0.3082172
-0.093215786	0.054011673	-0.054592043	0.046668228	-0.05631292	0.05422451	-0.079697125	0.051859457	-0.05857833	0.051966682	-0.05655105	0.10219085	-0.10480398	0.0773692	-0.099316806	0.08710297	-0.09325838	0.13126056	-0.10759858	0.14122254	-0.07247952	0.10672974	-0.10599974	0.1375476	-0.1462052	0.08774558	-0.10357521	0.12015616	-0.12323092	0.159546	-0.10592732	0.10285767	-0.14332576	0.17876294	-0.5959471	0.11759909	-0.13060917	0.24005021	-0.5337343	0.9999989	-0.11345676	0.14058727	-0.16006461	0.24396853	-0.4886417
0.08295299	-0.047883052	0.04814264	-0.039686043	0.048003983	-0.048363384	0.07101231	-0.0455748	0.049948458	-0.043984123	0.05086684	-0.091570325	0.09135596	-0.064580746	0.08410947	-0.09099194	0.08753622	-0.115703054	0.08595167	-0.10082225	0.07743135	-0.101958774	0.10003629	-0.11543386	0.08482358	-0.109628156	0.1259759	-0.12076138	0.101463035	-0.08340754	0.14871043	-0.15611804	0.1611953	-0.15360327	0.14246275	-0.58607936	0.26926348	-0.23551022	0.16311766	-0.11345676	0.99999917	-0.63891333	0.23759207	-0.2391597	0.17580579
-0.09506711	0.05451223	-0.054892197	0.045249775	-0.055091567	0.054079022	-0.0809939	0.05173517	-0.057227608	0.050246548	-0.057199642	0.100559674	-0.10356104	0.07328723	-0.09659762	0.09724963	-0.09737517	0.12623876	-0.09815531	0.11297176	-0.08503689	0.110800125	-0.11120094	0.1258802	-0.10011993	0.118609264	-0.1439428	0.13213684	-0.113547824	0.09704381	-0.17018181	0.16408233	-0.18851921	0.16484773	-0.1810694	0.27915677	-0.31151372	0.25775635	-0.21005411	0.14058727	-0.63891333	0.9999989	-0.4910625	0.26119098	-0.23246858
0.08490509	-0.048894998	0.049243	-0.0409697	0.049655396	-0.04889569	0.072462894	-0.04656155	0.05162346	-0.045480587	0.05140678	-0.091688186	0.093336895	-0.06672983	0.08707663	-0.08551606	0.08673952	-0.116179064	0.08985853	-0.1076754	0.07286043	-0.09962256	0.099211216	-0.117140375	0.09426419	-0.09724512	0.11488423	-0.11819945	0.10403608	-0.09393864	0.12810288	-0.12991144	0.1643648	-0.15744705	0.1789865	-0.19590046	0.20167577	-0.50847787	0.25515854	-0.16006461	0.23759207	-0.4910625	0.9999987	-0.58448756	0.2374573
-0.11221228	0.06432342	-0.06485173	0.054226518	-0.0660068	0.06345503	-0.095356	0.061148874	-0.068528615	0.060287423	-0.066821136	0.11728148	-0.122238845	0.08799586	-0.11575057	0.10473643	-0.11031633	0.14780656	-0.11947125	0.14299686	-0.08985802	0.12416424	-0.12427678	0.14783111	-0.1318342	0.115465134	-0.13930562	0.14300974	-0.13264996	0.13014507	-0.15291926	0.14487495	-0.19262724	0.192985	-0.27803972	0.1845524	-0.216623	0.3166364	-0.42709622	0.24396853	-0.2391597	0.26119098	-0.58448756	0.9999987	-0.45804644
0.1556094	-0.09009632	0.09044351	-0.07647043	0.09156409	-0.091130346	0.13275833	-0.085975885	0.09538217	-0.084592044	0.094447464	-0.17225677	0.17057239	-0.12477669	0.15952387	-0.1444623	0.1527544	-0.2195869	0.16790354	-0.22360037	0.11783692	-0.17566523	0.16774379	-0.21452127	0.1693738	-0.13913508	0.16131522	-0.18847874	0.17904654	-0.18433669	0.16361311	-0.15895884	0.21411903	-0.27916637	0.30853695	-0.18965459	0.19555557	-0.3227547	0.3082172	-0.4886417	0.17580579	-0.23246858	0.2374573	-0.45804644	0.9999987
