1.0000001	-0.34430203	0.24516544	-0.1516997	0.110203035	-0.592918	0.2684151	-0.23752888	0.13017435	-0.11835041	0.28791887	-0.21971202	0.2137061	-0.12173458	0.12016191	-0.17166993	0.15681566	-0.19380268	0.12660903	-0.14146844	0.12090632	-0.13748379	0.14898136	-0.11305482	0.11464216	-0.13407986	0.1245381	-0.13687342	0.12614052	-0.1224564	0.08929234	-0.16301899	0.14615957	-0.09708747	0.11461925	-0.09945633	0.076649494	-0.08414989	0.109483674	-0.07572081	0.16444376	-0.110101275	0.081006214	-0.110010155	0.09250187
-0.34430203	1.0000001	-0.85374945	0.108045995	-0.08020508	0.1883272	-0.25011358	0.17564951	-0.0969821	0.08018193	-0.16220506	0.15123281	-0.15553136	0.07852448	-0.07945832	0.09228695	-0.09140423	0.110328265	-0.077921785	0.08327156	-0.06606196	0.07492394	-0.0836365	0.06352999	-0.06545216	0.07085978	-0.067583404	0.073016725	-0.06793161	0.06440922	-0.04601354	0.082402885	-0.0772527	0.05101812	-0.060761467	0.05055154	-0.039302528	0.042878855	-0.057585914	0.039359458	-0.08306007	0.054912284	-0.04112642	0.055547174	-0.0483958
0.24516544	-0.85374945	1.0000001	-0.14147581	0.09689619	-0.19221295	0.20458859	-0.24053435	0.11942121	-0.09971604	0.16226909	-0.15755406	0.16918208	-0.09481139	0.0944389	-0.10543682	0.10243562	-0.12838283	0.091795646	-0.099942274	0.07562583	-0.086768486	0.09705843	-0.074980944	0.07679935	-0.08267286	0.07822997	-0.086196646	0.079921685	-0.07656913	0.05447664	-0.098573394	0.09104978	-0.060413573	0.07175108	-0.060209684	0.04675087	-0.051154904	0.068066895	-0.046771374	0.09910471	-0.06600467	0.049132586	-0.066557616	0.057313878
-0.1516997	0.108045995	-0.14147581	1.0	-0.6084988	0.11620157	-0.16776879	0.26343656	-0.5824309	0.31481516	-0.14836255	0.13357525	-0.2421042	0.2130077	-0.25133193	0.10317662	-0.11219269	0.14562932	-0.17174666	0.16524638	-0.0786795	0.09122264	-0.11658257	0.09931905	-0.10703395	0.082250714	-0.08295723	0.09425632	-0.09108557	0.083728686	-0.053894255	0.094859846	-0.097817004	0.06508171	-0.07941953	0.058097113	-0.046739064	0.050555374	-0.07344144	0.04947415	-0.09771284	0.06313284	-0.048959963	0.065592445	-0.061512563
0.110203035	-0.08020508	0.09689619	-0.6084988	1.0000002	-0.08746029	0.11992774	-0.23059945	0.30376384	-0.64954126	0.10937669	-0.1007547	0.17096406	-0.22326958	0.23947895	-0.08554434	0.09067814	-0.12484399	0.15359826	-0.17583002	0.06454908	-0.0763611	0.09719579	-0.09174498	0.09550319	-0.06873857	0.068280295	-0.07999234	0.07603317	-0.07167293	0.044633064	-0.07970717	0.08021072	-0.05410829	0.06539469	-0.048429202	0.038687706	-0.04208136	0.060203873	-0.040963873	0.07849916	-0.052263156	0.040249795	-0.054484986	0.050214924
-0.592918	0.1883272	-0.19221295	0.11620157	-0.08746029	1.0000002	-0.4232055	0.19153109	-0.104860395	0.09277645	-0.5654619	0.2646713	-0.21160114	0.097858824	-0.097002	0.15630904	-0.1478565	0.16110608	-0.10263405	0.11003881	-0.10779989	0.11498507	-0.12178312	0.08879062	-0.09103331	0.10884363	-0.10366242	0.10463127	-0.09661982	0.090605624	-0.067077585	0.11751467	-0.110562004	0.07223606	-0.08574468	0.072912216	-0.056114264	0.06096405	-0.081551015	0.055332184	-0.11657943	0.07679939	-0.05779166	0.07786152	-0.06810322
0.2684151	-0.25011358	0.20458859	-0.16776879	0.11992774	-0.4232055	1.0000002	-0.31351385	0.15041979	-0.1320487	0.31638706	-0.62981045	0.2834375	-0.13515766	0.12970167	-0.18491206	0.18457574	-0.2159437	0.13378522	-0.14587666	0.12477779	-0.14296381	0.14927928	-0.112118654	0.1133439	-0.13274582	0.12378127	-0.12889867	0.11695436	-0.11084733	0.08076693	-0.14332682	0.13263103	-0.08721354	0.10287392	-0.08844741	0.067652434	-0.07379541	0.09765468	-0.06659166	0.13755077	-0.092314065	0.06924261	-0.09383294	0.081335455
-0.23752888	0.17564951	-0.24053435	0.26343656	-0.23059945	0.19153109	-0.31351385	1.0	-0.4751311	0.22553653	-0.24531162	0.24247316	-0.5649067	0.21094233	-0.22580482	0.15565756	-0.17266886	0.21943505	-0.19339493	0.18316936	-0.116881	0.13363387	-0.16593932	0.12775958	-0.13702798	0.12059195	-0.12119293	0.13263296	-0.12696768	0.11545413	-0.07764354	0.13554747	-0.13892676	0.09135754	-0.1110546	0.0835078	-0.066701435	0.07202823	-0.1035438	0.06942082	-0.13987485	0.089808665	-0.069522426	0.092875905	-0.08657016
0.13017435	-0.0969821	0.11942121	-0.5824309	0.30376384	-0.104860395	0.15041979	-0.4751311	0.9999996	-0.45606095	0.13135825	-0.12624702	0.22912936	-0.31323522	0.2518397	-0.09740112	0.10510289	-0.14399126	0.17897364	-0.17878167	0.07323943	-0.08594079	0.10910668	-0.0983181	0.10334012	-0.07711157	0.0769225	-0.08839812	0.08415948	-0.07827582	0.04969954	-0.08803779	0.08935582	-0.05983538	0.07245303	-0.05373256	0.042923104	-0.046572372	0.0668827	-0.04525035	0.08775853	-0.057772435	0.044620898	-0.060156334	0.055755805
-0.11835041	0.08018193	-0.09971604	0.31481516	-0.64954126	0.09277645	-0.1320487	0.22553653	-0.45606095	0.99999917	-0.118951805	0.108592786	-0.195528	0.24642523	-0.4352785	0.089109465	-0.09678585	0.1304506	-0.17763688	0.18168093	-0.06794537	0.079858914	-0.103891835	0.09559561	-0.10329927	0.07140984	-0.07190317	0.083566315	-0.080471404	0.07460641	-0.046464138	0.082297534	-0.08461763	0.05683481	-0.069177724	0.050156467	-0.040326014	0.04372118	-0.06356764	0.042962022	-0.08260643	0.054239698	-0.04205883	0.05665667	-0.05302908
0.28791887	-0.16220506	0.16226909	-0.14836255	0.10937669	-0.5654619	0.31638706	-0.24531162	0.13135825	-0.118951805	0.9999992	-0.49064386	0.25711533	-0.12744747	0.12353285	-0.27203518	0.20805831	-0.22990759	0.13405885	-0.14643642	0.15660916	-0.1662065	0.16339704	-0.11912389	0.11989387	-0.16011435	0.14419363	-0.14217119	0.12782608	-0.12107124	0.09203338	-0.16096053	0.1466276	-0.09576822	0.112365596	-0.10045844	0.0755844	-0.08234109	0.10720105	-0.07296872	0.15187092	-0.1021516	0.07644436	-0.10357246	0.08900656
-0.21971202	0.15123281	-0.15755406	0.13357525	-0.1007547	0.2646713	-0.62981045	0.24247316	-0.12624702	0.108592786	-0.49064386	0.9999991	-0.44505048	0.119424626	-0.114754386	0.1821078	-0.22951633	0.20927426	-0.121841475	0.12611598	-0.12245012	0.13611726	-0.14021333	0.09975952	-0.10181274	0.12126645	-0.11677771	0.11381152	-0.103322625	0.09531904	-0.0704174	0.12144647	-0.1162728	0.07549966	-0.08927508	0.07575228	-0.057969306	0.06277066	-0.084631436	0.056919873	-0.115916684	0.07687009	-0.05844964	0.078785054	-0.069880344
0.2137061	-0.15553136	0.16918208	-0.2421042	0.17096406	-0.21160114	0.2834375	-0.5649067	0.22912936	-0.195528	0.25711533	-0.44505048	0.9999992	-0.22526565	0.1911972	-0.20170294	0.21712177	-0.36613896	0.19249804	-0.20087695	0.1402956	-0.16546316	0.18998353	-0.14398736	0.14489412	-0.14806461	0.14160846	-0.15437931	0.13825934	-0.12881778	0.089243256	-0.15773769	0.15185928	-0.10004104	0.11828964	-0.09692079	0.07500971	-0.0816353	0.11120211	-0.07523036	0.14865363	-0.09986623	0.07607218	-0.10305832	0.09184887
-0.12173458	0.07852448	-0.09481139	0.2130077	-0.22326958	0.097858824	-0.13515766	0.21094233	-0.31323522	0.24642523	-0.12744747	0.119424626	-0.22526565	0.9999991	-0.6530719	0.10803393	-0.12250569	0.17732203	-0.5165389	0.2876596	-0.08289906	0.099233754	-0.13570857	0.13732438	-0.14860259	0.08657612	-0.0879664	0.10497055	-0.1009862	0.09335395	-0.055424903	0.09843124	-0.10228083	0.069419004	-0.084303826	0.059680033	-0.04808432	0.052202057	-0.076697394	0.051795	-0.09563457	0.063877575	-0.049750406	0.06739959	-0.06343565
0.12016191	-0.07945832	0.0944389	-0.25133193	0.23947895	-0.097002	0.12970167	-0.22580482	0.2518397	-0.4352785	0.12353285	-0.114754386	0.1911972	-0.6530719	0.9999991	-0.110096484	0.11806247	-0.17445745	0.28857467	-0.39426407	0.083496414	-0.10129721	0.13478553	-0.1486615	0.15496312	-0.08909767	0.088907465	-0.10888758	0.10323711	-0.09858743	0.057092592	-0.102664776	0.104080334	-0.07154582	0.08629793	-0.0619031	0.049591076	-0.054086164	0.07828519	-0.053494953	0.097381905	-0.06630473	0.051267117	-0.0699662	0.064825006
-0.17166993	0.09228695	-0.10543682	0.10317662	-0.08554434	0.15630904	-0.18491206	0.15565756	-0.09740112	0.089109465	-0.27203518	0.1821078	-0.20170294	0.10803393	-0.110096484	0.999999	-0.5666686	0.26816604	-0.13947451	0.13797867	-0.55703455	0.28360063	-0.23122902	0.13603172	-0.14103843	0.26412743	-0.2633564	0.16677153	-0.15075542	0.12847936	-0.118902124	0.17214754	-0.17387143	0.10608929	-0.12454389	0.11612197	-0.08469528	0.088517874	-0.11981211	0.076773	-0.15623948	0.0993855	-0.07828873	0.103344195	-0.095533244
0.15681566	-0.09140423	0.10243562	-0.11219269	0.09067814	-0.1478565	0.18457574	-0.17266886	0.10510289	-0.09678585	0.20805831	-0.22951633	0.21712177	-0.12250569	0.11806247	-0.5666686	0.99999917	-0.54637766	0.15861951	-0.15842308	0.2670666	-0.3794015	0.24145198	-0.14713559	0.14345235	-0.24577534	0.22847441	-0.17512432	0.14651184	-0.12867431	0.1079374	-0.17128254	0.1640076	-0.1026662	0.11839749	-0.11178609	0.080526635	-0.08582821	0.11319824	-0.073794976	0.14357795	-0.09577777	0.074509926	-0.10003605	0.090095244
-0.19380268	0.110328265	-0.12838283	0.14562932	-0.12484399	0.16110608	-0.2159437	0.21943505	-0.14399126	0.1304506	-0.22990759	0.20927426	-0.36613896	0.17732203	-0.17445745	0.26816604	-0.54637766	0.999999	-0.29220608	0.22128056	-0.2123211	0.24904591	-0.4149729	0.20320247	-0.2130693	0.19388981	-0.21262272	0.22048564	-0.19798023	0.16459148	-0.11223883	0.1886877	-0.20851767	0.13179116	-0.15634982	0.1166353	-0.0932493	0.099781476	-0.14671317	0.09467884	-0.17838946	0.11627562	-0.09222438	0.12329901	-0.117326945
0.12660903	-0.077921785	0.091795646	-0.17174666	0.15359826	-0.10263405	0.13378522	-0.19339493	0.17897364	-0.17763688	0.13405885	-0.121841475	0.19249804	-0.5165389	0.28857467	-0.13947451	0.15861951	-0.29220608	0.99999875	-0.6480906	0.1057282	-0.13148609	0.18450594	-0.23656179	0.22357537	-0.11125254	0.11230356	-0.1415659	0.13303043	-0.12580211	0.0694182	-0.12459685	0.12851103	-0.08927124	0.1070906	-0.07486761	0.060117766	-0.06558248	0.096267305	-0.065514155	0.1146623	-0.079021625	0.06153837	-0.08434569	0.07884986
-0.14146844	0.08327156	-0.099942274	0.16524638	-0.17583002	0.11003881	-0.14587666	0.18316936	-0.17878167	0.18168093	-0.14643642	0.12611598	-0.20087695	0.2876596	-0.39426407	0.13797867	-0.15842308	0.22128056	-0.6480906	0.99999917	-0.11100621	0.13577724	-0.21090116	0.24326766	-0.3960777	0.115405165	-0.121206746	0.15473907	-0.15660638	0.14434767	-0.075486936	0.13477877	-0.14715287	0.10243956	-0.12809418	0.08090342	-0.0667318	0.07242159	-0.11223526	0.07573183	-0.13061483	0.08787147	-0.06957932	0.09451402	-0.092764266
0.12090632	-0.06606196	0.07562583	-0.0786795	0.06454908	-0.10779989	0.12477779	-0.116881	0.07323943	-0.06794537	0.15660916	-0.12245012	0.1402956	-0.08289906	0.083496414	-0.55703455	0.2670666	-0.2123211	0.1057282	-0.11100621	0.99999905	-0.4606023	0.19864334	-0.11725885	0.11350167	-0.5588135	0.29845193	-0.15332723	0.12644903	-0.109336495	0.13142005	-0.16991355	0.15110753	-0.09009687	0.10196018	-0.12919904	0.07951687	-0.0827088	0.09988169	-0.06367467	0.12947752	-0.085187525	0.06647317	-0.08811977	0.07788789
-0.13748379	0.07492394	-0.086768486	0.09122264	-0.0763611	0.11498507	-0.14296381	0.13363387	-0.08594079	0.079858914	-0.1662065	0.13611726	-0.16546316	0.099233754	-0.10129721	0.28360063	-0.3794015	0.24904591	-0.13148609	0.13577724	-0.4606023	0.99999917	-0.3757839	0.16039498	-0.15576153	0.30953485	-0.57564384	0.20617256	-0.1669623	0.13684487	-0.12757652	0.19577882	-0.19145055	0.1126118	-0.1273579	0.12439733	-0.09078788	0.094256096	-0.12387535	0.077980705	-0.15127324	0.099555284	-0.078823835	0.104878366	-0.0954478
0.14898136	-0.0836365	0.09705843	-0.11658257	0.09719579	-0.12178312	0.14927928	-0.16593932	0.10910668	-0.103891835	0.16339704	-0.14021333	0.18998353	-0.13570857	0.13478553	-0.23122902	0.24145198	-0.4149729	0.18450594	-0.21090116	0.19864334	-0.3757839	0.9999993	-0.40995926	0.25322905	-0.21009439	0.22742501	-0.4942822	0.2529998	-0.2108581	0.11917041	-0.22328044	0.23770356	-0.15757161	0.16919556	-0.127653	0.102375284	-0.11313157	0.15917428	-0.10372498	0.17130405	-0.12406489	0.097341985	-0.1354203	0.1213153
-0.11305482	0.06352999	-0.074980944	0.09931905	-0.09174498	0.08879062	-0.112118654	0.12775958	-0.0983181	0.09559561	-0.11912389	0.09975952	-0.14398736	0.13732438	-0.1486615	0.13603172	-0.14713559	0.20320247	-0.23656179	0.24326766	-0.11725885	0.16039498	-0.40995926	0.99999917	-0.7563456	0.12308212	-0.13550146	0.2165546	-0.2506083	0.19028588	-0.079617046	0.14730893	-0.16776858	0.12745039	-0.15107335	0.08552931	-0.071917176	0.07899571	-0.13013679	0.08571687	-0.12869377	0.092487596	-0.07406026	0.10331196	-0.101373404
0.11464216	-0.06545216	0.07679935	-0.10703395	0.09550319	-0.09103331	0.1133439	-0.13702798	0.10334012	-0.10329927	0.11989387	-0.10181274	0.14489412	-0.14860259	0.15496312	-0.14103843	0.14345235	-0.2130693	0.22357537	-0.3960777	0.11350167	-0.15576153	0.25322905	-0.7563456	0.9999993	-0.12471645	0.12767252	-0.20590737	0.20089409	-0.23327036	0.0804749	-0.15129699	0.15825695	-0.1240545	0.15267348	-0.08768205	0.072182745	-0.0799297	0.12418527	-0.0887749	0.1291175	-0.0955091	0.07493856	-0.10600727	0.10203306
-0.13407986	0.07085978	-0.08267286	0.082250714	-0.06873857	0.10884363	-0.13274582	0.12059195	-0.07711157	0.07140984	-0.16011435	0.12126645	-0.14806461	0.08657612	-0.08909767	0.26412743	-0.24577534	0.19388981	-0.11125254	0.115405165	-0.5588135	0.30953485	-0.21009439	0.12308212	-0.12471645	0.99999917	-0.6119377	0.17117971	-0.14894356	0.12465804	-0.22998926	0.21119893	-0.19023882	0.107263625	-0.121275485	0.17443097	-0.10362332	0.10312262	-0.12139957	0.07520313	-0.16347928	0.10239494	-0.08084476	0.104942866	-0.09323892
0.1245381	-0.067583404	0.07822997	-0.08295723	0.068280295	-0.10366242	0.12378127	-0.12119293	0.0769225	-0.07190317	0.14419363	-0.11677771	0.14160846	-0.0879664	0.088907465	-0.2633564	0.22847441	-0.21262272	0.11230356	-0.121206746	0.29845193	-0.57564384	0.22742501	-0.13550146	0.12767252	-0.6119377	0.9999994	-0.21525681	0.15570608	-0.13271058	0.16339946	-0.27376243	0.19618787	-0.1111991	0.12122371	-0.1610164	0.104225524	-0.10694362	0.121281475	-0.07597325	0.15298432	-0.10259474	0.08035611	-0.10653971	0.09197206
-0.13687342	0.073016725	-0.086196646	0.09425632	-0.07999234	0.10463127	-0.12889867	0.13263296	-0.08839812	0.083566315	-0.14217119	0.11381152	-0.15437931	0.10497055	-0.10888758	0.16677153	-0.17512432	0.22048564	-0.1415659	0.15473907	-0.15332723	0.20617256	-0.4942822	0.2165546	-0.20590737	0.17117971	-0.21525681	0.9999992	-0.54166603	0.24936396	-0.12376908	0.24482721	-0.44355613	0.22247958	-0.22175123	0.13142964	-0.121603444	0.13461071	-0.22329259	0.12537526	-0.19106872	0.13819203	-0.114436984	0.1581046	-0.14897594
0.12614052	-0.06793161	0.079921685	-0.09108557	0.07603317	-0.09661982	0.11695436	-0.12696768	0.08415948	-0.080471404	0.12782608	-0.103322625	0.13825934	-0.1009862	0.10323711	-0.15075542	0.14651184	-0.19798023	0.13303043	-0.15660638	0.12644903	-0.1669623	0.2529998	-0.2506083	0.20089409	-0.14894356	0.15570608	-0.54166603	0.9999992	-0.505037	0.113306895	-0.23182192	0.26675653	-0.38358968	0.2698185	-0.12619793	0.11276762	-0.12950604	0.2519237	-0.15559418	0.18556556	-0.15464987	0.12429326	-0.18877715	0.16595972
-0.1224564	0.06440922	-0.07656913	0.083728686	-0.07167293	0.090605624	-0.11084733	0.11545413	-0.07827582	0.07460641	-0.12107124	0.09531904	-0.12881778	0.09335395	-0.09858743	0.12847936	-0.12867431	0.16459148	-0.12580211	0.14434767	-0.109336495	0.13684487	-0.2108581	0.19028588	-0.23327036	0.12465804	-0.13271058	0.24936396	-0.505037	0.9999989	-0.100947134	0.19343138	-0.2423201	0.25267714	-0.62531364	0.11058521	-0.10284586	0.11400889	-0.25286862	0.22183438	-0.19230866	0.14671174	-0.12526914	0.18003403	-0.2636841
0.08929234	-0.04601354	0.05447664	-0.053894255	0.044633064	-0.067077585	0.08076693	-0.07764354	0.04969954	-0.046464138	0.09203338	-0.0704174	0.089243256	-0.055424903	0.057092592	-0.118902124	0.1079374	-0.11223883	0.0694182	-0.075486936	0.13142005	-0.12757652	0.11917041	-0.079617046	0.0804749	-0.22998926	0.16339946	-0.12376908	0.113306895	-0.100947134	0.999999	-0.37052813	0.19638515	-0.0977011	0.10057697	-0.8299407	0.18379249	-0.17758827	0.11262717	-0.06611666	0.18355413	-0.11904054	0.08947263	-0.111266464	0.08100725
-0.16301899	0.082402885	-0.098573394	0.094859846	-0.07970717	0.11751467	-0.14332682	0.13554747	-0.08803779	0.082297534	-0.16096053	0.12144647	-0.15773769	0.09843124	-0.102664776	0.17214754	-0.17128254	0.1886877	-0.12459685	0.13477877	-0.16991355	0.19577882	-0.22328044	0.14730893	-0.15129699	0.21119893	-0.27376243	0.24482721	-0.23182192	0.19343138	-0.37052813	0.999999	-0.5724438	0.20074165	-0.20222296	0.26306546	-0.3053315	0.2382984	-0.23352556	0.1262578	-0.3033879	0.18198596	-0.15213932	0.18663034	-0.15763742
0.14615957	-0.0772527	0.09104978	-0.097817004	0.08021072	-0.110562004	0.13263103	-0.13892676	0.08935582	-0.08461763	0.1466276	-0.1162728	0.15185928	-0.10228083	0.104080334	-0.17387143	0.1640076	-0.20851767	0.12851103	-0.14715287	0.15110753	-0.19145055	0.23770356	-0.16776858	0.15825695	-0.19023882	0.19618787	-0.44355613	0.26675653	-0.2423201	0.19638515	-0.5724438	0.9999992	-0.3075788	0.2108575	-0.22139362	0.21411563	-0.27989277	0.24223095	-0.13773593	0.23405562	-0.18878445	0.14991622	-0.21071862	0.15528545
-0.09708747	0.05101812	-0.060413573	0.06508171	-0.05410829	0.07223606	-0.08721354	0.09135754	-0.05983538	0.05683481	-0.09576822	0.07549966	-0.10004104	0.069419004	-0.07154582	0.10608929	-0.1026662	0.13179116	-0.08927124	0.10243956	-0.09009687	0.1126118	-0.15757161	0.12745039	-0.1240545	0.107263625	-0.1111991	0.22247958	-0.38358968	0.25267714	-0.0977011	0.20074165	-0.3075788	0.9999991	-0.3414356	0.10851892	-0.11422702	0.13101488	-0.72800606	0.15833303	-0.17774744	0.1489562	-0.1414589	0.21119176	-0.16810966
0.11461925	-0.060761467	0.07175108	-0.07941953	0.06539469	-0.08574468	0.10287392	-0.1110546	0.07245303	-0.069177724	0.112365596	-0.08927508	0.11828964	-0.084303826	0.08629793	-0.12454389	0.11839749	-0.15634982	0.1070906	-0.12809418	0.10196018	-0.1273579	0.16919556	-0.15107335	0.15267348	-0.121275485	0.12122371	-0.22175123	0.2698185	-0.62531364	0.10057697	-0.20222296	0.2108575	-0.3414356	0.99999917	-0.113916874	0.10302157	-0.1182728	0.24246946	-0.43884912	0.18525381	-0.16928256	0.13483009	-0.21577749	0.27476865
-0.09945633	0.05055154	-0.060209684	0.058097113	-0.048429202	0.072912216	-0.08844741	0.0835078	-0.05373256	0.050156467	-0.10045844	0.07575228	-0.09692079	0.059680033	-0.0619031	0.11612197	-0.11178609	0.1166353	-0.07486761	0.08090342	-0.12919904	0.12439733	-0.127653	0.08552931	-0.08768205	0.17443097	-0.1610164	0.13142964	-0.12619793	0.11058521	-0.8299407	0.26306546	-0.22139362	0.10851892	-0.113916874	0.9999992	-0.25535625	0.18740158	-0.12915678	0.07418841	-0.25114614	0.13416386	-0.10286582	0.123383604	-0.092353284
0.076649494	-0.039302528	0.04675087	-0.046739064	0.038687706	-0.056114264	0.067652434	-0.066701435	0.042923104	-0.040326014	0.0755844	-0.057969306	0.07500971	-0.04808432	0.049591076	-0.08469528	0.080526635	-0.0932493	0.060117766	-0.0667318	0.07951687	-0.09078788	0.102375284	-0.071917176	0.072182745	-0.10362332	0.104225524	-0.121603444	0.11276762	-0.10284586	0.18379249	-0.3053315	0.21411563	-0.11422702	0.10302157	-0.25535625	0.9999994	-0.8607899	0.13529645	-0.07011807	0.16298379	-0.1470077	0.1312529	-0.13871363	0.0847262
-0.08414989	0.042878855	-0.051154904	0.050555374	-0.04208136	0.06096405	-0.07379541	0.07202823	-0.046572372	0.04372118	-0.08234109	0.06277066	-0.0816353	0.052202057	-0.054086164	0.088517874	-0.08582821	0.099781476	-0.06558248	0.07242159	-0.0827088	0.094256096	-0.11313157	0.07899571	-0.0799297	0.10312262	-0.10694362	0.13461071	-0.12950604	0.11400889	-0.17758827	0.2382984	-0.27989277	0.13101488	-0.1182728	0.18740158	-0.8607899	0.9999995	-0.16987269	0.0785942	-0.18373248	0.14982785	-0.16512688	0.15031321	-0.09658887
0.109483674	-0.057585914	0.068066895	-0.07344144	0.060203873	-0.081551015	0.09765468	-0.1035438	0.0668827	-0.06356764	0.10720105	-0.084631436	0.11120211	-0.076697394	0.07828519	-0.11981211	0.11319824	-0.14671317	0.096267305	-0.11223526	0.09988169	-0.12387535	0.15917428	-0.13013679	0.12418527	-0.12139957	0.121281475	-0.22329259	0.2519237	-0.25286862	0.11262717	-0.23352556	0.24223095	-0.72800606	0.24246946	-0.12915678	0.13529645	-0.16987269	0.9999992	-0.17615846	0.20653184	-0.2042393	0.18421468	-0.3613466	0.17511833
-0.07572081	0.039359458	-0.046771374	0.04947415	-0.040963873	0.055332184	-0.06659166	0.06942082	-0.04525035	0.042962022	-0.07296872	0.056919873	-0.07523036	0.051795	-0.053494953	0.076773	-0.073794976	0.09467884	-0.065514155	0.07573183	-0.06367467	0.077980705	-0.10372498	0.08571687	-0.0887749	0.07520313	-0.07597325	0.12537526	-0.15559418	0.22183438	-0.06611666	0.1262578	-0.13773593	0.15833303	-0.43884912	0.07418841	-0.07011807	0.0785942	-0.17615846	0.999999	-0.14530732	0.12435954	-0.11646122	0.17860413	-0.81227916
0.16444376	-0.08306007	0.09910471	-0.09771284	0.07849916	-0.11657943	0.13755077	-0.13987485	0.08775853	-0.08260643	0.15187092	-0.115916684	0.14865363	-0.09563457	0.097381905	-0.15623948	0.14357795	-0.17838946	0.1146623	-0.13061483	0.12947752	-0.15127324	0.17130405	-0.12869377	0.1291175	-0.16347928	0.15298432	-0.19106872	0.18556556	-0.19230866	0.18355413	-0.3033879	0.23405562	-0.17774744	0.18525381	-0.25114614	0.16298379	-0.18373248	0.20653184	-0.14530732	0.99999905	-0.582908	0.27157632	-0.3677339	0.17135495
-0.110101275	0.054912284	-0.06600467	0.06313284	-0.052263156	0.07679939	-0.092314065	0.089808665	-0.057772435	0.054239698	-0.1021516	0.07687009	-0.09986623	0.063877575	-0.06630473	0.0993855	-0.09577777	0.11627562	-0.079021625	0.08787147	-0.085187525	0.099555284	-0.12406489	0.092487596	-0.0955091	0.10239494	-0.10259474	0.13819203	-0.15464987	0.14671174	-0.11904054	0.18198596	-0.18878445	0.1489562	-0.16928256	0.13416386	-0.1470077	0.14982785	-0.2042393	0.12435954	-0.582908	0.9999988	-0.6253543	0.30539435	-0.17082967
0.081006214	-0.04112642	0.049132586	-0.048959963	0.040249795	-0.05779166	0.06924261	-0.069522426	0.044620898	-0.04205883	0.07644436	-0.05844964	0.07607218	-0.049750406	0.051267117	-0.07828873	0.074509926	-0.09222438	0.06153837	-0.06957932	0.06647317	-0.078823835	0.097341985	-0.07406026	0.07493856	-0.08084476	0.08035611	-0.114436984	0.12429326	-0.12526914	0.08947263	-0.15213932	0.14991622	-0.1414589	0.13483009	-0.10286582	0.1312529	-0.16512688	0.18421468	-0.11646122	0.27157632	-0.6253543	0.9999987	-0.6497048	0.14718747
-0.110010155	0.055547174	-0.066557616	0.065592445	-0.054484986	0.07786152	-0.09383294	0.092875905	-0.060156334	0.05665667	-0.10357246	0.078785054	-0.10305832	0.06739959	-0.0699662	0.103344195	-0.10003605	0.12329901	-0.08434569	0.09451402	-0.08811977	0.104878366	-0.1354203	0.10331196	-0.10600727	0.104942866	-0.10653971	0.1581046	-0.18877715	0.18003403	-0.111266464	0.18663034	-0.21071862	0.21119176	-0.21577749	0.123383604	-0.13871363	0.15031321	-0.3613466	0.17860413	-0.3677339	0.30539435	-0.6497048	0.99999857	-0.27390406
0.09250187	-0.0483958	0.057313878	-0.061512563	0.050214924	-0.06810322	0.081335455	-0.08657016	0.055755805	-0.05302908	0.08900656	-0.069880344	0.09184887	-0.06343565	0.064825006	-0.095533244	0.090095244	-0.117326945	0.07884986	-0.092764266	0.07788789	-0.0954478	0.1213153	-0.101373404	0.10203306	-0.09323892	0.09197206	-0.14897594	0.16595972	-0.2636841	0.08100725	-0.15763742	0.15528545	-0.16810966	0.27476865	-0.092353284	0.0847262	-0.09658887	0.17511833	-0.81227916	0.17135495	-0.17082967	0.14718747	-0.27390406	0.99999857
