1.0000001	-0.354367	0.23336144	-0.122911274	0.09144847	-0.710803	0.253119	-0.22600274	0.14109522	-0.1548537	0.28893912	-0.25360143	0.11655667	-0.11366702	0.057075188	-0.26011133	0.18067496	-0.123319946	0.095364705	-0.055136796	0.16027464	-0.23133525	0.05017447	-0.04149984	0.06351404	-0.05369919	0.050572246	-0.043774758	0.053835183	-0.033103414	0.043623082	-0.058936197	0.042265344	-0.067628644	0.04225742	-0.031944152	0.033444572	-0.0315033	0.029290754	-0.011967983	0.033934217	-0.028870916	0.030272586	-0.02803296	0.011362474
-0.354367	1.0000002	-0.7469418	0.13057888	-0.09482236	0.2118867	-0.4410662	0.27260232	-0.16121057	0.14494114	-0.16532068	0.15404916	-0.09941294	0.09180809	-0.04706761	0.12632814	-0.11743906	0.09544601	-0.07693628	0.04494501	-0.09046376	0.118778184	-0.03410716	0.02838386	-0.04349593	0.030978316	-0.02952678	0.025924934	-0.03609182	0.022265606	-0.025559882	0.034851357	-0.025544265	0.043582756	-0.028152607	0.019040437	-0.020095525	0.019249555	-0.018113459	0.0075400546	-0.02045843	0.017445615	-0.018504845	0.017320935	-0.0071601705
0.23336144	-0.7469418	1.0000001	-0.19474137	0.12869798	-0.20245975	0.30190536	-0.41687736	0.20127733	-0.21138331	0.15896726	-0.17162196	0.12385214	-0.11944079	0.061215054	-0.13973936	0.12573701	-0.123102754	0.095942825	-0.059406374	0.09938356	-0.13778204	0.041958608	-0.035094302	0.053893384	-0.03622685	0.03496086	-0.03106205	0.044476867	-0.027541757	0.029790472	-0.041883923	0.030635534	-0.054230705	0.034753185	-0.022667203	0.023952851	-0.023283852	0.02199261	-0.009210865	0.024343304	-0.02093296	0.022295272	-0.02105726	0.008739794
-0.122911274	0.13057888	-0.19474137	0.99999994	-0.63680595	0.09280086	-0.1911949	0.2033064	-0.61563736	0.32594275	-0.09468308	0.09321583	-0.08671629	0.0870557	-0.06488644	0.072142795	-0.075782195	0.08197739	-0.077475175	0.059834942	-0.057266843	0.07159202	-0.030987045	0.025997216	-0.042264517	0.02225006	-0.021857966	0.019863231	-0.03339609	0.020835638	-0.018558677	0.0267356	-0.020073509	0.038581498	-0.026136074	0.014564605	-0.015549345	0.015503788	-0.014873142	0.006407828	-0.015861258	0.013715265	-0.014838916	0.01423115	-0.00608373
0.09144847	-0.09482236	0.12869798	-0.63680595	0.9999998	-0.07015442	0.12927711	-0.14589392	0.2971246	-0.6800587	0.07353171	-0.07466833	0.0686643	-0.07316082	0.07848962	-0.058162175	0.060046438	-0.07152365	0.06717671	-0.07525025	0.04650798	-0.059297483	0.028406484	-0.023973906	0.0406574	-0.019359177	0.019243268	-0.017757982	0.031244293	-0.01974714	0.01612852	-0.024003794	0.018049734	-0.036595225	0.024659202	-0.012967812	0.013881579	-0.014117533	0.013635688	-0.005933914	0.014139354	-0.012346588	0.013449816	-0.013064376	0.005628773
-0.710803	0.2118867	-0.20245975	0.09280086	-0.07015442	0.99999994	-0.29524565	0.18437903	-0.11609364	0.112763695	-0.5106889	0.20004801	-0.09308946	0.08662472	-0.043550134	0.21524455	-0.15667768	0.09373218	-0.07462554	0.04147975	-0.14060712	0.170318	-0.037890475	0.031238064	-0.0476779	0.04164103	-0.038274262	0.032724354	-0.040355198	0.02475922	-0.034208782	0.043871358	-0.03182171	0.04955168	-0.031569716	0.024242094	-0.025395127	0.023538867	-0.021874001	0.008914208	-0.02586318	0.02173796	-0.022749228	0.020889405	-0.008472858
0.253119	-0.4410662	0.30190536	-0.1911949	0.12927711	-0.29524565	0.99999964	-0.6551982	0.2277558	-0.21876706	0.1983308	-0.25399882	0.15412931	-0.1412293	0.06652969	-0.15914862	0.16323212	-0.14417352	0.11085905	-0.06411175	0.113480754	-0.1499992	0.044902	-0.037620276	0.056261733	-0.038771763	0.037100397	-0.032681786	0.046406716	-0.02873026	0.031998906	-0.043723058	0.03216162	-0.05569506	0.036033213	-0.02386098	0.025209319	-0.024282917	0.022894247	-0.009560894	0.025656959	-0.02191472	0.023308614	-0.021889651	0.009076709
-0.22600274	0.27260232	-0.41687736	0.2033064	-0.14589392	0.18437903	-0.6551982	0.99999964	-0.412882	0.21137758	-0.16895661	0.17611234	-0.20659818	0.15067443	-0.06868774	0.12546638	-0.13903196	0.14760728	-0.12079152	0.06451205	-0.09590124	0.11985385	-0.043272838	0.03633447	-0.05367787	0.033611543	-0.03243894	0.028860224	-0.043870673	0.027159154	-0.0279454	0.038543098	-0.028690962	0.05124186	-0.033818964	0.021100773	-0.022391861	0.02178113	-0.020659762	0.008716414	-0.022826228	0.019534176	-0.020908907	0.01974419	-0.00827618
0.14109522	-0.16121057	0.20127733	-0.61563736	0.2971246	-0.11609364	0.2277558	-0.412882	0.9999995	-0.5101445	0.11456501	-0.12485738	0.124212384	-0.13451931	0.087125994	-0.09296333	0.09649258	-0.11858307	0.1057359	-0.08418901	0.07235691	-0.09388241	0.040452022	-0.03419987	0.054426212	-0.028645856	0.028233858	-0.025779402	0.04299888	-0.026954675	0.023797985	-0.034711517	0.025950067	-0.050624486	0.033624023	-0.018780924	0.020034403	-0.020112704	0.019304233	-0.00830712	0.020396361	-0.017720994	0.019188855	-0.018486686	0.007880114
-0.1548537	0.14494114	-0.21138331	0.32594275	-0.6800587	0.112763695	-0.21876706	0.21137758	-0.5101445	0.9999993	-0.12107798	0.114717916	-0.10516846	0.1082109	-0.13511422	0.09052457	-0.09548781	0.10577105	-0.10507374	0.10951565	-0.073716216	0.09049298	-0.044452474	0.037313428	-0.06412683	0.03006439	-0.029833801	0.02742134	-0.049070228	0.030871596	-0.025154263	0.036955025	-0.027958518	0.05582515	-0.038673334	0.02010968	-0.021553077	0.021779893	-0.021029592	0.009180078	-0.022000223	0.019114826	-0.020818379	0.020127382	-0.00871684
0.28893912	-0.16532068	0.15896726	-0.09468308	0.07353171	-0.5106889	0.1983308	-0.16895661	0.11456501	-0.12107798	0.9999991	-0.38797504	0.124560036	-0.11734905	0.055467587	-0.54384017	0.2645632	-0.13113981	0.100451745	-0.052953493	0.24309811	-0.31742293	0.055164695	-0.045374177	0.06757035	-0.06904901	0.062195476	-0.052405845	0.058047336	-0.035566743	0.05566804	-0.06977439	0.049834248	-0.07276975	0.04542985	-0.038432516	0.039950907	-0.03641135	0.033465996	-0.013420099	0.04057848	-0.03394468	0.035179462	-0.03195592	0.012756135
-0.25360143	0.15404916	-0.17162196	0.09321583	-0.07466833	0.20004801	-0.25399882	0.17611234	-0.12485738	0.114717916	-0.38797504	0.99999917	-0.22919953	0.15825014	-0.068347186	0.27100423	-0.7141499	0.17782559	-0.14427689	0.06294885	-0.22621353	0.24676117	-0.058267053	0.047954883	-0.069077	0.060434677	-0.055941794	0.046637744	-0.05846558	0.03572623	-0.050925978	0.06127803	-0.04575634	0.0681974	-0.044952877	0.034757104	-0.036616314	0.033332095	-0.030979937	0.012572169	-0.037515797	0.03097779	-0.032485407	0.02943573	-0.01197169
0.11655667	-0.09941294	0.12385214	-0.08671629	0.0686643	-0.09308946	0.15412931	-0.20659818	0.124212384	-0.10516846	0.124560036	-0.22919953	0.9999991	-0.66345954	0.11100204	-0.10410045	0.1575307	-0.58378357	0.31505734	-0.105447374	0.08459822	-0.10445091	0.066067055	-0.058117513	0.06440532	-0.031703264	0.032026377	-0.029802773	0.052528992	-0.032926522	0.026489522	-0.038271427	0.02930356	-0.057750016	0.038088355	-0.020619541	0.022090916	-0.022555515	0.02167308	-0.009334511	0.022437865	-0.019556068	0.021386826	-0.02070055	0.00883985
-0.11366702	0.09180809	-0.11944079	0.0870557	-0.07316082	0.08662472	-0.1412293	0.15067443	-0.13451931	0.1082109	-0.11734905	0.15825014	-0.66345954	0.9999993	-0.16861475	0.09330765	-0.13677865	0.33020246	-0.59276944	0.14584987	-0.07885708	0.09429441	-0.075899385	0.06812656	-0.07533898	0.0317892	-0.032780685	0.031056166	-0.06008659	0.037471347	-0.02666657	0.039684378	-0.030762041	0.063272715	-0.04274332	0.02128602	-0.022926563	0.023874467	-0.023110768	0.010099612	-0.023281658	0.02045094	-0.022576515	0.022073207	-0.009562129
0.057075188	-0.04706761	0.061215054	-0.06488644	0.07848962	-0.043550134	0.06652969	-0.06868774	0.087125994	-0.13511422	0.055467587	-0.068347186	0.11100204	-0.16861475	0.99999917	-0.047498554	0.057501953	-0.17216961	0.19151577	-0.9305487	0.040779877	-0.051924422	0.05567471	-0.051799726	0.09383662	-0.02403078	0.02565288	-0.025870936	0.056283537	-0.04095627	0.020013727	-0.034470998	0.026604638	-0.069058426	0.044653066	-0.01784314	0.019416876	-0.02202697	0.021989902	-0.009994098	0.019573128	-0.017986516	0.020411663	-0.021155039	0.009416492
-0.26011133	0.12632814	-0.13973936	0.072142795	-0.058162175	0.21524455	-0.15914862	0.12546638	-0.09296333	0.09052457	-0.54384017	0.27100423	-0.10410045	0.09330765	-0.047498554	0.9999992	-0.41470742	0.109149806	-0.08852598	0.044305116	-0.54979604	0.3136358	-0.052069757	0.04216119	-0.06333655	0.08362475	-0.066533975	0.053169176	-0.054907016	0.03338215	-0.06984487	0.07051751	-0.05161617	0.06672995	-0.042951144	0.041612178	-0.043066543	0.036654815	-0.033461653	0.013128388	-0.044177826	0.03536878	-0.036101628	0.031751584	-0.012521443
0.18067496	-0.11743906	0.12573701	-0.075782195	0.060046438	-0.15667768	0.16323212	-0.13903196	0.09649258	-0.09548781	0.2645632	-0.7141499	0.1575307	-0.13677865	0.057501953	-0.41470742	0.9999991	-0.17907289	0.122495644	-0.054011013	0.2507394	-0.39587143	0.054271948	-0.04477665	0.06182468	-0.063481316	0.05927453	-0.048649006	0.052980468	-0.03247041	0.05228829	-0.062310144	0.045495126	-0.06361139	0.04078786	-0.034682497	0.036259174	-0.03270926	0.029982602	-0.011960342	0.036931876	-0.030494122	0.031702098	-0.028493127	0.011383995
-0.123319946	0.09544601	-0.123102754	0.08197739	-0.07152365	0.09373218	-0.14417352	0.14760728	-0.11858307	0.10577105	-0.13113981	0.17782559	-0.58378357	0.33020246	-0.17216961	0.109149806	-0.17907289	0.999999	-0.6491445	0.15095259	-0.0925402	0.11104541	-0.10582861	0.08873893	-0.090417854	0.037623238	-0.03937239	0.03771506	-0.07344742	0.045689117	-0.031579707	0.0473648	-0.03699637	0.07645047	-0.05146461	0.025296237	-0.027295759	0.028663363	-0.027756337	0.01213549	-0.027687624	0.024396313	-0.027034678	0.026493916	-0.011484525
0.095364705	-0.07693628	0.095942825	-0.077475175	0.06717671	-0.07462554	0.11085905	-0.12079152	0.1057359	-0.10507374	0.100451745	-0.14427689	0.31505734	-0.59276944	0.19151577	-0.08852598	0.122495644	-0.6491445	0.9999991	-0.24365915	0.07384025	-0.093888834	0.100202926	-0.101928435	0.09153187	-0.034222506	0.036487613	-0.035941966	0.07358313	-0.046767447	0.028571919	-0.04526108	0.035301913	-0.07840938	0.051394362	-0.023772148	0.025726704	-0.027864898	0.02720215	-0.012007821	0.02600061	-0.02329706	0.026057215	-0.02602579	0.011339579
-0.055136796	0.04494501	-0.059406374	0.059834942	-0.07525025	0.04147975	-0.06411175	0.06451205	-0.08418901	0.10951565	-0.052953493	0.06294885	-0.105447374	0.14584987	-0.9305487	0.044305116	-0.054011013	0.15095259	-0.24365915	0.999999	-0.038357507	0.04807829	-0.05556737	0.051680226	-0.10132681	0.022487476	-0.024147421	0.024369441	-0.054702014	0.039945476	-0.018766811	0.03221318	-0.025002722	0.06431707	-0.04313277	0.016705079	-0.018199828	0.020626578	-0.020587048	0.009424527	-0.018357622	0.016843367	-0.019135708	0.019791938	-0.008885864
0.16027464	-0.09046376	0.09938356	-0.057266843	0.04650798	-0.14060712	0.113480754	-0.09590124	0.07235691	-0.073716216	0.24309811	-0.22621353	0.08459822	-0.07885708	0.040779877	-0.54979604	0.2507394	-0.0925402	0.07384025	-0.038357507	0.9999988	-0.71610546	0.058910538	-0.047486015	0.0679377	-0.14376533	0.09622628	-0.074979685	0.060440615	-0.03674215	0.10308156	-0.097576745	0.06843675	-0.076714285	0.047513463	-0.05743733	0.05790651	-0.04744131	0.042266592	-0.016039569	0.058967486	-0.046716135	0.04658316	-0.04011423	0.015300731
-0.23133525	0.118778184	-0.13778204	0.07159202	-0.059297483	0.170318	-0.1499992	0.11985385	-0.09388241	0.09049298	-0.31742293	0.24676117	-0.10445091	0.09429441	-0.051924422	0.3136358	-0.39587143	0.11104541	-0.093888834	0.04807829	-0.71610546	0.9999989	-0.07862703	0.06104414	-0.08739825	0.122576505	-0.12466958	0.08906108	-0.077331364	0.046693128	-0.1055621	0.10927997	-0.082173705	0.09283107	-0.060166482	0.06273098	-0.06581152	0.056087635	-0.050482567	0.01928262	-0.06734337	0.05361612	-0.055167522	0.0474642	-0.018431924
0.05017447	-0.03410716	0.041958608	-0.030987045	0.028406484	-0.037890475	0.044902	-0.043272838	0.040452022	-0.044452474	0.055164695	-0.058267053	0.066067055	-0.075899385	0.05567471	-0.052069757	0.054271948	-0.10582861	0.100202926	-0.05556737	0.058910538	-0.07862703	0.9999988	-0.8343959	0.2590574	-0.076388516	0.10305944	-0.13240147	0.2493199	-0.17016315	0.06359489	-0.12728001	0.108157866	-0.2715897	0.1578455	-0.061430406	0.068295226	-0.08588495	0.08442774	-0.037431847	0.06770121	-0.0648952	0.07668644	-0.0806388	0.035037898
-0.04149984	0.02838386	-0.035094302	0.025997216	-0.023973906	0.031238064	-0.037620276	0.03633447	-0.03419987	0.037313428	-0.045374177	0.047954883	-0.058117513	0.06812656	-0.051799726	0.04216119	-0.04477665	0.08873893	-0.101928435	0.051680226	-0.047486015	0.06104414	-0.8343959	0.9999989	-0.3388471	0.059458215	-0.08225187	0.09563679	-0.331759	0.16337322	-0.049983446	0.0984456	-0.08598585	0.21332273	-0.14637175	0.048222035	-0.053894624	0.06726455	-0.06686702	0.030721262	-0.053587496	0.051084783	-0.060798094	0.063592166	-0.028839914
0.06351404	-0.04349593	0.053893384	-0.042264517	0.0406574	-0.0476779	0.056261733	-0.05367787	0.054426212	-0.06412683	0.06757035	-0.069077	0.06440532	-0.07533898	0.09383662	-0.06333655	0.06182468	-0.090417854	0.09153187	-0.10132681	0.0679377	-0.08739825	0.2590574	-0.3388471	0.9999989	-0.104231566	0.11743035	-0.13043946	0.32141596	-0.35553482	0.086269364	-0.17893669	0.1385395	-0.45414087	0.2841089	-0.08862481	0.097836785	-0.12339354	0.1272134	-0.060520638	0.09758118	-0.09486128	0.1114513	-0.12327608	0.05652341
-0.05369919	0.030978316	-0.03622685	0.02225006	-0.019359177	0.04164103	-0.038771763	0.033611543	-0.028645856	0.03006439	-0.06904901	0.060434677	-0.031703264	0.0317892	-0.02403078	0.08362475	-0.063481316	0.037623238	-0.034222506	0.022487476	-0.14376533	0.122576505	-0.076388516	0.059458215	-0.104231566	0.9999991	-0.30462137	0.18058899	-0.09924336	0.05889074	-0.8128529	0.26764372	-0.19453168	0.13181114	-0.082183965	0.21752174	-0.2102878	0.12433152	-0.10869772	0.037261456	-0.21918488	0.14645079	-0.13259147	0.101890534	-0.035941064
0.050572246	-0.02952678	0.03496086	-0.021857966	0.019243268	-0.038274262	0.037100397	-0.03243894	0.028233858	-0.029833801	0.062195476	-0.055941794	0.032026377	-0.032780685	0.02565288	-0.066533975	0.05927453	-0.03937239	0.036487613	-0.024147421	0.09622628	-0.12466958	0.10305944	-0.08225187	0.11743035	-0.30462137	0.9999989	-0.69853806	0.11329553	-0.068283975	0.21217549	-0.4897794	0.28703436	-0.17288962	0.09195134	-0.1491042	0.16327928	-0.1750993	0.13282874	-0.044572785	0.14909479	-0.13840578	0.14685379	-0.12385982	0.042405076
-0.043774758	0.025924934	-0.03106205	0.019863231	-0.017757982	0.032724354	-0.032681786	0.028860224	-0.025779402	0.02742134	-0.052405845	0.046637744	-0.029802773	0.031056166	-0.025870936	0.053169176	-0.048649006	0.03771506	-0.035941966	0.024369441	-0.074979685	0.08906108	-0.13240147	0.09563679	-0.13043946	0.18058899	-0.69853806	0.9999991	-0.12761594	0.075493485	-0.16259296	0.2920413	-0.5314288	0.17573361	-0.101101264	0.12596989	-0.15205827	0.20183825	-0.16164069	0.048006583	-0.1458085	0.13196509	-0.17449826	0.13445516	-0.046427574
0.053835183	-0.03609182	0.044476867	-0.03339609	0.031244293	-0.040355198	0.046406716	-0.043870673	0.04299888	-0.049070228	0.058047336	-0.05846558	0.052528992	-0.06008659	0.056283537	-0.054907016	0.052980468	-0.07344742	0.07358313	-0.054702014	0.060440615	-0.077331364	0.2493199	-0.331759	0.32141596	-0.09924336	0.11329553	-0.12761594	0.9999993	-0.517623	0.08226441	-0.17179266	0.1353528	-0.46895018	0.31204242	-0.08512214	0.0944254	-0.1214557	0.1266719	-0.062212244	0.09411458	-0.091978945	0.10933289	-0.122281455	0.05779129
-0.033103414	0.022265606	-0.027541757	0.020835638	-0.01974714	0.02475922	-0.02873026	0.027159154	-0.026954675	0.030871596	-0.035566743	0.03572623	-0.032926522	0.037471347	-0.04095627	0.03338215	-0.03247041	0.045689117	-0.046767447	0.039945476	-0.03674215	0.046693128	-0.17016315	0.16337322	-0.35553482	0.05889074	-0.068283975	0.075493485	-0.517623	0.99999905	-0.049130116	0.10131009	-0.08153543	0.26409873	-0.7169314	0.051108003	-0.057181876	0.07319971	-0.077756934	0.05822007	-0.057244528	0.055719923	-0.06750894	0.07571382	-0.055615418
0.043623082	-0.025559882	0.029790472	-0.018558677	0.01612852	-0.034208782	0.031998906	-0.0279454	0.023797985	-0.025154263	0.05566804	-0.050925978	0.026489522	-0.02666657	0.020013727	-0.06984487	0.05228829	-0.031579707	0.028571919	-0.018766811	0.10308156	-0.1055621	0.06359489	-0.049983446	0.086269364	-0.8128529	0.21217549	-0.16259296	0.08226441	-0.049130116	0.9999987	-0.36024368	0.16470923	-0.117871955	0.0683408	-0.30936658	0.19951755	-0.11269148	0.09476294	-0.03326188	0.19628523	-0.14327493	0.116433345	-0.09276159	0.031789996
-0.058936197	0.034851357	-0.041883923	0.0267356	-0.024003794	0.043871358	-0.043723058	0.038543098	-0.034711517	0.036955025	-0.06977439	0.06127803	-0.038271427	0.039684378	-0.034470998	0.07051751	-0.062310144	0.0473648	-0.04526108	0.03221318	-0.097576745	0.10927997	-0.12728001	0.0984456	-0.17893669	0.26764372	-0.4897794	0.2920413	-0.17179266	0.10131009	-0.36024368	0.9999987	-0.453692	0.21993619	-0.14313057	0.22694498	-0.33079487	0.22822692	-0.20131409	0.06397338	-0.25388592	0.21414873	-0.23734489	0.17491071	-0.06233293
0.042265344	-0.025544265	0.030635534	-0.020073509	0.018049734	-0.03182171	0.03216162	-0.028690962	0.025950067	-0.027958518	0.049834248	-0.04575634	0.02930356	-0.030762041	0.026604638	-0.05161617	0.045495126	-0.03699637	0.035301913	-0.025002722	0.06843675	-0.082173705	0.108157866	-0.08598585	0.1385395	-0.19453168	0.28703436	-0.5314288	0.1353528	-0.08153543	0.16470923	-0.453692	0.9999985	-0.26049507	0.11307316	-0.156608	0.18452135	-0.48862594	0.22859158	-0.06847207	0.17011012	-0.184139	0.23425354	-0.20929371	0.064465515
-0.067628644	0.043582756	-0.054230705	0.038581498	-0.036595225	0.04955168	-0.05569506	0.05124186	-0.050624486	0.05582515	-0.07276975	0.0681974	-0.057750016	0.063272715	-0.069058426	0.06672995	-0.06361139	0.07645047	-0.07840938	0.06431707	-0.076714285	0.09283107	-0.2715897	0.21332273	-0.45414087	0.13181114	-0.17288962	0.17573361	-0.46895018	0.26409873	-0.117871955	0.21993619	-0.26049507	0.99999845	-0.39676067	0.12923741	-0.1579014	0.20708282	-0.30112848	0.0928445	-0.16471551	0.14824198	-0.2074377	0.20227325	-0.09250849
0.04225742	-0.028152607	0.034753185	-0.026136074	0.024659202	-0.031569716	0.036033213	-0.033818964	0.033624023	-0.038673334	0.04542985	-0.044952877	0.038088355	-0.04274332	0.044653066	-0.042951144	0.04078786	-0.05146461	0.051394362	-0.04313277	0.047513463	-0.060166482	0.1578455	-0.14637175	0.2841089	-0.082183965	0.09195134	-0.101101264	0.31204242	-0.7169314	0.0683408	-0.14313057	0.11307316	-0.39676067	0.99999845	-0.072278745	0.08069649	-0.104917884	0.1123421	-0.093041115	0.08069736	-0.079451	0.09620801	-0.11093038	0.080843784
-0.031944152	0.019040437	-0.022667203	0.014564605	-0.012967812	0.024242094	-0.02386098	0.021100773	-0.018780924	0.02010968	-0.038432516	0.034757104	-0.020619541	0.02128602	-0.01784314	0.041612178	-0.034682497	0.025296237	-0.023772148	0.016705079	-0.05743733	0.06273098	-0.061430406	0.048222035	-0.08862481	0.21752174	-0.1491042	0.12596989	-0.08512214	0.051108003	-0.30936658	0.22694498	-0.156608	0.12923741	-0.072278745	0.99999857	-0.60419494	0.1439145	-0.11948087	0.043673143	-0.6209355	0.29765096	-0.17416357	0.13073373	-0.041513354
0.033444572	-0.020095525	0.023952851	-0.015549345	0.013881579	-0.025395127	0.025209319	-0.022391861	0.020034403	-0.021553077	0.039950907	-0.036616314	0.022090916	-0.022926563	0.019416876	-0.043066543	0.036259174	-0.027295759	0.025726704	-0.018199828	0.05790651	-0.06581152	0.068295226	-0.053894624	0.097836785	-0.2102878	0.16327928	-0.15205827	0.0944254	-0.057181876	0.19951755	-0.33079487	0.18452135	-0.1579014	0.08069649	-0.60419494	0.99999857	-0.20423956	0.1515617	-0.057223022	0.33069482	-0.557694	0.2233337	-0.1827033	0.053399317
-0.0315033	0.019249555	-0.023283852	0.015503788	-0.014117533	0.023538867	-0.024282917	0.02178113	-0.020112704	0.021779893	-0.03641135	0.033332095	-0.022555515	0.023874467	-0.02202697	0.036654815	-0.03270926	0.028663363	-0.027864898	0.020626578	-0.04744131	0.056087635	-0.08588495	0.06726455	-0.12339354	0.12433152	-0.1750993	0.20183825	-0.1214557	0.07319971	-0.11269148	0.22822692	-0.48862594	0.20708282	-0.104917884	0.1439145	-0.20423956	0.99999857	-0.5320329	0.087215975	-0.19152254	0.20750198	-0.5073631	0.30013543	-0.08548327
0.029290754	-0.018113459	0.02199261	-0.014873142	0.013635688	-0.021874001	0.022894247	-0.020659762	0.019304233	-0.021029592	0.033465996	-0.030979937	0.02167308	-0.023110768	0.021989902	-0.033461653	0.029982602	-0.027756337	0.02720215	-0.020587048	0.042266592	-0.050482567	0.08442774	-0.06686702	0.1272134	-0.10869772	0.13282874	-0.16164069	0.1266719	-0.077756934	0.09476294	-0.20131409	0.22859158	-0.30112848	0.1123421	-0.11948087	0.1515617	-0.5320329	0.9999983	-0.1427533	0.14905226	-0.17413637	0.30363005	-0.6574908	0.1276042
-0.011967983	0.0075400546	-0.009210865	0.006407828	-0.005933914	0.008914208	-0.009560894	0.008716414	-0.00830712	0.009180078	-0.013420099	0.012572169	-0.009334511	0.010099612	-0.009994098	0.013128388	-0.011960342	0.01213549	-0.012007821	0.009424527	-0.016039569	0.01928262	-0.037431847	0.030721262	-0.060520638	0.037261456	-0.044572785	0.048006583	-0.062212244	0.05822007	-0.03326188	0.06397338	-0.06847207	0.0928445	-0.093041115	0.043673143	-0.057223022	0.087215975	-0.1427533	0.9999983	-0.05938096	0.060656257	-0.11028401	0.15219782	-0.9630175
0.033934217	-0.02045843	0.024343304	-0.015861258	0.014139354	-0.02586318	0.025656959	-0.022826228	0.020396361	-0.022000223	0.04057848	-0.037515797	0.022437865	-0.023281658	0.019573128	-0.044177826	0.036931876	-0.027687624	0.02600061	-0.018357622	0.058967486	-0.06734337	0.06770121	-0.053587496	0.09758118	-0.21918488	0.14909479	-0.1458085	0.09411458	-0.057244528	0.19628523	-0.25388592	0.17011012	-0.16471551	0.08069736	-0.6209355	0.33069482	-0.19152254	0.14905226	-0.05938096	0.9999983	-0.5755066	0.22246273	-0.18878704	0.05499134
-0.028870916	0.017445615	-0.02093296	0.013715265	-0.012346588	0.02173796	-0.02191472	0.019534176	-0.017720994	0.019114826	-0.03394468	0.03097779	-0.019556068	0.02045094	-0.017986516	0.03536878	-0.030494122	0.024396313	-0.02329706	0.016843367	-0.046716135	0.05361612	-0.0648952	0.051084783	-0.09486128	0.14645079	-0.13840578	0.13196509	-0.091978945	0.055719923	-0.14327493	0.21414873	-0.184139	0.14824198	-0.079451	0.29765096	-0.557694	0.20750198	-0.17413637	0.060656257	-0.5755066	0.99999815	-0.42695943	0.20301996	-0.058624674
0.030272586	-0.018504845	0.022295272	-0.014838916	0.013449816	-0.022749228	0.023308614	-0.020908907	0.019188855	-0.020818379	0.035179462	-0.032485407	0.021386826	-0.022576515	0.020411663	-0.036101628	0.031702098	-0.027034678	0.026057215	-0.019135708	0.04658316	-0.055167522	0.07668644	-0.060798094	0.1114513	-0.13259147	0.14685379	-0.17449826	0.10933289	-0.06750894	0.116433345	-0.23734489	0.23425354	-0.2074377	0.09620801	-0.17416357	0.2233337	-0.5073631	0.30363005	-0.11028401	0.22246273	-0.42695943	0.9999982	-0.5557765	0.102839075
-0.02803296	0.017320935	-0.02105726	0.01423115	-0.013064376	0.020889405	-0.021889651	0.01974419	-0.018486686	0.020127382	-0.03195592	0.02943573	-0.02070055	0.022073207	-0.021155039	0.031751584	-0.028493127	0.026493916	-0.02602579	0.019791938	-0.04011423	0.0474642	-0.0806388	0.063592166	-0.12327608	0.101890534	-0.12385982	0.13445516	-0.122281455	0.07571382	-0.09276159	0.17491071	-0.20929371	0.20227325	-0.11093038	0.13073373	-0.1827033	0.30013543	-0.6574908	0.15219782	-0.18878704	0.20301996	-0.5557765	0.9999983	-0.1815757
0.011362474	-0.0071601705	0.008739794	-0.00608373	0.005628773	-0.008472858	0.009076709	-0.00827618	0.007880114	-0.00871684	0.012756135	-0.01197169	0.00883985	-0.009562129	0.009416492	-0.012521443	0.011383995	-0.011484525	0.011339579	-0.008885864	0.015300731	-0.018431924	0.035037898	-0.028839914	0.05652341	-0.035941064	0.042405076	-0.046427574	0.05779129	-0.055615418	0.031789996	-0.06233293	0.064465515	-0.09250849	0.080843784	-0.041513354	0.053399317	-0.08548327	0.1276042	-0.9630175	0.05499134	-0.058624674	0.102839075	-0.1815757	0.9999983
