1.0000001	-0.90072286	0.17220719	-0.19426395	0.06303703	-0.26139155	0.19087604	-0.120585516	0.07072822	-0.068595946	0.12992264	-0.12874298	0.115792654	-0.045864686	0.037781093	-0.07117931	0.07577862	-0.051508076	0.04360491	-0.039874688	0.08333334	-0.072023824	0.044363085	-0.03143995	0.01778523	-0.028816333	0.033638936	-0.03900162	0.033304293	-0.01571634	0.023246529	-0.023478195	0.021607405	-0.014436402	0.016277041	-0.020163508	0.015764568	-0.017452478	0.017118588	-0.01467195	0.0049697678	-0.004926004	0.018070985	-0.01350585	0.019044504
-0.90072286	1.0	-0.22076195	0.17340194	-0.060600396	0.20038715	-0.22788532	0.11957426	-0.07039542	0.06547901	-0.1333071	0.12438997	-0.122608	0.045013245	-0.036915235	0.070591986	-0.07632067	0.050873443	-0.043234922	0.038595516	-0.086188704	0.06974445	-0.044469543	0.031096837	-0.017689146	0.028279955	-0.033055414	0.038057297	-0.033251174	0.015590854	-0.022936407	0.023080127	-0.021323184	0.014304166	-0.01615041	0.01984417	-0.015540555	0.01721541	-0.016950808	0.014525235	-0.0049080285	0.0048630373	-0.017906578	0.013368709	-0.018882465
0.17220719	-0.22076195	0.99999964	-0.9189683	0.12173141	-0.10029153	0.10190958	-0.15890063	0.116426	-0.107884884	0.07501968	-0.07671	0.13168237	-0.07017014	0.05642505	-0.048166584	0.054320276	-0.046484232	0.062358588	-0.05812907	0.061409958	-0.054238733	0.0406097	-0.030052323	0.017434096	-0.024858061	0.027762737	-0.032384064	0.03196978	-0.015332937	0.020253943	-0.020586675	0.019084923	-0.013377411	0.015105871	-0.018023029	0.014023026	-0.015636085	0.015585726	-0.013448373	0.0044710906	-0.004431732	0.01641927	-0.012300154	0.017396396
-0.19426395	0.17340194	-0.9189683	0.99999994	-0.14905588	0.09984122	-0.10476347	0.14155547	-0.13568588	0.10903118	-0.0798426	0.07827441	-0.14415386	0.07370468	-0.05967197	0.05072918	-0.05751061	0.04913977	-0.06734739	0.05993108	-0.06635481	0.05631351	-0.04359685	0.03166555	-0.018450486	0.025950683	-0.029089114	0.033745755	-0.034004647	0.016178468	-0.021243399	0.021530384	-0.020031538	0.014090901	-0.015931543	0.018853052	-0.014696139	0.016397418	-0.016400069	0.014146184	-0.004691758	0.004648967	-0.017281042	0.01293518	-0.018320229
0.06303703	-0.060600396	0.12173141	-0.14905588	0.9999995	-0.06901826	0.065842904	-0.09732021	0.12785953	-0.18304795	0.061454356	-0.06172913	0.10698222	-0.08261984	0.086286046	-0.0493251	0.05693995	-0.05442772	0.09081478	-0.084003575	0.068395846	-0.06281823	0.047739472	-0.04223889	0.02490805	-0.034707405	0.035831273	-0.042573377	0.04466873	-0.022049908	0.028278917	-0.02902989	0.026867433	-0.019274337	0.021774061	-0.025978537	0.020008473	-0.02238276	0.02245672	-0.019491693	0.0064509576	-0.006395571	0.023780663	-0.01780756	0.025240175
-0.26139155	0.20038715	-0.10029153	0.09984122	-0.06901826	0.99999976	-0.663704	0.2244463	-0.11302941	0.10107108	-0.4980822	0.30865476	-0.25666836	0.073992796	-0.05942927	0.18252504	-0.18557179	0.10651042	-0.071267545	0.061712556	-0.21681611	0.15543628	-0.094313696	0.06361524	-0.036028072	0.06046809	-0.07223554	0.08208834	-0.06856742	0.031742815	-0.049125686	0.04901726	-0.045330938	0.029826587	-0.03370291	0.04181149	-0.0328857	0.036323972	-0.03563697	0.030427704	-0.010349307	0.0102499975	-0.03771833	0.028091155	-0.039692625
0.19087604	-0.22788532	0.10190958	-0.10476347	0.065842904	-0.663704	0.9999998	-0.35968882	0.11956029	-0.109523624	0.29374433	-0.47731367	0.2493855	-0.0783964	0.061288685	-0.15323918	0.17094149	-0.1044196	0.07161612	-0.06439469	0.1636761	-0.15486562	0.0885286	-0.05973341	0.033226542	-0.056718107	0.068222865	-0.07901051	0.0628996	-0.02940138	0.04545891	-0.045883197	0.04203943	-0.027463121	0.030915722	-0.038949687	0.030533947	-0.033696175	0.032753788	-0.027981747	0.009557095	-0.009474944	0.034539375	-0.025817629	0.036312163
-0.120585516	0.11957426	-0.15890063	0.14155547	-0.09732021	0.2244463	-0.35968882	0.9999994	-0.3141716	0.20366135	-0.19004717	0.21200792	-0.75520194	0.16297571	-0.12007236	0.11594192	-0.14082305	0.1411397	-0.14341913	0.1204862	-0.14687507	0.13188355	-0.12413647	0.076548725	-0.043791432	0.05833493	-0.06770174	0.07784092	-0.08335427	0.038014065	-0.04812762	0.048639752	-0.04557144	0.032469288	-0.036740813	0.042371184	-0.033208314	0.037141662	-0.03736257	0.03220844	-0.010586875	0.010488449	-0.039149992	0.02935708	-0.04160056
0.07072822	-0.07039542	0.116426	-0.13568588	0.12785953	-0.11302941	0.11956029	-0.3141716	0.9999993	-0.64736354	0.09161204	-0.10112071	0.23007601	-0.506571	0.26868403	-0.06411996	0.07632307	-0.08232386	0.27660495	-0.2792022	0.08293683	-0.078859195	0.07063071	-0.057637468	0.03542488	-0.040024526	0.043272458	-0.05093802	0.059830334	-0.030974321	0.032830164	-0.033790797	0.03152166	-0.023741743	0.026765933	-0.030111557	0.023304246	-0.026269794	0.026651664	-0.023228353	0.007494347	-0.007434573	0.027746944	-0.020971343	0.029635282
-0.068595946	0.06547901	-0.107884884	0.10903118	-0.18304795	0.10107108	-0.109523624	0.20366135	-0.64736354	0.9999994	-0.09224532	0.09576355	-0.2432764	0.3005532	-0.4809384	0.06620452	-0.07972136	0.08614614	-0.3504107	0.27540165	-0.09011621	0.08074392	-0.077574216	0.06337865	-0.03951344	0.04272649	-0.04596122	0.053526152	-0.06821593	0.034177717	-0.035585165	0.03641326	-0.03437668	0.026299948	-0.029794417	0.032603726	-0.025346028	0.028660187	-0.029457964	0.0256633	-0.008207997	0.008133661	-0.030732255	0.023153752	-0.03290126
0.12992264	-0.1333071	0.07501968	-0.0798426	0.061454356	-0.4980822	0.29374433	-0.19004717	0.09161204	-0.09224532	0.99999964	-0.64639896	0.19313344	-0.06371469	0.05178048	-0.36321416	0.2463007	-0.12308058	0.060852524	-0.05546563	0.24823143	-0.22447519	0.103533655	-0.070426755	0.038410123	-0.07505994	0.09223422	-0.107256055	0.07287118	-0.034315374	0.05919446	-0.059708886	0.054061633	-0.033694007	0.037800193	-0.049908947	0.039154142	-0.04291018	0.040912833	-0.034769014	0.012119033	-0.012021026	0.043217942	-0.03227864	0.045177214
-0.12874298	0.12438997	-0.07671	0.07827441	-0.06172913	0.30865476	-0.47731367	0.21200792	-0.10112071	0.09576355	-0.64639896	0.9999997	-0.27131855	0.06969932	-0.0554312	0.23523541	-0.34508255	0.1263242	-0.066223	0.058455918	-0.25171813	0.21098936	-0.11011151	0.070683256	-0.03910208	0.07157628	-0.0900346	0.10061545	-0.075152725	0.034626517	-0.057859078	0.05747466	-0.05288974	0.033551466	-0.03783533	0.04823446	-0.038115676	0.04187904	-0.040564433	0.034458153	-0.011879331	0.011765901	-0.04295666	0.031953853	-0.04502023
0.115792654	-0.122608	0.13168237	-0.14415386	0.10698222	-0.25666836	0.2493855	-0.75520194	0.23007601	-0.2432764	0.19313344	-0.27131855	0.9999994	-0.19092648	0.1306336	-0.12974748	0.15718676	-0.21254963	0.14779589	-0.14123574	0.15259014	-0.16442187	0.14903414	-0.09350695	0.05085603	-0.07031867	0.08128717	-0.09597982	0.09579685	-0.044707574	0.056848083	-0.05826651	0.05376819	-0.037937947	0.042634707	-0.050612748	0.039372474	-0.04395138	0.043558225	-0.037618935	0.012456501	-0.012361625	0.045415435	-0.034257703	0.048171055
-0.045864686	0.045013245	-0.07017014	0.07370468	-0.08261984	0.073992796	-0.0783964	0.16297571	-0.506571	0.3005532	-0.06371469	0.06969932	-0.19092648	0.999999	-0.41032013	0.04554853	-0.05558961	0.06698298	-0.65658194	0.29889658	-0.05977892	0.05742685	-0.058319833	0.051477063	-0.0320221	0.029539036	-0.03209843	0.037707966	-0.052412175	0.027575614	-0.024360675	0.025292013	-0.023765998	0.01908695	-0.021499095	0.022713516	-0.017569618	0.020012805	-0.020642854	0.018122999	-0.005674337	0.0056334147	-0.021177653	0.016154785	-0.022803053
0.037781093	-0.036915235	0.05642505	-0.05967197	0.086286046	-0.05942927	0.061288685	-0.12007236	0.26868403	-0.4809384	0.05178048	-0.0554312	0.1306336	-0.41032013	0.999999	-0.038031664	0.046084717	-0.05372531	0.31114864	-0.6987503	0.050660044	-0.048283674	0.04704226	-0.04453816	0.033662304	-0.026126469	0.027551712	-0.032508384	0.045233935	-0.029273892	0.021526203	-0.022542667	0.021158684	-0.017750662	0.019932546	-0.02048155	0.015749164	-0.018060816	0.018751964	-0.016620558	0.0051092394	-0.0050768373	0.019103238	-0.014676319	0.020653063
-0.07117931	0.070591986	-0.048166584	0.05072918	-0.0493251	0.18252504	-0.15323918	0.11594192	-0.06411996	0.06620452	-0.36321416	0.23523541	-0.12974748	0.04554853	-0.038031664	0.9999988	-0.46550652	0.1302659	-0.04571546	0.04115238	-0.73020077	0.26562914	-0.11326002	0.07367545	-0.04042254	0.088411905	-0.11082802	0.122842625	-0.07707607	0.036167156	-0.070262164	0.068372294	-0.06223861	0.037266765	-0.04190628	0.05651202	-0.044740673	0.048681274	-0.04618765	0.03895073	-0.013775355	0.01364589	-0.049117826	0.036429014	-0.051098824
0.07577862	-0.07632067	0.054320276	-0.05751061	0.05693995	-0.18557179	0.17094149	-0.14082305	0.07632307	-0.07972136	0.2463007	-0.34508255	0.15718676	-0.05558961	0.046084717	-0.46550652	0.99999887	-0.2369927	0.056170125	-0.05044895	0.30518964	-0.6424604	0.18609974	-0.10973691	0.057376668	-0.124063715	0.18001206	-0.20166385	0.11158751	-0.051228914	0.096616395	-0.09790117	0.088046215	-0.051448863	0.057544503	-0.07794954	0.06226204	-0.06778313	0.063233845	-0.053109724	0.018842572	-0.01868733	0.06646172	-0.049597047	0.069048576
-0.051508076	0.050873443	-0.046484232	0.04913977	-0.05442772	0.10651042	-0.1044196	0.1411397	-0.08232386	0.08614614	-0.12308058	0.1263242	-0.21254963	0.06698298	-0.05372531	0.1302659	-0.2369927	0.99999857	-0.07442846	0.061145876	-0.1807969	0.22222143	-0.8298475	0.21792467	-0.109183416	0.09575932	-0.1348724	0.14944474	-0.24525729	0.089494884	-0.083253644	0.08367178	-0.08229974	0.066503145	-0.07525662	0.07167026	-0.057753902	0.06616702	-0.06963829	0.06032709	-0.018329935	0.018167656	-0.06971768	0.05337709	-0.07564428
0.04360491	-0.043234922	0.062358588	-0.06734739	0.09081478	-0.071267545	0.07161612	-0.14341913	0.27660495	-0.3504107	0.060852524	-0.066223	0.14779589	-0.65658194	0.31114864	-0.04571546	0.056170125	-0.07442846	0.99999833	-0.5630698	0.06018375	-0.06000113	0.06285944	-0.06452774	0.040279225	-0.032250762	0.03436758	-0.04074894	0.06153286	-0.034942795	0.02650863	-0.027876975	0.026151972	-0.022072032	0.024752842	-0.02530654	0.01945109	-0.022327365	0.023191085	-0.020534232	0.0062976754	-0.006260861	0.023512913	-0.018111153	0.025454694
-0.039874688	0.038595516	-0.05812907	0.05993108	-0.084003575	0.061712556	-0.06439469	0.1204862	-0.2792022	0.27540165	-0.05546563	0.058455918	-0.14123574	0.29889658	-0.6987503	0.04115238	-0.05044895	0.061145876	-0.5630698	0.999998	-0.05556985	0.052550703	-0.05462845	0.053960595	-0.043952517	0.028960414	-0.030599333	0.035990857	-0.05520491	0.03673702	-0.023982491	0.025243143	-0.023838304	0.020880122	-0.02347954	0.023044627	-0.01773052	0.020488657	-0.02154746	0.019191423	-0.0057734326	0.0057387855	-0.02174367	0.016800024	-0.023643913
0.08333334	-0.086188704	0.061409958	-0.06635481	0.068395846	-0.21681611	0.1636761	-0.14687507	0.08293683	-0.09011621	0.24823143	-0.25171813	0.15259014	-0.05977892	0.050660044	-0.73020077	0.30518964	-0.1807969	0.06018375	-0.05556985	0.9999978	-0.39914283	0.14769123	-0.10482172	0.056159984	-0.13947947	0.15874192	-0.19300632	0.104888745	-0.05101145	0.10380792	-0.10423973	0.09169275	-0.05371573	0.059782486	-0.08608867	0.066905014	-0.07254299	0.06683978	-0.056537133	0.020374304	-0.020250015	0.07061814	-0.052901622	0.07318658
-0.072023824	0.06974445	-0.054238733	0.05631351	-0.06281823	0.15543628	-0.15486562	0.13188355	-0.078859195	0.08074392	-0.22447519	0.21098936	-0.16442187	0.05742685	-0.048283674	0.26562914	-0.6424604	0.22222143	-0.06000113	0.052550703	-0.39914283	0.9999978	-0.27280048	0.1351065	-0.075210124	0.15658991	-0.34497416	0.24248464	-0.14914583	0.066139676	-0.1348107	0.12712996	-0.1205281	0.068583466	-0.07779487	0.09953371	-0.082791485	0.08940869	-0.08595454	0.07124456	-0.025139624	0.024783945	-0.09172864	0.06707624	-0.09516066
0.044363085	-0.044469543	0.0406097	-0.04359685	0.047739472	-0.094313696	0.0885286	-0.12413647	0.07063071	-0.077574216	0.103533655	-0.11011151	0.14903414	-0.058319833	0.04704226	-0.11326002	0.18609974	-0.8298475	0.06285944	-0.05462845	0.14769123	-0.27280048	0.9999983	-0.31144154	0.10214671	-0.093582146	0.1374731	-0.17372209	0.21564196	-0.08706212	0.07882135	-0.08094121	0.07811596	-0.061595164	0.06859384	-0.0679754	0.054522544	-0.062441036	0.063908786	-0.05555396	0.017013075	-0.01690559	0.06329358	-0.0489961	0.06842114
-0.03143995	0.031096837	-0.030052323	0.03166555	-0.04223889	0.06361524	-0.05973341	0.076548725	-0.057637468	0.06337865	-0.070426755	0.070683256	-0.09350695	0.051477063	-0.04453816	0.07367545	-0.10973691	0.21792467	-0.06452774	0.053960595	-0.10482172	0.1351065	-0.31144154	0.9999982	-0.33190665	0.09706148	-0.10781896	0.12935822	-0.79881096	0.23556179	-0.08307449	0.094274916	-0.09363686	0.1259667	-0.1403628	0.08845543	-0.068818815	0.0859425	-0.1024453	0.09296217	-0.022390658	0.02247116	-0.08882799	0.07473314	-0.10357453
0.01778523	-0.017689146	0.017434096	-0.018450486	0.02490805	-0.036028072	0.033226542	-0.043791432	0.03542488	-0.03951344	0.038410123	-0.03910208	0.05085603	-0.0320221	0.033662304	-0.04042254	0.057376668	-0.109183416	0.040279225	-0.043952517	0.056159984	-0.075210124	0.10214671	-0.33190665	0.99999815	-0.07814113	0.064203456	-0.08070063	0.25052184	-0.8672283	0.063116685	-0.08279555	0.07781111	-0.15827493	0.1740019	-0.08423251	0.06171399	-0.0834103	0.10073785	-0.1060549	0.019876756	-0.020289365	0.07662408	-0.07412849	0.09401755
-0.028816333	0.028279955	-0.024858061	0.025950683	-0.034707405	0.06046809	-0.056718107	0.05833493	-0.040024526	0.04272649	-0.07505994	0.07157628	-0.07031867	0.029539036	-0.026126469	0.088411905	-0.124063715	0.09575932	-0.032250762	0.028960414	-0.13947947	0.15658991	-0.093582146	0.09706148	-0.07814113	0.999998	-0.3131996	0.23346642	-0.11519682	0.07168442	-0.76677704	0.26448777	-0.25144026	0.1181822	-0.13885045	0.21775658	-0.18693097	0.1782759	-0.1760966	0.13723962	-0.055685114	0.053985763	-0.20290971	0.13759536	-0.20211767
0.033638936	-0.033055414	0.027762737	-0.029089114	0.035831273	-0.07223554	0.068222865	-0.06770174	0.043272458	-0.04596122	0.09223422	-0.0900346	0.08128717	-0.03209843	0.027551712	-0.11082802	0.18001206	-0.1348724	0.03436758	-0.030599333	0.15874192	-0.34497416	0.1374731	-0.10781896	0.064203456	-0.3131996	0.99999785	-0.7901707	0.11861755	-0.05978366	0.20836829	-0.22810543	0.18426803	-0.078525215	0.08733981	-0.13584808	0.12013593	-0.12584859	0.10681968	-0.084182665	0.032911826	-0.0325012	0.11220496	-0.08191068	0.11273016
-0.03900162	0.038057297	-0.032384064	0.033745755	-0.042573377	0.08208834	-0.07901051	0.07784092	-0.05093802	0.053526152	-0.107256055	0.10061545	-0.09597982	0.037707966	-0.032508384	0.122842625	-0.20166385	0.14944474	-0.04074894	0.035990857	-0.19300632	0.24248464	-0.17372209	0.12935822	-0.08070063	0.23346642	-0.7901707	0.9999978	-0.15966788	0.074504174	-0.22968286	0.20992625	-0.25336784	0.09757444	-0.1103449	0.1486327	-0.13576986	0.14937705	-0.13404197	0.10414728	-0.038771898	0.03800888	-0.14179844	0.10146573	-0.1428732
0.033304293	-0.033251174	0.03196978	-0.034004647	0.04466873	-0.06856742	0.0628996	-0.08335427	0.059830334	-0.06821593	0.07287118	-0.075152725	0.09579685	-0.052412175	0.045233935	-0.07707607	0.11158751	-0.24525729	0.06153286	-0.05520491	0.104888745	-0.14914583	0.21564196	-0.79881096	0.25052184	-0.11519682	0.11861755	-0.15966788	0.99999785	-0.32317194	0.09383601	-0.1116574	0.105649635	-0.16703685	0.1560302	-0.1062984	0.08008812	-0.101703495	0.11662751	-0.108740814	0.025663275	-0.025963735	0.09692071	-0.08594135	0.11210115
-0.01571634	0.015590854	-0.015332937	0.016178468	-0.022049908	0.031742815	-0.02940138	0.038014065	-0.030974321	0.034177717	-0.034315374	0.034626517	-0.044707574	0.027575614	-0.029273892	0.036167156	-0.051228914	0.089494884	-0.034942795	0.03673702	-0.05101145	0.066139676	-0.08706212	0.23556179	-0.8672283	0.07168442	-0.05978366	0.074504174	-0.32317194	0.9999975	-0.05901469	0.077053964	-0.07535476	0.15673088	-0.23575293	0.07795969	-0.05845797	0.07954089	-0.103109606	0.104279384	-0.018861363	0.019190002	-0.07604612	0.07201138	-0.09652916
0.023246529	-0.022936407	0.020253943	-0.021243399	0.028278917	-0.049125686	0.04545891	-0.04812762	0.032830164	-0.035585165	0.05919446	-0.057859078	0.056848083	-0.024360675	0.021526203	-0.070262164	0.096616395	-0.083253644	0.02650863	-0.023982491	0.10380792	-0.1348107	0.07882135	-0.08307449	0.063116685	-0.76677704	0.20836829	-0.22968286	0.09383601	-0.05901469	0.99999726	-0.40370715	0.22773439	-0.10059608	0.11155139	-0.307779	0.20813183	-0.18124104	0.14661145	-0.11464933	0.05644704	-0.05620224	0.1566861	-0.11436317	0.15388845
-0.023478195	0.023080127	-0.020586675	0.021530384	-0.02902989	0.04901726	-0.045883197	0.048639752	-0.033790797	0.03641326	-0.059708886	0.05747466	-0.05826651	0.025292013	-0.022542667	0.068372294	-0.09790117	0.08367178	-0.027876975	0.025243143	-0.10423973	0.12712996	-0.08094121	0.094274916	-0.08279555	0.26448777	-0.22810543	0.20992625	-0.1116574	0.077053964	-0.40370715	0.99999714	-0.579462	0.14980386	-0.16780749	0.29549327	-0.44133043	0.29345986	-0.23217994	0.16455837	-0.07835706	0.0763179	-0.23466896	0.16706112	-0.22544742
0.021607405	-0.021323184	0.019084923	-0.020031538	0.026867433	-0.045330938	0.04203943	-0.04557144	0.03152166	-0.03437668	0.054061633	-0.05288974	0.05376819	-0.023765998	0.021158684	-0.06223861	0.088046215	-0.08229974	0.026151972	-0.023838304	0.09169275	-0.1205281	0.07811596	-0.09363686	0.07781111	-0.25144026	0.18426803	-0.25336784	0.105649635	-0.07535476	0.22773439	-0.579462	0.999997	-0.17838195	0.16239163	-0.3083384	0.28180864	-0.57442826	0.23990384	-0.17517152	0.06687598	-0.06819186	0.20053938	-0.17347002	0.1923013
-0.014436402	0.014304166	-0.013377411	0.014090901	-0.019274337	0.029826587	-0.027463121	0.032469288	-0.023741743	0.026299948	-0.033694007	0.033551466	-0.037937947	0.01908695	-0.017750662	0.037266765	-0.051448863	0.066503145	-0.022072032	0.020880122	-0.05371573	0.068583466	-0.061595164	0.1259667	-0.15827493	0.1181822	-0.078525215	0.09757444	-0.16703685	0.15673088	-0.10059608	0.14980386	-0.17838195	0.99999726	-0.76049143	0.15261036	-0.12590276	0.19646464	-0.45611683	0.24525163	-0.038887184	0.03946182	-0.17931806	0.1816496	-0.22830494
0.016277041	-0.01615041	0.015105871	-0.015931543	0.021774061	-0.03370291	0.030915722	-0.036740813	0.026765933	-0.029794417	0.037800193	-0.03783533	0.042634707	-0.021499095	0.019932546	-0.04190628	0.057544503	-0.07525662	0.024752842	-0.02347954	0.059782486	-0.07779487	0.06859384	-0.1403628	0.1740019	-0.13885045	0.08733981	-0.1103449	0.1560302	-0.23575293	0.11155139	-0.16780749	0.16239163	-0.76049143	0.9999972	-0.1779567	0.13075893	-0.20221119	0.2782356	-0.36183804	0.041245434	-0.0424457	0.16676638	-0.18695852	0.22982024
-0.020163508	0.01984417	-0.018023029	0.018853052	-0.025978537	0.04181149	-0.038949687	0.042371184	-0.030111557	0.032603726	-0.049908947	0.04823446	-0.050612748	0.022713516	-0.02048155	0.05651202	-0.07794954	0.07167026	-0.02530654	0.023044627	-0.08608867	0.09953371	-0.0679754	0.08845543	-0.08423251	0.21775658	-0.13584808	0.1486327	-0.1062984	0.07795969	-0.307779	0.29549327	-0.3083384	0.15261036	-0.1779567	0.9999974	-0.6981101	0.280943	-0.25320557	0.1762035	-0.14276281	0.12502459	-0.2716055	0.18375085	-0.25446284
0.015764568	-0.015540555	0.014023026	-0.014696139	0.020008473	-0.0328857	0.030533947	-0.033208314	0.023304246	-0.025346028	0.039154142	-0.038115676	0.039372474	-0.017569618	0.015749164	-0.044740673	0.06226204	-0.057753902	0.01945109	-0.01773052	0.066905014	-0.082791485	0.054522544	-0.068818815	0.06171399	-0.18693097	0.12013593	-0.13576986	0.08008812	-0.05845797	0.20813183	-0.44133043	0.28180864	-0.12590276	0.13075893	-0.6981101	0.99999756	-0.43147537	0.2020733	-0.13938145	0.108313344	-0.1176895	0.18510735	-0.1447641	0.1718692
-0.017452478	0.01721541	-0.015636085	0.016397418	-0.02238276	0.036323972	-0.033696175	0.037141662	-0.026269794	0.028660187	-0.04291018	0.04187904	-0.04395138	0.020012805	-0.018060816	0.048681274	-0.06778313	0.06616702	-0.022327365	0.020488657	-0.07254299	0.08940869	-0.062441036	0.0859425	-0.0834103	0.1782759	-0.12584859	0.14937705	-0.101703495	0.07954089	-0.18124104	0.29345986	-0.57442826	0.19646464	-0.20221119	0.280943	-0.43147537	0.9999974	-0.46213123	0.20116463	-0.0736151	0.07315651	-0.27865028	0.21421273	-0.23957664
0.017118588	-0.016950808	0.015585726	-0.016400069	0.02245672	-0.03563697	0.032753788	-0.03736257	0.026651664	-0.029457964	0.040912833	-0.040564433	0.043558225	-0.020642854	0.018751964	-0.04618765	0.063233845	-0.06963829	0.023191085	-0.02154746	0.06683978	-0.08595454	0.063908786	-0.1024453	0.10073785	-0.1760966	0.10681968	-0.13404197	0.11662751	-0.103109606	0.14661145	-0.23217994	0.23990384	-0.45611683	0.2782356	-0.25320557	0.2020733	-0.46213123	0.99999696	-0.39401522	0.060145736	-0.062052876	0.2719541	-0.41313234	0.27649543
-0.01467195	0.014525235	-0.013448373	0.014146184	-0.019491693	0.030427704	-0.027981747	0.03220844	-0.023228353	0.0256633	-0.034769014	0.034458153	-0.037618935	0.018122999	-0.016620558	0.03895073	-0.053109724	0.06032709	-0.020534232	0.019191423	-0.056537133	0.07124456	-0.05555396	0.09296217	-0.1060549	0.13723962	-0.084182665	0.10414728	-0.108740814	0.104279384	-0.11464933	0.16455837	-0.17517152	0.24525163	-0.36183804	0.1762035	-0.13938145	0.20116463	-0.39401522	0.99999696	-0.047130268	0.04768151	-0.23375562	0.23051359	-0.7470449
0.0049697678	-0.0049080285	0.0044710906	-0.004691758	0.0064509576	-0.010349307	0.009557095	-0.010586875	0.007494347	-0.008207997	0.012119033	-0.011879331	0.012456501	-0.005674337	0.0051092394	-0.013775355	0.018842572	-0.018329935	0.0062976754	-0.0057734326	0.020374304	-0.025139624	0.017013075	-0.022390658	0.019876756	-0.055685114	0.032911826	-0.038771898	0.025663275	-0.018861363	0.05644704	-0.07835706	0.06687598	-0.038887184	0.041245434	-0.14276281	0.108313344	-0.0736151	0.060145736	-0.047130268	0.999997	-0.9752545	0.09516382	-0.07188275	0.05834661
-0.004926004	0.0048630373	-0.004431732	0.004648967	-0.006395571	0.0102499975	-0.009474944	0.010488449	-0.007434573	0.008133661	-0.012021026	0.011765901	-0.012361625	0.0056334147	-0.0050768373	0.01364589	-0.01868733	0.018167656	-0.006260861	0.0057387855	-0.020250015	0.024783945	-0.01690559	0.02247116	-0.020289365	0.053985763	-0.0325012	0.03800888	-0.025963735	0.019190002	-0.05620224	0.0763179	-0.06819186	0.03946182	-0.0424457	0.12502459	-0.1176895	0.07315651	-0.062052876	0.04768151	-0.9752545	0.99999684	-0.10728888	0.072136976	-0.060581695
0.018070985	-0.017906578	0.01641927	-0.017281042	0.023780663	-0.03771833	0.034539375	-0.039149992	0.027746944	-0.030732255	0.043217942	-0.04295666	0.045415435	-0.021177653	0.019103238	-0.049117826	0.06646172	-0.06971768	0.023512913	-0.02174367	0.07061814	-0.09172864	0.06329358	-0.08882799	0.07662408	-0.20290971	0.11220496	-0.14179844	0.09692071	-0.07604612	0.1566861	-0.23466896	0.20053938	-0.17931806	0.16676638	-0.2716055	0.18510735	-0.27865028	0.2719541	-0.23375562	0.09516382	-0.10728888	0.99999684	-0.77216834	0.23994702
-0.01350585	0.013368709	-0.012300154	0.01293518	-0.01780756	0.028091155	-0.025817629	0.02935708	-0.020971343	0.023153752	-0.03227864	0.031953853	-0.034257703	0.016154785	-0.014676319	0.036429014	-0.049597047	0.05337709	-0.018111153	0.016800024	-0.052901622	0.06707624	-0.0489961	0.07473314	-0.07412849	0.13759536	-0.08191068	0.10146573	-0.08594135	0.07201138	-0.11436317	0.16706112	-0.17347002	0.1816496	-0.18695852	0.18375085	-0.1447641	0.21421273	-0.41313234	0.23051359	-0.07188275	0.072136976	-0.77216834	0.99999684	-0.32433552
0.019044504	-0.018882465	0.017396396	-0.018320229	0.025240175	-0.039692625	0.036312163	-0.04160056	0.029635282	-0.03290126	0.045177214	-0.04502023	0.048171055	-0.022803053	0.020653063	-0.051098824	0.069048576	-0.07564428	0.025454694	-0.023643913	0.07318658	-0.09516066	0.06842114	-0.10357453	0.09401755	-0.20211767	0.11273016	-0.1428732	0.11210115	-0.09652916	0.15388845	-0.22544742	0.1923013	-0.22830494	0.22982024	-0.25446284	0.1718692	-0.23957664	0.27649543	-0.7470449	0.05834661	-0.060581695	0.23994702	-0.32433552	0.99999684
