1.0	-0.69477606	0.16666196	-0.035911035	0.037926394	-0.40179437	0.31928205	-0.16931301	0.07044501	-0.07323719	0.22934198	-0.31844804	0.13801184	-0.06949285	0.06315922	-0.27788016	0.19988611	-0.14265566	0.056022335	-0.04462262	0.12686737	-0.12223607	0.07265682	-0.05170754	0.04579985	-0.07621163	0.09705132	-0.07527121	0.041680574	-0.048856433	0.05312609	-0.0850839	0.045309376	-0.03964869	0.029852273	-0.047323946	0.04467835	-0.049425498	0.03501145	-0.024692051	0.029629534	-0.037344437	0.0553871	-0.032447554	0.042422146
-0.69477606	1.0000001	-0.22889794	0.032881755	-0.03437048	0.23214066	-0.5798363	0.18543997	-0.063572675	0.061776113	-0.16560817	0.22418536	-0.10389311	0.054452438	-0.049060274	0.1690827	-0.15178919	0.0974759	-0.04064928	0.03253305	-0.08407096	0.07750707	-0.048677232	0.036494497	-0.03300433	0.046961136	-0.06276862	0.04940839	-0.028597835	0.033413645	-0.033067856	0.052225344	-0.028794173	0.025259534	-0.019071186	0.02909361	-0.027697861	0.031133795	-0.02228821	0.01574833	-0.01831603	0.022963779	-0.03487279	0.020516554	-0.02684355
0.16666196	-0.22889794	1.0000004	-0.08907716	0.08198724	-0.14669152	0.21739429	-0.8935189	0.15675299	-0.15591858	0.099001475	-0.14870141	0.07214635	-0.107284084	0.0859106	-0.116619684	0.09510834	-0.07127632	0.056550995	-0.048684448	0.060050085	-0.05684963	0.043222748	-0.047830284	0.045475487	-0.036749743	0.048635527	-0.04455239	0.033619016	-0.0405662	0.02612159	-0.04157647	0.02518069	-0.022970995	0.017406402	-0.023399176	0.022406982	-0.027123962	0.020040981	-0.014382157	0.014882055	-0.018644564	0.029986324	-0.018073754	0.023522913
-0.035911035	0.032881755	-0.08907716	1.0000005	-0.92225575	0.028921671	-0.038564965	0.08148677	-0.29440603	0.20345336	-0.021880848	0.030859461	-0.025972907	0.12790395	-0.10892859	0.02716561	-0.024039326	0.024986567	-0.059451345	0.052522905	-0.020573037	0.019254731	-0.025934318	0.046078917	-0.0476124	0.014969361	-0.020861208	0.026629964	-0.029549543	0.036033478	-0.0111494	0.017720666	-0.014050492	0.013831341	-0.010638187	0.010308107	-0.0101655265	0.01485075	-0.011861519	0.008767606	-0.0068155974	0.008448027	-0.016221056	0.010258326	-0.01327333
0.037926394	-0.03437048	0.08198724	-0.92225575	1.0000005	-0.031325612	0.040057234	-0.08167362	0.22487411	-0.26179376	0.023737604	-0.03350495	0.028865552	-0.14978836	0.118240215	-0.02986782	0.026321877	-0.027995322	0.06620487	-0.060390726	0.023022976	-0.021625612	0.029595254	-0.053410683	0.053299963	-0.01703892	0.023642186	-0.030679755	0.033971004	-0.042154934	0.012697243	-0.020221421	0.016124634	-0.015918966	0.012235235	-0.011776962	0.01161188	-0.017078338	0.013626925	-0.010096091	0.0077897105	-0.009660594	0.018590529	-0.011781689	0.015225259
-0.40179437	0.23214066	-0.14669152	0.028921671	-0.031325612	1.0000007	-0.39679152	0.12785544	-0.056943435	0.05571871	-0.69419116	0.27636686	-0.14766403	0.0557395	-0.052603725	0.2715561	-0.2436995	0.13080567	-0.047459748	0.036782805	-0.13281079	0.11004227	-0.06437006	0.043103114	-0.038515456	0.061798945	-0.08690063	0.06371107	-0.03462692	0.039766137	-0.043699063	0.06753715	-0.036802758	0.031847175	-0.02400855	0.037439466	-0.03585938	0.039487157	-0.028176606	0.019798419	-0.023544181	0.029359695	-0.04411911	0.025896203	-0.033908676
0.31928205	-0.5798363	0.21739429	-0.038564965	0.040057234	-0.39679152	1.0000006	-0.27644154	0.07722129	-0.075277135	0.2378295	-0.4559414	0.1438559	-0.06782733	0.060468577	-0.25690094	0.217179	-0.14144254	0.05176589	-0.041052304	0.113555714	-0.10782642	0.0648902	-0.0468587	0.041744534	-0.062528975	0.08240543	-0.06624311	0.036800165	-0.04294789	0.043653045	-0.06922482	0.0376134	-0.032828767	0.024485845	-0.038341958	0.03637324	-0.040687263	0.028827006	-0.020260712	0.02396467	-0.030111328	0.04448505	-0.026351161	0.034289934
-0.16931301	0.18543997	-0.8935189	0.08148677	-0.08167362	0.12785544	-0.27644154	1.0000005	-0.18903063	0.13910034	-0.09139868	0.13247164	-0.06715974	0.09821144	-0.081989236	0.100602165	-0.0883239	0.06383148	-0.052600693	0.044625714	-0.053715765	0.049935374	-0.038852558	0.04341984	-0.04213593	0.032070957	-0.043243967	0.03963809	-0.030447055	0.03641433	-0.0229002	0.036250748	-0.02227041	0.02033768	-0.015450642	0.02042519	-0.019628625	0.023898952	-0.01775674	0.012750925	-0.013028902	0.016286308	-0.02650861	0.015985424	-0.020829039
0.07044501	-0.063572675	0.15675299	-0.29440603	0.22487411	-0.056943435	0.07722129	-0.18903063	1.0000006	-0.7323447	0.043820865	-0.062287994	0.057732403	-0.43503767	0.27433398	-0.054746326	0.049500175	-0.05556212	0.15086904	-0.13274808	0.043401085	-0.04085981	0.060071364	-0.116446026	0.11586705	-0.03213379	0.04502127	-0.061943308	0.07120186	-0.08743565	0.024017511	-0.03823799	0.03150649	-0.031329997	0.023881389	-0.022261782	0.02202037	-0.033167865	0.026635533	-0.01971569	0.014716904	-0.0182383	0.035211097	-0.022668662	0.02912373
-0.07323719	0.061776113	-0.15591858	0.20345336	-0.26179376	0.05571871	-0.075277135	0.13910034	-0.7323447	1.0000006	-0.04381084	0.06089147	-0.058557507	0.29338506	-0.4598009	0.054486476	-0.049997445	0.055492513	-0.16343006	0.15312602	-0.04562988	0.042418916	-0.06382227	0.11913119	-0.14413872	0.03368191	-0.047914684	0.064278685	-0.07679155	0.09040424	-0.02534811	0.040146556	-0.03358307	0.033424854	-0.025734948	0.023468241	-0.023318771	0.035181545	-0.02862329	0.021153474	-0.015629161	0.01930951	-0.038227145	0.024446452	-0.03159757
0.22934198	-0.16560817	0.099001475	-0.021880848	0.023737604	-0.69419116	0.2378295	-0.09139868	0.043820865	-0.04381084	1.0000004	-0.38873947	0.14448586	-0.04671148	0.043753535	-0.48520982	0.25970194	-0.13918357	0.04208005	-0.032116637	0.1329783	-0.11735254	0.06160495	-0.038892243	0.03379794	-0.060464893	0.08185071	-0.06174178	0.031400833	-0.036030535	0.041869067	-0.06535666	0.034404013	-0.029520784	0.021776065	-0.035804138	0.03401179	-0.036994744	0.02589502	-0.018025937	0.022188732	-0.02780247	0.039621823	-0.023525441	0.030505193
-0.31844804	0.22418536	-0.14870141	0.030859461	-0.03350495	0.27636686	-0.4559414	0.13247164	-0.062287994	0.06089147	-0.38873947	1.0000002	-0.30243772	0.06613734	-0.06145431	0.30650988	-0.5510348	0.22677228	-0.05928935	0.04456094	-0.15189418	0.13633022	-0.08522958	0.053739537	-0.046671443	0.07123911	-0.102230415	0.08327354	-0.042482413	0.04855758	-0.05021584	0.07781593	-0.043462433	0.037370745	-0.027593682	0.042907443	-0.041130565	0.046332438	-0.032714833	0.022814944	-0.026837513	0.033487305	-0.049541615	0.029538333	-0.038340703
0.13801184	-0.10389311	0.07214635	-0.025972907	0.028865552	-0.14766403	0.1438559	-0.06715974	0.057732403	-0.058557507	0.14448586	-0.30243772	1.0	-0.09277527	0.07733249	-0.2149459	0.24263102	-0.86215144	0.09133029	-0.06403208	0.115401715	-0.11517227	0.14145061	-0.08336452	0.065335765	-0.06916453	0.09594411	-0.14533636	0.06156661	-0.07079832	0.049045775	-0.07830331	0.053039875	-0.045458518	0.031452622	-0.04339216	0.041840084	-0.055673253	0.038259592	-0.026249414	0.027112119	-0.03395853	0.051648416	-0.032603797	0.041179318
-0.06949285	0.054452438	-0.107284084	0.12790395	-0.14978836	0.0557395	-0.06782733	0.09821144	-0.43503767	0.29338506	-0.04671148	0.06613734	-0.09277527	0.99999994	-0.64952046	0.06122787	-0.059510335	0.08396649	-0.40690842	0.24212614	-0.05858904	0.05515266	-0.101389974	0.21289498	-0.23427658	0.044771638	-0.0648649	0.099723555	-0.12973537	0.14545594	-0.033989225	0.053925656	-0.048796833	0.049276404	-0.03723713	0.031562585	-0.03158804	0.050398722	-0.04161923	0.030621266	-0.021028137	0.02594908	-0.052097756	0.03438555	-0.04394284
0.06315922	-0.049060274	0.0859106	-0.10892859	0.118240215	-0.052603725	0.060468577	-0.081989236	0.27433398	-0.4598009	0.043753535	-0.06145431	0.07733249	-0.64952046	0.9999998	-0.058652	0.055377465	-0.07585268	0.25949946	-0.3886275	0.05843191	-0.055816475	0.10116973	-0.2234461	0.2340192	-0.047439586	0.06680988	-0.10687292	0.13128142	-0.16939995	0.03590805	-0.057539955	0.051828403	-0.052887205	0.039949488	-0.033760928	0.033640508	-0.054462813	0.04427844	-0.0331289	0.02243681	-0.027792031	0.05538809	-0.036816314	0.0467279
-0.27788016	0.1690827	-0.116619684	0.02716561	-0.02986782	0.2715561	-0.25690094	0.100602165	-0.054746326	0.054486476	-0.48520982	0.30650988	-0.2149459	0.06122787	-0.058652	0.9999998	-0.6163808	0.19169569	-0.05828909	0.043688796	-0.27672264	0.1911172	-0.09086489	0.05389951	-0.046759766	0.090233885	-0.12803856	0.08820537	-0.043916076	0.049755096	-0.06262913	0.09535641	-0.049351927	0.04191756	-0.030848332	0.05194459	-0.049584776	0.052699994	-0.03682204	0.025515012	-0.03210202	0.04003245	-0.056172866	0.033343934	-0.04321383
0.19988611	-0.15178919	0.09510834	-0.024039326	0.026321877	-0.2436995	0.217179	-0.0883239	0.049500175	-0.049997445	0.25970194	-0.5510348	0.24263102	-0.059510335	0.055377465	-0.6163808	0.99999994	-0.32318786	0.05898473	-0.04331982	0.18814072	-0.20424154	0.095547624	-0.055033162	0.04582038	-0.083248936	0.116624646	-0.09427191	0.04373143	-0.049770173	0.057177883	-0.08939038	0.04722386	-0.040067114	0.028820356	-0.048375398	0.04594342	-0.050413445	0.03474995	-0.023932302	0.029678479	-0.037206996	0.051334865	-0.030974237	0.03975248
-0.14265566	0.0974759	-0.07127632	0.024986567	-0.027995322	0.13080567	-0.14144254	0.06383148	-0.05556212	0.055492513	-0.13918357	0.22677228	-0.86215144	0.08396649	-0.07585268	0.19169569	-0.32318786	0.99999946	-0.09817921	0.0629559	-0.116225824	0.11040531	-0.17153628	0.08356639	-0.065878004	0.06417209	-0.094671205	0.1385393	-0.06083061	0.06767461	-0.04603767	0.07230665	-0.050510306	0.042861976	-0.029891925	0.0401238	-0.039046414	0.05201759	-0.03626146	0.024846185	-0.025226599	0.03141372	-0.04886161	0.030778317	-0.039040368
0.056022335	-0.04064928	0.056550995	-0.059451345	0.06620487	-0.047459748	0.05176589	-0.052600693	0.15086904	-0.16343006	0.04208005	-0.05928935	0.09133029	-0.40690842	0.25949946	-0.05828909	0.05898473	-0.09817921	0.999999	-0.43348196	0.06678583	-0.06622714	0.15816459	-0.6333672	0.30065098	-0.05474859	0.079444185	-0.16595332	0.22008234	-0.2734036	0.041630365	-0.067010514	0.06734395	-0.07058305	0.05051765	-0.03897024	0.039189696	-0.06892634	0.05685738	-0.042103797	0.025634622	-0.031733237	0.06249131	-0.044214502	0.054633163
-0.04462262	0.03253305	-0.048684448	0.052522905	-0.060390726	0.036782805	-0.041052304	0.044625714	-0.13274808	0.15312602	-0.032116637	0.04456094	-0.06403208	0.24212614	-0.3886275	0.043688796	-0.04331982	0.0629559	-0.43348196	0.99999875	-0.050172903	0.04820716	-0.10885709	0.2785149	-0.7271409	0.04034045	-0.059176683	0.10651141	-0.16182095	0.18037246	-0.030918337	0.04930774	-0.049146447	0.05124797	-0.037903868	0.028893752	-0.029151894	0.049975377	-0.042427965	0.031188237	-0.019223286	0.023714192	-0.04823543	0.033411447	-0.041946
0.12686737	-0.08407096	0.060050085	-0.020573037	0.023022976	-0.13281079	0.113555714	-0.053715765	0.043401085	-0.04562988	0.1329783	-0.15189418	0.115401715	-0.05858904	0.05843191	-0.27672264	0.18814072	-0.116225824	0.06678583	-0.050172903	0.999999	-0.78681016	0.14408961	-0.06963687	0.056817703	-0.24956769	0.27608857	-0.15076391	0.06238662	-0.070046686	0.15242377	-0.23731323	0.09574601	-0.078653775	0.054657213	-0.1230212	0.1129687	-0.104465924	0.06813676	-0.04573184	0.07161687	-0.09084613	0.10090369	-0.060835116	0.07672615
-0.12223607	0.07750707	-0.05684963	0.019254731	-0.021625612	0.11004227	-0.10782642	0.049935374	-0.04085981	0.042418916	-0.11735254	0.13633022	-0.11517227	0.05515266	-0.055816475	0.1911172	-0.20424154	0.11040531	-0.06622714	0.04820716	-0.78681016	0.999999	-0.17880575	0.06915305	-0.05588663	0.18933895	-0.42395744	0.15481995	-0.06041454	0.06559669	-0.129951	0.1893373	-0.083911866	0.06734133	-0.047047812	0.09726604	-0.09379525	0.08787669	-0.058531955	0.0391384	-0.05790984	0.07163975	-0.08509783	0.05143622	-0.06523565
0.07265682	-0.048677232	0.043222748	-0.025934318	0.029595254	-0.06437006	0.0648902	-0.038852558	0.060071364	-0.06382227	0.06160495	-0.08522958	0.14145061	-0.101389974	0.10116973	-0.09086489	0.095547624	-0.17153628	0.15816459	-0.10885709	0.14408961	-0.17880575	0.99999857	-0.23742749	0.13236588	-0.11244697	0.17532453	-0.85987306	0.16050436	-0.16670637	0.08160696	-0.13398306	0.13579689	-0.10671933	0.062321655	-0.07308049	0.07279126	-0.13270551	0.08270506	-0.05283326	0.045202836	-0.05633539	0.08903437	-0.062410463	0.07464592
-0.05170754	0.036494497	-0.047830284	0.046078917	-0.053410683	0.043103114	-0.0468587	0.04341984	-0.116446026	0.11913119	-0.038892243	0.053739537	-0.08336452	0.21289498	-0.2234461	0.05389951	-0.055033162	0.08356639	-0.6333672	0.2785149	-0.06963687	0.06915305	-0.23742749	0.9999981	-0.45920384	0.055253096	-0.08387638	0.18611419	-0.39028558	0.2716264	-0.042413667	0.06777789	-0.07378678	0.07782862	-0.053391572	0.03931521	-0.039943326	0.07203712	-0.06257681	0.04392197	-0.02592239	0.03195188	-0.06409344	0.046090737	-0.056898598
0.04579985	-0.03300433	0.045475487	-0.0476124	0.053299963	-0.038515456	0.041744534	-0.04213593	0.11586705	-0.14413872	0.03379794	-0.046671443	0.065335765	-0.23427658	0.2340192	-0.046759766	0.04582038	-0.065878004	0.30065098	-0.7271409	0.056817703	-0.05588663	0.13236588	-0.45920384	0.9999982	-0.047604106	0.06893403	-0.1389261	0.20441957	-0.27777398	0.036402736	-0.058571793	0.05976714	-0.063466646	0.046434663	-0.03424851	0.034517694	-0.06117083	0.051457644	-0.03857491	0.022652555	-0.028019972	0.05630289	-0.039967928	0.049479555
-0.07621163	0.046961136	-0.036749743	0.014969361	-0.01703892	0.061798945	-0.062528975	0.032070957	-0.03213379	0.03368191	-0.060464893	0.07123911	-0.06916453	0.044771638	-0.047439586	0.090233885	-0.083248936	0.06417209	-0.05474859	0.04034045	-0.24956769	0.18933895	-0.11244697	0.055253096	-0.047604106	0.9999983	-0.4875274	0.11239049	-0.05329254	0.057457697	-0.71809804	0.30363923	-0.11268027	0.08421136	-0.061574236	0.18906493	-0.19406365	0.11371131	-0.07713306	0.05062818	-0.111337416	0.117879055	-0.11937239	0.06884472	-0.08831913
0.09705132	-0.06276862	0.048635527	-0.020861208	0.023642186	-0.08690063	0.08240543	-0.043243967	0.04502127	-0.047914684	0.08185071	-0.102230415	0.09594411	-0.0648649	0.06680988	-0.12803856	0.116624646	-0.094671205	0.079444185	-0.059176683	0.27608857	-0.42395744	0.17532453	-0.08387638	0.06893403	-0.4875274	0.99999857	-0.21901675	0.08038709	-0.088518366	0.27838722	-0.5053683	0.1532157	-0.12075897	0.08067663	-0.21834984	0.20166697	-0.1651058	0.103697345	-0.0677938	0.12155022	-0.15417084	0.14904693	-0.090812884	0.11270334
-0.07527121	0.04940839	-0.04455239	0.026629964	-0.030679755	0.06371107	-0.06624311	0.03963809	-0.061943308	0.064278685	-0.06174178	0.08327354	-0.14533636	0.099723555	-0.10687292	0.08820537	-0.09427191	0.1385393	-0.16595332	0.10651141	-0.15076391	0.15481995	-0.85987306	0.18611419	-0.1389261	0.11239049	-0.21901675	0.9999985	-0.18600722	0.15754354	-0.08442708	0.13393438	-0.17007343	0.110559404	-0.065932944	0.07302429	-0.074733675	0.13442917	-0.08844125	0.055022508	-0.045850467	0.056375753	-0.09360302	0.06504669	-0.078885995
0.041680574	-0.028597835	0.033619016	-0.029549543	0.033971004	-0.03462692	0.036800165	-0.030447055	0.07120186	-0.07679155	0.031400833	-0.042482413	0.06156661	-0.12973537	0.13128142	-0.043916076	0.04373143	-0.06083061	0.22008234	-0.16182095	0.06238662	-0.06041454	0.16050436	-0.39028558	0.20441957	-0.05329254	0.08038709	-0.18600722	0.9999987	-0.83253855	0.042643543	-0.06856003	0.09375683	-0.13162646	0.07980297	-0.04068486	0.042362086	-0.08882995	0.0922007	-0.06634394	0.027420638	-0.033651963	0.075605966	-0.0608754	0.072433226
-0.048856433	0.033413645	-0.0405662	0.036033478	-0.042154934	0.039766137	-0.04294789	0.03641433	-0.08743565	0.09040424	-0.036030535	0.04855758	-0.07079832	0.14545594	-0.16939995	0.049755096	-0.049770173	0.06767461	-0.2734036	0.18037246	-0.070046686	0.06559669	-0.16670637	0.2716264	-0.27777398	0.057457697	-0.088518366	0.15754354	-0.83253855	0.99999875	-0.046368588	0.07324816	-0.09775727	0.11867084	-0.09737049	0.043942124	-0.045954954	0.09173472	-0.09859654	0.074602	-0.030090574	0.036729176	-0.08590594	0.06683044	-0.08276125
0.05312609	-0.033067856	0.02612159	-0.0111494	0.012697243	-0.043699063	0.043653045	-0.0229002	0.024017511	-0.02534811	0.041869067	-0.05021584	0.049045775	-0.033989225	0.03590805	-0.06262913	0.057177883	-0.04603767	0.041630365	-0.030918337	0.15242377	-0.129951	0.08160696	-0.042413667	0.036402736	-0.71809804	0.27838722	-0.08442708	0.042643543	-0.046368588	0.9999987	-0.5129091	0.114834055	-0.083117336	0.055303797	-0.2894919	0.22408451	-0.11880507	0.07329076	-0.04617481	0.124996565	-0.13962482	0.104491785	-0.06273999	0.07724796
-0.0850839	0.052225344	-0.04157647	0.017720666	-0.020221421	0.06753715	-0.06922482	0.036250748	-0.03823799	0.040146556	-0.06535666	0.07781593	-0.07830331	0.053925656	-0.057539955	0.09535641	-0.08939038	0.07230665	-0.067010514	0.04930774	-0.23731323	0.1893373	-0.13398306	0.06777789	-0.058571793	0.30363923	-0.5053683	0.13393438	-0.06856003	0.07324816	-0.5129091	0.9999986	-0.22843097	0.135075	-0.090642564	0.25914332	-0.4103879	0.18754083	-0.121560395	0.07462902	-0.15194827	0.16633597	-0.16583206	0.09951777	-0.1251801
0.045309376	-0.028794173	0.02518069	-0.014050492	0.016124634	-0.036802758	0.0376134	-0.02227041	0.03150649	-0.03358307	0.034404013	-0.043462433	0.053039875	-0.048796833	0.051828403	-0.049351927	0.04722386	-0.050510306	0.06734395	-0.049146447	0.09574601	-0.083911866	0.13579689	-0.07378678	0.05976714	-0.11268027	0.1532157	-0.17007343	0.09375683	-0.09775727	0.114834055	-0.22843097	0.9999988	-0.50364995	0.15128322	-0.12038034	0.1407575	-0.71872854	0.2777788	-0.13535926	0.07502893	-0.09135589	0.18678175	-0.16140035	0.16883264
-0.03964869	0.025259534	-0.022970995	0.013831341	-0.015918966	0.031847175	-0.032828767	0.02033768	-0.031329997	0.033424854	-0.029520784	0.037370745	-0.045458518	0.049276404	-0.052887205	0.04191756	-0.040067114	0.042861976	-0.07058305	0.05124797	-0.078653775	0.06734133	-0.10671933	0.07782862	-0.063466646	0.08421136	-0.12075897	0.110559404	-0.13162646	0.11867084	-0.083117336	0.135075	-0.50364995	0.9999984	-0.2662724	0.085423246	-0.099223256	0.30868253	-0.6642929	0.21158768	-0.061380763	0.073684275	-0.2287081	0.22467585	-0.2531715
0.029852273	-0.019071186	0.017406402	-0.010638187	0.012235235	-0.02400855	0.024485845	-0.015450642	0.023881389	-0.025734948	0.021776065	-0.027593682	0.031452622	-0.03723713	0.039949488	-0.030848332	0.028820356	-0.029891925	0.05051765	-0.037903868	0.054657213	-0.047047812	0.062321655	-0.053391572	0.046434663	-0.061574236	0.08067663	-0.065932944	0.07980297	-0.09737049	0.055303797	-0.090642564	0.15128322	-0.2662724	0.99999815	-0.06269482	0.06728943	-0.20127153	0.24287452	-0.8554021	0.04607541	-0.057217333	0.17048466	-0.20266952	0.22489761
-0.047323946	0.02909361	-0.023399176	0.010308107	-0.011776962	0.037439466	-0.038341958	0.02042519	-0.022261782	0.023468241	-0.035804138	0.042907443	-0.04339216	0.031562585	-0.033760928	0.05194459	-0.048375398	0.0401238	-0.03897024	0.028893752	-0.1230212	0.09726604	-0.07308049	0.03931521	-0.03424851	0.18906493	-0.21834984	0.07302429	-0.04068486	0.043942124	-0.2894919	0.25914332	-0.12038034	0.085423246	-0.06269482	0.99999815	-0.73738784	0.13305083	-0.08416412	0.051881153	-0.4159182	0.27614957	-0.13084118	0.07371876	-0.089281686
0.04467835	-0.027697861	0.022406982	-0.0101655265	0.01161188	-0.03585938	0.03637324	-0.019628625	0.02202037	-0.023318771	0.03401179	-0.041130565	0.041840084	-0.03158804	0.033640508	-0.049584776	0.04594342	-0.039046414	0.039189696	-0.029151894	0.1129687	-0.09379525	0.07279126	-0.039943326	0.034517694	-0.19406365	0.20166697	-0.074733675	0.042362086	-0.045954954	0.22408451	-0.4103879	0.1407575	-0.099223256	0.06728943	-0.73738784	0.9999981	-0.18232581	0.09475003	-0.056658763	0.25457805	-0.3451034	0.13308619	-0.07981315	0.09305229
-0.049425498	0.031133795	-0.027123962	0.01485075	-0.017078338	0.039487157	-0.040687263	0.023898952	-0.033167865	0.035181545	-0.036994744	0.046332438	-0.055673253	0.050398722	-0.054462813	0.052699994	-0.050413445	0.05201759	-0.06892634	0.049975377	-0.104465924	0.08787669	-0.13270551	0.07203712	-0.06117083	0.11371131	-0.1651058	0.13442917	-0.08882995	0.09173472	-0.11880507	0.18754083	-0.71872854	0.30868253	-0.20127153	0.13305083	-0.18232581	0.999998	-0.41214988	0.1649391	-0.08853111	0.10436302	-0.2688541	0.19863032	-0.22669278
0.03501145	-0.02228821	0.020040981	-0.011861519	0.013626925	-0.028176606	0.028827006	-0.01775674	0.026635533	-0.02862329	0.02589502	-0.032714833	0.038259592	-0.04161923	0.04427844	-0.03682204	0.03474995	-0.03626146	0.05685738	-0.042427965	0.06813676	-0.058531955	0.08270506	-0.06257681	0.051457644	-0.07713306	0.103697345	-0.08844125	0.0922007	-0.09859654	0.07329076	-0.121560395	0.2777788	-0.6642929	0.24287452	-0.08416412	0.09475003	-0.41214988	0.9999982	-0.31876838	0.059539035	-0.073410906	0.2240804	-0.3714545	0.25565138
-0.024692051	0.01574833	-0.014382157	0.008767606	-0.010096091	0.019798419	-0.020260712	0.012750925	-0.01971569	0.021153474	-0.018025937	0.022814944	-0.026249414	0.030621266	-0.0331289	0.025515012	-0.023932302	0.024846185	-0.042103797	0.031188237	-0.04573184	0.0391384	-0.05283326	0.04392197	-0.03857491	0.05062818	-0.0677938	0.055022508	-0.06634394	0.074602	-0.04617481	0.07462902	-0.13535926	0.21158768	-0.8554021	0.051881153	-0.056658763	0.1649391	-0.31876838	0.9999982	-0.039158188	0.048211362	-0.1606093	0.19339195	-0.29250294
0.029629534	-0.01831603	0.014882055	-0.0068155974	0.0077897105	-0.023544181	0.02396467	-0.013028902	0.014716904	-0.015629161	0.022188732	-0.026837513	0.027112119	-0.021028137	0.02243681	-0.03210202	0.029678479	-0.025226599	0.025634622	-0.019223286	0.07161687	-0.05790984	0.045202836	-0.02592239	0.022652555	-0.111337416	0.12155022	-0.045850467	0.027420638	-0.030090574	0.124996565	-0.15194827	0.07502893	-0.061380763	0.04607541	-0.4159182	0.25457805	-0.08853111	0.059539035	-0.039158188	0.99999815	-0.8459072	0.12333885	-0.064857	0.070952475
-0.037344437	0.022963779	-0.018644564	0.008448027	-0.009660594	0.029359695	-0.030111328	0.016286308	-0.0182383	0.01930951	-0.02780247	0.033487305	-0.03395853	0.02594908	-0.027792031	0.04003245	-0.037206996	0.03141372	-0.031733237	0.023714192	-0.09084613	0.07163975	-0.05633539	0.03195188	-0.028019972	0.117879055	-0.15417084	0.056375753	-0.033651963	0.036729176	-0.13962482	0.16633597	-0.09135589	0.073684275	-0.057217333	0.27614957	-0.3451034	0.10436302	-0.073410906	0.048211362	-0.8459072	0.9999983	-0.17305669	0.080255985	-0.089970425
0.0553871	-0.03487279	0.029986324	-0.016221056	0.018590529	-0.04411911	0.04448505	-0.02650861	0.035211097	-0.038227145	0.039621823	-0.049541615	0.051648416	-0.052097756	0.05538809	-0.056172866	0.051334865	-0.04886161	0.06249131	-0.04823543	0.10090369	-0.08509783	0.08903437	-0.06409344	0.05630289	-0.11937239	0.14904693	-0.09360302	0.075605966	-0.08590594	0.104491785	-0.16583206	0.18678175	-0.2287081	0.17048466	-0.13084118	0.13308619	-0.2688541	0.2240804	-0.1606093	0.12333885	-0.17305669	0.99999815	-0.49697033	0.30922812
-0.032447554	0.020516554	-0.018073754	0.010258326	-0.011781689	0.025896203	-0.026351161	0.015985424	-0.022668662	0.024446452	-0.023525441	0.029538333	-0.032603797	0.03438555	-0.036816314	0.033343934	-0.030974237	0.030778317	-0.044214502	0.033411447	-0.060835116	0.05143622	-0.062410463	0.046090737	-0.039967928	0.06884472	-0.090812884	0.06504669	-0.0608754	0.06683044	-0.06273999	0.09951777	-0.16140035	0.22467585	-0.20266952	0.07371876	-0.07981315	0.19863032	-0.3714545	0.19339195	-0.064857	0.080255985	-0.49697033	0.9999981	-0.6895092
0.042422146	-0.02684355	0.023522913	-0.01327333	0.015225259	-0.033908676	0.034289934	-0.020829039	0.02912373	-0.03159757	0.030505193	-0.038340703	0.041179318	-0.04394284	0.0467279	-0.04321383	0.03975248	-0.039040368	0.054633163	-0.041946	0.07672615	-0.06523565	0.07464592	-0.056898598	0.049479555	-0.08831913	0.11270334	-0.078885995	0.072433226	-0.08276125	0.07724796	-0.1251801	0.16883264	-0.2531715	0.22489761	-0.089281686	0.09305229	-0.22669278	0.25565138	-0.29250294	0.070952475	-0.089970425	0.30922812	-0.6895092	0.9999981
