1.0	-0.50863105	0.29827315	-0.16630323	0.13931087	-0.12479127	0.2006998	-0.23629253	0.20499943	-0.37610292	0.1064007	-0.19830224	0.1799135	-0.24877349	0.09910451	-0.1690997	0.14833745	-0.17726508	0.17678374	-0.10430211	0.14519535	-0.13003135	0.21910855	-0.13460174	0.1324886	-0.12146681	0.12428803	-0.12484777	0.14257315	-0.1136949	0.12641479	-0.12005983	0.13386847	-0.103777364	0.09107759	-0.0955091	0.104152024	-0.11191851	0.08538469	-0.08374536	0.13767405	-0.06604295	0.072734594	-0.06193456	0.064035535
-0.50863105	1.0	-0.7488245	0.13740696	-0.125808	0.064510465	-0.21715483	0.20188466	-0.1611393	0.21447103	-0.061387654	0.15830635	-0.14194946	0.15924129	-0.06305679	0.1074406	-0.101990335	0.122890316	-0.1232182	0.06447026	-0.093597755	0.08442356	-0.14274102	0.087911494	-0.087360054	0.07622617	-0.07914142	0.079257384	-0.0922516	0.072294	-0.079023935	0.075109266	-0.084908724	0.06529721	-0.057852995	0.05894316	-0.06482948	0.06920996	-0.053489577	0.0522047	-0.084844835	0.04067221	-0.044926297	0.038411327	-0.039949887
0.29827315	-0.7488245	1.0000001	-0.21567616	0.16118063	-0.063103005	0.20026341	-0.30885562	0.2015999	-0.2967324	0.058906928	-0.17846358	0.16393232	-0.20397642	0.078221835	-0.12235286	0.11291157	-0.14930566	0.14514948	-0.08059862	0.10508982	-0.095605746	0.1609767	-0.10417914	0.102406524	-0.086920805	0.0897227	-0.09083133	0.10682454	-0.08484698	0.08964745	-0.08589305	0.09673295	-0.0759666	0.06719445	-0.06725429	0.07414504	-0.07971942	0.061862934	-0.060677145	0.096269265	-0.046703737	0.051454477	-0.044505835	0.046185758
-0.16630323	0.13740696	-0.21567616	1.0000001	-0.9037938	0.03413207	-0.10430268	0.12968919	-0.1648269	0.23162456	-0.03297187	0.089050405	-0.097384095	0.12323424	-0.05412934	0.06982348	-0.0679449	0.086193375	-0.097081214	0.052474108	-0.06906417	0.061005548	-0.11272496	0.068381205	-0.070649706	0.056687728	-0.05966755	0.061083503	-0.07380175	0.056517616	-0.060913917	0.05677691	-0.06661841	0.050751884	-0.045630645	0.045322835	-0.050049115	0.05275904	-0.041746788	0.040368617	-0.066638745	0.03128665	-0.03493872	0.029717525	-0.03125498
0.13931087	-0.125808	0.16118063	-0.9037938	0.99999976	-0.030395007	0.093500935	-0.12339272	0.1470061	-0.31578258	0.029200623	-0.08203923	0.088142395	-0.11914971	0.052402843	-0.06319087	0.06084854	-0.07947119	0.087871194	-0.051377922	0.061130933	-0.054324586	0.099112645	-0.06211338	0.063662365	-0.050352294	0.05283714	-0.054224014	0.06578094	-0.05094727	0.053713832	-0.050391894	0.058827117	-0.04541962	0.0407657	-0.040045343	0.044300064	-0.046925455	0.03717918	-0.036089715	0.058550924	-0.027737329	0.030899331	-0.026495181	0.027807346
-0.12479127	0.064510465	-0.063103005	0.03413207	-0.030395007	1.0	-0.09775091	0.0677359	-0.057421308	0.079481624	-0.9604801	0.0976461	-0.069065854	0.067903295	-0.027696617	0.14604662	-0.12340594	0.06178985	-0.058879152	0.028659435	-0.08903486	0.07242923	-0.08654324	0.044695724	-0.043718386	0.057542957	-0.059474945	0.049447216	-0.049256176	0.038403507	-0.054303166	0.051342048	-0.051905155	0.036470044	-0.031568892	0.038321834	-0.040994406	0.04299267	-0.03052899	0.029591259	-0.053012352	0.024989232	-0.027159965	0.02201061	-0.022564223
0.2006998	-0.21715483	0.20026341	-0.10430268	0.093500935	-0.09775091	1.0	-0.42732784	0.22620454	-0.24809118	0.09014682	-0.71767575	0.26017687	-0.23537028	0.08361364	-0.21004997	0.20061663	-0.21800853	0.1770265	-0.08593725	0.13909362	-0.1376158	0.18600038	-0.12171439	0.115945354	-0.108953334	0.11192054	-0.10661279	0.11987531	-0.09574634	0.10403252	-0.103310116	0.11012324	-0.08562796	0.07521169	-0.0765977	0.084673785	-0.091513716	0.06926656	-0.06814453	0.10553913	-0.05258729	0.05721655	-0.049693257	0.0512042
-0.23629253	0.20188466	-0.30885562	0.12968919	-0.12339272	0.0677359	-0.42732784	0.9999999	-0.6018247	0.2841017	-0.0653905	0.25925148	-0.3642852	0.275336	-0.10111214	0.14652677	-0.1485383	0.22474597	-0.22268718	0.09824043	-0.12912406	0.118696935	-0.20539612	0.13886909	-0.13821554	0.10406182	-0.109451346	0.11200024	-0.13809359	0.1071991	-0.10683905	0.10291005	-0.1186306	0.093786605	-0.084268354	0.07915945	-0.08855874	0.09481671	-0.075549066	0.07378626	-0.11284086	0.055149406	-0.060946736	0.053583685	-0.056046374
0.20499943	-0.1611393	0.2015999	-0.1648269	0.1470061	-0.057421308	0.22620454	-0.6018247	0.9999997	-0.4906023	0.054915477	-0.2007942	0.22576994	-0.47224024	0.12102061	-0.12790053	0.12369329	-0.199312	0.21431063	-0.11748668	0.11466446	-0.1050504	0.18457927	-0.13672924	0.13493319	-0.094357565	0.098854914	-0.10315066	0.13118833	-0.1037774	0.097626165	-0.09415456	0.10928364	-0.08905788	0.08024979	-0.07281884	0.08178254	-0.0879538	0.07118721	-0.06984056	0.1040066	-0.05115726	0.05658917	-0.050466426	0.052834585
-0.37610292	0.21447103	-0.2967324	0.23162456	-0.31578258	0.079481624	-0.24809118	0.2841017	-0.4906023	0.9999998	-0.07763918	0.20410845	-0.2393073	0.28697032	-0.15761144	0.16729948	-0.16680624	0.20635127	-0.2472514	0.13900773	-0.17483868	0.1528601	-0.29209766	0.17290951	-0.18366021	0.14296961	-0.15163426	0.15580568	-0.19042489	0.14390147	-0.1559098	0.14386748	-0.17142765	0.12914845	-0.11696868	0.11561672	-0.12777078	0.13367018	-0.106621034	0.102532156	-0.17163073	0.07962789	-0.08937352	0.07556612	-0.07989549
0.1064007	-0.061387654	0.058906928	-0.03297187	0.029200623	-0.9604801	0.09014682	-0.0653905	0.054915477	-0.07763918	0.9999998	-0.10123581	0.06588521	-0.06572884	0.026563471	-0.17514698	0.11662467	-0.059825633	0.055860072	-0.027573952	0.08333827	-0.06968083	0.080623254	-0.042503983	0.041356325	-0.054890122	0.055952158	-0.046692666	0.04643524	-0.036434684	0.05083358	-0.04867321	0.048692238	-0.034540568	0.029839832	-0.036063988	0.03860127	-0.040725533	0.028848711	-0.028041357	0.049479216	-0.023587115	0.0255551	-0.020834576	0.021312073
-0.19830224	0.15830635	-0.17846358	0.089050405	-0.08203923	0.0976461	-0.71767575	0.25925148	-0.2007942	0.20410845	-0.10123581	0.9999998	-0.39395827	0.20560984	-0.07886991	0.21690513	-0.30957672	0.2264462	-0.19196306	0.080070585	-0.15957133	0.15599927	-0.20918924	0.12579072	-0.12143265	0.11769382	-0.1250627	0.11459436	-0.12676571	0.099027865	-0.11295113	0.11087076	-0.11908279	0.08931606	-0.078715116	0.081699006	-0.09043629	0.09643943	-0.07265117	0.07093868	-0.11310347	0.055493444	-0.060575165	0.05183256	-0.053581785
0.1799135	-0.14194946	0.16393232	-0.097384095	0.088142395	-0.069065854	0.26017687	-0.3642852	0.22576994	-0.2393073	0.06588521	-0.39395827	0.9999996	-0.31206146	0.10075271	-0.16925855	0.16868801	-0.66645247	0.26696524	-0.104820065	0.13260086	-0.13009277	0.21293212	-0.16778235	0.14537306	-0.108449236	0.11255003	-0.11866964	0.14165707	-0.11578511	0.10577328	-0.10654965	0.1191929	-0.09881753	0.08722445	-0.078880794	0.08913967	-0.09799452	0.07745694	-0.07710129	0.108366095	-0.0556781	0.06061378	-0.055209722	0.056983735
-0.24877349	0.15924129	-0.20397642	0.12323424	-0.11914971	0.067903295	-0.23537028	0.275336	-0.47224024	0.28697032	-0.06572884	0.20560984	-0.31206146	0.99999964	-0.25608224	0.1568936	-0.15592988	0.2642047	-0.491955	0.19600697	-0.15534702	0.14091337	-0.26735592	0.23471099	-0.24524273	0.12968999	-0.13781297	0.15066703	-0.21886532	0.16844764	-0.13634509	0.13216761	-0.16001467	0.13850972	-0.12858808	0.10195606	-0.11720789	0.12642093	-0.108858645	0.10660007	-0.14567989	0.073212706	-0.08145014	0.075847305	-0.08041738
0.09910451	-0.06305679	0.078221835	-0.05412934	0.052402843	-0.027696617	0.08361364	-0.10111214	0.12102061	-0.15761144	0.026563471	-0.07886991	0.10075271	-0.25608224	0.99999964	-0.0659315	0.06303112	-0.10166682	0.14463636	-0.91474307	0.065246046	-0.05995523	0.11189839	-0.14080742	0.16660407	-0.056658044	0.059836898	-0.06912164	0.108355366	-0.11126878	0.058983713	-0.058977548	0.071828164	-0.07499016	0.06949602	-0.044802815	0.05293429	-0.059021544	0.054524772	-0.05633127	0.06270523	-0.03346571	0.036936235	-0.038047366	0.039809886
-0.1690997	0.1074406	-0.12235286	0.06982348	-0.06319087	0.14604662	-0.21004997	0.14652677	-0.12790053	0.16729948	-0.17514698	0.21690513	-0.16925855	0.1568936	-0.0659315	0.99999964	-0.72748137	0.15809542	-0.14854252	0.06820074	-0.40149456	0.28651524	-0.2600536	0.11704163	-0.11341906	0.1998755	-0.2101569	0.14991222	-0.13329646	0.10326722	-0.17498545	0.16489029	-0.154448	0.10126941	-0.08635596	0.117229655	-0.12397418	0.12771246	-0.08581702	0.08267111	-0.15713537	0.073365465	-0.07884121	0.061741944	-0.0627022
0.14833745	-0.101990335	0.11291157	-0.0679449	0.06084854	-0.12340594	0.20061663	-0.1485383	0.12369329	-0.16680624	0.11662467	-0.30957672	0.16868801	-0.15592988	0.06303112	-0.72748137	0.9999997	-0.17406042	0.14033811	-0.065839924	0.27622628	-0.42194742	0.22502513	-0.110810965	0.10415402	-0.18745375	0.1935285	-0.14067383	0.1205203	-0.09608543	0.14865004	-0.15873407	0.13711026	-0.093569174	0.07890085	-0.10356672	0.111409396	-0.11873544	0.07828154	-0.07641409	0.13207163	-0.06649072	0.07014897	-0.056670044	0.0569256
-0.17726508	0.122890316	-0.14930566	0.086193375	-0.07947119	0.06178985	-0.21800853	0.22474597	-0.199312	0.20635127	-0.059825633	0.2264462	-0.66645247	0.2642047	-0.10166682	0.15809542	-0.17406042	0.9999996	-0.49606794	0.1032932	-0.14127718	0.13722278	-0.28299493	0.20451446	-0.18241315	0.11489723	-0.12211162	0.13513274	-0.1695694	0.13313527	-0.11363337	0.114685506	-0.13494106	0.1114552	-0.10007344	0.084327176	-0.09682107	0.10626568	-0.08644602	0.08561893	-0.11604598	0.060017828	-0.06561777	0.060763445	-0.06320565
0.17678374	-0.1232182	0.14514948	-0.097081214	0.087871194	-0.058879152	0.1770265	-0.22268718	0.21431063	-0.2472514	0.055860072	-0.19196306	0.26696524	-0.491955	0.14463636	-0.14854252	0.14033811	-0.49606794	0.9999999	-0.15698205	0.13274936	-0.12757471	0.23159303	-0.47701648	0.25075272	-0.1154402	0.12046527	-0.14159428	0.21117496	-0.18696727	0.11514708	-0.11854501	0.13989833	-0.14055714	0.124916255	-0.08764549	0.10296425	-0.116498955	0.10208474	-0.104819015	0.1194152	-0.06502854	0.070850134	-0.071750045	0.07420204
-0.10430211	0.06447026	-0.08059862	0.052474108	-0.051377922	0.028659435	-0.08593725	0.09824043	-0.11748668	0.13900773	-0.027573952	0.080070585	-0.104820065	0.19600697	-0.91474307	0.06820074	-0.065839924	0.1032932	-0.15698205	0.99999964	-0.06908906	0.063134424	-0.12027196	0.14438458	-0.21961574	0.059742678	-0.06348285	0.07339808	-0.11927614	0.116554834	-0.06270699	0.06230283	-0.076980345	0.07895004	-0.07550636	0.04747954	-0.056238182	0.062209003	-0.058233876	0.059338454	-0.06684975	0.03541462	-0.03927478	0.040223178	-0.042521186
0.14519535	-0.093597755	0.10508982	-0.06906417	0.061130933	-0.08903486	0.13909362	-0.12912406	0.11466446	-0.17483868	0.08333827	-0.15957133	0.13260086	-0.15534702	0.065246046	-0.40149456	0.27622628	-0.14127718	0.13274936	-0.06908906	0.9999997	-0.61054	0.25845107	-0.11941594	0.111992836	-0.4651637	0.28701442	-0.18598098	0.1387166	-0.11223707	0.2302832	-0.23815697	0.17559719	-0.11512252	0.09443274	-0.15383913	0.15281591	-0.16311918	0.098441385	-0.09615075	0.1768813	-0.089746065	0.09200057	-0.07191457	0.070774175
-0.13003135	0.08442356	-0.095605746	0.061005548	-0.054324586	0.07242923	-0.1376158	0.118696935	-0.1050504	0.1528601	-0.06968083	0.15599927	-0.13009277	0.14091337	-0.05995523	0.28651524	-0.42194742	0.13722278	-0.12757471	0.063134424	-0.61054	0.9999997	-0.36171347	0.115496285	-0.1074843	0.2731314	-0.42971015	0.19056003	-0.13469939	0.1056577	-0.20734645	0.22320142	-0.18083753	0.107971475	-0.0890708	0.13259846	-0.1461488	0.1482787	-0.09173842	0.088463575	-0.16380686	0.08187223	-0.08567491	0.065946296	-0.06559566
0.21910855	-0.14274102	0.1609767	-0.11272496	0.099112645	-0.08654324	0.18600038	-0.20539612	0.18457927	-0.29209766	0.080623254	-0.20918924	0.21293212	-0.26735592	0.11189839	-0.2600536	0.22502513	-0.28299493	0.23159303	-0.12027196	0.25845107	-0.36171347	0.9999996	-0.25209567	0.1993989	-0.24524213	0.25146145	-0.4255019	0.23577356	-0.19792126	0.21091141	-0.2494092	0.27533752	-0.1904059	0.15362722	-0.16164263	0.18609497	-0.22113946	0.14795211	-0.14921786	0.19995202	-0.11526876	0.12009257	-0.10755922	0.10624182
-0.13460174	0.087911494	-0.10417914	0.068381205	-0.06211338	0.044695724	-0.12171439	0.13886909	-0.13672924	0.17290951	-0.042503983	0.12579072	-0.16778235	0.23471099	-0.14080742	0.11704163	-0.110810965	0.20451446	-0.47701648	0.14438458	-0.11941594	0.115496285	-0.25209567	0.99999964	-0.6387543	0.107941404	-0.1165524	0.15590918	-0.37928754	0.26943165	-0.109301604	0.11603628	-0.15248929	0.18096848	-0.17446572	0.08369121	-0.10479794	0.12000573	-0.123555936	0.1259108	-0.11258086	0.06557455	-0.0721323	0.08205942	-0.08725461
0.1324886	-0.087360054	0.102406524	-0.070649706	0.063662365	-0.043718386	0.115945354	-0.13821554	0.13493319	-0.18366021	0.041356325	-0.12143265	0.14537306	-0.24524273	0.16660407	-0.11341906	0.10415402	-0.18241315	0.25075272	-0.21961574	0.111992836	-0.1074843	0.1993989	-0.6387543	0.9999995	-0.10423552	0.110334635	-0.1462412	0.28732464	-0.50897753	0.10551179	-0.11335878	0.1434582	-0.20696215	0.19950293	-0.08217093	0.1039622	-0.122735314	0.13168058	-0.14774239	0.109480314	-0.06627191	0.07233817	-0.08953005	0.09283729
-0.12146681	0.07622617	-0.086920805	0.056687728	-0.050352294	0.057542957	-0.108953334	0.10406182	-0.094357565	0.14296961	-0.054890122	0.11769382	-0.108449236	0.12968999	-0.056658044	0.1998755	-0.18745375	0.11489723	-0.1154402	0.059742678	-0.4651637	0.2731314	-0.24524213	0.107941404	-0.10423552	0.9999996	-0.5094923	0.19499484	-0.1389069	0.10785862	-0.5339279	0.29095337	-0.20409262	0.116194434	-0.09539116	0.2214516	-0.19296274	0.18121998	-0.10439767	0.098659396	-0.2675209	0.104000606	-0.10813184	0.07522537	-0.074334785
0.12428803	-0.07914142	0.0897227	-0.05966755	0.05283714	-0.059474945	0.11192054	-0.109451346	0.098854914	-0.15163426	0.055952158	-0.1250627	0.11255003	-0.13781297	0.059836898	-0.2101569	0.1935285	-0.12211162	0.12046527	-0.06348285	0.28701442	-0.42971015	0.25146145	-0.1165524	0.110334635	-0.5094923	0.9999996	-0.30078575	0.15164542	-0.11910816	0.28005654	-0.5302401	0.239825	-0.13033552	0.1038683	-0.1786304	0.20998345	-0.21218263	0.11377505	-0.10885933	0.19761756	-0.110900365	0.110581554	-0.081544474	0.07923874
-0.12484777	0.079257384	-0.09083133	0.061083503	-0.054224014	0.049447216	-0.10661279	0.11200024	-0.10315066	0.15580568	-0.046692666	0.11459436	-0.11866964	0.15066703	-0.06912164	0.14991222	-0.14067383	0.13513274	-0.14159428	0.07339808	-0.18598098	0.19056003	-0.4255019	0.15590918	-0.1462412	0.19499484	-0.30078575	0.99999964	-0.2919668	0.1704581	-0.19174916	0.24088782	-0.71356046	0.18960291	-0.14664	0.13586295	-0.18676801	0.20898141	-0.13977194	0.13094066	-0.17154615	0.10118484	-0.1097675	0.09328766	-0.09423865
0.14257315	-0.0922516	0.10682454	-0.07380175	0.06578094	-0.049256176	0.11987531	-0.13809359	0.13118833	-0.19042489	0.04643524	-0.12676571	0.14165707	-0.21886532	0.108355366	-0.13329646	0.1205203	-0.1695694	0.21117496	-0.11927614	0.1387166	-0.13469939	0.23577356	-0.37928754	0.28732464	-0.1389069	0.15164542	-0.2919668	0.9999996	-0.5514875	0.13897459	-0.15948217	0.22593804	-0.4561135	0.28252462	-0.10918115	0.14512634	-0.1784268	0.20120712	-0.21786991	0.14100286	-0.09187768	0.0994222	-0.13318478	0.13373983
-0.1136949	0.072294	-0.08484698	0.056517616	-0.05094727	0.038403507	-0.09574634	0.1071991	-0.1037774	0.14390147	-0.036434684	0.099027865	-0.11578511	0.16844764	-0.11126878	0.10326722	-0.09608543	0.13313527	-0.18696727	0.116554834	-0.11223707	0.1056577	-0.19792126	0.26943165	-0.50897753	0.10785862	-0.11910816	0.1704581	-0.5514875	0.9999993	-0.113553755	0.12316938	-0.17684057	0.28554043	-0.46676317	0.088676095	-0.12183132	0.14196573	-0.19318666	0.20504776	-0.11861461	0.076282404	-0.08542378	0.118203975	-0.13242543
0.12641479	-0.079023935	0.08964745	-0.060913917	0.053713832	-0.054303166	0.10403252	-0.10683905	0.097626165	-0.1559098	0.05083358	-0.11295113	0.10577328	-0.13634509	0.058983713	-0.17498545	0.14865004	-0.11363337	0.11514708	-0.06270699	0.2302832	-0.20734645	0.21091141	-0.109301604	0.10551179	-0.5339279	0.28005654	-0.19174916	0.13897459	-0.113553755	0.9999993	-0.4555149	0.19955453	-0.12611452	0.101448044	-0.48436493	0.2327351	-0.23019795	0.11678232	-0.11203526	0.29387617	-0.12683322	0.12239146	-0.08570976	0.0820704
-0.12005983	0.075109266	-0.08589305	0.05677691	-0.050391894	0.051342048	-0.103310116	0.10291005	-0.09415456	0.14386748	-0.04867321	0.11087076	-0.10654965	0.13216761	-0.058977548	0.16489029	-0.15873407	0.114685506	-0.11854501	0.06230283	-0.23815697	0.22320142	-0.2494092	0.11603628	-0.11335878	0.29095337	-0.5302401	0.24088782	-0.15948217	0.12316938	-0.4555149	0.99999934	-0.3369124	0.14260057	-0.115255356	0.23035395	-0.42032275	0.26394412	-0.13617028	0.12287325	-0.26522255	0.14758666	-0.15262759	0.09469274	-0.0929385
0.13386847	-0.084908724	0.09673295	-0.06661841	0.058827117	-0.051905155	0.11012324	-0.1186306	0.10928364	-0.17142765	0.048692238	-0.11908279	0.1191929	-0.16001467	0.071828164	-0.154448	0.13711026	-0.13494106	0.13989833	-0.076980345	0.17559719	-0.18083753	0.27533752	-0.15248929	0.1434582	-0.20409262	0.239825	-0.71356046	0.22593804	-0.17684057	0.19955453	-0.3369124	0.9999995	-0.24500857	0.16079861	-0.15209852	0.2193662	-0.3168957	0.16393213	-0.1556651	0.17863801	-0.11994931	0.12486348	-0.10991163	0.10696213
-0.103777364	0.06529721	-0.0759666	0.050751884	-0.04541962	0.036470044	-0.08562796	0.093786605	-0.08905788	0.12914845	-0.034540568	0.08931606	-0.09881753	0.13850972	-0.07499016	0.10126941	-0.093569174	0.1114552	-0.14055714	0.07895004	-0.11512252	0.107971475	-0.1904059	0.18096848	-0.20696215	0.116194434	-0.13033552	0.18960291	-0.4561135	0.28554043	-0.12611452	0.14260057	-0.24500857	0.99999976	-0.6192655	0.1006619	-0.15583093	0.1874815	-0.40030727	0.28917265	-0.13231163	0.09459362	-0.10755023	0.17413464	-0.1946614
0.09107759	-0.057852995	0.06719445	-0.045630645	0.0407657	-0.031568892	0.07521169	-0.084268354	0.08024979	-0.11696868	0.029839832	-0.078715116	0.08722445	-0.12858808	0.06949602	-0.08635596	0.07890085	-0.10007344	0.124916255	-0.07550636	0.09443274	-0.0890708	0.15362722	-0.17446572	0.19950293	-0.09539116	0.1038683	-0.14664	0.28252462	-0.46676317	0.101448044	-0.115255356	0.16079861	-0.6192655	0.99999964	-0.08227053	0.12344135	-0.15739156	0.27059236	-0.46596286	0.10675845	-0.07938123	0.08802645	-0.16533329	0.17358285
-0.0955091	0.05894316	-0.06725429	0.045322835	-0.040045343	0.038321834	-0.0765977	0.07915945	-0.07281884	0.11561672	-0.036063988	0.081699006	-0.078880794	0.10195606	-0.044802815	0.117229655	-0.10356672	0.084327176	-0.08764549	0.04747954	-0.15383913	0.13259846	-0.16164263	0.08369121	-0.08217093	0.2214516	-0.1786304	0.13586295	-0.10918115	0.088676095	-0.48436493	0.23035395	-0.15209852	0.1006619	-0.08227053	0.9999998	-0.28586808	0.20570728	-0.10107726	0.0936359	-0.74537313	0.12688805	-0.12483093	0.073754825	-0.07091067
0.104152024	-0.06482948	0.07414504	-0.050049115	0.044300064	-0.040994406	0.084673785	-0.08855874	0.08178254	-0.12777078	0.03860127	-0.09043629	0.08913967	-0.11720789	0.05293429	-0.12397418	0.111409396	-0.09682107	0.10296425	-0.056238182	0.15281591	-0.1461488	0.18609497	-0.10479794	0.1039622	-0.19296274	0.20998345	-0.18676801	0.14512634	-0.12183132	0.2327351	-0.42032275	0.2193662	-0.15583093	0.12344135	-0.28586808	0.9999996	-0.6691728	0.18365306	-0.16383985	0.23733167	-0.3131631	0.2327378	-0.12832469	0.116055146
-0.11191851	0.06920996	-0.07971942	0.05275904	-0.046925455	0.04299267	-0.091513716	0.09481671	-0.0879538	0.13367018	-0.040725533	0.09643943	-0.09799452	0.12642093	-0.059021544	0.12771246	-0.11873544	0.10626568	-0.116498955	0.062209003	-0.16311918	0.1482787	-0.22113946	0.12000573	-0.122735314	0.18121998	-0.21218263	0.20898141	-0.1784268	0.14196573	-0.23019795	0.26394412	-0.3168957	0.1874815	-0.15739156	0.20570728	-0.6691728	0.99999964	-0.32186475	0.19864921	-0.25885817	0.21944088	-0.27190742	0.15639153	-0.15273628
0.08538469	-0.053489577	0.061862934	-0.041746788	0.03717918	-0.03052899	0.06926656	-0.075549066	0.07118721	-0.106621034	0.028848711	-0.07265117	0.07745694	-0.108858645	0.054524772	-0.08581702	0.07828154	-0.08644602	0.10208474	-0.058233876	0.098441385	-0.09173842	0.14795211	-0.123555936	0.13168058	-0.10439767	0.11377505	-0.13977194	0.20120712	-0.19318666	0.11678232	-0.13617028	0.16393213	-0.40030727	0.27059236	-0.10107726	0.18365306	-0.32186475	0.99999964	-0.64036524	0.12656814	-0.11717357	0.12948851	-0.40155986	0.27827346
-0.08374536	0.0522047	-0.060677145	0.040368617	-0.036089715	0.029591259	-0.06814453	0.07378626	-0.06984056	0.102532156	-0.028041357	0.07093868	-0.07710129	0.10660007	-0.05633127	0.08267111	-0.07641409	0.08561893	-0.104819015	0.059338454	-0.09615075	0.088463575	-0.14921786	0.1259108	-0.14774239	0.098659396	-0.10885933	0.13094066	-0.21786991	0.20504776	-0.11203526	0.12287325	-0.1556651	0.28917265	-0.46596286	0.0936359	-0.16383985	0.19864921	-0.64036524	0.9999996	-0.123530015	0.102156684	-0.119209066	0.26937985	-0.39626622
0.13767405	-0.084844835	0.096269265	-0.066638745	0.058550924	-0.053012352	0.10553913	-0.11284086	0.1040066	-0.17163073	0.049479216	-0.11310347	0.108366095	-0.14567989	0.06270523	-0.15713537	0.13207163	-0.11604598	0.1194152	-0.06684975	0.1768813	-0.16380686	0.19995202	-0.11258086	0.109480314	-0.2675209	0.19761756	-0.17154615	0.14100286	-0.11861461	0.29387617	-0.26522255	0.17863801	-0.13231163	0.10675845	-0.74537313	0.23733167	-0.25885817	0.12656814	-0.123530015	0.9999993	-0.16112429	0.14316742	-0.09602331	0.09017832
-0.06604295	0.04067221	-0.046703737	0.03128665	-0.027737329	0.024989232	-0.05258729	0.055149406	-0.05115726	0.07962789	-0.023587115	0.055493444	-0.0556781	0.073212706	-0.03346571	0.073365465	-0.06649072	0.060017828	-0.06502854	0.03541462	-0.089746065	0.08187223	-0.11526876	0.06557455	-0.06627191	0.104000606	-0.110900365	0.10118484	-0.09187768	0.076282404	-0.12683322	0.14758666	-0.11994931	0.09459362	-0.07938123	0.12688805	-0.3131631	0.21944088	-0.11717357	0.102156684	-0.16112429	0.99999917	-0.88768715	0.11935503	-0.113888115
0.072734594	-0.044926297	0.051454477	-0.03493872	0.030899331	-0.027159965	0.05721655	-0.060946736	0.05658917	-0.08937352	0.0255551	-0.060575165	0.06061378	-0.08145014	0.036936235	-0.07884121	0.07014897	-0.06561777	0.070850134	-0.03927478	0.09200057	-0.08567491	0.12009257	-0.0721323	0.07233817	-0.10813184	0.110581554	-0.1097675	0.0994222	-0.08542378	0.12239146	-0.15262759	0.12486348	-0.10755023	0.08802645	-0.12483093	0.2327378	-0.27190742	0.12948851	-0.119209066	0.14316742	-0.88768715	0.9999991	-0.152857	0.12232202
-0.06193456	0.038411327	-0.044505835	0.029717525	-0.026495181	0.02201061	-0.049693257	0.053583685	-0.050466426	0.07556612	-0.020834576	0.05183256	-0.055209722	0.075847305	-0.038047366	0.061741944	-0.056670044	0.060763445	-0.071750045	0.040223178	-0.07191457	0.065946296	-0.10755922	0.08205942	-0.08953005	0.07522537	-0.081544474	0.09328766	-0.13318478	0.118203975	-0.08570976	0.09469274	-0.10991163	0.17413464	-0.16533329	0.073754825	-0.12832469	0.15639153	-0.40155986	0.26937985	-0.09602331	0.11935503	-0.152857	0.99999905	-0.8317572
0.064035535	-0.039949887	0.046185758	-0.03125498	0.027807346	-0.022564223	0.0512042	-0.056046374	0.052834585	-0.07989549	0.021312073	-0.053581785	0.056983735	-0.08041738	0.039809886	-0.0627022	0.0569256	-0.06320565	0.07420204	-0.042521186	0.070774175	-0.06559566	0.10624182	-0.08725461	0.09283729	-0.074334785	0.07923874	-0.09423865	0.13373983	-0.13242543	0.0820704	-0.0929385	0.10696213	-0.1946614	0.17358285	-0.07091067	0.116055146	-0.15273628	0.27827346	-0.39626622	0.09017832	-0.113888115	0.12232202	-0.8317572	0.99999905
