1.6458824835717678
0.18730821646749973
1.0460010431706905
1.2663698885589838
0.3758392967283726
0.7350355610251427
0.12061289139091969
0.8365687467157841
1.776035364717245
0.42609026096761227
1.7502926401793957
0.8663142845034599
1.02876309864223
0.3054018206894398
0.6553952526301146
1.06888847053051
1.160286895930767
1.6218218561261892
1.3001093957573175
0.9290203154087067
0.9545868150889874
0.16289922408759594
1.6445667874068022
1.7562268394976854
0.6388127915561199
0.3167286887764931
1.346105782315135
0.2854211647063494
1.7321626394987106
1.046239284798503
0.14679709821939468
0.8303499408066273
0.5871726684272289
1.0910656694322824
0.4699892997741699
0.6125522013753653
1.7986015491187572
1.683179983869195
1.4061736073344946
0.06707964278757572
0.7557510826736689
1.1888503432273865
1.802209310233593
0.469952205196023
1.117764439433813
1.7011382449418306
0.33633503317832947
1.9932573065161705
0.3946891725063324
1.1054700072854757
1.6193603035062551
0.5098899342119694
1.710718560963869
1.4766416177153587
1.2257538568228483
0.10129006579518318
1.4874171987175941
0.30418701469898224
1.5109959822148085
1.988029606640339
0.2768783587962389
0.005278758704662323
1.4241454768925905
0.24224843457341194
0.43704264983534813
1.5676014199852943
0.9082182925194502
1.0076684709638357
1.6578645296394825
0.5598338339477777
1.4615168999880552
0.024371791630983353
1.5837251786142588
0.8515458442270756
0.6359054278582335
0.7298551723361015
