1.0	-0.2054961	0.15286957	-0.06808611	0.08486989	-0.7912611	0.16861963	-0.122582175	0.11593317	-0.08191331	0.3021132	-0.21567382	0.12314624	-0.1382581	0.077216126	-0.21119452	0.15374471	-0.14628854	0.09993493	-0.06283843	0.16061954	-0.12286999	0.10752408	-0.11728999	0.07636144	-0.095110275	0.13627447	-0.11087984	0.07808306	-0.08271673	0.0713156	-0.19093545	0.103477985	-0.0796171	0.07951679	-0.051771887	0.057867136	-0.04218341	0.04863459	-0.056637086	0.037325244	-0.048977595	0.04692014	-0.05207869	0.090838216
-0.2054961	1.0000004	-0.24688686	0.07544912	-0.08934072	0.14912327	-0.8818087	0.17406042	-0.13500963	0.07756661	-0.1834779	0.20547819	-0.13718829	0.122945726	-0.07333463	0.12452249	-0.16153401	0.13610736	-0.085129045	0.053311724	-0.12294237	0.09126054	-0.08460508	0.09170314	-0.06493098	0.05906233	-0.10770422	0.08207627	-0.058153667	0.06021733	-0.04540335	0.11614337	-0.07667475	0.057723552	-0.058311243	0.0325196	-0.036966085	0.029764589	-0.034752812	0.04098559	-0.02386122	0.031051073	-0.032995064	0.036529362	-0.06607797
0.15286957	-0.24688686	1.0000004	-0.20031166	0.19373463	-0.112590834	0.19753361	-0.6217749	0.28633812	-0.19090809	0.19596161	-0.24154511	0.2706037	-0.30058226	0.16396785	-0.16684279	0.19233032	-0.2898435	0.17477243	-0.11289431	0.17464615	-0.14684515	0.15583083	-0.19389388	0.1317082	-0.11425604	0.17409122	-0.15892361	0.11490528	-0.12210249	0.08707359	-0.23313847	0.1474376	-0.11444457	0.114881255	-0.0644968	0.072993256	-0.05918674	0.06875461	-0.08156405	0.047127645	-0.061937697	0.06536714	-0.07285817	0.13011414
-0.06808611	0.07544912	-0.20031166	1.0000004	-0.758167	0.048678298	-0.07243806	0.19462287	-0.5196826	0.20516677	-0.08939941	0.09842278	-0.12967867	0.18366946	-0.16554046	0.074169084	-0.0845661	0.12084149	-0.100288466	0.07139115	-0.081336364	0.068427175	-0.0761663	0.10204203	-0.082156315	0.05110825	-0.08240108	0.07617788	-0.05682887	0.059867788	-0.03921426	0.103826724	-0.07167935	0.055362962	-0.055889603	0.029055389	-0.03310385	0.028198782	-0.032950997	0.039363753	-0.021385143	0.028055811	-0.031063184	0.034605443	-0.06275433
0.08486989	-0.08934072	0.19373463	-0.758167	1.0000004	-0.06064045	0.083783105	-0.2090651	0.29955855	-0.35009068	0.11218372	-0.124251805	0.15140042	-0.2583592	0.2077744	-0.094225004	0.105168335	-0.15167432	0.13032292	-0.093964696	0.10310994	-0.088073894	0.09865744	-0.13699037	0.10466821	-0.06778771	0.105634175	-0.100152925	0.07447522	-0.0791097	0.051875867	-0.13845944	0.09336801	-0.07279567	0.07295038	-0.038576894	0.04385633	-0.037082296	0.04321905	-0.051591072	0.028330667	-0.037232485	0.04076533	-0.045515757	0.08181732
-0.7912611	0.14912327	-0.112590834	0.048678298	-0.06064045	0.99999994	-0.15761827	0.089654416	-0.08374774	0.057567015	-0.4961701	0.16221437	-0.09113652	0.09669855	-0.05465081	0.16994214	-0.12241245	0.1061175	-0.070899695	0.044294685	-0.13444953	0.091609135	-0.07777176	0.082201555	-0.054020427	0.06462802	-0.10216237	0.078323975	-0.054415766	0.057178274	-0.04878555	0.12769361	-0.07235521	0.055210263	-0.05502886	0.034920115	-0.039170377	0.02900822	-0.033532225	0.039061002	-0.025273427	0.03302049	-0.032216176	0.035722025	-0.062672615
0.16861963	-0.8818087	0.19753361	-0.07243806	0.083783105	-0.15761827	0.99999976	-0.19553196	0.12703593	-0.075950004	0.1666815	-0.2723303	0.13491763	-0.12294773	0.0709159	-0.12407759	0.16012628	-0.14120735	0.0828904	-0.051924467	0.11635043	-0.089233235	0.08235887	-0.09042871	0.062668376	-0.058388457	0.1025931	-0.08066381	0.056536667	-0.058831308	0.044675853	-0.11540329	0.07430523	-0.05630795	0.056441948	-0.03211063	0.036400676	-0.029023206	0.033803888	-0.039785624	0.023494534	-0.030632442	0.0321123	-0.035613306	0.06387506
-0.122582175	0.17406042	-0.6217749	0.19462287	-0.2090651	0.089654416	-0.19553196	0.9999998	-0.48009434	0.16498443	-0.15744053	0.18671145	-0.42169392	0.24312845	-0.15201598	0.13023737	-0.16643979	0.24790727	-0.1447382	0.09197876	-0.13920441	0.11346881	-0.122291066	0.14637725	-0.10911597	0.078561746	-0.13523407	0.11823702	-0.085385785	0.088723175	-0.06042354	0.15764919	-0.10997255	0.08360164	-0.08421325	0.04421859	-0.0504203	0.04256344	-0.049789906	0.059150968	-0.032561183	0.042574912	-0.04694207	0.05215643	-0.094755545
0.11593317	-0.13500963	0.28633812	-0.5196826	0.29955855	-0.08374774	0.12703593	-0.48009434	0.9999995	-0.29223177	0.15243219	-0.17639114	0.22805889	-0.3314702	0.20540175	-0.12924428	0.14793237	-0.22255889	0.16506025	-0.112093836	0.13919294	-0.118372165	0.13074933	-0.17618354	0.12666284	-0.09023535	0.14105566	-0.13238792	0.097162224	-0.103042826	0.0690029	-0.184035	0.12263187	-0.095418796	0.09542982	-0.0511949	0.058145653	-0.048706274	0.056720573	-0.06754874	0.03755577	-0.049341217	0.05356809	-0.059790667	0.10721671
-0.08191331	0.07756661	-0.19090809	0.20516677	-0.35009068	0.057567015	-0.075950004	0.16498443	-0.29223177	0.99999964	-0.10885107	0.11095856	-0.15800332	0.27345964	-0.7745332	0.08850655	-0.10032803	0.13821279	-0.16491102	0.1408548	-0.10081747	0.0849275	-0.09973956	0.14073347	-0.16057354	0.059233103	-0.10351239	0.09625336	-0.074958466	0.077736475	-0.045854356	0.11926236	-0.09261242	0.070684955	-0.07230544	0.03391556	-0.038998887	0.035331983	-0.041656706	0.050205156	-0.02521141	0.032972608	-0.03886783	0.043190114	-0.08026383
0.3021132	-0.1834779	0.19596161	-0.08939941	0.11218372	-0.4961701	0.1666815	-0.15744053	0.15243219	-0.10885107	0.9999997	-0.35358813	0.17068064	-0.18573831	0.103281945	-0.44613755	0.24093696	-0.20861605	0.13639715	-0.08519443	0.25711727	-0.18393886	0.15145282	-0.1607898	0.10356811	-0.12986644	0.19511916	-0.15464875	0.10614146	-0.112011135	0.097303174	-0.2567941	0.14100961	-0.10821795	0.10713798	-0.06975992	0.07799677	-0.05693069	0.065638	-0.076249786	0.050323285	-0.065845855	0.063160226	-0.07011193	0.121970914
-0.21567382	0.20547819	-0.24154511	0.09842278	-0.124251805	0.16221437	-0.2723303	0.18671145	-0.17639114	0.11095856	-0.35358813	0.99999976	-0.27358893	0.18783286	-0.11086665	0.26335686	-0.6778858	0.2711746	-0.14399701	0.086597785	-0.2583323	0.18651883	-0.15664968	0.15146495	-0.106989674	0.096672446	-0.21281426	0.14291254	-0.096609116	0.09813058	-0.075014815	0.18432179	-0.12926872	0.095434904	-0.09514628	0.052122414	-0.059531156	0.048437566	-0.056717873	0.066485204	-0.03842109	0.049588215	-0.053481866	0.059090868	-0.107069865
0.12314624	-0.13718829	0.2706037	-0.12967867	0.15140042	-0.09113652	0.13491763	-0.42169392	0.22805889	-0.15800332	0.17068064	-0.27358893	0.9999997	-0.39285088	0.1591284	-0.16171359	0.23687142	-0.6605198	0.1811003	-0.10735372	0.16028835	-0.13682134	0.15180923	-0.17529076	0.12354086	-0.082972445	0.15301375	-0.14165027	0.09428899	-0.096706554	0.06388015	-0.16472447	0.12113841	-0.09185178	0.0897101	-0.046225607	0.052806865	-0.045537997	0.05326941	-0.06284871	0.034100953	-0.04448019	0.04970116	-0.05534786	0.09963505
-0.1382581	0.122945726	-0.30058226	0.18366946	-0.2583592	0.09669855	-0.12294773	0.24312845	-0.3314702	0.27345964	-0.18573831	0.18783286	-0.39285088	1.0	-0.4499829	0.1506034	-0.17969581	0.25340393	-0.39041162	0.19424602	-0.17408592	0.14562759	-0.17709373	0.24692924	-0.23075105	0.09471031	-0.17805763	0.16262268	-0.12689345	0.12737103	-0.07378593	0.18877497	-0.15786009	0.11799448	-0.120735295	0.05421282	-0.062684834	0.058380798	-0.069192566	0.08318736	-0.04052767	0.052831843	-0.06420518	0.07112365	-0.13377312
0.077216126	-0.07333463	0.16396785	-0.16554046	0.2077744	-0.05465081	0.0709159	-0.15201598	0.20540175	-0.7745332	0.103281945	-0.11086665	0.1591284	-0.4499829	1.0	-0.086539514	0.098737046	-0.14506882	0.17666075	-0.1841885	0.09708446	-0.084087856	0.100490294	-0.15541448	0.16374306	-0.058906157	0.100525126	-0.09834319	0.075053975	-0.07887216	0.045451295	-0.11919209	0.09102198	-0.07072378	0.07059004	-0.033675324	0.03861809	-0.034923617	0.041004375	-0.049295757	0.024964	-0.032710563	0.03810365	-0.04255549	0.077639855
-0.21119452	0.12452249	-0.16684279	0.074169084	-0.094225004	0.16994214	-0.12407759	0.13023737	-0.12924428	0.08850655	-0.44613755	0.26335686	-0.16171359	0.1506034	-0.086539514	1.0	-0.3827397	0.19653314	-0.1223978	0.07392028	-0.6580124	0.23263259	-0.16048591	0.14132498	-0.09138801	0.10840194	-0.24534297	0.14582445	-0.0925273	0.094269976	-0.083877675	0.19415168	-0.12565042	0.09292511	-0.09036166	0.054891217	-0.0621667	0.04724225	-0.05493492	0.06349563	-0.04020618	0.051345833	-0.05203237	0.057498902	-0.10148606
0.15374471	-0.16153401	0.19233032	-0.0845661	0.105168335	-0.12241245	0.16012628	-0.16643979	0.14793237	-0.10032803	0.24093696	-0.6778858	0.23687142	-0.17969581	0.098737046	-0.3827397	1.0000001	-0.4306785	0.13489604	-0.08041095	0.24505563	-0.2217883	0.15507889	-0.14793728	0.09684063	-0.092296205	0.19589955	-0.14270684	0.08933541	-0.09128911	0.0706643	-0.17601812	0.11891948	-0.0889944	0.085991286	-0.048996307	0.055642065	-0.04460068	0.051931266	-0.06041637	0.035905205	-0.0464438	0.04882371	-0.05418808	0.0960212
-0.14628854	0.13610736	-0.2898435	0.12084149	-0.15167432	0.1061175	-0.14120735	0.24790727	-0.22255889	0.13821279	-0.20861605	0.2711746	-0.6605198	0.25340393	-0.14506882	0.19653314	-0.4306785	1.0000001	-0.21170399	0.113251746	-0.20670363	0.1690068	-0.20574795	0.18732353	-0.13642497	0.091338515	-0.19137776	0.16359839	-0.10704076	0.107018836	-0.07097475	0.17811403	-0.14108886	0.1034958	-0.10141453	0.050541222	-0.058057155	0.050946556	-0.059918687	0.07045043	-0.037487622	0.048633665	-0.055654414	0.06171749	-0.11246562
0.09993493	-0.085129045	0.17477243	-0.100288466	0.13032292	-0.070899695	0.0828904	-0.1447382	0.16506025	-0.16491102	0.13639715	-0.14399701	0.1811003	-0.39041162	0.17666075	-0.1223978	0.13489604	-0.21170399	1.0000001	-0.4311481	0.14082362	-0.14220273	0.20794553	-0.63624495	0.28675354	-0.08753571	0.15727724	-0.1977139	0.14448346	-0.14737652	0.0676855	-0.17818391	0.15612687	-0.12811299	0.11496178	-0.05028338	0.057938587	-0.057613246	0.0674602	-0.08036094	0.037475448	-0.04921621	0.060414277	-0.068566054	0.119872935
-0.06283843	0.053311724	-0.11289431	0.07139115	-0.093964696	0.044294685	-0.051924467	0.09197876	-0.112093836	0.1408548	-0.08519443	0.086597785	-0.10735372	0.19424602	-0.1841885	0.07392028	-0.08041095	0.113251746	-0.4311481	1.0000001	-0.08600586	0.08215082	-0.11502	0.2375707	-0.82398826	0.053878505	-0.09548649	0.10939637	-0.09327643	0.101877354	-0.04176853	0.10963503	-0.097296886	0.07938722	-0.07788889	0.03125953	-0.036143135	0.036518097	-0.04314115	0.053009447	-0.023400886	0.030734034	-0.038785856	0.04383995	-0.07952589
0.16061954	-0.12294237	0.17464615	-0.081336364	0.10310994	-0.13444953	0.11635043	-0.13920441	0.13919294	-0.10081747	0.25711727	-0.2583323	0.16028835	-0.17408592	0.09708446	-0.6580124	0.24505563	-0.20670363	0.14082362	-0.08600586	1.0	-0.43121356	0.19922405	-0.17784235	0.104990445	-0.15251495	0.2737998	-0.19470896	0.11282289	-0.11674906	0.11118289	-0.2614907	0.15224208	-0.11554563	0.10850454	-0.07218382	0.08060213	-0.058473628	0.0673285	-0.07700277	0.052195393	-0.06683918	0.06393412	-0.07100443	0.12129682
-0.12286999	0.09126054	-0.14684515	0.068427175	-0.088073894	0.091609135	-0.089233235	0.11346881	-0.118372165	0.0849275	-0.18393886	0.18651883	-0.13682134	0.14562759	-0.084087856	0.23263259	-0.2217883	0.1690068	-0.14220273	0.08215082	-0.43121356	1.0	-0.3891182	0.18455376	-0.10280454	0.12409911	-0.68643236	0.23429321	-0.11635876	0.113386184	-0.0969636	0.22167629	-0.16435789	0.11661118	-0.10443753	0.061200965	-0.07023179	0.055516317	-0.06460466	0.07292909	-0.045062162	0.05711506	-0.059586648	0.06608692	-0.11386672
0.10752408	-0.08460508	0.15583083	-0.0761663	0.09865744	-0.07777176	0.08235887	-0.122291066	0.13074933	-0.09973956	0.15145282	-0.15664968	0.15180923	-0.17709373	0.100490294	-0.16048591	0.15507889	-0.20574795	0.20794553	-0.11502	0.19922405	-0.3891182	1.0000002	-0.39563537	0.14083445	-0.10962248	0.2598969	-0.6663676	0.17131065	-0.16212086	0.08485156	-0.2195571	0.23577498	-0.17437483	0.13179813	-0.060628455	0.07006797	-0.07189772	0.08324509	-0.092321105	0.045161217	-0.05892776	0.072240956	-0.08232091	0.13576256
-0.11728999	0.09170314	-0.19389388	0.10204203	-0.13699037	0.082201555	-0.09042871	0.14637725	-0.17618354	0.14073347	-0.1607898	0.15146495	-0.17529076	0.24692924	-0.15541448	0.14132498	-0.14793728	0.18732353	-0.63624495	0.2375707	-0.17784235	0.18455376	-0.39563537	1.0	-0.32021913	0.09915163	-0.21293819	0.24671642	-0.22142741	0.1778582	-0.07794892	0.19845676	-0.21938033	0.16585356	-0.15006039	0.057491243	-0.06726384	0.072261155	-0.086447604	0.10104459	-0.04351043	0.056782566	-0.07588215	0.08511501	-0.15456451
0.07636144	-0.06493098	0.1317082	-0.082156315	0.10466821	-0.054020427	0.062668376	-0.10911597	0.12666284	-0.16057354	0.10356811	-0.106989674	0.12354086	-0.23075105	0.16374306	-0.09138801	0.09684063	-0.13642497	0.28675354	-0.82398826	0.104990445	-0.10280454	0.14083445	-0.32021913	1.0000001	-0.06978503	0.11711804	-0.14283362	0.11761827	-0.14128141	0.053824104	-0.14318946	0.121029064	-0.1024434	0.097758345	-0.040454827	0.046565562	-0.04669156	0.054723747	-0.06766427	0.030151712	-0.039722502	0.049123053	-0.055970497	0.098953575
-0.095110275	0.05906233	-0.11425604	0.05110825	-0.06778771	0.06462802	-0.058388457	0.078561746	-0.09023535	0.059233103	-0.12986644	0.096672446	-0.082972445	0.09471031	-0.058906157	0.10840194	-0.092296205	0.091338515	-0.08753571	0.053878505	-0.15251495	0.12409911	-0.10962248	0.09915163	-0.06978503	0.99999994	-0.20046648	0.108400255	-0.08995503	0.08890993	-0.8575785	0.26377875	-0.13314863	0.09155461	-0.10173229	0.17060907	-0.17730924	0.058268536	-0.06631691	0.070803456	-0.13149959	0.1157129	-0.071300626	0.07193544	-0.12195011
0.13627447	-0.10770422	0.17409122	-0.08240108	0.105634175	-0.10216237	0.1025931	-0.13523407	0.14105566	-0.10351239	0.19511916	-0.21281426	0.15301375	-0.17805763	0.100525126	-0.24534297	0.19589955	-0.19137776	0.15727724	-0.09548649	0.2737998	-0.68643236	0.2598969	-0.21293819	0.11711804	-0.20046648	0.9999998	-0.27750054	0.13782434	-0.14171875	0.1450947	-0.366581	0.18982974	-0.14371262	0.12839462	-0.0912631	0.10289148	-0.07102369	0.08132338	-0.091327876	0.065689735	-0.08369701	0.07684081	-0.08529733	0.14174783
-0.11087984	0.08207627	-0.15892361	0.07617788	-0.100152925	0.078323975	-0.08066381	0.11823702	-0.13238792	0.09625336	-0.15464875	0.14291254	-0.14165027	0.16262268	-0.09834319	0.14582445	-0.14270684	0.16359839	-0.1977139	0.10939637	-0.19470896	0.23429321	-0.6663676	0.24671642	-0.14283362	0.108400255	-0.27750054	1.0	-0.24681199	0.1896812	-0.086616285	0.21933156	-0.44721782	0.22528985	-0.16824539	0.06295931	-0.074545406	0.08856395	-0.105687514	0.112584	-0.04802645	0.06252546	-0.08817956	0.09891881	-0.16905452
0.07808306	-0.058153667	0.11490528	-0.05682887	0.07447522	-0.054415766	0.056536667	-0.085385785	0.097162224	-0.074958466	0.10614146	-0.096609116	0.09428899	-0.12689345	0.075053975	-0.0925273	0.08933541	-0.10704076	0.14448346	-0.09327643	0.11282289	-0.11635876	0.17131065	-0.22142741	0.11761827	-0.08995503	0.13782434	-0.24681199	0.9999998	-0.66288334	0.0708393	-0.19312653	0.27435744	-0.528505	0.246866	-0.05777742	0.068959564	-0.11865554	0.14146893	-0.16483477	0.045122113	-0.060496636	0.10436551	-0.12745309	0.196072
-0.08271673	0.06021733	-0.12210249	0.059867788	-0.0791097	0.057178274	-0.058831308	0.088723175	-0.103042826	0.077736475	-0.112011135	0.09813058	-0.096706554	0.12737103	-0.07887216	0.094269976	-0.09128911	0.107018836	-0.14737652	0.101877354	-0.11674906	0.113386184	-0.16212086	0.1778582	-0.14128141	0.08890993	-0.14171875	0.1896812	-0.66288334	0.99999976	-0.070664845	0.18639542	-0.27558717	0.28487295	-0.46923918	0.05888517	-0.07161493	0.11241361	-0.14321327	0.2234716	-0.047094524	0.062707245	-0.11814424	0.13535336	-0.3003405
0.0713156	-0.04540335	0.08707359	-0.03921426	0.051875867	-0.04878555	0.044675853	-0.06042354	0.0690029	-0.045854356	0.097303174	-0.075014815	0.06388015	-0.07378593	0.045451295	-0.083877675	0.0706643	-0.07097475	0.0676855	-0.04176853	0.11118289	-0.0969636	0.08485156	-0.07794892	0.053824104	-0.8575785	0.1450947	-0.086616285	0.0708393	-0.070664845	0.9999998	-0.3582288	0.10677515	-0.07419206	0.07879157	-0.22321871	0.1690349	-0.04914826	0.054351367	-0.05550467	0.12911136	-0.11982317	0.06002182	-0.060629524	0.09405057
-0.19093545	0.11614337	-0.23313847	0.103826724	-0.13845944	0.12769361	-0.11540329	0.15764919	-0.184035	0.11926236	-0.2567941	0.18432179	-0.16472447	0.18877497	-0.11919209	0.19415168	-0.17601812	0.17811403	-0.17818391	0.10963503	-0.2614907	0.22167629	-0.2195571	0.19845676	-0.14318946	0.26377875	-0.366581	0.21933156	-0.19312653	0.18639542	-0.3582288	0.9999997	-0.32149324	0.19846353	-0.21842237	0.1829966	-0.28126174	0.11437223	-0.1345942	0.14946802	-0.14110324	0.16619563	-0.13689722	0.13997112	-0.25965253
0.103477985	-0.07667475	0.1474376	-0.07167935	0.09336801	-0.07235521	0.07430523	-0.10997255	0.12263187	-0.09261242	0.14100961	-0.12926872	0.12113841	-0.15786009	0.09102198	-0.12565042	0.11891948	-0.14108886	0.15612687	-0.097296886	0.15224208	-0.16435789	0.23577498	-0.21938033	0.121029064	-0.13314863	0.18982974	-0.44721782	0.27435744	-0.27558717	0.10677515	-0.32149324	0.99999994	-0.6072842	0.21127409	-0.082994595	0.09870091	-0.15689398	0.17010882	-0.15432923	0.06326322	-0.08457343	0.12737016	-0.15282719	0.19868733
-0.0796171	0.057723552	-0.11444457	0.055362962	-0.07279567	0.055210263	-0.05630795	0.08360164	-0.095418796	0.070684955	-0.10821795	0.095434904	-0.09185178	0.11799448	-0.07072378	0.09292511	-0.0889944	0.1034958	-0.12811299	0.07938722	-0.11554563	0.11661118	-0.17437483	0.16585356	-0.1024434	0.09155461	-0.14371262	0.22528985	-0.528505	0.28487295	-0.07419206	0.19846353	-0.6072842	0.9999998	-0.29810262	0.062323533	-0.0770461	0.16534357	-0.25423196	0.1720425	-0.050374437	0.06739287	-0.13920817	0.16102104	-0.22946087
0.07951679	-0.058311243	0.114881255	-0.055889603	0.07295038	-0.05502886	0.056441948	-0.08421325	0.09542982	-0.07230544	0.10713798	-0.09514628	0.0897101	-0.120735295	0.07059004	-0.09036166	0.085991286	-0.10141453	0.11496178	-0.07788889	0.10850454	-0.10443753	0.13179813	-0.15006039	0.097758345	-0.10173229	0.12839462	-0.16824539	0.246866	-0.46923918	0.07879157	-0.21842237	0.21127409	-0.29810262	0.9999999	-0.06667628	0.07845682	-0.12186907	0.14221454	-0.6332044	0.05192834	-0.0705884	0.12079998	-0.15907526	0.31192696
-0.051771887	0.0325196	-0.0644968	0.029055389	-0.038576894	0.034920115	-0.03211063	0.04421859	-0.0511949	0.03391556	-0.06975992	0.052122414	-0.046225607	0.05421282	-0.033675324	0.054891217	-0.048996307	0.050541222	-0.05028338	0.03125953	-0.07218382	0.061200965	-0.060628455	0.057491243	-0.040454827	0.17060907	-0.0912631	0.06295931	-0.05777742	0.05888517	-0.22321871	0.1829966	-0.082994595	0.062323533	-0.06667628	0.99999976	-0.6094198	0.067098275	-0.06560676	0.049951345	-0.6502474	0.32524005	-0.0903449	0.08176514	-0.0835508
0.057867136	-0.036966085	0.072993256	-0.03310385	0.04385633	-0.039170377	0.036400676	-0.0504203	0.058145653	-0.038998887	0.07799677	-0.059531156	0.052806865	-0.062684834	0.03861809	-0.0621667	0.055642065	-0.058057155	0.057938587	-0.036143135	0.08060213	-0.07023179	0.07006797	-0.06726384	0.046565562	-0.17730924	0.10289148	-0.074545406	0.068959564	-0.07161493	0.1690349	-0.28126174	0.09870091	-0.0770461	0.07845682	-0.6094198	0.9999994	-0.09816807	0.087312005	-0.06097303	0.32294837	-0.61802155	0.123625174	-0.11814867	0.0987807
-0.04218341	0.029764589	-0.05918674	0.028198782	-0.037082296	0.02900822	-0.029023206	0.04256344	-0.048706274	0.035331983	-0.05693069	0.048437566	-0.045537997	0.058380798	-0.034923617	0.04724225	-0.04460068	0.050946556	-0.057613246	0.036518097	-0.058473628	0.055516317	-0.07189772	0.072261155	-0.04669156	0.058268536	-0.07102369	0.08856395	-0.11865554	0.11241361	-0.04914826	0.11437223	-0.15689398	0.16534357	-0.12186907	0.067098275	-0.09816807	0.9999993	-0.7447998	0.10829585	-0.06743953	0.09510439	-0.5317922	0.30723828	-0.15643866
0.04863459	-0.034752812	0.06875461	-0.032950997	0.04321905	-0.033532225	0.033803888	-0.049789906	0.056720573	-0.041656706	0.065638	-0.056717873	0.05326941	-0.069192566	0.041004375	-0.05493492	0.051931266	-0.059918687	0.0674602	-0.04314115	0.0673285	-0.06460466	0.08324509	-0.086447604	0.054723747	-0.06631691	0.08132338	-0.105687514	0.14146893	-0.14321327	0.054351367	-0.1345942	0.17010882	-0.25423196	0.14221454	-0.06560676	0.087312005	-0.7447998	0.9999994	-0.14078842	0.060301226	-0.08662536	0.3076535	-0.4693698	0.17764574
-0.056637086	0.04098559	-0.08156405	0.039363753	-0.051591072	0.039061002	-0.039785624	0.059150968	-0.06754874	0.050205156	-0.076249786	0.066485204	-0.06284871	0.08318736	-0.049295757	0.06349563	-0.06041637	0.07045043	-0.08036094	0.053009447	-0.07700277	0.07292909	-0.092321105	0.10104459	-0.06766427	0.070803456	-0.091327876	0.112584	-0.16483477	0.2234716	-0.05550467	0.14946802	-0.15432923	0.1720425	-0.6332044	0.049951345	-0.06097303	0.10829585	-0.14078842	0.99999946	-0.041026462	0.05568482	-0.12418398	0.15517762	-0.66047233
0.037325244	-0.02386122	0.047127645	-0.021385143	0.028330667	-0.025273427	0.023494534	-0.032561183	0.03755577	-0.02521141	0.050323285	-0.03842109	0.034100953	-0.04052767	0.024964	-0.04020618	0.035905205	-0.037487622	0.037475448	-0.023400886	0.052195393	-0.045062162	0.045161217	-0.04351043	0.030151712	-0.13149959	0.065689735	-0.04802645	0.045122113	-0.047094524	0.12911136	-0.14110324	0.06326322	-0.050374437	0.05192834	-0.6502474	0.32294837	-0.06743953	0.060301226	-0.041026462	0.99999934	-0.65952164	0.09679269	-0.08841273	0.06653729
-0.048977595	0.031051073	-0.061937697	0.028055811	-0.037232485	0.03302049	-0.030632442	0.042574912	-0.049341217	0.032972608	-0.065845855	0.049588215	-0.04448019	0.052831843	-0.032710563	0.051345833	-0.0464438	0.048633665	-0.04921621	0.030734034	-0.06683918	0.05711506	-0.05892776	0.056782566	-0.039722502	0.1157129	-0.08369701	0.06252546	-0.060496636	0.062707245	-0.11982317	0.16619563	-0.08457343	0.06739287	-0.0705884	0.32524005	-0.61802155	0.09510439	-0.08662536	0.05568482	-0.65952164	0.999999	-0.16123094	0.12048102	-0.091701694
0.04692014	-0.032995064	0.06536714	-0.031063184	0.04076533	-0.032216176	0.0321123	-0.04694207	0.05356809	-0.03886783	0.063160226	-0.053481866	0.04970116	-0.06420518	0.03810365	-0.05203237	0.04882371	-0.055654414	0.060414277	-0.038785856	0.06393412	-0.059586648	0.072240956	-0.07588215	0.049123053	-0.071300626	0.07684081	-0.08817956	0.10436551	-0.11814424	0.06002182	-0.13689722	0.12737016	-0.13920817	0.12079998	-0.0903449	0.123625174	-0.5317922	0.3076535	-0.12418398	0.09679269	-0.16123094	0.9999989	-0.72227794	0.17944938
-0.05207869	0.036529362	-0.07285817	0.034605443	-0.045515757	0.035722025	-0.035613306	0.05215643	-0.059790667	0.043190114	-0.07011193	0.059090868	-0.05534786	0.07112365	-0.04255549	0.057498902	-0.05418808	0.06171749	-0.068566054	0.04383995	-0.07100443	0.06608692	-0.08232091	0.08511501	-0.055970497	0.07193544	-0.08529733	0.09891881	-0.12745309	0.13535336	-0.060629524	0.13997112	-0.15282719	0.16102104	-0.15907526	0.08176514	-0.11814867	0.30723828	-0.4693698	0.15517762	-0.08841273	0.12048102	-0.72227794	0.9999989	-0.29360738
0.090838216	-0.06607797	0.13011414	-0.06275433	0.08181732	-0.062672615	0.06387506	-0.094755545	0.10721671	-0.08026383	0.121970914	-0.107069865	0.09963505	-0.13377312	0.077639855	-0.10148606	0.0960212	-0.11246562	0.119872935	-0.07952589	0.12129682	-0.11386672	0.13576256	-0.15456451	0.098953575	-0.12195011	0.14174783	-0.16905452	0.196072	-0.3003405	0.09405057	-0.25965253	0.19868733	-0.22946087	0.31192696	-0.0835508	0.0987807	-0.15643866	0.17764574	-0.66047233	0.06653729	-0.091701694	0.17944938	-0.29360738	0.9999989
