1.0	-0.69511425	0.19326851	-0.15867709	0.1126742	-0.545461	0.2326653	-0.20052871	0.14189877	-0.08804436	0.2699822	-0.20691292	0.1118386	-0.08108801	0.07376031	-0.14126584	0.12996462	-0.07226214	0.057928734	-0.089830086	0.109851144	-0.107838094	0.0630473	-0.06030776	0.04995742	-0.029786266	0.05759321	-0.04889722	0.055288974	-0.04566312	0.030450592	-0.0451269	0.044133637	-0.04441443	0.062457375	-0.023723267	0.018058747	-0.021255448	0.025640773	-0.022065016	0.024364892	-0.02031982	0.019593716	-0.019123424	0.022472456
-0.69511425	1.0000001	-0.35753727	0.19610624	-0.15181294	0.28837934	-0.26816204	0.22996122	-0.19561908	0.11011201	-0.35936755	0.1996482	-0.14531583	0.10127642	-0.09390948	0.15433002	-0.15844496	0.086256064	-0.070568286	0.107724175	-0.13817085	0.11999251	-0.07691156	0.07272473	-0.06100078	0.036031034	-0.070661336	0.059101563	-0.067624085	0.055379145	-0.037112184	0.054643963	-0.05393158	0.05397999	-0.076936334	0.028669905	-0.021885175	0.025750382	-0.031300124	0.026972277	-0.02956543	0.024608934	-0.023817096	0.023287643	-0.02752723
0.19326851	-0.35753727	1.0	-0.56879735	0.20096843	-0.14095731	0.14703874	-0.6095034	0.30360752	-0.15667243	0.16340546	-0.12688386	0.19042125	-0.14195156	0.12252835	-0.09087208	0.092902765	-0.09592733	0.080784865	-0.13494954	0.077423505	-0.07559591	0.07919695	-0.08261896	0.07053703	-0.037727535	0.0753872	-0.062471908	0.07399545	-0.06395857	0.039000176	-0.05909399	0.05833044	-0.05926363	0.08615434	-0.031518046	0.024018204	-0.028398532	0.034607247	-0.030061968	0.032462284	-0.02713151	0.02625644	-0.025785698	0.030604308
-0.15867709	0.19610624	-0.56879735	0.99999994	-0.36697248	0.11286571	-0.120525606	0.31423673	-0.5996237	0.20784616	-0.14939506	0.10563806	-0.21924092	0.17007527	-0.15843701	0.08256671	-0.085954286	0.107699454	-0.093428195	0.156406	-0.0725155	0.06952323	-0.09002336	0.094531156	-0.08231819	0.042667028	-0.086698204	0.07090554	-0.085337505	0.07392909	-0.0443864	0.067408286	-0.06709407	0.06804389	-0.10078376	0.0359977	-0.027496297	0.03253978	-0.039977178	0.03483941	-0.037199244	0.031072805	-0.030179357	0.02972523	-0.035527725
0.1126742	-0.15181294	0.20096843	-0.36697248	0.9999998	-0.0939155	0.09908811	-0.23463137	0.27495795	-0.6098233	0.12446784	-0.096240416	0.25431263	-0.24326381	0.26785058	-0.0819179	0.085553244	-0.17847243	0.15204208	-0.2960127	0.07104151	-0.07267852	0.14303409	-0.15966448	0.14053513	-0.07086874	0.14173476	-0.11554078	0.14007337	-0.12812033	0.07334515	-0.11242309	0.11020445	-0.11330173	0.16691412	-0.06123931	0.04646789	-0.0551124	0.066903904	-0.05837561	0.06300902	-0.052715663	0.05087193	-0.049969316	0.05928418
-0.545461	0.28837934	-0.14095731	0.11286571	-0.0939155	1.0	-0.48416215	0.15440889	-0.118364125	0.07267284	-0.53952175	0.27060598	-0.098413005	0.06893236	-0.06299836	0.17806704	-0.1720326	0.06688265	-0.052848242	0.07720612	-0.14339882	0.13251542	-0.060124673	0.054393273	-0.044331152	0.02743436	-0.05256033	0.04571167	-0.05039093	0.040437344	-0.02794435	0.041063532	-0.040255725	0.040264554	-0.05564158	0.021208271	-0.016181875	0.019001642	-0.022913061	0.019665124	-0.021741478	0.018146316	-0.017504279	0.017081546	-0.020022394
0.2326653	-0.26816204	0.14703874	-0.120525606	0.09908811	-0.48416215	0.9999999	-0.21182306	0.13096169	-0.079392985	0.29343703	-0.69622225	0.11218156	-0.078117155	0.06913272	-0.19198047	0.21384548	-0.07598443	0.05903462	-0.085085034	0.14520095	-0.17940287	0.06739993	-0.060418777	0.048600476	-0.029717946	0.05721748	-0.05118087	0.055376824	-0.04432927	0.030163623	-0.045058724	0.044127867	-0.04425057	0.060419936	-0.02302987	0.017590698	-0.020663265	0.024890158	-0.021371504	0.023535777	-0.019711116	0.019003078	-0.018571021	0.021722766
-0.20052871	0.22996122	-0.6095034	0.31423673	-0.23463137	0.15440889	-0.21182306	1.0	-0.50806695	0.1848254	-0.19628172	0.15500423	-0.33519134	0.19369607	-0.16308223	0.10730775	-0.11537176	0.11686067	-0.10096493	0.16135731	-0.093931876	0.090992615	-0.097281165	0.10045402	-0.086309664	0.045164213	-0.09167652	0.07595147	-0.09060131	0.07735674	-0.046908997	0.071241334	-0.07106533	0.071927905	-0.10562971	0.037686925	-0.028830038	0.034091905	-0.041909274	0.036494408	-0.038901713	0.032529615	-0.03161083	0.031153679	-0.037203975
0.14189877	-0.19561908	0.30360752	-0.5996237	0.27495795	-0.118364125	0.13096169	-0.50806695	0.9999998	-0.28380153	0.14665112	-0.12150204	0.2606679	-0.2714206	0.20268531	-0.09163874	0.094434865	-0.14528538	0.12465104	-0.21544744	0.07788856	-0.079204	0.11507164	-0.12620522	0.10794512	-0.05517936	0.11082755	-0.09183602	0.11034286	-0.097759366	0.057086393	-0.08755534	0.0863807	-0.08845111	0.12923463	-0.04697546	0.03576721	-0.042376053	0.051655985	-0.045028146	0.048320897	-0.040475585	0.039153323	-0.038526222	0.045762412
-0.08804436	0.11011201	-0.15667243	0.20784616	-0.6098233	0.07267284	-0.079392985	0.1848254	-0.28380153	1.0000001	-0.09952113	0.07650755	-0.3183274	0.2683621	-0.56189984	0.06411083	-0.06896967	0.14560397	-0.13855015	0.24171104	-0.05673693	0.057839837	-0.1232845	0.13296641	-0.12626204	0.055956226	-0.11849562	0.09644114	-0.1208979	0.10696886	-0.058845945	0.09117989	-0.09332626	0.0947567	-0.14850473	0.048223335	-0.037172444	0.044176247	-0.055786807	0.049386926	-0.05000604	0.042011082	-0.04128946	0.041257013	-0.050466675
0.2699822	-0.35936755	0.16340546	-0.14939506	0.12446784	-0.53952175	0.29343703	-0.19628172	0.14665112	-0.09952113	1.0000004	-0.41092125	0.12862498	-0.09347787	0.08561457	-0.41052416	0.2333788	-0.0974597	0.07547759	-0.11108173	0.22156629	-0.22035658	0.087682284	-0.07905199	0.06358026	-0.040528886	0.07609953	-0.06725034	0.07270297	-0.058392152	0.040910967	-0.060117602	0.05834067	-0.05853585	0.079647206	-0.031028992	0.023616407	-0.0277154	0.033159826	-0.028382458	0.031692043	-0.026478784	0.025451845	-0.024772553	0.028856859
-0.20691292	0.1996482	-0.12688386	0.10563806	-0.096240416	0.27060598	-0.69622225	0.15500423	-0.12150204	0.07650755	-0.41092125	1.0000001	-0.11598196	0.07700795	-0.0685551	0.21295327	-0.39769435	0.081390545	-0.06289973	0.08485997	-0.19167504	0.21148694	-0.07342501	0.06267349	-0.049909536	0.031174466	-0.06000672	0.054382935	-0.058148485	0.045351867	-0.031634808	0.04694534	-0.046252556	0.046074364	-0.062243972	0.023677949	-0.018128978	0.021258947	-0.025645455	0.02198265	-0.024184633	0.020261154	-0.019554246	0.019117355	-0.02234568
0.1118386	-0.14531583	0.19042125	-0.21924092	0.25431263	-0.098413005	0.11218156	-0.33519134	0.2606679	-0.3183274	0.12862498	-0.11598196	1.0000002	-0.63869816	0.29463923	-0.08651477	0.09318657	-0.21921659	0.18628387	-0.30960566	0.074546576	-0.078614175	0.14964147	-0.176429	0.14547412	-0.06809142	0.13800432	-0.11973842	0.14474428	-0.13074529	0.07021276	-0.111097835	0.11040535	-0.11464175	0.16519661	-0.058478165	0.044699125	-0.053106107	0.06505298	-0.0571384	0.059732635	-0.050536636	0.048967563	-0.048583113	0.057744093
-0.08108801	0.10127642	-0.14195156	0.17007527	-0.24326381	0.06893236	-0.078117155	0.19369607	-0.2714206	0.2683621	-0.09347787	0.07700795	-0.63869816	0.99999994	-0.5737005	0.061757613	-0.06809692	0.1716866	-0.20004326	0.24336511	-0.0544657	0.056828387	-0.12408905	0.14588185	-0.12484878	0.05226795	-0.11065532	0.09606299	-0.120934404	0.10455669	-0.05455946	0.08696865	-0.089609	0.092184916	-0.13858883	0.044867054	-0.03467954	0.041253787	-0.05199931	0.046104863	-0.046110466	0.039102033	-0.038381595	0.03854076	-0.046809107
0.07376031	-0.09390948	0.12252835	-0.15843701	0.26785058	-0.06299836	0.06913272	-0.16308223	0.20268531	-0.56189984	0.08561457	-0.0685551	0.29463923	-0.5737005	1.0000001	-0.058175698	0.06332927	-0.16817813	0.16538206	-0.38980538	0.051218055	-0.053758398	0.12545866	-0.15031525	0.14182448	-0.055012807	0.11551476	-0.09903568	0.12465042	-0.11879952	0.05735423	-0.09146021	0.0935212	-0.09707582	0.14922772	-0.047650017	0.03677216	-0.043832295	0.055288147	-0.04941328	0.048915323	-0.041550245	0.040770564	-0.041043404	0.050027605
-0.14126584	0.15433002	-0.09087208	0.08256671	-0.0819179	0.17806704	-0.19198047	0.10730775	-0.09163874	0.06411083	-0.41052416	0.21295327	-0.08651477	0.061757613	-0.058175698	1.0000001	-0.40074298	0.08363401	-0.06302547	0.07895796	-0.709303	0.2968794	-0.08173694	0.06348858	-0.049059935	0.03664851	-0.0636663	0.059002552	-0.060248982	0.044801854	-0.036604438	0.049575567	-0.048429973	0.04768673	-0.061918747	0.024557378	-0.018774608	0.021830857	-0.026047477	0.022109073	-0.024965366	0.020818485	-0.020019615	0.01943384	-0.022460895
0.12996462	-0.15844496	0.092902765	-0.085954286	0.085553244	-0.1720326	0.21384548	-0.11537176	0.094434865	-0.06896967	0.2333788	-0.39769435	0.09318657	-0.06809692	0.06332927	-0.40074298	0.9999996	-0.11812033	0.07939983	-0.09010605	0.2932718	-0.69757587	0.101173386	-0.07643321	0.056272265	-0.03710181	0.07062894	-0.073258676	0.06986663	-0.051229976	0.036893163	-0.056569476	0.055439867	-0.055138588	0.06910958	-0.026939295	0.020733576	-0.024223683	0.028950611	-0.024654787	0.027165903	-0.022990845	0.022110865	-0.021640984	0.024920255
-0.07226214	0.086256064	-0.09592733	0.107699454	-0.17847243	0.06688265	-0.07598443	0.11686067	-0.14528538	0.14560397	-0.0974597	0.081390545	-0.21921659	0.1716866	-0.16817813	0.08363401	-0.11812033	0.9999996	-0.69048876	0.26486042	-0.07763831	0.093774244	-0.3994972	0.2961975	-0.20815663	0.09083232	-0.21491206	0.22483477	-0.2742971	0.16932249	-0.0955268	0.16421771	-0.18602984	0.18081746	-0.23519811	0.07474748	-0.059269674	0.06999673	-0.089512825	0.07785395	-0.07610988	0.06555977	-0.064969435	0.065857925	-0.07872833
0.057928734	-0.070568286	0.080784865	-0.093428195	0.15204208	-0.052848242	0.05903462	-0.10096493	0.12465104	-0.13855015	0.07547759	-0.06289973	0.18628387	-0.20004326	0.16538206	-0.06302547	0.07939983	-0.69048876	0.99999976	-0.358136	0.056685008	-0.067941666	0.23475043	-0.4907372	0.2087751	-0.07174822	0.15939923	-0.17722246	0.2252361	-0.16821454	0.07411154	-0.13198552	0.14305666	-0.15456198	0.19758755	-0.060749058	0.047966838	-0.057187796	0.07316606	-0.06502114	0.061061945	-0.053415887	0.05274737	-0.054285903	0.064831205
-0.089830086	0.107724175	-0.13494954	0.156406	-0.2960127	0.07720612	-0.085085034	0.16135731	-0.21544744	0.24171104	-0.11108173	0.08485997	-0.30960566	0.24336511	-0.38980538	0.07895796	-0.09010605	0.26486042	-0.358136	1.0	-0.0722961	0.07709466	-0.24773407	0.27873093	-0.41484556	0.09952151	-0.22556637	0.18779674	-0.25637162	0.25121793	-0.10624161	0.17138976	-0.18720685	0.19192089	-0.3457222	0.087412775	-0.06895188	0.08276505	-0.11159419	0.10325279	-0.09077303	0.07776831	-0.078607105	0.08161293	-0.10549753
0.109851144	-0.13817085	0.077423505	-0.0725155	0.07104151	-0.14339882	0.14520095	-0.093931876	0.07788856	-0.05673693	0.22156629	-0.19167504	0.074546576	-0.0544657	0.051218055	-0.709303	0.2932718	-0.07763831	0.056685008	-0.0722961	0.9999998	-0.5565506	0.079434715	-0.059370924	0.044586573	-0.036579393	0.058741726	-0.058567915	0.055227555	-0.041064937	0.03523788	-0.046869576	0.044858642	-0.044481702	0.055720627	-0.022851244	0.017427512	-0.020205583	0.023814691	-0.020133859	0.023035945	-0.019261569	0.018424556	-0.017830526	0.020387832
-0.107838094	0.11999251	-0.07559591	0.06952323	-0.07267852	0.13251542	-0.17940287	0.090992615	-0.079204	0.057839837	-0.22035658	0.21148694	-0.078614175	0.056828387	-0.053758398	0.2968794	-0.69757587	0.093774244	-0.067941666	0.07709466	-0.5565506	0.9999995	-0.11007314	0.0681108	-0.049698304	0.035283055	-0.06696709	0.07218495	-0.06420635	0.04542456	-0.03489483	0.052812573	-0.05177746	0.05076698	-0.061640162	0.024439907	-0.018863773	0.02193898	-0.026101623	0.022104736	-0.024559489	0.020799346	-0.019978609	0.01951354	-0.0223235
0.0630473	-0.07691156	0.07919695	-0.09002336	0.14303409	-0.060124673	0.06739993	-0.097281165	0.11507164	-0.1232845	0.087682284	-0.07342501	0.14964147	-0.12408905	0.12545866	-0.08173694	0.101173386	-0.3994972	0.23475043	-0.24773407	0.079434715	-0.11007314	0.9999996	-0.33027822	0.17966886	-0.11314323	0.24107538	-0.67469263	0.28004876	-0.1718908	0.108767696	-0.23074295	0.2360531	-0.23590994	0.2092624	-0.0877199	0.069547296	-0.08123556	0.0943404	-0.078726165	0.08413675	-0.07538169	0.071668714	-0.07154063	0.07722709
-0.06030776	0.07272473	-0.08261896	0.094531156	-0.15966448	0.054393273	-0.060418777	0.10045402	-0.12620522	0.13296641	-0.07905199	0.06267349	-0.176429	0.14588185	-0.15031525	0.06348858	-0.07643321	0.2961975	-0.4907372	0.27873093	-0.059370924	0.0681108	-0.33027822	0.9999995	-0.4164054	0.09387428	-0.21615964	0.23672847	-0.48043862	0.24846236	-0.09782564	0.17864464	-0.20980236	0.23124383	-0.29667115	0.08055018	-0.06442029	0.077221185	-0.10262548	0.091960244	-0.08079074	0.0715696	-0.071650974	0.0753441	-0.09138048
0.04995742	-0.06100078	0.07053703	-0.08231819	0.14053513	-0.044331152	0.048600476	-0.086309664	0.10794512	-0.12626204	0.06358026	-0.049909536	0.14547412	-0.12484878	0.14182448	-0.049059935	0.056272265	-0.20815663	0.2087751	-0.41484556	0.044586573	-0.049698304	0.17966886	-0.4164054	0.99999964	-0.07365017	0.15408465	-0.15393808	0.22473338	-0.68379855	0.07534212	-0.13787855	0.14471771	-0.17560032	0.2921311	-0.067720376	0.053378515	-0.06541299	0.086887784	-0.08788702	0.066892065	-0.060607117	0.060446784	-0.06559267	0.08238723
-0.029786266	0.036031034	-0.037727535	0.042667028	-0.07086874	0.02743436	-0.029717946	0.045164213	-0.05517936	0.055956226	-0.040528886	0.031174466	-0.06809142	0.05226795	-0.055012807	0.03664851	-0.03710181	0.09083232	-0.07174822	0.09952151	-0.036579393	0.035283055	-0.11314323	0.09387428	-0.07365017	0.9999996	-0.30921745	0.113567844	-0.111398056	0.073256366	-0.89371914	0.20404103	-0.12735325	0.10977243	-0.11138369	0.14026496	-0.09364911	0.08843283	-0.0798141	0.05484345	-0.1381142	0.090920515	-0.08051214	0.06091918	-0.05786922
0.05759321	-0.070661336	0.0753872	-0.086698204	0.14173476	-0.05256033	0.05721748	-0.09167652	0.11082755	-0.11849562	0.07609953	-0.06000672	0.13800432	-0.11065532	0.11551476	-0.0636663	0.07062894	-0.21491206	0.15939923	-0.22556637	0.058741726	-0.06696709	0.24107538	-0.21615964	0.15408465	-0.30921745	0.9999995	-0.3404986	0.23786804	-0.15667816	0.23072587	-0.6453522	0.2813663	-0.26401344	0.21274947	-0.14723368	0.11931105	-0.12557696	0.11987402	-0.092209354	0.13167478	-0.11865409	0.10447805	-0.093122594	0.09177749
-0.04889722	0.059101563	-0.062471908	0.07090554	-0.11554078	0.04571167	-0.05118087	0.07595147	-0.09183602	0.09644114	-0.06725034	0.054382935	-0.11973842	0.09606299	-0.09903568	0.059002552	-0.073258676	0.22483477	-0.17722246	0.18779674	-0.058567915	0.07218495	-0.67469263	0.23672847	-0.15393808	0.113567844	-0.3404986	0.99999946	-0.41449693	0.14964908	-0.1129933	0.24584816	-0.37642193	0.25789124	-0.20321341	0.08361143	-0.0686107	0.0786676	-0.09345205	0.075318776	-0.080891885	0.0722335	-0.06971937	0.06944439	-0.074172996
0.055288974	-0.067624085	0.07399545	-0.085337505	0.14007337	-0.05039093	0.055376824	-0.09060131	0.11034286	-0.1208979	0.07270297	-0.058148485	0.14474428	-0.120934404	0.12465042	-0.060248982	0.06986663	-0.2742971	0.2252361	-0.25637162	0.055227555	-0.06420635	0.28004876	-0.48043862	0.22473338	-0.111398056	0.23786804	-0.41449693	0.99999946	-0.25036892	0.11092666	-0.2496248	0.28207043	-0.5233754	0.26448733	-0.09584187	0.07745881	-0.09336812	0.11939045	-0.09893494	0.09153364	-0.085018225	0.082887635	-0.09004292	0.09363319
-0.04566312	0.055379145	-0.06395857	0.07392909	-0.12812033	0.040437344	-0.04432927	0.07735674	-0.097759366	0.10696886	-0.058392152	0.045351867	-0.13074529	0.10455669	-0.11879952	0.044801854	-0.051229976	0.16932249	-0.16821454	0.25121793	-0.041064937	0.04542456	-0.1718908	0.24846236	-0.68379855	0.073256366	-0.15667816	0.14964908	-0.25036892	0.9999994	-0.07578659	0.13828544	-0.15553683	0.18969326	-0.5544379	0.07032446	-0.056351237	0.070249744	-0.10288794	0.11241941	-0.07000343	0.06446491	-0.06674988	0.07596847	-0.10752152
0.030450592	-0.037112184	0.039000176	-0.0443864	0.07334515	-0.02794435	0.030163623	-0.046908997	0.057086393	-0.058845945	0.040910967	-0.031634808	0.07021276	-0.05455946	0.05735423	-0.036604438	0.036893163	-0.0955268	0.07411154	-0.10624161	0.03523788	-0.03489483	0.108767696	-0.09782564	0.07534212	-0.89371914	0.23072587	-0.1129933	0.11092666	-0.07578659	0.99999905	-0.24994627	0.13000163	-0.11690757	0.111277506	-0.17740804	0.10222692	-0.09803221	0.08141271	-0.056325197	0.13544953	-0.098464414	0.08366359	-0.06355823	0.05872467
-0.0451269	0.054643963	-0.05909399	0.067408286	-0.11242309	0.041063532	-0.045058724	0.071241334	-0.08755534	0.09117989	-0.060117602	0.04694534	-0.111097835	0.08696865	-0.09146021	0.049575567	-0.056569476	0.16421771	-0.13198552	0.17138976	-0.046869576	0.052812573	-0.23074295	0.17864464	-0.13787855	0.20404103	-0.6453522	0.24584816	-0.2496248	0.13828544	-0.24994627	0.99999917	-0.51744455	0.25978327	-0.21944152	0.14104377	-0.14411224	0.12579247	-0.123189054	0.09044928	-0.135089	0.11782379	-0.10790556	0.09172127	-0.09217726
0.044133637	-0.05393158	0.05833044	-0.06709407	0.11020445	-0.040255725	0.044127867	-0.07106533	0.0863807	-0.09332626	0.05834067	-0.046252556	0.11040535	-0.089609	0.0935212	-0.048429973	0.055439867	-0.18602984	0.14305666	-0.18720685	0.044858642	-0.05177746	0.2360531	-0.20980236	0.14471771	-0.12735325	0.2813663	-0.37642193	0.28207043	-0.15553683	0.13000163	-0.51744455	0.9999987	-0.60763985	0.22126733	-0.10558283	0.09297741	-0.10685395	0.11971113	-0.091528974	0.098082535	-0.092570424	0.08871707	-0.090319745	0.086917944
-0.04441443	0.05397999	-0.05926363	0.06804389	-0.11330173	0.040264554	-0.04425057	0.071927905	-0.08845111	0.0947567	-0.05853585	0.046074364	-0.11464175	0.092184916	-0.09707582	0.04768673	-0.055138588	0.18081746	-0.15456198	0.19192089	-0.044481702	0.05076698	-0.23590994	0.23124383	-0.17560032	0.10977243	-0.26401344	0.25789124	-0.5233754	0.18969326	-0.11690757	0.25978327	-0.60763985	0.9999985	-0.35972068	0.09888483	-0.08387904	0.10266963	-0.16527225	0.11587575	-0.096077256	0.0907795	-0.093825616	0.108477116	-0.10912913
0.062457375	-0.076936334	0.08615434	-0.10078376	0.16691412	-0.05564158	0.060419936	-0.10562971	0.12923463	-0.14850473	0.079647206	-0.062243972	0.16519661	-0.13858883	0.14922772	-0.061918747	0.06910958	-0.23519811	0.19758755	-0.3457222	0.055720627	-0.061640162	0.2092624	-0.29667115	0.2921311	-0.11138369	0.21274947	-0.20321341	0.26448733	-0.5544379	0.111277506	-0.21944152	0.22126733	-0.35972068	0.9999984	-0.11511045	0.0910475	-0.11677091	0.16417103	-0.24040736	0.10962939	-0.10622986	0.1074083	-0.12937652	0.17304586
-0.023723267	0.028669905	-0.031518046	0.0359977	-0.06123931	0.021208271	-0.02302987	0.037686925	-0.04697546	0.048223335	-0.031028992	0.023677949	-0.058478165	0.044867054	-0.047650017	0.024557378	-0.026939295	0.07474748	-0.060749058	0.087412775	-0.022851244	0.024439907	-0.0877199	0.08055018	-0.067720376	0.14026496	-0.14723368	0.08361143	-0.09584187	0.07032446	-0.17740804	0.14104377	-0.10558283	0.09888483	-0.11511045	0.9999983	-0.56280184	0.27974916	-0.19988376	0.105810225	-0.6466566	0.31184572	-0.2738714	0.15355359	-0.121991314
0.018058747	-0.021885175	0.024018204	-0.027496297	0.04646789	-0.016181875	0.017590698	-0.028830038	0.03576721	-0.037172444	0.023616407	-0.018128978	0.044699125	-0.03467954	0.03677216	-0.018774608	0.020733576	-0.059269674	0.047966838	-0.06895188	0.017427512	-0.018863773	0.069547296	-0.06442029	0.053378515	-0.09364911	0.11931105	-0.0686107	0.07745881	-0.056351237	0.10222692	-0.14411224	0.09297741	-0.08387904	0.0910475	-0.56280184	0.9999982	-0.5691768	0.17552274	-0.093787216	0.3110143	-0.4783581	0.2765579	-0.15028688	0.104920745
-0.021255448	0.025750382	-0.028398532	0.03253978	-0.0551124	0.019001642	-0.020663265	0.034091905	-0.042376053	0.044176247	-0.0277154	0.021258947	-0.053106107	0.041253787	-0.043832295	0.021830857	-0.024223683	0.06999673	-0.057187796	0.08276505	-0.020205583	0.02193898	-0.08123556	0.077221185	-0.06541299	0.08843283	-0.12557696	0.0786676	-0.09336812	0.070249744	-0.09803221	0.12579247	-0.10685395	0.10266963	-0.11677091	0.27974916	-0.5691768	0.99999815	-0.31834897	0.14257124	-0.3234794	0.31112862	-0.5738594	0.2368301	-0.16808091
0.025640773	-0.031300124	0.034607247	-0.039977178	0.066903904	-0.022913061	0.024890158	-0.041909274	0.051655985	-0.055786807	0.033159826	-0.025645455	0.06505298	-0.05199931	0.055288147	-0.026047477	0.028950611	-0.089512825	0.07316606	-0.11159419	0.023814691	-0.026101623	0.0943404	-0.10262548	0.086887784	-0.0798141	0.11987402	-0.09345205	0.11939045	-0.10288794	0.08141271	-0.123189054	0.11971113	-0.16527225	0.16417103	-0.19988376	0.17552274	-0.31834897	0.9999985	-0.41414347	0.17271128	-0.23777162	0.2762697	-0.68767047	0.2893728
-0.022065016	0.026972277	-0.030061968	0.03483941	-0.05837561	0.019665124	-0.021371504	0.036494408	-0.045028146	0.049386926	-0.028382458	0.02198265	-0.0571384	0.046104863	-0.04941328	0.022109073	-0.024654787	0.07785395	-0.06502114	0.10325279	-0.020133859	0.022104736	-0.078726165	0.091960244	-0.08788702	0.05484345	-0.092209354	0.075318776	-0.09893494	0.11241941	-0.056325197	0.09044928	-0.091528974	0.11587575	-0.24040736	0.105810225	-0.093787216	0.14257124	-0.41414347	0.9999986	-0.10377037	0.1205077	-0.16267452	0.26731366	-0.810259
0.024364892	-0.02956543	0.032462284	-0.037199244	0.06300902	-0.021741478	0.023535777	-0.038901713	0.048320897	-0.05000604	0.031692043	-0.024184633	0.059732635	-0.046110466	0.048915323	-0.024965366	0.027165903	-0.07610988	0.061061945	-0.09077303	0.023035945	-0.024559489	0.08413675	-0.08079074	0.066892065	-0.1381142	0.13167478	-0.080891885	0.09153364	-0.07000343	0.13544953	-0.135089	0.098082535	-0.096077256	0.10962939	-0.6466566	0.3110143	-0.3234794	0.17271128	-0.10377037	0.9999985	-0.57863045	0.2532526	-0.15764189	0.11157927
-0.02031982	0.024608934	-0.02713151	0.031072805	-0.052715663	0.018146316	-0.019711116	0.032529615	-0.040475585	0.042011082	-0.026478784	0.020261154	-0.050536636	0.039102033	-0.041550245	0.020818485	-0.022990845	0.06555977	-0.053415887	0.07776831	-0.019261569	0.020799346	-0.07538169	0.0715696	-0.060607117	0.090920515	-0.11865409	0.0722335	-0.085018225	0.06446491	-0.098464414	0.11782379	-0.092570424	0.0907795	-0.10622986	0.31184572	-0.4783581	0.31112862	-0.23777162	0.1205077	-0.57863045	0.99999857	-0.4986032	0.20065571	-0.14327751
0.019593716	-0.023817096	0.02625644	-0.030179357	0.05087193	-0.017504279	0.019003078	-0.03161083	0.039153323	-0.04128946	0.025451845	-0.019554246	0.048967563	-0.038381595	0.040770564	-0.020019615	0.022110865	-0.064969435	0.05274737	-0.078607105	0.018424556	-0.019978609	0.071668714	-0.071650974	0.060446784	-0.08051214	0.10447805	-0.06971937	0.082887635	-0.06674988	0.08366359	-0.10790556	0.08871707	-0.093825616	0.1074083	-0.2738714	0.2765579	-0.5738594	0.2762697	-0.16267452	0.2532526	-0.4986032	0.9999985	-0.45806652	0.17692813
-0.019123424	0.023287643	-0.025785698	0.02972523	-0.049969316	0.017081546	-0.018571021	0.031153679	-0.038526222	0.041257013	-0.024772553	0.019117355	-0.048583113	0.03854076	-0.041043404	0.01943384	-0.021640984	0.065857925	-0.054285903	0.08161293	-0.017830526	0.01951354	-0.07154063	0.0753441	-0.06559267	0.06091918	-0.093122594	0.06944439	-0.09004292	0.07596847	-0.06355823	0.09172127	-0.090319745	0.108477116	-0.12937652	0.15355359	-0.15028688	0.2368301	-0.68767047	0.26731366	-0.15764189	0.20065571	-0.45806652	0.9999984	-0.40760753
0.022472456	-0.02752723	0.030604308	-0.035527725	0.05928418	-0.020022394	0.021722766	-0.037203975	0.045762412	-0.050466675	0.028856859	-0.02234568	0.057744093	-0.046809107	0.050027605	-0.022460895	0.024920255	-0.07872833	0.064831205	-0.10549753	0.020387832	-0.0223235	0.07722709	-0.09138048	0.08238723	-0.05786922	0.09177749	-0.074172996	0.09363319	-0.10752152	0.05872467	-0.09217726	0.086917944	-0.10912913	0.17304586	-0.121991314	0.104920745	-0.16808091	0.2893728	-0.810259	0.11157927	-0.14327751	0.17692813	-0.40760753	0.9999984
