1.0	-0.25565267	0.16632833	-0.18039362	0.11047951	-0.7786264	0.28888986	-0.3132309	0.1280586	-0.10245271	0.24485457	-0.2306047	0.1484787	-0.13980997	0.1479624	-0.18385762	0.17058922	-0.1597765	0.10137133	-0.097279534	0.13838504	-0.19278593	0.074415825	-0.07601146	0.1269725	-0.12956922	0.085420005	-0.09199934	0.07547129	-0.0691621	0.106971264	-0.07078771	0.066008285	-0.0616538	0.07278421	-0.06372227	0.065628216	-0.057610877	0.0507889	-0.056103133	0.09476044	-0.056694165	0.05927534	-0.0385269	0.042224336
-0.25565267	0.99999964	-0.71797955	0.25778478	-0.1818654	0.18021597	-0.39863497	0.30745202	-0.19346207	0.14084622	-0.1966773	0.18078077	-0.16227031	0.16675708	-0.21835299	0.13385038	-0.15414059	0.14787295	-0.124614045	0.1136789	-0.12061445	0.14933595	-0.074058674	0.072990306	-0.13999057	0.109878816	-0.08021638	0.085920595	-0.077272035	0.070549354	-0.10738884	0.06726056	-0.064687565	0.060761746	-0.07365677	0.06297944	-0.06449679	0.056200527	-0.050393816	0.05479232	-0.09727412	0.055363566	-0.05882728	0.03791978	-0.041989744
0.16632833	-0.71797955	0.99999964	-0.4077595	0.1668593	-0.12531641	0.23531006	-0.45251632	0.19736882	-0.1361976	0.1376351	-0.1322406	0.1401744	-0.16372809	0.18681973	-0.09991646	0.11331846	-0.12860282	0.10801009	-0.09887999	0.09050742	-0.115582325	0.05994595	-0.05951501	0.10971141	-0.08433559	0.061678287	-0.066781856	0.060126815	-0.055282142	0.08171639	-0.05189565	0.04992586	-0.047114003	0.056988034	-0.048121393	0.04959952	-0.04340246	0.0389274	-0.04250976	0.07413114	-0.04264641	0.0452942	-0.02932349	0.032461178
-0.18039362	0.25778478	-0.4077595	0.99999976	-0.41492167	0.12668146	-0.2236737	0.28594163	-0.53860945	0.27393278	-0.15555741	0.14034958	-0.1891488	0.28458002	-0.36026862	0.1169566	-0.1337223	0.16927516	-0.18802536	0.16583057	-0.112128675	0.14255404	-0.08762769	0.08636264	-0.15875046	0.107725084	-0.08167404	0.08995635	-0.08373113	0.07776574	-0.108236425	0.069366395	-0.067445	0.064300284	-0.07816478	0.06391527	-0.06658669	0.058580693	-0.05284551	0.057849154	-0.099068366	0.05729422	-0.06112438	0.039778136	-0.04415548
0.11047951	-0.1818654	0.1668593	-0.41492167	0.99999976	-0.08211302	0.13831617	-0.22913611	0.26887336	-0.785099	0.10154036	-0.096222825	0.13428678	-0.24881859	0.25944185	-0.08243555	0.09248872	-0.1355021	0.1348215	-0.13905843	0.07871941	-0.10588777	0.06368869	-0.065008774	0.112615794	-0.07825512	0.058704212	-0.06593749	0.06003205	-0.056659482	0.075895466	-0.050116245	0.04848833	-0.046538036	0.056012705	-0.04521241	0.047623158	-0.042265914	0.03804781	-0.042175535	0.06942097	-0.04116832	0.043744877	-0.028753152	0.03184377
-0.7786264	0.18021597	-0.12531641	0.12668146	-0.08211302	0.99999964	-0.41960415	0.21585158	-0.093991734	0.07448555	-0.34384242	0.22667325	-0.12153973	0.10227315	-0.11248738	0.16530721	-0.16121899	0.12410204	-0.07721037	0.07296007	-0.12096912	0.1529379	-0.05792365	0.058280036	-0.09736225	0.10231332	-0.067310825	0.070545614	-0.0581526	0.05290975	-0.085249305	0.054902285	-0.051157728	0.047385816	-0.056110844	0.050122533	-0.05112972	0.044464517	-0.03912861	0.04285911	-0.07479618	0.04392238	-0.045972846	0.029615076	-0.032447256
0.28888986	-0.39863497	0.23531006	-0.2236737	0.13831617	-0.41960415	0.9999995	-0.44638178	0.16246714	-0.12544264	0.28718776	-0.47073582	0.19459064	-0.17136951	0.18348049	-0.21329297	0.22840579	-0.20081659	0.123875566	-0.11715377	0.1622999	-0.22546718	0.08761679	-0.08853737	0.14735201	-0.14596899	0.09754408	-0.10382825	0.08659382	-0.07917687	0.12357655	-0.08037428	0.07521939	-0.07010323	0.08315871	-0.07306912	0.07494182	-0.06546256	0.05778788	-0.063453324	0.10942472	-0.06451813	0.067638576	-0.04374233	0.047997624
-0.3132309	0.30745202	-0.45251632	0.28594163	-0.22913611	0.21585158	-0.44638178	0.9999996	-0.29906705	0.18728854	-0.25562122	0.22778876	-0.28897995	0.23762858	-0.30231994	0.17660795	-0.20626897	0.22351624	-0.17804192	0.1599767	-0.16314752	0.19961394	-0.10365902	0.10157699	-0.19701715	0.14929672	-0.11050752	0.11845761	-0.107800275	0.09835618	-0.14917995	0.092895955	-0.08970565	0.08434663	-0.10258609	0.08738844	-0.08945367	0.07790305	-0.07001049	0.07597594	-0.13559707	0.07674438	-0.08171294	0.052628595	-0.058355805
0.1280586	-0.19346207	0.19736882	-0.53860945	0.26887336	-0.093991734	0.16246714	-0.29906705	0.9999989	-0.36512375	0.11752624	-0.1117464	0.17978007	-0.6038395	0.28910005	-0.09299208	0.1065394	-0.1673736	0.17791022	-0.164712	0.08758312	-0.11544918	0.073636234	-0.07465538	0.122819886	-0.084571734	0.06343012	-0.07062572	0.06490849	-0.06122081	0.08230215	-0.053812854	0.05207864	-0.049873974	0.060127035	-0.048801444	0.051209796	-0.04526965	0.040701147	-0.044889126	0.07503582	-0.044153046	0.046946086	-0.030716812	0.034008533
-0.10245271	0.14084622	-0.1361976	0.27393278	-0.785099	0.07448555	-0.12544264	0.18728854	-0.36512375	0.99999905	-0.09413482	0.08758172	-0.13041398	0.23858301	-0.37465143	0.07552514	-0.08561572	0.1252948	-0.14588434	0.14350823	-0.072911076	0.09646787	-0.062495355	0.0628929	-0.10894566	0.07202326	-0.05466639	0.061390445	-0.056873288	0.053779133	-0.070854105	0.046637744	-0.045292627	0.043552406	-0.05258236	0.042129494	-0.044427186	0.039400306	-0.035511665	0.0392664	-0.06487744	0.038352	-0.04083069	0.026805997	-0.029710678
0.24485457	-0.1966773	0.1376351	-0.15555741	0.10154036	-0.34384242	0.28718776	-0.25562122	0.11752624	-0.09413482	0.9999995	-0.6015496	0.18327035	-0.13637449	0.14547983	-0.47298303	0.30252495	-0.19777642	0.10717733	-0.101297304	0.22172606	-0.2775847	0.08946629	-0.09027432	0.13782223	-0.17804475	0.10667543	-0.10879758	0.08576564	-0.07763397	0.13053387	-0.08476924	0.07727471	-0.070704184	0.082759395	-0.07655691	0.07740518	-0.06688741	0.058092106	-0.06345438	0.111662716	-0.066279955	0.068792395	-0.0440355	0.047930185
-0.2306047	0.18078077	-0.1322406	0.14034958	-0.096222825	0.22667325	-0.47073582	0.22778876	-0.1117464	0.08758172	-0.6015496	0.99999946	-0.2370294	0.1300038	-0.14091338	0.2783211	-0.4629207	0.2018592	-0.10419664	0.09582714	-0.19312595	0.23421627	-0.08235078	0.08081508	-0.12700549	0.14355944	-0.093442455	0.094023064	-0.0771886	0.069593415	-0.118348315	0.0741195	-0.06865102	0.06278438	-0.07433257	0.0684411	-0.06905361	0.059292458	-0.051877838	0.056262974	-0.102061905	0.05885791	-0.061550718	0.039184183	-0.042829536
0.1484787	-0.16227031	0.1401744	-0.1891488	0.13428678	-0.12153973	0.19459064	-0.28897995	0.17978007	-0.13041398	0.18327035	-0.2370294	0.99999946	-0.29983956	0.2171127	-0.1637226	0.20191199	-0.7962217	0.1953213	-0.17714536	0.13213195	-0.1842174	0.10470396	-0.10608951	0.13878036	-0.11702949	0.08204281	-0.08875591	0.07767935	-0.07260724	0.103476346	-0.06775835	0.06420909	-0.06063959	0.07212846	-0.06103678	0.06345002	-0.055665314	0.04936435	-0.05432853	0.09208936	-0.05454297	0.057467707	-0.037330423	0.041035328
-0.13980997	0.16675708	-0.16372809	0.28458002	-0.24881859	0.10227315	-0.17136951	0.23762858	-0.6038395	0.23858301	-0.13637449	0.1300038	-0.29983956	0.9999993	-0.49227902	0.109983794	-0.12874155	0.22259748	-0.32955617	0.23678523	-0.10491888	0.13804261	-0.10151442	0.10104635	-0.15712924	0.10113194	-0.076865196	0.08618374	-0.0807436	0.07673562	-0.098858364	0.065189056	-0.06331295	0.060969513	-0.0735376	0.058648147	-0.061976552	0.054919124	-0.04940939	0.054566793	-0.09015738	0.053410426	-0.056856744	0.03728527	-0.041282445
0.1479624	-0.21835299	0.18681973	-0.36026862	0.25944185	-0.11248738	0.18348049	-0.30231994	0.28910005	-0.37465143	0.14547983	-0.14091338	0.2171127	-0.49227902	0.9999991	-0.12603202	0.14104503	-0.24246372	0.2804476	-0.43000302	0.12165886	-0.16984993	0.1127071	-0.119245775	0.18846925	-0.12417443	0.093814194	-0.10831384	0.09830708	-0.096478514	0.11779126	-0.08049586	0.07782565	-0.07571018	0.09015337	-0.07071181	0.07573097	-0.0679284	0.06104866	-0.06857943	0.107723735	-0.065717846	0.06964646	-0.04630812	0.05116366
-0.18385762	0.13385038	-0.09991646	0.1169566	-0.08243555	0.16530721	-0.21329297	0.17660795	-0.09299208	0.07552514	-0.47298303	0.2783211	-0.1637226	0.109983794	-0.12603202	0.99999917	-0.57772696	0.16940993	-0.09588341	0.08848176	-0.4876594	0.30086207	-0.09153256	0.088541605	-0.14095421	0.21486211	-0.12757924	0.117156856	-0.091620274	0.08089257	-0.15909608	0.09474541	-0.08570985	0.076062605	-0.089303575	0.08878882	-0.087348826	0.07326025	-0.06305296	0.06747555	-0.12985206	0.07345394	-0.07621456	0.047572758	-0.0515999
0.17058922	-0.15414059	0.11331846	-0.1337223	0.09248872	-0.16121899	0.22840579	-0.20626897	0.1065394	-0.08561572	0.30252495	-0.4629207	0.20191199	-0.12874155	0.14104503	-0.57772696	0.9999992	-0.2628269	0.11233463	-0.103154026	0.27054986	-0.46755102	0.10789575	-0.106183246	0.14300312	-0.19401026	0.11797549	-0.1152955	0.090736724	-0.081292525	0.14270262	-0.09092709	0.08236672	-0.074452564	0.08717627	-0.08239845	0.08290586	-0.070790224	0.061185904	-0.06618129	0.12046967	-0.07040912	0.07309075	-0.046273842	0.05027456
-0.1597765	0.14787295	-0.12860282	0.16927516	-0.1355021	0.12410204	-0.20081659	0.22351624	-0.1673736	0.1252948	-0.19777642	0.2018592	-0.7962217	0.22259748	-0.24246372	0.16940993	-0.2628269	0.9999991	-0.26194096	0.18536401	-0.14436205	0.18625793	-0.12608403	0.116622634	-0.15375218	0.12207628	-0.08779727	0.09392038	-0.08440403	0.07829469	-0.11232452	0.07216957	-0.068864375	0.06492831	-0.07776248	0.065742664	-0.06815999	0.059513815	-0.052916136	0.057880457	-0.099986106	0.058377538	-0.061741326	0.039917774	-0.04395758
0.10137133	-0.124614045	0.10801009	-0.18802536	0.1348215	-0.07721037	0.123875566	-0.17804192	0.17791022	-0.14588434	0.10717733	-0.10419664	0.1953213	-0.32955617	0.2804476	-0.09588341	0.11233463	-0.26194096	0.99999905	-0.7917185	0.094298884	-0.13319969	0.14583737	-0.17968781	0.16719751	-0.094084345	0.07287182	-0.086475804	0.08179271	-0.08466038	0.087977745	-0.062063694	0.06022635	-0.059710845	0.070344105	-0.052853093	0.057747617	-0.05217754	0.04666272	-0.052724462	0.079961754	-0.050043	0.05298733	-0.035446465	0.0390072
-0.097279534	0.1136789	-0.09887999	0.16583057	-0.13905843	0.07296007	-0.11715377	0.1599767	-0.164712	0.14350823	-0.101297304	0.09582714	-0.17714536	0.23678523	-0.43000302	0.08848176	-0.103154026	0.18536401	-0.7917185	0.9999988	-0.08951458	0.12232262	-0.1345068	0.1342837	-0.21043286	0.090766534	-0.07221505	0.08638081	-0.0857157	0.08981628	-0.08652449	0.061702073	-0.06042125	0.060484845	-0.07185769	0.05207285	-0.05751951	0.052165635	-0.046815038	0.052925825	-0.078969106	0.049808614	-0.052923862	0.035523206	-0.03915279
0.13838504	-0.12061445	0.09050742	-0.112128675	0.07871941	-0.12096912	0.1622999	-0.16314752	0.08758312	-0.072911076	0.22172606	-0.19312595	0.13213195	-0.10491888	0.12165886	-0.4876594	0.27054986	-0.14436205	0.094298884	-0.08951458	0.99999905	-0.5347364	0.113046154	-0.112582974	0.16397588	-0.52374226	0.18778323	-0.16919011	0.11610705	-0.102183916	0.20835017	-0.13494645	0.11389667	-0.09931512	0.112938784	-0.11954808	0.11521451	-0.096755385	0.080775045	-0.08672154	0.16062047	-0.09704434	0.098361075	-0.06132471	0.065540954
-0.19278593	0.14933595	-0.115582325	0.14255404	-0.10588777	0.1529379	-0.22546718	0.19961394	-0.11544918	0.09646787	-0.2775847	0.23421627	-0.1842174	0.13804261	-0.16984993	0.30086207	-0.46755102	0.18625793	-0.13319969	0.12232262	-0.5347364	0.999999	-0.21596241	0.16965012	-0.23156935	0.27583933	-0.20847292	0.18125804	-0.15010948	0.13000561	-0.256415	0.149443	-0.13802916	0.12166048	-0.14514208	0.14189059	-0.14142379	0.117126554	-0.10173709	0.107286185	-0.21591322	0.117701896	-0.12365777	0.0762784	-0.083191164
0.074415825	-0.074058674	0.05994595	-0.08762769	0.06368869	-0.05792365	0.08761679	-0.10365902	0.073636234	-0.062495355	0.08946629	-0.08235078	0.10470396	-0.10151442	0.1127071	-0.09153256	0.10789575	-0.12608403	0.14583737	-0.1345068	0.113046154	-0.21596241	0.9999994	-0.9220104	0.14108403	-0.101191826	0.08134239	-0.09939908	0.09756111	-0.08922407	0.09067991	-0.065892294	0.06365883	-0.06299303	0.07210699	-0.053906497	0.059999567	-0.053834427	0.047291484	-0.05268762	0.08053101	-0.051370583	0.054242656	-0.035841517	0.039061386
-0.07601146	0.072990306	-0.05951501	0.08636264	-0.065008774	0.058280036	-0.08853737	0.10157699	-0.07465538	0.0628929	-0.09027432	0.08081508	-0.10608951	0.10104635	-0.119245775	0.088541605	-0.106183246	0.116622634	-0.17968781	0.1342837	-0.112582974	0.16965012	-0.9220104	0.9999994	-0.16268875	0.0983632	-0.08210133	0.09748723	-0.10971848	0.09355587	-0.09362808	0.066479765	-0.06524115	0.0647296	-0.07528764	0.055270176	-0.061453257	0.054880425	-0.04856383	0.053661272	-0.08352944	0.05238507	-0.055701576	0.036648933	-0.040098693
0.1269725	-0.13999057	0.10971141	-0.15875046	0.112615794	-0.09736225	0.14735201	-0.19701715	0.122819886	-0.10894566	0.13782223	-0.12700549	0.13878036	-0.15712924	0.18846925	-0.14095421	0.14300312	-0.15375218	0.16719751	-0.21043286	0.16397588	-0.23156935	0.14108403	-0.16268875	0.9999991	-0.22075218	0.19634292	-0.28787172	0.28349108	-0.49239492	0.19943233	-0.17763203	0.17595772	-0.19679092	0.21904221	-0.12681803	0.1570303	-0.15317072	0.13659358	-0.16673848	0.18568462	-0.13958754	0.14663205	-0.10584539	0.11522535
-0.12956922	0.109878816	-0.08433559	0.107725084	-0.07825512	0.10231332	-0.14596899	0.14929672	-0.084571734	0.07202326	-0.17804475	0.14355944	-0.11702949	0.10113194	-0.12417443	0.21486211	-0.19401026	0.12207628	-0.094084345	0.090766534	-0.52374226	0.27583933	-0.101191826	0.0983632	-0.22075218	0.99999934	-0.4168584	0.24522541	-0.16999155	0.14200246	-0.44566643	0.21497096	-0.18124364	0.14710717	-0.16876723	0.20390074	-0.18952106	0.14837281	-0.12212952	0.1267525	-0.27584702	0.15171458	-0.15419331	0.09188032	-0.0976142
0.085420005	-0.08021638	0.061678287	-0.08167404	0.058704212	-0.067310825	0.09754408	-0.11050752	0.06343012	-0.05466639	0.10667543	-0.093442455	0.08204281	-0.076865196	0.093814194	-0.12757924	0.11797549	-0.08779727	0.07287182	-0.07221505	0.18778323	-0.20847292	0.08134239	-0.08210133	0.19634292	-0.4168584	0.9999994	-0.5909152	0.20563199	-0.17376855	0.21699657	-0.4947151	0.24727713	-0.18882565	0.1883282	-0.13994622	0.22633149	-0.18782562	0.13636397	-0.14198238	0.18118455	-0.17949961	0.17126629	-0.10409249	0.10515975
-0.09199934	0.085920595	-0.066781856	0.08995635	-0.06593749	0.070545614	-0.10382825	0.11845761	-0.07062572	0.061390445	-0.10879758	0.094023064	-0.08875591	0.08618374	-0.10831384	0.117156856	-0.1152955	0.09392038	-0.086475804	0.08638081	-0.16919011	0.18125804	-0.09939908	0.09748723	-0.28787172	0.24522541	-0.5909152	0.99999946	-0.42467633	0.24329078	-0.23169856	0.27884278	-0.32671985	0.22464664	-0.25656867	0.14411503	-0.23449585	0.20212933	-0.16444983	0.16374806	-0.20775288	0.17769025	-0.20038596	0.120077476	-0.12742175
0.07547129	-0.077272035	0.060126815	-0.08373113	0.06003205	-0.0581526	0.08659382	-0.107800275	0.06490849	-0.056873288	0.08576564	-0.0771886	0.07767935	-0.0807436	0.09830708	-0.091620274	0.090736724	-0.08440403	0.08179271	-0.0857157	0.11610705	-0.15010948	0.09756111	-0.10971848	0.28349108	-0.16999155	0.20563199	-0.42467633	0.99999934	-0.71924525	0.14950791	-0.17526226	0.18733771	-0.26678434	0.23880763	-0.09728691	0.14292406	-0.14516012	0.12564498	-0.14466287	0.13817087	-0.12337195	0.13156925	-0.09526639	0.10109924
-0.0691621	0.070549354	-0.055282142	0.07776574	-0.056659482	0.05290975	-0.07917687	0.09835618	-0.06122081	0.053779133	-0.07763397	0.069593415	-0.07260724	0.07673562	-0.096478514	0.08089257	-0.081292525	0.07829469	-0.08466038	0.08981628	-0.102183916	0.13000561	-0.08922407	0.09355587	-0.49239492	0.14200246	-0.17376855	0.24329078	-0.71924525	0.9999993	-0.13636613	0.14548202	-0.16454929	0.20773011	-0.29651365	0.08761867	-0.12808774	0.12692049	-0.116313905	0.13419487	-0.1274457	0.10882966	-0.12011813	0.08684607	-0.0957758
0.106971264	-0.10738884	0.08171639	-0.108236425	0.075895466	-0.085249305	0.12357655	-0.14917995	0.08230215	-0.070854105	0.13053387	-0.118348315	0.103476346	-0.098858364	0.11779126	-0.15909608	0.14270262	-0.11232452	0.087977745	-0.08652449	0.20835017	-0.256415	0.09067991	-0.09362808	0.19943233	-0.44566643	0.21699657	-0.23169856	0.14950791	-0.13636613	0.99999905	-0.22214451	0.16871868	-0.14896558	0.15883633	-0.5892796	0.1954429	-0.15935217	0.12384539	-0.13991097	0.31979492	-0.17901742	0.15616657	-0.097740926	0.10019993
-0.07078771	0.06726056	-0.05189565	0.069366395	-0.050116245	0.054902285	-0.08037428	0.092895955	-0.053812854	0.046637744	-0.08476924	0.0741195	-0.06775835	0.065189056	-0.08049586	0.09474541	-0.09092709	0.07216957	-0.062063694	0.061702073	-0.13494645	0.149443	-0.065892294	0.066479765	-0.17763203	0.21497096	-0.4947151	0.27884278	-0.17526226	0.14548202	-0.22214451	0.9999991	-0.49215257	0.22397669	-0.23173773	0.15159209	-0.49333566	0.25837776	-0.17632446	0.16416937	-0.19384016	0.24324219	-0.2477453	0.1293127	-0.12810053
0.066008285	-0.064687565	0.04992586	-0.067445	0.04848833	-0.051157728	0.07521939	-0.08970565	0.05207864	-0.045292627	0.07727471	-0.06865102	0.06420909	-0.06331295	0.07782565	-0.08570985	0.08236672	-0.068864375	0.06022635	-0.06042125	0.11389667	-0.13802916	0.06365883	-0.06524115	0.17595772	-0.18124364	0.24727713	-0.32671985	0.18733771	-0.16454929	0.16871868	-0.49215257	0.99999917	-0.47535536	0.27289304	-0.123389	0.2644107	-0.47348303	0.2131646	-0.20437124	0.16149302	-0.23093267	0.24391638	-0.15892734	0.1455795
-0.0616538	0.060761746	-0.047114003	0.064300284	-0.046538036	0.047385816	-0.07010323	0.08434663	-0.049873974	0.043552406	-0.070704184	0.06278438	-0.06063959	0.060969513	-0.07571018	0.076062605	-0.074452564	0.06492831	-0.059710845	0.060484845	-0.09931512	0.12166048	-0.06299303	0.0647296	-0.19679092	0.14710717	-0.18882565	0.22464664	-0.26678434	0.20773011	-0.14896558	0.22397669	-0.47535536	0.9999985	-0.69326776	0.10254174	-0.19312474	0.2299288	-0.24457955	0.220999	-0.1438351	0.16214924	-0.19226483	0.15534896	-0.16682705
0.07278421	-0.07365677	0.056988034	-0.07816478	0.056012705	-0.056110844	0.08315871	-0.10258609	0.060127035	-0.05258236	0.082759395	-0.07433257	0.07212846	-0.0735376	0.09015337	-0.089303575	0.08717627	-0.07776248	0.070344105	-0.07185769	0.112938784	-0.14514208	0.07210699	-0.07528764	0.21904221	-0.16876723	0.1883282	-0.25656867	0.23880763	-0.29651365	0.15883633	-0.23173773	0.27289304	-0.69326776	0.9999983	-0.110421665	0.18591778	-0.23041306	0.2150155	-0.34543642	0.15278077	-0.1740978	0.18434279	-0.17139852	0.18492335
-0.06372227	0.06297944	-0.048121393	0.06391527	-0.04521241	0.050122533	-0.07306912	0.08738844	-0.048801444	0.042129494	-0.07655691	0.0684411	-0.06103678	0.058648147	-0.07071181	0.08878882	-0.08239845	0.065742664	-0.052853093	0.05207285	-0.11954808	0.14189059	-0.053906497	0.055270176	-0.12681803	0.20390074	-0.13994622	0.14411503	-0.09728691	0.08761867	-0.5892796	0.15159209	-0.123389	0.10254174	-0.110421665	0.9999984	-0.20596711	0.12526302	-0.09263367	0.09870689	-0.7035018	0.1650092	-0.13440785	0.07291464	-0.072954565
0.065628216	-0.06449679	0.04959952	-0.06658669	0.047623158	-0.05112972	0.07494182	-0.08945367	0.051209796	-0.044427186	0.07740518	-0.06905361	0.06345002	-0.061976552	0.07573097	-0.087348826	0.08290586	-0.06815999	0.057747617	-0.05751951	0.11521451	-0.14142379	0.059999567	-0.061453257	0.1570303	-0.18952106	0.22633149	-0.23449585	0.14292406	-0.12808774	0.1954429	-0.49333566	0.2644107	-0.19312474	0.18591778	-0.20596711	0.99999845	-0.38041228	0.18732499	-0.18477623	0.21227445	-0.59259075	0.30039427	-0.15244886	0.13446574
-0.057610877	0.056200527	-0.04340246	0.058580693	-0.042265914	0.044464517	-0.06546256	0.07790305	-0.04526965	0.039400306	-0.06688741	0.059292458	-0.055665314	0.054919124	-0.0679284	0.07326025	-0.070790224	0.059513815	-0.05217754	0.052165635	-0.096755385	0.117126554	-0.053834427	0.054880425	-0.15317072	0.14837281	-0.18782562	0.20212933	-0.14516012	0.12692049	-0.15935217	0.25837776	-0.47348303	0.2299288	-0.23041306	0.12526302	-0.38041228	0.9999984	-0.40372717	0.22276719	-0.16874568	0.28257877	-0.5384324	0.21882205	-0.18748158
0.0507889	-0.050393816	0.0389274	-0.05284551	0.03804781	-0.03912861	0.05778788	-0.07001049	0.040701147	-0.035511665	0.058092106	-0.051877838	0.04936435	-0.04940939	0.06104866	-0.06305296	0.061185904	-0.052916136	0.04666272	-0.046815038	0.080775045	-0.10173709	0.047291484	-0.04856383	0.13659358	-0.12212952	0.13636397	-0.16444983	0.12564498	-0.116313905	0.12384539	-0.17632446	0.2131646	-0.24457955	0.2150155	-0.09263367	0.18732499	-0.40372717	0.9999989	-0.45942852	0.12648125	-0.18802074	0.23888011	-0.6333269	0.3044397
-0.056103133	0.05479232	-0.04250976	0.057849154	-0.042175535	0.04285911	-0.063453324	0.07597594	-0.044889126	0.0392664	-0.06345438	0.056262974	-0.05432853	0.054566793	-0.06857943	0.06747555	-0.06618129	0.057880457	-0.052724462	0.052925825	-0.08672154	0.107286185	-0.05268762	0.053661272	-0.16673848	0.1267525	-0.14198238	0.16374806	-0.14466287	0.13419487	-0.13991097	0.16416937	-0.20437124	0.220999	-0.34543642	0.09870689	-0.18477623	0.22276719	-0.45942852	0.99999905	-0.14289851	0.16427235	-0.22529982	0.31007752	-0.65854824
0.09476044	-0.09727412	0.07413114	-0.099068366	0.06942097	-0.07479618	0.10942472	-0.13559707	0.07503582	-0.06487744	0.111662716	-0.102061905	0.09208936	-0.09015738	0.107723735	-0.12985206	0.12046967	-0.099986106	0.079961754	-0.078969106	0.16062047	-0.21591322	0.08053101	-0.08352944	0.18568462	-0.27584702	0.18118455	-0.20775288	0.13817087	-0.1274457	0.31979492	-0.19384016	0.16149302	-0.1438351	0.15278077	-0.7035018	0.21227445	-0.16874568	0.12648125	-0.14289851	0.99999934	-0.25153077	0.1761788	-0.1020761	0.10187854
-0.056694165	0.055363566	-0.04264641	0.05729422	-0.04116832	0.04392238	-0.06451813	0.07674438	-0.044153046	0.038352	-0.066279955	0.05885791	-0.05454297	0.053410426	-0.065717846	0.07345394	-0.07040912	0.058377538	-0.050043	0.049808614	-0.09704434	0.117701896	-0.051370583	0.05238507	-0.13958754	0.15171458	-0.17949961	0.17769025	-0.12337195	0.10882966	-0.17901742	0.24324219	-0.23093267	0.16214924	-0.1740978	0.1650092	-0.59259075	0.28257877	-0.18802074	0.16427235	-0.25153077	0.9999991	-0.6209126	0.15231803	-0.13873403
0.05927534	-0.05882728	0.0452942	-0.06112438	0.043744877	-0.045972846	0.067638576	-0.08171294	0.046946086	-0.04083069	0.068792395	-0.061550718	0.057467707	-0.056856744	0.06964646	-0.07621456	0.07309075	-0.061741326	0.05298733	-0.052923862	0.098361075	-0.12365777	0.054242656	-0.055701576	0.14663205	-0.15419331	0.17126629	-0.20038596	0.13156925	-0.12011813	0.15616657	-0.2477453	0.24391638	-0.19226483	0.18434279	-0.13440785	0.30039427	-0.5384324	0.23888011	-0.22529982	0.1761788	-0.6209126	0.9999989	-0.24821456	0.1734697
-0.0385269	0.03791978	-0.02932349	0.039778136	-0.028753152	0.029615076	-0.04374233	0.052628595	-0.030716812	0.026805997	-0.0440355	0.039184183	-0.037330423	0.03728527	-0.04630812	0.047572758	-0.046273842	0.039917774	-0.035446465	0.035523206	-0.06132471	0.0762784	-0.035841517	0.036648933	-0.10584539	0.09188032	-0.10409249	0.120077476	-0.09526639	0.08684607	-0.097740926	0.1293127	-0.15892734	0.15534896	-0.17139852	0.07291464	-0.15244886	0.21882205	-0.6333269	0.31007752	-0.1020761	0.15231803	-0.24821456	0.999999	-0.6183773
0.042224336	-0.041989744	0.032461178	-0.04415548	0.03184377	-0.032447256	0.047997624	-0.058355805	0.034008533	-0.029710678	0.047930185	-0.042829536	0.041035328	-0.041282445	0.05116366	-0.0515999	0.05027456	-0.04395758	0.0390072	-0.03915279	0.065540954	-0.083191164	0.039061386	-0.040098693	0.11522535	-0.0976142	0.10515975	-0.12742175	0.10109924	-0.0957758	0.10019993	-0.12810053	0.1455795	-0.16682705	0.18492335	-0.072954565	0.13446574	-0.18748158	0.3044397	-0.65854824	0.10187854	-0.13873403	0.1734697	-0.6183773	0.999999
