1.0000001	-0.103416376	0.06362834	-0.040554404	0.045072645	-0.89502674	0.094523184	-0.1004896	0.055059455	-0.03412829	0.24474633	-0.20682156	0.09874203	-0.041998714	0.04612764	-0.2724196	0.14574867	-0.1009838	0.06513749	-0.05813114	0.057823297	-0.055848055	0.082172595	-0.0662162	0.049286723	-0.039051	0.05996801	-0.069328934	0.04893974	-0.044610042	0.054729536	-0.05001861	0.04238499	-0.03894183	0.051234838	-0.027626107	0.03240792	-0.03123187	0.028494708	-0.02941904	0.03131371	-0.036484838	0.027126525	-0.028509295	0.035082933
-0.103416376	1.0000001	-0.08547249	0.05043671	-0.050295465	0.09075209	-0.9617852	0.1401428	-0.05927434	0.037752572	-0.0830002	0.10269562	-0.13239846	0.03660443	-0.040504	0.07817881	-0.0870466	0.071264245	-0.050899044	0.04388781	-0.044276323	0.04046838	-0.06312113	0.04906409	-0.0381347	0.02967199	-0.045159608	0.050999362	-0.037006143	0.033865772	-0.042788114	0.037632514	-0.032702863	0.029782133	-0.039935797	0.021297777	-0.024753515	0.023867244	-0.021956965	0.022767594	-0.02438278	0.027755441	-0.020813365	0.021831999	-0.027503967
0.06362834	-0.08547249	0.99999994	-0.69500506	0.2783207	-0.0564775	0.07691758	-0.28632087	0.23507065	-0.22726424	0.08766432	-0.12835863	0.18619296	-0.11534791	0.118022904	-0.11518068	0.11849015	-0.15020129	0.119720355	-0.11863765	0.1023795	-0.091165476	0.12986864	-0.13357034	0.09691676	-0.071041726	0.10440196	-0.1379651	0.0958509	-0.0911012	0.10427157	-0.10452132	0.08723435	-0.08156372	0.10439665	-0.05537069	0.06751395	-0.066282816	0.061062288	-0.06586281	0.06300192	-0.078117356	0.05757057	-0.062033776	0.07794425
-0.040554404	0.05043671	-0.69500506	0.9999998	-0.54425436	0.035410196	-0.047569264	0.15256357	-0.294574	0.24089266	-0.05556324	0.0791191	-0.12652446	0.090406835	-0.094751485	0.070865035	-0.07547916	0.093348876	-0.080256924	0.07689379	-0.064539306	0.057140518	-0.08282841	0.08331654	-0.061994594	0.04456547	-0.06568443	0.085208125	-0.06022147	0.057451725	-0.06553305	0.064590745	-0.054437805	0.050836176	-0.06566392	0.034512788	-0.041882373	0.04107342	-0.037870433	0.040669482	-0.03934099	0.04827311	-0.035693675	0.03834263	-0.04827198
0.045072645	-0.050295465	0.2783207	-0.54425436	1.0000001	-0.03996116	0.04573348	-0.14666882	0.30609167	-0.6059657	0.0621128	-0.08971223	0.114528194	-0.115088716	0.11398442	-0.084219	0.08548876	-0.111684695	0.09774332	-0.09758619	0.08004963	-0.070579976	0.099022254	-0.106496796	0.07773623	-0.05569613	0.08149127	-0.10897639	0.07612565	-0.073157966	0.08213848	-0.083246015	0.06941582	-0.065155566	0.08319468	-0.043870404	0.0537502	-0.05288347	0.04875789	-0.052783184	0.049925018	-0.062361024	0.045921016	-0.049602624	0.0623795
-0.89502674	0.09075209	-0.0564775	0.035410196	-0.03996116	1.0	-0.09643422	0.08466742	-0.048802003	0.029968577	-0.33555	0.17382851	-0.08874366	0.036647964	-0.040694565	0.21113826	-0.13424218	0.08670901	-0.057421964	0.050090183	-0.051607043	0.049161233	-0.07321303	0.05691101	-0.04318217	0.03459254	-0.053251363	0.059611294	-0.042576358	0.03869386	-0.048781	0.043416966	-0.037136286	0.03391254	-0.045033235	0.024338689	-0.028307749	0.027216027	-0.024888229	0.025638534	-0.027683241	0.031729706	-0.023681814	0.024809746	-0.030761447
0.094523184	-0.9617852	0.07691758	-0.047569264	0.04573348	-0.09643422	0.9999999	-0.16335748	0.05412971	-0.035110384	0.07964915	-0.10844348	0.12335639	-0.034060206	0.03726866	-0.07704948	0.08195557	-0.06825938	0.0472077	-0.04116584	0.040661275	-0.037647273	0.058336645	-0.046048928	0.035331108	-0.027344182	0.04166983	-0.047861036	0.034460355	-0.031562824	0.039221432	-0.035027783	0.030256698	-0.02765667	0.036871895	-0.019645803	0.022947723	-0.022151664	0.020346645	-0.02112326	0.02243884	-0.02579008	0.019294327	-0.020275455	0.025418516
-0.1004896	0.1401428	-0.28632087	0.15256357	-0.14666882	0.08466742	-0.16335748	0.9999994	-0.18702714	0.11496425	-0.14785248	0.207772	-0.80309975	0.104340605	-0.1128311	0.15009303	-0.19357593	0.19981663	-0.13828376	0.115534626	-0.11119127	0.10203015	-0.17138356	0.12693591	-0.09881423	0.074467674	-0.11398782	0.13092642	-0.095535815	0.08726137	-0.10722581	0.09510677	-0.08296077	0.07579565	-0.10171931	0.053523045	-0.06252101	0.060401738	-0.055568337	0.05769476	-0.061232634	0.07014844	-0.05262475	0.055264052	-0.069534644
0.055059455	-0.05927434	0.23507065	-0.294574	0.30609167	-0.048802003	0.05412971	-0.18702714	0.9999996	-0.6797917	0.07641398	-0.110574104	0.1417411	-0.21619147	0.17881015	-0.1038458	0.10618206	-0.14124542	0.1338699	-0.13085707	0.09962171	-0.08810216	0.1245792	-0.13561134	0.10013738	-0.069311514	0.101684615	-0.13675241	0.09657164	-0.09361954	0.102057956	-0.10376712	0.08682571	-0.08184199	0.104674734	-0.054554548	0.066984534	-0.065964155	0.060789373	-0.065704465	0.06205192	-0.07767326	0.057234354	-0.061805014	0.07751686
-0.03412829	0.037752572	-0.22726424	0.24089266	-0.6059657	0.029968577	-0.035110384	0.11496425	-0.6797917	0.999999	-0.047087844	0.06731397	-0.09490133	0.121436775	-0.1275046	0.06224068	-0.065231755	0.08452311	-0.082143635	0.07791396	-0.059243716	0.052361827	-0.07523016	0.079544656	-0.059853595	0.041050624	-0.060424466	0.07996024	-0.057076287	0.055280495	-0.060425475	0.06052641	-0.051034063	0.04800454	-0.061887726	0.03206015	-0.03918277	0.038533397	-0.035523724	0.038226876	-0.036509812	0.045269225	-0.03344783	0.036010113	-0.045215685
0.24474633	-0.0830002	0.08766432	-0.05556324	0.0621128	-0.33555	0.07964915	-0.14785248	0.07641398	-0.047087844	0.9999989	-0.54417837	0.15833323	-0.060198337	0.066148534	-0.6571634	0.2838509	-0.16251439	0.09812336	-0.08382608	0.08632736	-0.08578561	0.12786889	-0.09459704	0.07136646	-0.05760248	0.09001054	-0.099163085	0.070629284	-0.06369344	0.07971709	-0.070818156	0.0604444	-0.055206016	0.07334135	-0.039635923	0.046028715	-0.044154365	0.040273182	-0.041285872	0.04492974	-0.051422045	0.03837695	-0.040112443	0.049439117
-0.20682156	0.10269562	-0.12835863	0.0791191	-0.08971223	0.17382851	-0.10844348	0.207772	-0.110574104	0.06731397	-0.54417837	0.9999989	-0.31077728	0.08582515	-0.095320545	0.32153565	-0.5851126	0.23355474	-0.14467871	0.11717769	-0.1262026	0.12546512	-0.19397467	0.13153102	-0.101688944	0.08289508	-0.13226688	0.13779649	-0.09986441	0.08932226	-0.11489641	0.09895693	-0.08539884	0.077449456	-0.104078494	0.05625797	-0.06474683	0.061892167	-0.056561694	0.05776577	-0.06395869	0.07186842	-0.053885266	0.05608336	-0.06957934
0.09874203	-0.13239846	0.18619296	-0.12652446	0.114528194	-0.08874366	0.12335639	-0.80309975	0.1417411	-0.09490133	0.15833323	-0.31077728	0.9999987	-0.105634786	0.1064963	-0.17496806	0.20696566	-0.27156347	0.1389538	-0.120863676	0.10621682	-0.103492	0.17056294	-0.1323052	0.097606145	-0.07208123	0.11107258	-0.13644424	0.096328795	-0.08802295	0.10137015	-0.09461349	0.08095027	-0.074949816	0.09862705	-0.05166008	0.06131549	-0.059435494	0.05433843	-0.05650342	0.058582928	-0.06922151	0.051548958	-0.054397494	0.067180276
-0.041998714	0.03660443	-0.11534791	0.090406835	-0.115088716	0.036647964	-0.034060206	0.104340605	-0.21619147	0.121436775	-0.060198337	0.08582515	-0.105634786	0.99999845	-0.8669328	0.08188218	-0.09385711	0.14251533	-0.3147462	0.20069017	-0.08602613	0.07807071	-0.1237289	0.14001891	-0.12250621	0.05924676	-0.08995366	0.12258521	-0.09959698	0.102876216	-0.085904025	0.08679038	-0.0771745	0.07522587	-0.10065616	0.045437817	-0.05641415	0.055907816	-0.051404137	0.05402879	-0.05159921	0.06435285	-0.048186563	0.051438127	-0.06317584
0.04612764	-0.040504	0.118022904	-0.094751485	0.11398442	-0.040694565	0.03726866	-0.1128311	0.17881015	-0.1275046	0.066148534	-0.095320545	0.1064963	-0.8669328	0.9999985	-0.092642635	0.10032883	-0.15492183	0.23592281	-0.24406861	0.09485129	-0.08697845	0.1324315	-0.16361128	0.13392271	-0.066004135	0.0998699	-0.14337558	0.11242713	-0.120201476	0.09519959	-0.10084749	0.08750884	-0.086790495	0.112388305	-0.051420733	0.064782664	-0.064467825	0.058968928	-0.062356114	0.058072224	-0.07463777	0.05537056	-0.059549335	0.07187858
-0.2724196	0.07817881	-0.11518068	0.070865035	-0.084219	0.21113826	-0.07704948	0.15009303	-0.1038458	0.06224068	-0.6571634	0.32153565	-0.17496806	0.08188218	-0.092642635	0.9999984	-0.5046944	0.21340357	-0.14079931	0.11446112	-0.12901945	0.12395614	-0.1893534	0.12953715	-0.1016115	0.084425256	-0.13305409	0.13613002	-0.09935334	0.08891225	-0.11808302	0.099553384	-0.08636905	0.07790914	-0.105298944	0.05736205	-0.06548194	0.06248047	-0.05720857	0.058345288	-0.06542306	0.072524354	-0.054498576	0.056595095	-0.07064348
0.14574867	-0.0870466	0.11849015	-0.07547916	0.08548876	-0.13424218	0.08195557	-0.19357593	0.10618206	-0.065231755	0.2838509	-0.5851126	0.20696566	-0.09385711	0.10032883	-0.5046944	0.99999833	-0.43710977	0.16787708	-0.14204319	0.13941711	-0.16949593	0.22547576	-0.15802458	0.113981344	-0.093352094	0.15110122	-0.16636595	0.115106314	-0.102587715	0.12247233	-0.11254863	0.094101846	-0.08661399	0.1135994	-0.06146596	0.07194945	-0.06885604	0.062267084	-0.06336444	0.06883056	-0.08024675	0.059563633	-0.062208008	0.07504768
-0.1009838	0.071264245	-0.15020129	0.093348876	-0.111684695	0.08670901	-0.06825938	0.19981663	-0.14124542	0.08452311	-0.16251439	0.23355474	-0.27156347	0.14251533	-0.15492183	0.21340357	-0.43710977	0.9999986	-0.37514135	0.22323127	-0.19420032	0.20191087	-0.5665218	0.23570786	-0.1801389	0.127132	-0.20971899	0.23844822	-0.17729855	0.15296534	-0.17317463	0.15243451	-0.135026	0.12380141	-0.16803971	0.08517792	-0.099565044	0.09568338	-0.087236084	0.08837761	-0.096423686	0.10998683	-0.082918726	0.08612168	-0.105632864
0.06513749	-0.050899044	0.119720355	-0.080256924	0.09774332	-0.057421964	0.0472077	-0.13828376	0.1338699	-0.082143635	0.09812336	-0.14467871	0.1389538	-0.3147462	0.23592281	-0.14079931	0.16787708	-0.37514135	0.9999986	-0.6685073	0.14066719	-0.1365924	0.23350808	-0.312885	0.24888386	-0.097185865	0.15193167	-0.22352132	0.19318649	-0.21212322	0.13673508	-0.14291875	0.12910178	-0.13129853	0.17396311	-0.07292894	0.09208308	-0.091884695	0.083812125	-0.08690558	0.08213254	-0.10454688	0.07847802	-0.08362028	0.099515244
-0.05813114	0.04388781	-0.11863765	0.07689379	-0.09758619	0.050090183	-0.04116584	0.115534626	-0.13085707	0.07791396	-0.08382608	0.11717769	-0.120863676	0.20069017	-0.24406861	0.11446112	-0.14204319	0.22323127	-0.6685073	0.99999845	-0.14646757	0.12999012	-0.21595614	0.24408591	-0.47839135	0.09985206	-0.15394473	0.20598388	-0.20427579	0.23989984	-0.14625801	0.1437847	-0.14114554	0.14048631	-0.21110462	0.07628454	-0.09573194	0.09593042	-0.08919604	0.092551984	-0.08724632	0.10701445	-0.08246384	0.087074354	-0.10862252
0.057823297	-0.044276323	0.1023795	-0.064539306	0.08004963	-0.051607043	0.040661275	-0.11119127	0.09962171	-0.059243716	0.08632736	-0.1262026	0.10621682	-0.08602613	0.09485129	-0.12901945	0.13941711	-0.19420032	0.14066719	-0.14646757	0.9999987	-0.5096151	0.22032395	-0.2078033	0.13291438	-0.58903134	0.3048972	-0.2538597	0.15196666	-0.13443564	0.29745463	-0.24089947	0.1511252	-0.13814032	0.15672325	-0.15068118	0.14022769	-0.1283665	0.1077958	-0.104129165	0.13975741	-0.16420355	0.109859884	-0.11430325	0.1152964
-0.055848055	0.04046838	-0.091165476	0.057140518	-0.070579976	0.049161233	-0.037647273	0.10203015	-0.08810216	0.052361827	-0.08578561	0.12546512	-0.103492	0.07807071	-0.08697845	0.12395614	-0.16949593	0.20191087	-0.1365924	0.12999012	-0.5096151	0.9999986	-0.3566765	0.18833412	-0.12331626	0.24737556	-0.66307044	0.23910029	-0.1470059	0.119530536	-0.24104701	0.19765896	-0.13413961	0.11647807	-0.14134073	0.1082299	-0.118693545	0.10384382	-0.08911105	0.08483527	-0.113486096	0.12508413	-0.089417435	0.09028001	-0.09790029
0.082172595	-0.06312113	0.12986864	-0.08282841	0.099022254	-0.07321303	0.058336645	-0.17138356	0.1245792	-0.07523016	0.12786889	-0.19397467	0.17056294	-0.1237289	0.1324315	-0.1893534	0.22547576	-0.5665218	0.23350808	-0.21595614	0.22032395	-0.3566765	0.9999985	-0.38373286	0.18841483	-0.15342522	0.25688753	-0.42591757	0.23596334	-0.18103336	0.18531919	-0.18664761	0.15560189	-0.14549999	0.18429296	-0.096216656	0.11603321	-0.111759305	0.099357516	-0.09938196	0.10547426	-0.1291589	0.095420636	-0.0995526	0.11510272
-0.0662162	0.04906409	-0.13357034	0.08331654	-0.106496796	0.05691101	-0.046048928	0.12693591	-0.13561134	0.079544656	-0.09459704	0.13153102	-0.1323052	0.14001891	-0.16361128	0.12953715	-0.15802458	0.23570786	-0.312885	0.24408591	-0.2078033	0.18833412	-0.38373286	0.99999845	-0.33654073	0.1403608	-0.22916748	0.31959257	-0.59860045	0.2754153	-0.20295173	0.18838155	-0.19341236	0.18719052	-0.26768818	0.102914445	-0.12720513	0.12630649	-0.117587335	0.11871159	-0.11802477	0.13934748	-0.10886159	0.113187365	-0.14169644
0.049286723	-0.0381347	0.09691676	-0.061994594	0.07773623	-0.04318217	0.035331108	-0.09881423	0.10013738	-0.059853595	0.07136646	-0.101688944	0.097606145	-0.12250621	0.13392271	-0.1016115	0.113981344	-0.1801389	0.24888386	-0.47839135	0.13291438	-0.12331626	0.18841483	-0.33654073	0.99999857	-0.09361378	0.1470644	-0.25610778	0.2649802	-0.6563543	0.13369592	-0.16110446	0.15294203	-0.18219456	0.24227579	-0.07583587	0.10313516	-0.107118495	0.09766274	-0.10374092	0.08485299	-0.11852551	0.08953291	-0.097495325	0.11136019
-0.039051	0.02967199	-0.071041726	0.04456547	-0.05569613	0.03459254	-0.027344182	0.074467674	-0.069311514	0.041050624	-0.05760248	0.08289508	-0.07208123	0.05924676	-0.066004135	0.084425256	-0.093352094	0.127132	-0.097185865	0.09985206	-0.58903134	0.24737556	-0.15342522	0.1403608	-0.09361378	0.9999987	-0.3162047	0.17529874	-0.10711332	0.093836814	-0.65041196	0.17589737	-0.11291893	0.09963177	-0.114346996	0.15761213	-0.1123261	0.097029924	-0.081323914	0.076161094	-0.15539116	0.12557541	-0.08470207	0.08487286	-0.08572618
0.05996801	-0.045159608	0.10440196	-0.06568443	0.08149127	-0.053251363	0.04166983	-0.11398782	0.101684615	-0.060424466	0.09001054	-0.13226688	0.11107258	-0.08995366	0.0998699	-0.13305409	0.15110122	-0.20971899	0.15193167	-0.15394473	0.3048972	-0.66307044	0.25688753	-0.22916748	0.1470644	-0.3162047	0.9999988	-0.3567265	0.18075857	-0.14882012	0.2439942	-0.32421103	0.17363176	-0.15123028	0.17452182	-0.13040186	0.15945832	-0.13892768	0.11514967	-0.10816116	0.13129684	-0.16830248	0.11705702	-0.11844897	0.12243379
-0.069328934	0.050999362	-0.1379651	0.085208125	-0.10897639	0.059611294	-0.047861036	0.13092642	-0.13675241	0.07996024	-0.099163085	0.13779649	-0.13644424	0.12258521	-0.14337558	0.13613002	-0.16636595	0.23844822	-0.22352132	0.20598388	-0.2538597	0.23910029	-0.42591757	0.31959257	-0.25610778	0.17529874	-0.3567265	0.9999986	-0.5239894	0.24545485	-0.24474607	0.22257082	-0.24618812	0.20339051	-0.2763737	0.12122122	-0.14987603	0.14725967	-0.13333009	0.12998396	-0.13830277	0.16008103	-0.12591062	0.12797143	-0.15592875
0.04893974	-0.037006143	0.0958509	-0.06022147	0.07612565	-0.042576358	0.034460355	-0.095535815	0.09657164	-0.057076287	0.070629284	-0.09986441	0.096328795	-0.09959698	0.11242713	-0.09935334	0.115106314	-0.17729855	0.19318649	-0.20427579	0.15196666	-0.1470059	0.23596334	-0.59860045	0.2649802	-0.10711332	0.18075857	-0.5239894	0.99999857	-0.44540304	0.14936396	-0.16366988	0.17127627	-0.2032711	0.2356747	-0.08081705	0.10692367	-0.110026665	0.1002647	-0.1006366	0.09090537	-0.118824884	0.09203673	-0.097538054	0.11303326
-0.044610042	0.033865772	-0.0911012	0.057451725	-0.073157966	0.03869386	-0.031562824	0.08726137	-0.09361954	0.055280495	-0.06369344	0.08932226	-0.08802295	0.102876216	-0.120201476	0.08891225	-0.102587715	0.15296534	-0.21212322	0.23989984	-0.13443564	0.119530536	-0.18103336	0.2754153	-0.6563543	0.093836814	-0.14882012	0.24545485	-0.44540304	0.9999986	-0.13684991	0.1577312	-0.17254062	0.20186365	-0.40676242	0.07634	-0.10480662	0.10992951	-0.10285325	0.10818501	-0.086400375	0.11741686	-0.09214449	0.09888324	-0.11846718
0.054729536	-0.042788114	0.10427157	-0.06553305	0.08213848	-0.048781	0.039221432	-0.10722581	0.102057956	-0.060425475	0.07971709	-0.11489641	0.10137015	-0.085904025	0.09519959	-0.11808302	0.12247233	-0.17317463	0.13673508	-0.14625801	0.29745463	-0.24104701	0.18531919	-0.20295173	0.13369592	-0.65041196	0.2439942	-0.24474607	0.14936396	-0.13684991	0.99999845	-0.27019978	0.16516973	-0.15013562	0.16547778	-0.32383013	0.17016609	-0.15081279	0.12383399	-0.116977036	0.22441894	-0.20292987	0.13026254	-0.13323723	0.12813658
-0.05001861	0.037632514	-0.10452132	0.064590745	-0.083246015	0.043416966	-0.035027783	0.09510677	-0.10376712	0.06052641	-0.070818156	0.09895693	-0.09461349	0.08679038	-0.10084749	0.099553384	-0.11254863	0.15243451	-0.14291875	0.1437847	-0.24089947	0.19765896	-0.18664761	0.18838155	-0.16110446	0.17589737	-0.32421103	0.22257082	-0.16366988	0.1577312	-0.27019978	0.99999833	-0.4176108	0.23855893	-0.28183886	0.18164907	-0.54319876	0.27553377	-0.2201239	0.17206962	-0.20986293	0.28294945	-0.23615056	0.19928177	-0.2121862
0.04238499	-0.032702863	0.08723435	-0.054437805	0.06941582	-0.037136286	0.030256698	-0.08296077	0.08682571	-0.051034063	0.0604444	-0.08539884	0.08095027	-0.0771745	0.08750884	-0.08636905	0.094101846	-0.135026	0.12910178	-0.14114554	0.1511252	-0.13413961	0.15560189	-0.19341236	0.15294203	-0.11291893	0.17363176	-0.24618812	0.17127627	-0.17254062	0.16516973	-0.4176108	0.9999982	-0.6110558	0.29010957	-0.12557133	0.24838117	-0.39792755	0.22007088	-0.17675532	0.13586105	-0.26082548	0.21782875	-0.21914805	0.17825949
-0.03894183	0.029782133	-0.08156372	0.050836176	-0.065155566	0.03391254	-0.02765667	0.07579565	-0.08184199	0.04800454	-0.055206016	0.077449456	-0.074949816	0.07522587	-0.086790495	0.07790914	-0.08661399	0.12380141	-0.13129853	0.14048631	-0.13814032	0.11647807	-0.14549999	0.18719052	-0.18219456	0.09963177	-0.15123028	0.20339051	-0.2032711	0.20186365	-0.15013562	0.23855893	-0.6110558	0.9999983	-0.6029899	0.099852905	-0.17795591	0.2136709	-0.22175132	0.16453138	-0.11287874	0.1827843	-0.16847333	0.1751118	-0.17489132
0.051234838	-0.039935797	0.10439665	-0.06566392	0.08319468	-0.045033235	0.036871895	-0.10171931	0.104674734	-0.061887726	0.07334135	-0.104078494	0.09862705	-0.10065616	0.112388305	-0.105298944	0.1135994	-0.16803971	0.17396311	-0.21110462	0.15672325	-0.14134073	0.18429296	-0.26768818	0.24227579	-0.114346996	0.17452182	-0.2763737	0.2356747	-0.40676242	0.16547778	-0.28183886	0.29010957	-0.6029899	0.99999785	-0.11075192	0.17642997	-0.20156893	0.18543372	-0.2226911	0.121166304	-0.2079799	0.15887451	-0.18335634	0.19390917
-0.027626107	0.021297777	-0.05537069	0.034512788	-0.043870404	0.024338689	-0.019645803	0.053523045	-0.054554548	0.03206015	-0.039635923	0.05625797	-0.05166008	0.045437817	-0.051420733	0.05736205	-0.06146596	0.08517792	-0.07292894	0.07628454	-0.15068118	0.1082299	-0.096216656	0.102914445	-0.07583587	0.15761213	-0.13040186	0.12122122	-0.08081705	0.07634	-0.32383013	0.18164907	-0.12557133	0.099852905	-0.11075192	0.99999803	-0.22278242	0.13681991	-0.10661016	0.084567964	-0.85642	0.20154051	-0.12934548	0.10803508	-0.097771816
0.03240792	-0.024753515	0.06751395	-0.041882373	0.0537502	-0.028307749	0.022947723	-0.06252101	0.066984534	-0.03918277	0.046028715	-0.06474683	0.06131549	-0.05641415	0.064782664	-0.06548194	0.07194945	-0.099565044	0.09208308	-0.09573194	0.14022769	-0.118693545	0.11603321	-0.12720513	0.10313516	-0.1123261	0.15945832	-0.14987603	0.10692367	-0.10480662	0.17016609	-0.54319876	0.24838117	-0.17795591	0.17642997	-0.22278242	0.99999785	-0.4891912	0.21600206	-0.14738649	0.19972512	-0.5275527	0.27710977	-0.22282825	0.16237947
-0.03123187	0.023867244	-0.066282816	0.04107342	-0.05288347	0.027216027	-0.022151664	0.060401738	-0.065964155	0.038533397	-0.044154365	0.061892167	-0.059435494	0.055907816	-0.064467825	0.06248047	-0.06885604	0.09568338	-0.091884695	0.09593042	-0.1283665	0.10384382	-0.111759305	0.12630649	-0.107118495	0.097029924	-0.13892768	0.14725967	-0.110026665	0.10992951	-0.15081279	0.27553377	-0.39792755	0.2136709	-0.20156893	0.13681991	-0.4891912	0.99999774	-0.40512732	0.18066666	-0.15387599	0.31100506	-0.51843745	0.2866879	-0.20014302
0.028494708	-0.021956965	0.061062288	-0.037870433	0.04875789	-0.024888229	0.020346645	-0.055568337	0.060789373	-0.035523724	0.040273182	-0.056561694	0.05433843	-0.051404137	0.058968928	-0.05720857	0.062267084	-0.087236084	0.083812125	-0.08919604	0.1077958	-0.08911105	0.099357516	-0.117587335	0.09766274	-0.081323914	0.11514967	-0.13333009	0.1002647	-0.10285325	0.12383399	-0.2201239	0.22007088	-0.22175132	0.18543372	-0.10661016	0.21600206	-0.40512732	0.9999973	-0.38760114	0.11691881	-0.2700485	0.28686297	-0.6753589	0.26399842
-0.02941904	0.022767594	-0.06586281	0.040669482	-0.052783184	0.025638534	-0.02112326	0.05769476	-0.065704465	0.038226876	-0.041285872	0.05776577	-0.05650342	0.05402879	-0.062356114	0.058345288	-0.06336444	0.08837761	-0.08690558	0.092551984	-0.104129165	0.08483527	-0.09938196	0.11871159	-0.10374092	0.076161094	-0.10816116	0.12998396	-0.1006366	0.10818501	-0.116977036	0.17206962	-0.17675532	0.16453138	-0.2226911	0.084567964	-0.14738649	0.18066666	-0.38760114	0.9999971	-0.095609896	0.17158131	-0.16596396	0.23377429	-0.8222507
0.03131371	-0.02438278	0.06300192	-0.03934099	0.049925018	-0.027683241	0.02243884	-0.061232634	0.06205192	-0.036509812	0.04492974	-0.06395869	0.058582928	-0.05159921	0.058072224	-0.06542306	0.06883056	-0.096423686	0.08213254	-0.08724632	0.13975741	-0.113486096	0.10547426	-0.11802477	0.08485299	-0.15539116	0.13129684	-0.13830277	0.09090537	-0.086400375	0.22441894	-0.20986293	0.13586105	-0.11287874	0.121166304	-0.85642	0.19972512	-0.15387599	0.11691881	-0.095609896	0.9999969	-0.27797514	0.14379607	-0.12664472	0.10659708
-0.036484838	0.027755441	-0.078117356	0.04827311	-0.062361024	0.031729706	-0.02579008	0.07014844	-0.07767326	0.045269225	-0.051422045	0.07186842	-0.06922151	0.06435285	-0.07463777	0.072524354	-0.08024675	0.10998683	-0.10454688	0.10701445	-0.16420355	0.12508413	-0.1291589	0.13934748	-0.11852551	0.12557541	-0.16830248	0.16008103	-0.118824884	0.11741686	-0.20292987	0.28294945	-0.26082548	0.1827843	-0.2079799	0.20154051	-0.5275527	0.31100506	-0.2700485	0.17158131	-0.27797514	0.9999967	-0.550938	0.25795105	-0.21495469
0.027126525	-0.020813365	0.05757057	-0.035693675	0.045921016	-0.023681814	0.019294327	-0.05262475	0.057234354	-0.03344783	0.03837695	-0.053885266	0.051548958	-0.048186563	0.05537056	-0.054498576	0.059563633	-0.082918726	0.07847802	-0.08246384	0.109859884	-0.089417435	0.095420636	-0.10886159	0.08953291	-0.08470207	0.11705702	-0.12591062	0.09203673	-0.09214449	0.13026254	-0.23615056	0.21782875	-0.16847333	0.15887451	-0.12934548	0.27710977	-0.51843745	0.28686297	-0.16596396	0.14379607	-0.550938	0.9999966	-0.5130615	0.17733906
-0.028509295	0.021831999	-0.062033776	0.03834263	-0.049602624	0.024809746	-0.020275455	0.055264052	-0.061805014	0.036010113	-0.040112443	0.05608336	-0.054397494	0.051438127	-0.059549335	0.056595095	-0.062208008	0.08612168	-0.08362028	0.087074354	-0.11430325	0.09028001	-0.0995526	0.113187365	-0.097495325	0.08487286	-0.11844897	0.12797143	-0.097538054	0.09888324	-0.13323723	0.19928177	-0.21914805	0.1751118	-0.18335634	0.10803508	-0.22282825	0.2866879	-0.6753589	0.23377429	-0.12664472	0.25795105	-0.5130615	0.99999654	-0.28722143
0.035082933	-0.027503967	0.07794425	-0.04827198	0.0623795	-0.030761447	0.025418516	-0.069534644	0.07751686	-0.045215685	0.049439117	-0.06957934	0.067180276	-0.06317584	0.07187858	-0.07064348	0.07504768	-0.105632864	0.099515244	-0.10862252	0.1152964	-0.09790029	0.11510272	-0.14169644	0.11136019	-0.08572618	0.12243379	-0.15592875	0.11303326	-0.11846718	0.12813658	-0.2121862	0.17825949	-0.17489132	0.19390917	-0.097771816	0.16237947	-0.20014302	0.26399842	-0.8222507	0.10659708	-0.21495469	0.17733906	-0.28722143	0.99999654
