1.0000002	-0.16736385	0.106975175	-0.06820153	0.04398517	-0.9683382	0.110641405	-0.07507409	0.06000745	-0.030359635	0.09774305	-0.07927202	0.07464872	-0.074222654	0.045893013	-0.04205557	0.056046907	-0.061761435	0.03722388	-0.03539745	0.051538263	-0.04149014	0.03472242	-0.024867956	0.026905734	-0.039182592	0.031754587	-0.035684727	0.03413654	-0.042560875	0.027189573	-0.024897985	0.03506031	-0.023954453	0.026687192	-0.017028583	0.018881172	-0.017816937	0.019630829	-0.026004862	0.018886983	-0.016502336	0.016241496	-0.02226494	0.0308673
-0.16736385	1.0000002	-0.6227431	0.2065478	-0.12852316	0.14235131	-0.60196567	0.29171276	-0.20415191	0.08939551	-0.24674603	0.22567654	-0.2449407	0.21247363	-0.13189389	0.10992633	-0.15403333	0.16710776	-0.10307495	0.096850194	-0.13901001	0.10950416	-0.09317547	0.066581994	-0.072335474	0.10252463	-0.08388494	0.09420758	-0.09059331	0.111069225	-0.07139885	0.06529732	-0.091809385	0.062683366	-0.069737695	0.04459833	-0.049481172	0.046570566	-0.051247645	0.067479946	-0.049438797	0.043166876	-0.042455673	0.058008604	-0.0796731
0.106975175	-0.6227431	1.0000002	-0.31331182	0.15325242	-0.115052	0.316074	-0.5257001	0.252648	-0.110166356	0.20534687	-0.20869185	0.25875002	-0.2845902	0.15432067	-0.11068243	0.15398072	-0.20140314	0.121816434	-0.11758815	0.14453635	-0.12804809	0.10802215	-0.078658275	0.08452854	-0.11869895	0.09687558	-0.110943235	0.10546859	-0.13275449	0.08254179	-0.07597349	0.10662064	-0.07346659	0.08168256	-0.05189001	0.057512715	-0.05440837	0.060008142	-0.07980608	0.057449892	-0.050348364	0.04950144	-0.06821055	0.09356993
-0.06820153	0.2065478	-0.31331182	1.0000001	-0.38734683	0.06892391	-0.25562227	0.27237663	-0.6312871	0.22308704	-0.23568694	0.18922304	-0.28082585	0.31039003	-0.30661848	0.12704997	-0.18361357	0.20796873	-0.17493348	0.16587178	-0.18107042	0.14081119	-0.12203073	0.09989224	-0.11072829	0.13397123	-0.11230123	0.12598231	-0.12671271	0.15230888	-0.09824649	0.0888022	-0.12882248	0.08711593	-0.09749044	0.06126105	-0.06816691	0.06439726	-0.07126099	0.09309854	-0.068540074	0.05946814	-0.058932044	0.08018532	-0.111789435
0.04398517	-0.12852316	0.15325242	-0.38734683	1.0000005	-0.045792658	0.14195311	-0.15649912	0.22783276	-0.6965883	0.15242334	-0.12677413	0.17961656	-0.28899974	0.31882334	-0.09718237	0.13967122	-0.19347668	0.16667171	-0.2112575	0.1411629	-0.13293082	0.11159921	-0.10098642	0.10668084	-0.12665254	0.10406254	-0.12220092	0.120200224	-0.16066433	0.09160511	-0.08445066	0.12162747	-0.085132554	0.09510208	-0.05836562	0.064695075	-0.062263332	0.06946515	-0.094335064	0.064992234	-0.057162017	0.05655347	-0.07945445	0.11019094
-0.9683382	0.14235131	-0.115052	0.06892391	-0.045792658	1.0000004	-0.12059979	0.077508874	-0.062565506	0.03145171	-0.11222005	0.082713924	-0.079227425	0.07518045	-0.04779064	0.044661533	-0.05979025	0.063148834	-0.03849061	0.036321413	-0.05468823	0.04265349	-0.0358327	0.025584143	-0.02777484	0.040348373	-0.032763783	0.036637094	-0.03518476	0.043484315	-0.02802964	0.025620574	-0.036089737	0.024599912	-0.027405456	0.01752031	-0.019432904	0.018307885	-0.020156777	0.026610183	-0.01943717	0.016965684	-0.016697492	0.022830734	-0.031611897
0.110641405	-0.60196567	0.316074	-0.25562227	0.14195311	-0.12059979	1.0000002	-0.45776522	0.22722903	-0.10155452	0.2614826	-0.40824395	0.27326953	-0.26816866	0.1459561	-0.12845904	0.17434889	-0.20609774	0.118981816	-0.11368674	0.15348206	-0.13187271	0.11053918	-0.07819647	0.08392996	-0.12226513	0.098969005	-0.11273994	0.106361546	-0.13360953	0.08358791	-0.077099845	0.1071563	-0.073930115	0.08204412	-0.052488703	0.05813408	-0.054856885	0.060356483	-0.08020522	0.0579496	-0.05084593	0.049869608	-0.068649046	0.09356287
-0.07507409	0.29171276	-0.5257001	0.27237663	-0.15649912	0.077508874	-0.45776522	1.0000002	-0.44499347	0.11444924	-0.22146824	0.22707364	-0.44165814	0.27940497	-0.1575475	0.11041309	-0.15658702	0.198433	-0.120677896	0.11290264	-0.1424549	0.12027187	-0.10519465	0.074507296	-0.08071809	0.1101842	-0.09133973	0.10398803	-0.09973416	0.12134414	-0.07732345	0.07084048	-0.099690735	0.06823595	-0.0758334	0.048340667	-0.05366408	0.05053586	-0.0556623	0.073272035	-0.053585548	0.04681253	-0.046050634	0.06299061	-0.08623361
0.06000745	-0.20415191	0.252648	-0.6312871	0.22783276	-0.062565506	0.22722903	-0.44499347	1.0000004	-0.19992909	0.18990819	-0.17530434	0.26275483	-0.48260918	0.21391255	-0.105466045	0.15021424	-0.19251052	0.14559235	-0.14157107	0.14501522	-0.123494096	0.10637537	-0.08429206	0.09146122	-0.1152098	0.0957021	-0.10936688	0.107112624	-0.13204437	0.082536556	-0.0753975	0.10765255	-0.07374398	0.08220793	-0.051754683	0.057479277	-0.05441841	0.060180277	-0.07944417	0.057590403	-0.05026805	0.049623225	-0.06810431	0.0938924
-0.030359635	0.08939551	-0.110166356	0.22308704	-0.6965883	0.03145171	-0.10155452	0.11444924	-0.19992909	1.0000001	-0.106209904	0.088178486	-0.12776107	0.19502603	-0.6021878	0.06635465	-0.09588196	0.13130386	-0.1424222	0.17040128	-0.096154355	0.08856106	-0.07572282	0.0734329	-0.079378806	0.08371545	-0.069571055	0.08178379	-0.082060605	0.10550467	-0.061014596	0.05605289	-0.08109811	0.056544427	-0.0631297	0.038708866	-0.042968497	0.041226387	-0.045984745	0.061765227	-0.043160506	0.037857365	-0.037495602	0.052343883	-0.07232141
0.09774305	-0.24674603	0.20534687	-0.23568694	0.15242334	-0.11222005	0.2614826	-0.22146824	0.18990819	-0.106209904	0.9999998	-0.6853155	0.28271505	-0.2936759	0.16267063	-0.2849019	0.265755	-0.2724885	0.1433799	-0.13727184	0.23264532	-0.18766324	0.14982308	-0.10121425	0.10778561	-0.17918299	0.13860603	-0.15558639	0.14300928	-0.18427435	0.11521597	-0.10729755	0.14474747	-0.100728385	0.11130926	-0.07247193	0.07996456	-0.07523208	0.08230766	-0.11024007	0.07930223	-0.06999535	0.06816009	-0.09416529	0.12672617
-0.07927202	0.22567654	-0.20869185	0.18922304	-0.12677413	0.082713924	-0.40824395	0.22707364	-0.17530434	0.088178486	-0.6853155	0.99999994	-0.41090846	0.23542772	-0.13481593	0.1935368	-0.29172733	0.22167028	-0.11729793	0.10893007	-0.19668181	0.1444671	-0.1209958	0.07861792	-0.08457291	0.13359857	-0.1067753	0.1186749	-0.11078657	0.13574761	-0.08808495	0.0812835	-0.11073244	0.07614102	-0.08418087	0.05492105	-0.060791828	0.05684202	-0.062138986	0.08197018	-0.060323298	0.05292689	-0.051658165	0.07058059	-0.09522976
0.07464872	-0.2449407	0.25875002	-0.28082585	0.17961656	-0.079227425	0.27326953	-0.44165814	0.26275483	-0.12776107	0.28271505	-0.41090846	1.0000004	-0.4698564	0.19245265	-0.15969358	0.22353701	-0.42274806	0.1767926	-0.16260575	0.19916928	-0.19381475	0.17406641	-0.11002844	0.11724649	-0.16507582	0.1387675	-0.16360927	0.14988597	-0.17945504	0.11374979	-0.10536848	0.14543977	-0.10031437	0.11077684	-0.07118962	0.07899803	-0.07413517	0.08141671	-0.10709509	0.078451894	-0.06880281	0.06738348	-0.09225765	0.12441132
-0.074222654	0.21247363	-0.2845902	0.31039003	-0.28899974	0.07518045	-0.26816866	0.27940497	-0.48260918	0.19502603	-0.2936759	0.23542772	-0.4698564	1.0000004	-0.32373208	0.15667583	-0.22853352	0.2635163	-0.26391834	0.20813133	-0.22327746	0.17189932	-0.1534068	0.12757452	-0.14168586	0.16161883	-0.13743822	0.1541076	-0.15687458	0.18204977	-0.119626746	0.107735	-0.15680532	0.1055385	-0.11803365	0.07425945	-0.08275239	0.07789578	-0.086138874	0.11142967	-0.08318107	0.0719748	-0.071379274	0.09650504	-0.13413106
0.045893013	-0.13189389	0.15432067	-0.30661848	0.31882334	-0.04779064	0.1459561	-0.1575475	0.21391255	-0.6021878	0.16267063	-0.13481593	0.19245265	-0.32373208	1.0000007	-0.106419414	0.1535953	-0.22321808	0.23625602	-0.38208547	0.155091	-0.14966244	0.12696972	-0.1277297	0.1343894	-0.14095777	0.11668258	-0.13895212	0.13849764	-0.18244717	0.10218759	-0.09439134	0.13609506	-0.09581494	0.1068483	-0.06516152	0.072260275	-0.06962422	0.07779291	-0.1053777	0.0725285	-0.06385208	0.06319057	-0.088897444	0.122295104
-0.04205557	0.10992633	-0.11068243	0.12704997	-0.09718237	0.044661533	-0.12845904	0.11041309	-0.105466045	0.06635465	-0.2849019	0.1935368	-0.15969358	0.15667583	-0.106419414	1.0000005	-0.6381489	0.20670526	-0.10029114	0.09309957	-0.63337135	0.17043898	-0.12908725	0.07521715	-0.08047701	0.17309074	-0.12844414	0.12610926	-0.11426824	0.13755178	-0.09913749	0.09099627	-0.11477802	0.078639746	-0.085988395	0.060162894	-0.06632998	0.060230266	-0.06438884	0.08414104	-0.06482051	0.056986775	-0.054605894	0.073307455	-0.09603343
0.056046907	-0.15403333	0.15398072	-0.18361357	0.13967122	-0.05979025	0.17434889	-0.15658702	0.15021424	-0.09588196	0.265755	-0.29172733	0.22353701	-0.22853352	0.1535953	-0.6381489	1.0000004	-0.36475682	0.14923804	-0.140037	0.32313997	-0.27305248	0.19439778	-0.11103911	0.11752879	-0.23685314	0.17668456	-0.18882115	0.16583107	-0.20333719	0.13711162	-0.12921102	0.16392794	-0.11388094	0.12436229	-0.085260384	0.09376871	-0.08636738	0.09286041	-0.12254994	0.0917643	-0.08131385	0.0780357	-0.106177755	0.13873309
-0.061761435	0.16710776	-0.20140314	0.20796873	-0.19347668	0.063148834	-0.20609774	0.198433	-0.19251052	0.13130386	-0.2724885	0.22167028	-0.42274806	0.2635163	-0.22321808	0.20670526	-0.36475682	1.0000001	-0.30809143	0.21180657	-0.29360023	0.28204665	-0.44453794	0.1562276	-0.17071718	0.21571003	-0.21095622	0.24570678	-0.23667857	0.22255158	-0.15974633	0.14508544	-0.20394607	0.13646281	-0.14952627	0.09703118	-0.109155566	0.099783055	-0.1093056	0.1366118	-0.10766801	0.0929235	-0.09135078	0.12083941	-0.16179463
0.03722388	-0.10307495	0.121816434	-0.17493348	0.16667171	-0.03849061	0.118981816	-0.120677896	0.14559235	-0.1424222	0.1433799	-0.11729793	0.1767926	-0.26391834	0.23625602	-0.10029114	0.14923804	-0.30809143	1.0000002	-0.77946013	0.14501096	-0.15169497	0.14328417	-0.26436582	0.21365502	-0.13086508	0.11499677	-0.14918436	0.15954682	-0.17564808	0.0954139	-0.08851277	0.12827204	-0.092060365	0.10121122	-0.060195327	0.06714844	-0.064292766	0.07225641	-0.093980365	0.0669453	-0.058781475	0.05835831	-0.08113749	0.107973166
-0.03539745	0.096850194	-0.11758815	0.16587178	-0.2112575	0.036321413	-0.11368674	0.11290264	-0.14157107	0.17040128	-0.13727184	0.10893007	-0.16260575	0.20813133	-0.38208547	0.09309957	-0.140037	0.21180657	-0.77946013	1.0000002	-0.1382986	0.13012925	-0.123707764	0.19534676	-0.23776981	0.11803548	-0.104144976	0.1291282	-0.14690486	0.15763159	-0.08867282	0.0811624	-0.120633066	0.08499006	-0.09429335	0.055712584	-0.062290773	0.059629716	-0.06716948	0.08670807	-0.062453154	0.05444896	-0.054361865	0.07498762	-0.10160994
0.051538263	-0.13901001	0.14453635	-0.18107042	0.1411629	-0.05468823	0.15348206	-0.1424549	0.14501522	-0.096154355	0.23264532	-0.19668181	0.19916928	-0.22327746	0.155091	-0.63337135	0.32313997	-0.29360023	0.14501096	-0.1382986	1.0000002	-0.27639768	0.19008003	-0.11596802	0.12293148	-0.33469185	0.20705768	-0.2010504	0.17705707	-0.2237273	0.16111645	-0.15012944	0.18109067	-0.1256603	0.13678934	-0.09830203	0.107391044	-0.09742346	0.10321558	-0.13636145	0.10441882	-0.09269359	0.08789443	-0.118558414	0.15316293
-0.04149014	0.10950416	-0.12804809	0.14081119	-0.13293082	0.04265349	-0.13187271	0.12027187	-0.123494096	0.08856106	-0.18766324	0.1444671	-0.19381475	0.17189932	-0.14966244	0.17043898	-0.27305248	0.28204665	-0.15169497	0.13012925	-0.27639768	1.0000001	-0.63421124	0.13385238	-0.14749423	0.26444948	-0.42508388	0.29231676	-0.25889325	0.2144904	-0.19460434	0.18492548	-0.22074665	0.14260353	-0.15215175	0.112487964	-0.12945113	0.1086309	-0.11390244	0.1357653	-0.12144153	0.10433735	-0.09949584	0.12448496	-0.1586409
0.03472242	-0.09317547	0.10802215	-0.12203073	0.11159921	-0.0358327	0.11053918	-0.10519465	0.10637537	-0.07572282	0.14982308	-0.1209958	0.17406641	-0.1534068	0.12696972	-0.12908725	0.19439778	-0.44453794	0.14328417	-0.123707764	0.19008003	-0.63421124	1.0	-0.13079733	0.13216655	-0.21451554	0.24061958	-0.48649	0.24002746	-0.1996361	0.14300136	-0.14211409	0.17591928	-0.12273888	0.12711583	-0.08670362	0.0979296	-0.0870287	0.09371604	-0.11410372	0.09296553	-0.081855826	0.07861371	-0.10340658	0.1289632
-0.024867956	0.066581994	-0.078658275	0.09989224	-0.10098642	0.025584143	-0.07819647	0.074507296	-0.08429206	0.0734329	-0.10121425	0.07861792	-0.11002844	0.12757452	-0.1277297	0.07521715	-0.11103911	0.1562276	-0.26436582	0.19534676	-0.11596802	0.13385238	-0.13079733	1.0000004	-0.83747464	0.12327599	-0.115334585	0.17975838	-0.33600813	0.22269864	-0.094980076	0.08925586	-0.14160031	0.11328793	-0.121664755	0.06047721	-0.06833723	0.067917705	-0.08094095	0.09999212	-0.06797565	0.06003507	-0.061322093	0.087632164	-0.112653784
0.026905734	-0.072335474	0.08452854	-0.11072829	0.10668084	-0.02777484	0.08392996	-0.08071809	0.09146122	-0.079378806	0.10778561	-0.08457291	0.11724649	-0.14168586	0.1343894	-0.08047701	0.11752879	-0.17071718	0.21365502	-0.23776981	0.12293148	-0.14749423	0.13216655	-0.83747464	1.0	-0.13728559	0.12161838	-0.19130798	0.24398847	-0.29850104	0.10178266	-0.09683968	0.14814526	-0.12052169	0.13035081	-0.06551872	0.07359259	-0.073679775	0.08678828	-0.111498296	0.07314898	-0.06526608	0.06618766	-0.09657678	0.12175187
-0.039182592	0.10252463	-0.11869895	0.13397123	-0.12665254	0.040348373	-0.12226513	0.1101842	-0.1152098	0.08371545	-0.17918299	0.13359857	-0.16507582	0.16161883	-0.14095777	0.17309074	-0.23685314	0.21571003	-0.13086508	0.11803548	-0.33469185	0.26444948	-0.21451554	0.12327599	-0.13728559	0.99999994	-0.63343513	0.24004799	-0.23233458	0.22316855	-0.39023983	0.27379155	-0.25953114	0.1595148	-0.16877589	0.17446195	-0.19263361	0.14236973	-0.13510321	0.15497409	-0.17927533	0.14731382	-0.13241526	0.14875898	-0.18079998
0.031754587	-0.08388494	0.09687558	-0.11230123	0.10406254	-0.032763783	0.098969005	-0.09133973	0.0957021	-0.069571055	0.13860603	-0.1067753	0.1387675	-0.13743822	0.11668258	-0.12844414	0.17668456	-0.21095622	0.11499677	-0.104144976	0.20705768	-0.42508388	0.24061958	-0.115334585	0.12161838	-0.63343513	0.9999998	-0.34577817	0.21841457	-0.21292233	0.2624031	-0.381045	0.2180925	-0.1436743	0.14466931	-0.15251793	0.17381667	-0.12766553	0.11721115	-0.13545975	0.14502004	-0.13276133	0.11363747	-0.13202077	0.1486698
-0.035684727	0.09420758	-0.110943235	0.12598231	-0.12220092	0.036637094	-0.11273994	0.10398803	-0.10936688	0.08178379	-0.15558639	0.1186749	-0.16360927	0.1541076	-0.13895212	0.12610926	-0.18882115	0.24570678	-0.14918436	0.1291282	-0.2010504	0.29231676	-0.48649	0.17975838	-0.19130798	0.24004799	-0.34577817	0.9999997	-0.5890328	0.26313806	-0.1826554	0.17694011	-0.26570594	0.18056715	-0.18232834	0.110153235	-0.12699704	0.11597445	-0.1307538	0.15113236	-0.12073615	0.10553392	-0.10462379	0.13872403	-0.1717895
0.03413654	-0.09059331	0.10546859	-0.12671271	0.120200224	-0.03518476	0.106361546	-0.09973416	0.107112624	-0.082060605	0.14300928	-0.11078657	0.14988597	-0.15687458	0.13849764	-0.11426824	0.16583107	-0.23667857	0.15954682	-0.14690486	0.17705707	-0.25889325	0.24002746	-0.33600813	0.24398847	-0.23233458	0.21841457	-0.5890328	0.99999964	-0.46830598	0.16509853	-0.16442756	0.24885024	-0.26662043	0.21987435	-0.10678324	0.120699294	-0.12317427	0.151402	-0.17984726	0.11731624	-0.10644411	0.1084712	-0.16324463	0.18717323
-0.042560875	0.111069225	-0.13275449	0.15230888	-0.16066433	0.043484315	-0.13360953	0.12134414	-0.13204437	0.10550467	-0.18427435	0.13574761	-0.17945504	0.18204977	-0.18244717	0.13755178	-0.20333719	0.22255158	-0.17564808	0.15763159	-0.2237273	0.2144904	-0.1996361	0.22269864	-0.29850104	0.22316855	-0.21292233	0.26313806	-0.46830598	0.9999998	-0.21196291	0.18892677	-0.37117326	0.27019244	-0.42785916	0.13567275	-0.15591098	0.16101487	-0.2031188	0.25523317	-0.16023786	0.1375854	-0.14910395	0.2097934	-0.31988975
0.027189573	-0.07139885	0.08254179	-0.09824649	0.09160511	-0.02802964	0.08358791	-0.07732345	0.082536556	-0.061014596	0.11521597	-0.08808495	0.11374979	-0.119626746	0.10218759	-0.09913749	0.13711162	-0.15974633	0.0954139	-0.08867282	0.16111645	-0.19460434	0.14300136	-0.094980076	0.10178266	-0.39023983	0.2624031	-0.1826554	0.16509853	-0.21196291	0.99999976	-0.6177891	0.24005705	-0.16105145	0.15341857	-0.43965018	0.2924715	-0.19750626	0.14601097	-0.15822071	0.2504792	-0.24003972	0.16932917	-0.17405573	0.16024576
-0.024897985	0.06529732	-0.07597349	0.0888022	-0.08445066	0.025620574	-0.077099845	0.07084048	-0.0753975	0.05605289	-0.10729755	0.0812835	-0.10536848	0.107735	-0.09439134	0.09099627	-0.12921102	0.14508544	-0.08851277	0.0811624	-0.15012944	0.18492548	-0.14211409	0.08925586	-0.09683968	0.27379155	-0.381045	0.17694011	-0.16442756	0.18892677	-0.6177891	0.99999964	-0.3206771	0.16205417	-0.15245746	0.27058658	-0.4541017	0.19002184	-0.14406072	0.14516291	-0.24599774	0.21829158	-0.17438611	0.15868567	-0.15274252
0.03506031	-0.091809385	0.10662064	-0.12882248	0.12162747	-0.036089737	0.1071563	-0.099690735	0.10765255	-0.08109811	0.14474747	-0.11073244	0.14543977	-0.15680532	0.13609506	-0.11477802	0.16392794	-0.20394607	0.12827204	-0.120633066	0.18109067	-0.22074665	0.17591928	-0.14160031	0.14814526	-0.25953114	0.2180925	-0.26570594	0.24885024	-0.37117326	0.24005705	-0.3206771	0.99999976	-0.50794554	0.29592717	-0.1781021	0.20442015	-0.27912053	0.2595138	-0.30025718	0.18721811	-0.19214092	0.20016865	-0.30637825	0.25727266
-0.023954453	0.062683366	-0.07346659	0.08711593	-0.085132554	0.024599912	-0.073930115	0.06823595	-0.07374398	0.056544427	-0.100728385	0.07614102	-0.10031437	0.1055385	-0.09581494	0.078639746	-0.11388094	0.13646281	-0.092060365	0.08499006	-0.1256603	0.14260353	-0.12273888	0.11328793	-0.12052169	0.1595148	-0.1436743	0.18056715	-0.26662043	0.27019244	-0.16105145	0.16205417	-0.50794554	0.9999998	-0.59405077	0.1152246	-0.13814223	0.18460731	-0.41355896	0.2607385	-0.13462992	0.12722878	-0.15690616	0.2675124	-0.24435592
0.026687192	-0.069737695	0.08168256	-0.09749044	0.09510208	-0.027405456	0.08204412	-0.0758334	0.08220793	-0.0631297	0.11130926	-0.08418087	0.11077684	-0.11803365	0.1068483	-0.085988395	0.12436229	-0.14952627	0.10121122	-0.09429335	0.13678934	-0.15215175	0.12711583	-0.121664755	0.13035081	-0.16877589	0.14466931	-0.18232834	0.21987435	-0.42785916	0.15341857	-0.15245746	0.29592717	-0.59405077	0.9999998	-0.11057688	0.12728661	-0.16269442	0.2450835	-0.48432818	0.12697604	-0.121035166	0.13702142	-0.26918238	0.2803556
-0.017028583	0.04459833	-0.05189001	0.06126105	-0.05836562	0.01752031	-0.052488703	0.048340667	-0.051754683	0.038708866	-0.07247193	0.05492105	-0.07118962	0.07425945	-0.06516152	0.060162894	-0.085260384	0.09703118	-0.060195327	0.055712584	-0.09830203	0.112487964	-0.08670362	0.06047721	-0.06551872	0.17446195	-0.15251793	0.110153235	-0.10678324	0.13567275	-0.43965018	0.27058658	-0.1781021	0.1152246	-0.11057688	0.9999993	-0.55002075	0.19946763	-0.12313907	0.11192344	-0.60010016	0.29052728	-0.19580808	0.13844274	-0.116931
0.018881172	-0.049481172	0.057512715	-0.06816691	0.064695075	-0.019432904	0.05813408	-0.05366408	0.057479277	-0.042968497	0.07996456	-0.060791828	0.07899803	-0.08275239	0.072260275	-0.06632998	0.09376871	-0.109155566	0.06714844	-0.062290773	0.107391044	-0.12945113	0.0979296	-0.06833723	0.07359259	-0.19263361	0.17381667	-0.12699704	0.120699294	-0.15591098	0.2924715	-0.4541017	0.20442015	-0.13814223	0.12728661	-0.55002075	0.9999994	-0.32847574	0.15264043	-0.13138922	0.31387153	-0.47207385	0.24538182	-0.1735521	0.13336939
-0.017816937	0.046570566	-0.05440837	0.06439726	-0.062263332	0.018307885	-0.054856885	0.05053586	-0.05441841	0.041226387	-0.07523208	0.05684202	-0.07413517	0.07789578	-0.06962422	0.060230266	-0.08636738	0.099783055	-0.064292766	0.059629716	-0.09742346	0.1086309	-0.0870287	0.067917705	-0.073679775	0.14236973	-0.12766553	0.11597445	-0.12317427	0.16101487	-0.19750626	0.19002184	-0.27912053	0.18460731	-0.16269442	0.19946763	-0.32847574	0.9999988	-0.34588546	0.16008674	-0.27008107	0.28164423	-0.71724576	0.2523907	-0.16679673
0.019630829	-0.051247645	0.060008142	-0.07126099	0.06946515	-0.020156777	0.060356483	-0.0556623	0.060180277	-0.045984745	0.08230766	-0.062138986	0.08141671	-0.086138874	0.07779291	-0.06438884	0.09286041	-0.1093056	0.07225641	-0.06716948	0.10321558	-0.11390244	0.09371604	-0.08094095	0.08678828	-0.13510321	0.11721115	-0.1307538	0.151402	-0.2031188	0.14601097	-0.14406072	0.2595138	-0.41355896	0.2450835	-0.12313907	0.15264043	-0.34588546	0.9999986	-0.28154615	0.1493348	-0.15576717	0.22152619	-0.7130068	0.24384095
-0.026004862	0.067479946	-0.07980608	0.09309854	-0.094335064	0.026610183	-0.08020522	0.073272035	-0.07944417	0.061765227	-0.11024007	0.08197018	-0.10709509	0.11142967	-0.1053777	0.08414104	-0.12254994	0.1366118	-0.093980365	0.08670807	-0.13636145	0.1357653	-0.11410372	0.09999212	-0.111498296	0.15497409	-0.13545975	0.15113236	-0.17984726	0.25523317	-0.15822071	0.14516291	-0.30025718	0.2607385	-0.48432818	0.11192344	-0.13138922	0.16008674	-0.28154615	0.9999988	-0.13608928	0.1223899	-0.14717689	0.25776792	-0.69139874
0.018886983	-0.049438797	0.057449892	-0.068540074	0.064992234	-0.01943717	0.0579496	-0.053585548	0.057590403	-0.043160506	0.07930223	-0.060323298	0.078451894	-0.08318107	0.0725285	-0.06482051	0.0917643	-0.10766801	0.0669453	-0.062453154	0.10441882	-0.12144153	0.09296553	-0.06797565	0.07314898	-0.17927533	0.14502004	-0.12073615	0.11731624	-0.16023786	0.2504792	-0.24599774	0.18721811	-0.13462992	0.12697604	-0.60010016	0.31387153	-0.27008107	0.1493348	-0.13608928	0.99999875	-0.5873818	0.24125393	-0.18300483	0.1361732
-0.016502336	0.043166876	-0.050348364	0.05946814	-0.057162017	0.016965684	-0.05084593	0.04681253	-0.05026805	0.037857365	-0.06999535	0.05292689	-0.06880281	0.0719748	-0.06385208	0.056986775	-0.08131385	0.0929235	-0.058781475	0.05444896	-0.09269359	0.10433735	-0.081855826	0.06003507	-0.06526608	0.14731382	-0.13276133	0.10553392	-0.10644411	0.1375854	-0.24003972	0.21829158	-0.19214092	0.12722878	-0.121035166	0.29052728	-0.47207385	0.28164423	-0.15576717	0.1223899	-0.5873818	0.99999845	-0.48996073	0.17024517	-0.12990175
0.016241496	-0.042455673	0.04950144	-0.058932044	0.05655347	-0.016697492	0.049869608	-0.046050634	0.049623225	-0.037495602	0.06816009	-0.051658165	0.06738348	-0.071379274	0.06319057	-0.054605894	0.0780357	-0.09135078	0.05835831	-0.054361865	0.08789443	-0.09949584	0.07861371	-0.061322093	0.06618766	-0.13241526	0.11363747	-0.10462379	0.1084712	-0.14910395	0.16932917	-0.17438611	0.20016865	-0.15690616	0.13702142	-0.19580808	0.24538182	-0.71724576	0.22152619	-0.14717689	0.24125393	-0.48996073	0.9999983	-0.2780549	0.14745145
-0.02226494	0.058008604	-0.06821055	0.08018532	-0.07945445	0.022830734	-0.068649046	0.06299061	-0.06810431	0.052343883	-0.09416529	0.07058059	-0.09225765	0.09650504	-0.088897444	0.073307455	-0.106177755	0.12083941	-0.08113749	0.07498762	-0.118558414	0.12448496	-0.10340658	0.087632164	-0.09657678	0.14875898	-0.13202077	0.13872403	-0.16324463	0.2097934	-0.17405573	0.15868567	-0.30637825	0.2675124	-0.26918238	0.13844274	-0.1735521	0.2523907	-0.7130068	0.25776792	-0.18300483	0.17024517	-0.2780549	0.9999983	-0.37704962
0.0308673	-0.0796731	0.09356993	-0.111789435	0.11019094	-0.031611897	0.09356287	-0.08623361	0.0938924	-0.07232141	0.12672617	-0.09522976	0.12441132	-0.13413106	0.122295104	-0.09603343	0.13873309	-0.16179463	0.107973166	-0.10160994	0.15316293	-0.1586409	0.1289632	-0.112653784	0.12175187	-0.18079998	0.1486698	-0.1717895	0.18717323	-0.31988975	0.16024576	-0.15274252	0.25727266	-0.24435592	0.2803556	-0.116931	0.13336939	-0.16679673	0.24384095	-0.69139874	0.1361732	-0.12990175	0.14745145	-0.37704962	0.9999983
