1.595793602988124
1.0649778917431831
1.6907983999699354
0.6473369486629963
1.9805118963122368
1.1972469743341208
0.4975380729883909
0.342541616410017
0.7379873804748058
1.8250122647732496
1.642666146159172
1.7047157883644104
1.5133318323642015
0.5911251939833164
1.0271019525825977
0.37276423908770084
0.9661271385848522
1.1910259556025267
1.1816626098006964
1.8209901098161936
1.4531093798577785
0.8704033438116312
0.4644143022596836
1.559952126815915
0.9934098143130541
1.6074831783771515
0.3205920923501253
1.7878299206495285
0.004066025838255882
0.34660714864730835
0.11575959250330925
1.1886290572583675
0.8746649567037821
1.3330588918179274
0.8673108965158463
0.43578210286796093
1.1646964773535728
1.1544949878007174
1.3409570548683405
0.06636360101401806
0.558022303506732
0.7352530192583799
0.28205456770956516
0.2891131490468979
1.449293790385127
0.1148056723177433
0.9698078241199255
1.9026641063392162
0.6183767598122358
1.5658099073916674
0.3383100926876068
1.836117461323738
0.959895784035325
1.8213217221200466
1.8559791930019855
0.6843670774251223
1.2518598139286041
0.607079004868865
1.6708971597254276
1.54984375461936
1.027910739183426
1.6388611681759357
1.6467718500643969
0.4938248675316572
0.04619930870831013
0.12781542167067528
1.1315490566194057
0.825777743011713
0.5181903429329395
0.7500643730163574
1.8704780545085669
1.6592292115092278
1.99800243973732
0.8338333070278168
1.9378357883542776
1.0119725540280342
