1.0000001	-0.6382589	0.19882202	-0.08130597	0.07759166	-0.6738348	0.20238516	-0.14019811	0.08357093	-0.06536535	0.15579203	-0.13164394	0.14094253	-0.07207974	0.079695836	-0.11205411	0.10369054	-0.11542263	0.056294303	-0.06362999	0.09007218	-0.0993729	0.07791049	-0.059206195	0.05903068	-0.057240535	0.06059043	-0.06228872	0.057868537	-0.050041404	0.06094149	-0.055114627	0.053198703	-0.047653772	0.050297797	-0.040064815	0.05113963	-0.049098108	0.046599984	-0.04117189	0.061407946	-0.053490065	0.041603494	-0.032608934	0.036929917
-0.6382589	1.0000001	-0.4298256	0.14082646	-0.14046815	0.31957626	-0.31132317	0.22643033	-0.14507996	0.11137932	-0.22148044	0.18878295	-0.24347183	0.120883934	-0.13692284	0.1498515	-0.16133438	0.1732512	-0.09229644	0.102744624	-0.13838086	0.14902727	-0.12306882	0.09387814	-0.09467527	0.087299675	-0.093721904	0.09645005	-0.09196626	0.07921088	-0.09478609	0.085098	-0.08301654	0.07458645	-0.07919495	0.06241892	-0.07997983	0.07630262	-0.073065385	0.06427758	-0.096615344	0.08248168	-0.06483587	0.05084376	-0.057815373
0.19882202	-0.4298256	0.99999994	-0.3034037	0.19858652	-0.27544442	0.24707323	-0.62444985	0.17654356	-0.15435041	0.166582	-0.21551783	0.28091142	-0.15011226	0.15397148	-0.14487408	0.16636646	-0.22527578	0.103174746	-0.11983773	0.12667875	-0.15991987	0.123749435	-0.1011274	0.0953468	-0.08537914	0.093377374	-0.09868061	0.09421788	-0.08297757	0.09073443	-0.0848035	0.08227892	-0.07528315	0.0784214	-0.061471015	0.07816289	-0.07638967	0.07260384	-0.064635165	0.09300097	-0.08422796	0.06460017	-0.05089601	0.057294652
-0.08130597	0.14082646	-0.3034037	0.99999994	-0.82777816	0.11415522	-0.12292671	0.17014301	-0.2844889	0.25065187	-0.08868407	0.10404398	-0.14964624	0.15177599	-0.20267679	0.07626537	-0.08694313	0.11084117	-0.09221429	0.103038	-0.073156655	0.090519086	-0.08013857	0.0737584	-0.06856271	0.050506346	-0.05636714	0.061622854	-0.06637364	0.058578122	-0.054603036	0.051624965	-0.051389117	0.048704553	-0.05065559	0.03771965	-0.04816066	0.04753862	-0.046304964	0.0411106	-0.05711755	0.05202228	-0.040257722	0.031991776	-0.036085635
0.07759166	-0.14046815	0.19858652	-0.82777816	0.99999976	-0.115884416	0.111845806	-0.15761392	0.23721929	-0.3871638	0.08467408	-0.099838726	0.13088132	-0.14822093	0.18089111	-0.07500864	0.082267515	-0.10840114	0.08712307	-0.1022591	0.070420615	-0.088972755	0.0765728	-0.071577005	0.06534733	-0.04899987	0.05452768	-0.059772097	0.06352677	-0.056846283	0.05266016	-0.050088372	0.04965085	-0.04710746	0.048768867	-0.036577847	0.04656305	-0.04613008	0.044702023	-0.039848316	0.05516811	-0.050850842	0.039048284	-0.031030081	0.034908205
-0.6738348	0.31957626	-0.27544442	0.11415522	-0.115884416	0.99999964	-0.38691616	0.1893546	-0.12812896	0.097648814	-0.29174456	0.20285703	-0.21921967	0.109804355	-0.123663284	0.17446715	-0.16491348	0.17122985	-0.08691217	0.09720977	-0.14472438	0.15281266	-0.122126624	0.091606274	-0.092471056	0.090033375	-0.095024	0.09701184	-0.09036825	0.077694334	-0.096496135	0.08627874	-0.08342684	0.074436694	-0.0788823	0.06279749	-0.080356024	0.07672532	-0.07299757	0.064290725	-0.096729755	0.08307016	-0.06505334	0.050945178	-0.057835106
0.20238516	-0.31132317	0.24707323	-0.12292671	0.111845806	-0.38691616	0.9999999	-0.3298612	0.137183	-0.10976357	0.21509734	-0.61795855	0.2824434	-0.13294633	0.13466054	-0.19182111	0.26596588	-0.31107977	0.103146344	-0.11902447	0.15920433	-0.21368732	0.14842989	-0.111741476	0.1065052	-0.10603581	0.11621479	-0.11971814	0.106963664	-0.09272066	0.11132791	-0.10340552	0.09874874	-0.08839655	0.09205418	-0.07354168	0.093629085	-0.09120243	0.08568061	-0.07614218	0.11064602	-0.09989173	0.07671699	-0.06020567	0.067718625
-0.14019811	0.22643033	-0.62444985	0.17014301	-0.15761392	0.1893546	-0.3298612	0.99999994	-0.19557573	0.14083639	-0.1456968	0.2283326	-0.5614861	0.16250502	-0.16173701	0.12293985	-0.17947128	0.22207724	-0.10313816	0.11286481	-0.113078594	0.1416547	-0.11444806	0.09305986	-0.08687588	0.07552273	-0.08394054	0.08836548	-0.086311564	0.07464613	-0.08093437	0.07511514	-0.073299885	0.06710066	-0.06997251	0.054027226	-0.0690839	0.06742633	-0.06452861	0.05713986	-0.08177911	0.073309295	-0.05685885	0.044847883	-0.05059916
0.08357093	-0.14507996	0.17654356	-0.2844889	0.23721929	-0.12812896	0.137183	-0.19557573	0.9999999	-0.69514376	0.106211275	-0.13026102	0.18476547	-0.44675303	0.3127129	-0.09579297	0.10849707	-0.14567137	0.17453189	-0.20743267	0.09466602	-0.12210458	0.11420839	-0.12385674	0.10384109	-0.06784687	0.07699558	-0.08744909	0.10157356	-0.09193042	0.07319889	-0.07086756	0.07133967	-0.07002629	0.07149286	-0.051394053	0.0655386	-0.06609525	0.06500929	-0.05803668	0.07667411	-0.0724004	0.055664547	-0.044632547	0.050066695
-0.06536535	0.11137932	-0.15435041	0.25065187	-0.3871638	0.097648814	-0.10976357	0.14083639	-0.69514376	1.0	-0.0835605	0.09959118	-0.14860243	0.27297187	-0.46503806	0.07385209	-0.08460226	0.10998672	-0.13881701	0.15332766	-0.07411313	0.0936817	-0.090259194	0.09418877	-0.08252246	0.052785803	-0.060029734	0.06791669	-0.08018281	0.07086815	-0.05726886	0.055142064	-0.05576442	0.054624192	-0.056150313	0.040053494	-0.051222462	0.05145166	-0.05090715	0.04523198	-0.06001412	0.056015003	-0.043386742	0.034780987	-0.039132543
0.15579203	-0.22148044	0.166582	-0.08868407	0.08467408	-0.29174456	0.21509734	-0.1456968	0.106211275	-0.0835605	0.9999997	-0.22530828	0.17767844	-0.102823555	0.10951535	-0.72541386	0.1949492	-0.20731895	0.09842418	-0.11578133	0.2704347	-0.26860753	0.17295517	-0.12573545	0.1234108	-0.16790031	0.15484802	-0.15507735	0.12604173	-0.109239504	0.1588875	-0.14431773	0.13097471	-0.11408941	0.11777635	-0.09999747	0.12538326	-0.1229017	0.11147752	-0.10003522	0.14648874	-0.13740736	0.10260454	-0.07998841	0.08910676
-0.13164394	0.18878295	-0.21551783	0.10404398	-0.099838726	0.20285703	-0.61795855	0.2283326	-0.13026102	0.09959118	-0.22530828	0.9999998	-0.38566437	0.130196	-0.13421333	0.17514141	-0.51463145	0.30117822	-0.09853015	0.108716324	-0.15503815	0.19804576	-0.14390454	0.10327794	-0.098579615	0.099046536	-0.11150358	0.11093687	-0.099930316	0.084334135	-0.10553112	0.09561869	-0.09173696	0.08113895	-0.08489028	0.06705543	-0.086274914	0.0832936	-0.07874505	0.069318436	-0.101215415	0.089151956	-0.069792114	0.054708455	-0.06179895
0.14094253	-0.24347183	0.28091142	-0.14964624	0.13088132	-0.21921967	0.2824434	-0.5614861	0.18476547	-0.14860243	0.17767844	-0.38566437	0.9999998	-0.26359057	0.1934268	-0.16133687	0.258794	-0.44720292	0.1363644	-0.15131891	0.14502892	-0.19399783	0.15071289	-0.124210574	0.11102921	-0.09839236	0.11021098	-0.11684312	0.11201775	-0.097050026	0.104410596	-0.09795779	0.09502945	-0.087112516	0.09003994	-0.06966931	0.08893027	-0.08747767	0.08324714	-0.07395401	0.10444939	-0.09526603	0.07342916	-0.057971288	0.06516305
-0.07207974	0.120883934	-0.15011226	0.15177599	-0.14822093	0.109804355	-0.13294633	0.16250502	-0.44675303	0.27297187	-0.102823555	0.130196	-0.26359057	0.9999998	-0.6727967	0.09182128	-0.11174663	0.14780891	-0.36720937	0.25696102	-0.09613992	0.12292682	-0.1325305	0.15623821	-0.12269659	0.07007248	-0.08146827	0.095055155	-0.12576114	0.10419931	-0.07634356	0.074444346	-0.07659051	0.07729233	-0.07848318	0.053397216	-0.06860548	0.06996913	-0.070535205	0.062319446	-0.07919957	0.075028285	-0.058583952	0.04734736	-0.053214315
0.079695836	-0.13692284	0.15397148	-0.20267679	0.18089111	-0.123663284	0.13466054	-0.16173701	0.3127129	-0.46503806	0.10951535	-0.13421333	0.1934268	-0.6727967	0.99999994	-0.09963958	0.113077275	-0.15388863	0.23699479	-0.31177744	0.1017713	-0.13234152	0.13153508	-0.15476516	0.1259463	-0.074328534	0.08539228	-0.09922671	0.122409165	-0.111394875	0.08042798	-0.07871114	0.080106296	-0.0803956	0.08142854	-0.056800134	0.07255677	-0.07400412	0.07360552	-0.06570137	0.0841651	-0.080574036	0.06210426	-0.050099306	0.056122508
-0.11205411	0.1498515	-0.14487408	0.07626537	-0.07500864	0.17446715	-0.19182111	0.12293985	-0.09579297	0.07385209	-0.72541386	0.17514141	-0.16133687	0.09182128	-0.09963958	0.99999976	-0.20786338	0.1788579	-0.08996732	0.10345244	-0.47535184	0.23804069	-0.16986883	0.11636266	-0.11559007	0.18843347	-0.16144957	0.14964063	-0.12001985	0.1002196	-0.18623391	0.14507036	-0.1304572	0.10867539	-0.11311605	0.09583913	-0.12329451	0.11731586	-0.10678324	0.093847476	-0.14160857	0.123882964	-0.09672011	0.074957676	-0.08423992
0.10369054	-0.16133438	0.16636646	-0.08694313	0.082267515	-0.16491348	0.26596588	-0.17947128	0.10849707	-0.08460226	0.1949492	-0.51463145	0.258794	-0.11174663	0.113077275	-0.20786338	0.99999994	-0.6744844	0.09416026	-0.105755985	0.17368484	-0.31113756	0.16416001	-0.10939514	0.10084407	-0.1124246	0.13223645	-0.12767051	0.10557406	-0.08750934	0.11713294	-0.107402936	0.10061375	-0.087130144	0.09011848	-0.071912445	0.09288618	-0.09021986	0.08406121	-0.07389391	0.106657326	-0.09492366	0.07449221	-0.05829448	0.065580495
-0.11542263	0.1732512	-0.22527578	0.11084117	-0.10840114	0.17122985	-0.31107977	0.22207724	-0.14567137	0.10998672	-0.20731895	0.30117822	-0.44720292	0.14780891	-0.15388863	0.1788579	-0.6744844	0.9999998	-0.12050177	0.12857762	-0.18182234	0.23199263	-0.20574881	0.12898883	-0.11911238	0.11718759	-0.13735275	0.1391424	-0.12351581	0.10133705	-0.12684792	0.114809535	-0.11140069	0.09802243	-0.10242132	0.07973417	-0.10337943	0.09978075	-0.09476078	0.08290872	-0.120326996	0.10485261	-0.08316915	0.06522491	-0.073813185
0.056294303	-0.09229644	0.103174746	-0.09221429	0.08712307	-0.08691217	0.103146344	-0.10313816	0.17453189	-0.13881701	0.09842418	-0.09853015	0.1363644	-0.36720937	0.23699479	-0.08996732	0.09416026	-0.12050177	0.9999998	-0.74209327	0.10700691	-0.14009051	0.18891685	-0.39154825	0.19017093	-0.084146105	0.10191736	-0.13088629	0.20787257	-0.16915056	0.092249066	-0.09390142	0.10018829	-0.11012749	0.10681155	-0.06595269	0.08513476	-0.09061346	0.09450495	-0.08343574	0.09530026	-0.094884284	0.074601404	-0.06158778	0.06873654
-0.06362999	0.102744624	-0.11983773	0.103038	-0.1022591	0.09720977	-0.11902447	0.11286481	-0.20743267	0.15332766	-0.11578133	0.108716324	-0.15131891	0.25696102	-0.31177744	0.10345244	-0.105755985	0.12857762	-0.74209327	0.9999998	-0.1268326	0.15680364	-0.22216219	0.26226002	-0.29540354	0.097921155	-0.11877759	0.14636834	-0.24312167	0.19565862	-0.109595045	0.109388396	-0.118606895	0.12715954	-0.13028331	0.07824309	-0.10178747	0.1063831	-0.11375329	0.09878165	-0.11513929	0.11075112	-0.08886238	0.073183894	-0.08275966
0.09007218	-0.13838086	0.12667875	-0.073156655	0.070420615	-0.14472438	0.15920433	-0.113078594	0.09466602	-0.07411313	0.2704347	-0.15503815	0.14502892	-0.09613992	0.1017713	-0.47535184	0.17368484	-0.18182234	0.10700691	-0.1268326	0.99999994	-0.440416	0.22472245	-0.15571755	0.14559726	-0.49200407	0.25689578	-0.23719169	0.15929031	-0.13343725	0.27377504	-0.23687588	0.18677855	-0.15386042	0.15152167	-0.13602525	0.16906714	-0.17156033	0.14631188	-0.13150653	0.18147092	-0.18005511	0.13447267	-0.10472908	0.114453614
-0.0993729	0.14902727	-0.15991987	0.090519086	-0.088972755	0.15281266	-0.21368732	0.1416547	-0.12210458	0.0936817	-0.26860753	0.19804576	-0.19399783	0.12292682	-0.13234152	0.23804069	-0.31113756	0.23199263	-0.14009051	0.15680364	-0.440416	1.0000002	-0.393198	0.20379695	-0.19440423	0.26401994	-0.43129364	0.28572714	-0.21669327	0.1645759	-0.2875152	0.24897738	-0.23056038	0.18280289	-0.19103162	0.15355878	-0.20654598	0.1930216	-0.17890835	0.15282278	-0.22705379	0.18987872	-0.15671939	0.12102044	-0.13720879
0.07791049	-0.12306882	0.123749435	-0.08013857	0.0765728	-0.122126624	0.14842989	-0.11444806	0.11420839	-0.090259194	0.17295517	-0.14390454	0.15071289	-0.1325305	0.13153508	-0.16986883	0.16416001	-0.20574881	0.18891685	-0.22216219	0.22472245	-0.393198	1.0000004	-0.45824215	0.20824422	-0.20524304	0.26942384	-0.5338698	0.2774666	-0.20917112	0.20516632	-0.22676924	0.22267036	-0.20410573	0.18627624	-0.13905382	0.1770995	-0.19757852	0.17581686	-0.15843081	0.18655497	-0.19771382	0.1503885	-0.12070836	0.13079102
-0.059206195	0.09387814	-0.1011274	0.0737584	-0.071577005	0.091606274	-0.111741476	0.09305986	-0.12385674	0.09418877	-0.12573545	0.10327794	-0.124210574	0.15623821	-0.15476516	0.11636266	-0.10939514	0.12898883	-0.39154825	0.26226002	-0.15571755	0.20379695	-0.45824215	1.0000004	-0.2761507	0.12970607	-0.16873306	0.23216245	-0.60682166	0.23940672	-0.14395916	0.14994392	-0.16959655	0.1964314	-0.18488081	0.100891575	-0.13269544	0.14560328	-0.1614173	0.13588935	-0.14260097	0.14430293	-0.11723564	0.09815923	-0.10962605
0.05903068	-0.09467527	0.0953468	-0.06856271	0.06534733	-0.092471056	0.1065052	-0.08687588	0.10384109	-0.08252246	0.1234108	-0.098579615	0.11102921	-0.12269659	0.1259463	-0.11559007	0.10084407	-0.11911238	0.19017093	-0.29540354	0.14559726	-0.19440423	0.20824422	-0.2761507	1.0000002	-0.11889348	0.1408923	-0.18128103	0.27531302	-0.7789341	0.1302603	-0.13685079	0.14583732	-0.16864601	0.16741909	-0.099678874	0.12654413	-0.13813803	0.14257954	-0.13569689	0.14227135	-0.15401961	0.115317255	-0.09678415	0.1063346
-0.057240535	0.087299675	-0.08537914	0.050506346	-0.04899987	0.090033375	-0.10603581	0.07552273	-0.06784687	0.052785803	-0.16790031	0.099046536	-0.09839236	0.07007248	-0.074328534	0.18843347	-0.1124246	0.11718759	-0.084146105	0.097921155	-0.49200407	0.26401994	-0.20524304	0.12970607	-0.11889348	1.0000002	-0.42258906	0.2317458	-0.14100353	0.10856222	-0.6347889	0.27374667	-0.19934121	0.13917308	-0.13522759	0.12454923	-0.16696654	0.15848899	-0.131886	0.11351439	-0.1606036	0.14715233	-0.118331365	0.0903248	-0.098999225
0.06059043	-0.093721904	0.093377374	-0.05636714	0.05452768	-0.095024	0.11621479	-0.08394054	0.07699558	-0.060029734	0.15484802	-0.11150358	0.11021098	-0.08146827	0.08539228	-0.16144957	0.13223645	-0.13735275	0.10191736	-0.11877759	0.25689578	-0.43129364	0.26942384	-0.16873306	0.1408923	-0.42258906	1.0000001	-0.55383456	0.18001327	-0.13380478	0.2898433	-0.42963767	0.2451681	-0.17099252	0.15672308	-0.13996878	0.1870916	-0.19256906	0.15343577	-0.1327466	0.17299317	-0.16899629	0.13537325	-0.10438731	0.1129022
-0.06228872	0.09645005	-0.09868061	0.061622854	-0.059772097	0.09701184	-0.11971814	0.08836548	-0.08744909	0.06791669	-0.15507735	0.11093687	-0.11684312	0.095055155	-0.09922671	0.14964063	-0.12767051	0.1391424	-0.13088629	0.14636834	-0.23719169	0.28572714	-0.5338698	0.23216245	-0.18128103	0.2317458	-0.55383456	1.0	-0.28957435	0.16872367	-0.25261137	0.26587468	-0.33428797	0.20219354	-0.18990561	0.13990662	-0.19545124	0.20774987	-0.18171003	0.15143447	-0.18913525	0.18001874	-0.15269534	0.11732777	-0.12913778
0.057868537	-0.09196626	0.09421788	-0.06637364	0.06352677	-0.09036825	0.106963664	-0.086311564	0.10157356	-0.08018281	0.12604173	-0.099930316	0.11201775	-0.12576114	0.122409165	-0.12001985	0.10557406	-0.12351581	0.20787257	-0.24312167	0.15929031	-0.21669327	0.2774666	-0.60682166	0.27531302	-0.14100353	0.18001327	-0.28957435	0.99999994	-0.43727392	0.15254185	-0.17115758	0.19522256	-0.33265668	0.21513192	-0.111724466	0.14500329	-0.17207423	0.18973853	-0.16746113	0.15133989	-0.16768113	0.13249558	-0.11532693	0.12438433
-0.050041404	0.07921088	-0.08297757	0.058578122	-0.056846283	0.077694334	-0.09272066	0.07464613	-0.09193042	0.07086815	-0.109239504	0.084334135	-0.097050026	0.10419931	-0.111394875	0.1002196	-0.08750934	0.10133705	-0.16915056	0.19565862	-0.13343725	0.1645759	-0.20917112	0.23940672	-0.7789341	0.10856222	-0.13380478	0.16872367	-0.43727392	0.99999994	-0.12313481	0.12751341	-0.14523524	0.17661873	-0.1946045	0.091616504	-0.11986803	0.13036858	-0.14870536	0.13359943	-0.13266571	0.13549174	-0.10898121	0.09279467	-0.10468389
0.06094149	-0.09478609	0.09073443	-0.054603036	0.05266016	-0.096496135	0.11132791	-0.08093437	0.07319889	-0.05726886	0.1588875	-0.10553112	0.104410596	-0.07634356	0.08042798	-0.18623391	0.11713294	-0.12684792	0.092249066	-0.109595045	0.27377504	-0.2875152	0.20516632	-0.14395916	0.1302603	-0.6347889	0.2898433	-0.25261137	0.15254185	-0.12313481	1.0000001	-0.51020646	0.23617204	-0.17000131	0.15452558	-0.16320185	0.20038104	-0.20381255	0.15433763	-0.13656081	0.1820193	-0.18396279	0.14103815	-0.108658835	0.115823925
-0.055114627	0.085098	-0.0848035	0.051624965	-0.050088372	0.08627874	-0.10340552	0.07511514	-0.07086756	0.055142064	-0.14431773	0.09561869	-0.09795779	0.074444346	-0.07871114	0.14507036	-0.107402936	0.114809535	-0.09390142	0.109388396	-0.23687588	0.24897738	-0.22676924	0.14994392	-0.13685079	0.27374667	-0.42963767	0.26587468	-0.17115758	0.12751341	-0.51020646	1.0000001	-0.48828036	0.20569189	-0.18866673	0.1883886	-0.3344393	0.25672856	-0.19147292	0.15550426	-0.21966483	0.1965648	-0.17033228	0.12466946	-0.13444051
0.053198703	-0.08301654	0.08227892	-0.051389117	0.04965085	-0.08342684	0.09874874	-0.073299885	0.07133967	-0.05576442	0.13097471	-0.09173696	0.09502945	-0.07659051	0.080106296	-0.1304572	0.10061375	-0.11140069	0.10018829	-0.118606895	0.18677855	-0.23056038	0.22267036	-0.16959655	0.14583732	-0.19934121	0.2451681	-0.33428797	0.19522256	-0.14523524	0.23617204	-0.48828036	1.0000001	-0.39541668	0.23609486	-0.17792359	0.24947444	-0.5257692	0.25306255	-0.20768693	0.20106275	-0.24558908	0.21294066	-0.16167606	0.16222233
-0.047653772	0.07458645	-0.07528315	0.048704553	-0.04710746	0.074436694	-0.08839655	0.06710066	-0.07002629	0.054624192	-0.11408941	0.08113895	-0.087112516	0.07729233	-0.0803956	0.10867539	-0.087130144	0.09802243	-0.11012749	0.12715954	-0.15386042	0.18280289	-0.20410573	0.1964314	-0.16864601	0.13917308	-0.17099252	0.20219354	-0.33265668	0.17661873	-0.17000131	0.20569189	-0.39541668	0.99999994	-0.57565624	0.13231094	-0.18488623	0.25426528	-0.48260167	0.29308948	-0.17222576	0.20850098	-0.18778358	0.18057202	-0.19624354
0.050297797	-0.07919495	0.0784214	-0.05065559	0.048768867	-0.0788823	0.09205418	-0.06997251	0.07149286	-0.056150313	0.11777635	-0.08489028	0.09003994	-0.07848318	0.08142854	-0.11311605	0.09011848	-0.10242132	0.10681155	-0.13028331	0.15152167	-0.19103162	0.18627624	-0.18488081	0.16741909	-0.13522759	0.15672308	-0.18990561	0.21513192	-0.1946045	0.15452558	-0.18866673	0.23609486	-0.57565624	1.0	-0.1331741	0.17295595	-0.2392509	0.31643832	-0.57795924	0.17119831	-0.24828395	0.19109526	-0.20859388	0.22096331
-0.040064815	0.06241892	-0.061471015	0.03771965	-0.036577847	0.06279749	-0.07354168	0.054027226	-0.051394053	0.040053494	-0.09999747	0.06705543	-0.06966931	0.053397216	-0.056800134	0.09583913	-0.071912445	0.07973417	-0.06595269	0.07824309	-0.13602525	0.15355878	-0.13905382	0.100891575	-0.099678874	0.12454923	-0.13996878	0.13990662	-0.111724466	0.091616504	-0.16320185	0.1883886	-0.17792359	0.13231094	-0.1331741	0.9999997	-0.6223301	0.21384908	-0.14686422	0.12157158	-0.6612366	0.18953025	-0.1516398	0.10502813	-0.11277542
0.05113963	-0.07997983	0.07816289	-0.04816066	0.04656305	-0.080356024	0.093629085	-0.0690839	0.0655386	-0.051222462	0.12538326	-0.086274914	0.08893027	-0.06860548	0.07255677	-0.12329451	0.09288618	-0.10337943	0.08513476	-0.10178747	0.16906714	-0.20654598	0.1770995	-0.13269544	0.12654413	-0.16696654	0.1870916	-0.19545124	0.14500329	-0.11986803	0.20038104	-0.3344393	0.24947444	-0.18488623	0.17295595	-0.6223301	0.9999999	-0.42010248	0.19613287	-0.16747652	0.31009606	-0.28439546	0.20629501	-0.14542452	0.14794585
-0.049098108	0.07630262	-0.07638967	0.04753862	-0.04613008	0.07672532	-0.09120243	0.06742633	-0.06609525	0.05145166	-0.1229017	0.0832936	-0.08747767	0.06996913	-0.07400412	0.11731586	-0.09021986	0.09978075	-0.09061346	0.1063831	-0.17156033	0.1930216	-0.19757852	0.14560328	-0.13813803	0.15848899	-0.19256906	0.20774987	-0.17207423	0.13036858	-0.20381255	0.25672856	-0.5257692	0.25426528	-0.2392509	0.21384908	-0.42010248	0.9999996	-0.38157845	0.2243539	-0.25503424	0.2845513	-0.4087042	0.2079382	-0.20931664
0.046599984	-0.073065385	0.07260384	-0.046304964	0.044702023	-0.07299757	0.08568061	-0.06452861	0.06500929	-0.05090715	0.11147752	-0.07874505	0.08324714	-0.070535205	0.07360552	-0.10678324	0.08406121	-0.09476078	0.09450495	-0.11375329	0.14631188	-0.17890835	0.17581686	-0.1614173	0.14257954	-0.131886	0.15343577	-0.18171003	0.18973853	-0.14870536	0.15433763	-0.19147292	0.25306255	-0.48260167	0.31643832	-0.14686422	0.19613287	-0.38157845	0.9999997	-0.5540677	0.17860867	-0.27029854	0.23744306	-0.33628675	0.26681098
-0.04117189	0.06427758	-0.064635165	0.0411106	-0.039848316	0.064290725	-0.07614218	0.05713986	-0.05803668	0.04523198	-0.10003522	0.069318436	-0.07395401	0.062319446	-0.06570137	0.093847476	-0.07389391	0.08290872	-0.08343574	0.09878165	-0.13150653	0.15282278	-0.15843081	0.13588935	-0.13569689	0.11351439	-0.1327466	0.15143447	-0.16746113	0.13359943	-0.13656081	0.15550426	-0.20768693	0.29308948	-0.57795924	0.12157158	-0.16747652	0.2243539	-0.5540677	1.0	-0.16459952	0.22294462	-0.21302864	0.25512132	-0.41245827
0.061407946	-0.096615344	0.09300097	-0.05711755	0.05516811	-0.096729755	0.11064602	-0.08177911	0.07667411	-0.06001412	0.14648874	-0.101215415	0.10444939	-0.07919957	0.0841651	-0.14160857	0.106657326	-0.120326996	0.09530026	-0.11513929	0.18147092	-0.22705379	0.18655497	-0.14260097	0.14227135	-0.1606036	0.17299317	-0.18913525	0.15133989	-0.13266571	0.1820193	-0.21966483	0.20106275	-0.17222576	0.17119831	-0.6612366	0.31009606	-0.25503424	0.17860867	-0.16459952	0.9999999	-0.2892669	0.18743362	-0.13964424	0.14623865
-0.053490065	0.08248168	-0.08422796	0.05202228	-0.050850842	0.08307016	-0.09989173	0.073309295	-0.0724004	0.056015003	-0.13740736	0.089151956	-0.09526603	0.075028285	-0.080574036	0.123882964	-0.09492366	0.10485261	-0.094884284	0.11075112	-0.18005511	0.18987872	-0.19771382	0.14430293	-0.15401961	0.14715233	-0.16899629	0.18001874	-0.16768113	0.13549174	-0.18396279	0.1965648	-0.24558908	0.20850098	-0.24828395	0.18953025	-0.28439546	0.2845513	-0.27029854	0.22294462	-0.2892669	0.99999976	-0.6739128	0.27114266	-0.33548754
0.041603494	-0.06483587	0.06460017	-0.040257722	0.039048284	-0.06505334	0.07671699	-0.05685885	0.055664547	-0.043386742	0.10260454	-0.069792114	0.07342916	-0.058583952	0.06210426	-0.09672011	0.07449221	-0.08316915	0.074601404	-0.08886238	0.13447267	-0.15671939	0.1503885	-0.11723564	0.115317255	-0.118331365	0.13537325	-0.15269534	0.13249558	-0.10898121	0.14103815	-0.17033228	0.21294066	-0.18778358	0.19109526	-0.1516398	0.20629501	-0.4087042	0.23744306	-0.21302864	0.18743362	-0.6739128	0.9999998	-0.44366094	0.2721779
-0.032608934	0.05084376	-0.05089601	0.031991776	-0.031030081	0.050945178	-0.06020567	0.044847883	-0.044632547	0.034780987	-0.07998841	0.054708455	-0.057971288	0.04734736	-0.050099306	0.074957676	-0.05829448	0.06522491	-0.06158778	0.073183894	-0.10472908	0.12102044	-0.12070836	0.09815923	-0.09678415	0.0903248	-0.10438731	0.11732777	-0.11532693	0.09279467	-0.108658835	0.12466946	-0.16167606	0.18057202	-0.20859388	0.10502813	-0.14542452	0.2079382	-0.33628675	0.25512132	-0.13964424	0.27114266	-0.44366094	0.99999976	-0.7412255
0.036929917	-0.057815373	0.057294652	-0.036085635	0.034908205	-0.057835106	0.067718625	-0.05059916	0.050066695	-0.039132543	0.08910676	-0.06179895	0.06516305	-0.053214315	0.056122508	-0.08423992	0.065580495	-0.073813185	0.06873654	-0.08275966	0.114453614	-0.13720879	0.13079102	-0.10962605	0.1063346	-0.098999225	0.1129022	-0.12913778	0.12438433	-0.10468389	0.115823925	-0.13444051	0.16222233	-0.19624354	0.22096331	-0.11277542	0.14794585	-0.20931664	0.26681098	-0.41245827	0.14623865	-0.33548754	0.2721779	-0.7412255	0.99999976
