1.0000001	-0.44789675	0.20753624	-0.17015325	0.16589023	-0.8028813	0.22011827	-0.16075237	0.14542162	-0.11270374	0.15149254	-0.16419058	0.104934566	-0.09831331	0.107038505	-0.107077576	0.13700218	-0.09776624	0.08310331	-0.08104921	0.12084529	-0.09790129	0.08638853	-0.09236822	0.077508725	-0.07144831	0.07006013	-0.07502781	0.09021343	-0.07504519	0.0694456	-0.059125263	0.0662758	-0.096390516	0.06235682	-0.04496264	0.04843804	-0.045531064	0.03943762	-0.044195764	0.051605985	-0.036767434	0.042414363	-0.020683039	0.022054218
-0.44789675	1.0000002	-0.5420912	0.2529656	-0.2602985	0.2810691	-0.48244563	0.25455403	-0.2316457	0.16040038	-0.17098665	0.21858081	-0.14359693	0.1287828	-0.15064833	0.11847969	-0.1830957	0.12509522	-0.10943732	0.10723182	-0.15067163	0.12219959	-0.111320764	0.11850236	-0.1026965	0.08847266	-0.08778421	0.09394559	-0.11459625	0.094555736	-0.086785786	0.07366634	-0.08313148	0.119052134	-0.07880487	0.055920634	-0.060391378	0.05665686	-0.04908763	0.054876696	-0.06431169	0.04572772	-0.05288032	0.025698172	-0.027440703
0.20753624	-0.5420912	1.0000002	-0.57203597	0.27834126	-0.23255682	0.26696604	-0.37946326	0.25103712	-0.18682618	0.13783313	-0.18921275	0.13710968	-0.13214438	0.1553386	-0.100100555	0.14752726	-0.124080196	0.10930675	-0.11461772	0.14099056	-0.117244154	0.10619025	-0.122913465	0.10516548	-0.08603019	0.08485133	-0.09320943	0.11466073	-0.0988949	0.08477474	-0.07251343	0.08179023	-0.12460831	0.08082201	-0.05532996	0.059669703	-0.05656854	0.05014556	-0.056426823	0.063616656	-0.045472484	0.052551113	-0.026094694	0.02780109
-0.17015325	0.2529656	-0.57203597	1.0	-0.61910254	0.17316076	-0.23080914	0.24646638	-0.3156888	0.22064354	-0.13656293	0.16571102	-0.13355204	0.1311408	-0.18751259	0.09630867	-0.14510767	0.120528236	-0.11280445	0.12349803	-0.14543623	0.11609121	-0.10676843	0.12534897	-0.11499231	0.08712345	-0.08634597	0.09462767	-0.11870099	0.1019245	-0.08715397	0.07388295	-0.083891384	0.12600358	-0.0841224	0.056673102	-0.06132763	0.057911485	-0.05134588	0.05758292	-0.06555487	0.04664884	-0.054035455	0.026723547	-0.02853496
0.16589023	-0.2602985	0.27834126	-0.61910254	0.99999976	-0.21045533	0.21867439	-0.25102443	0.2643963	-0.39874673	0.15569313	-0.19659232	0.16402166	-0.17699598	0.24199681	-0.113972254	0.16524173	-0.16011684	0.15008229	-0.18255985	0.18884529	-0.15434892	0.13858962	-0.17877583	0.15653747	-0.11809444	0.115853205	-0.13045685	0.16375445	-0.1502334	0.11835844	-0.10134607	0.11463382	-0.18836978	0.12001021	-0.07836597	0.08456233	-0.081002176	0.07393901	-0.08379046	0.09053011	-0.06492567	0.07504887	-0.038235713	0.04066066
-0.8028813	0.2810691	-0.23255682	0.17316076	-0.21045533	0.9999996	-0.27868295	0.1762711	-0.17762488	0.13196087	-0.2280049	0.18645231	-0.12649411	0.115108654	-0.13169143	0.13837662	-0.18377368	0.115792945	-0.09986906	0.095745824	-0.15403423	0.119166866	-0.106044225	0.10863091	-0.09363535	0.087390035	-0.08619648	0.09054791	-0.109101504	0.08829511	-0.08534175	0.07192249	-0.08087211	0.11249035	-0.07439641	0.05468843	-0.059072968	0.055036936	-0.04697216	0.05235536	-0.062978655	0.044612944	-0.05153999	0.024739727	-0.026442211
0.22011827	-0.48244563	0.26696604	-0.23080914	0.21867439	-0.27868295	0.9999991	-0.46230197	0.25800502	-0.18637986	0.19046955	-0.4923455	0.19307569	-0.17117015	0.16501138	-0.14979845	0.2283568	-0.16597696	0.134835	-0.12748776	0.17293498	-0.15364131	0.13711925	-0.14728919	0.11912157	-0.10606298	0.10478082	-0.11348614	0.13585036	-0.113395154	0.10176163	-0.08783971	0.09837591	-0.14421427	0.09308839	-0.06597776	0.0709123	-0.06706263	0.058422778	-0.06561562	0.07515062	-0.053846274	0.062130395	-0.030471576	0.03244479
-0.16075237	0.25455403	-0.37946326	0.24646638	-0.25102443	0.1762711	-0.46230197	0.9999993	-0.64622784	0.23043253	-0.1517638	0.22197698	-0.19865307	0.16180235	-0.20282581	0.109923266	-0.17287059	0.14694175	-0.13118693	0.13037337	-0.15379147	0.1298407	-0.12380212	0.1376697	-0.12275912	0.093035355	-0.09289512	0.10164806	-0.12628628	0.105615154	-0.09161061	0.078330435	-0.08890358	0.12959103	-0.08728543	0.05923586	-0.06399196	0.060413927	-0.053090557	0.059431136	-0.06802014	0.048523314	-0.056223106	0.027597655	-0.029464873
0.14542162	-0.2316457	0.25103712	-0.3156888	0.2643963	-0.17762488	0.25800502	-0.64622784	0.999999	-0.44375697	0.14323357	-0.21155712	0.17532034	-0.18953001	0.24264644	-0.10685069	0.15851164	-0.15530567	0.14543018	-0.16653301	0.1623527	-0.1388127	0.12823631	-0.16322458	0.14316034	-0.10163717	0.10058644	-0.11296737	0.1420496	-0.12591268	0.10047277	-0.086524546	0.09805136	-0.15320851	0.101182885	-0.06585908	0.07104539	-0.0678157	0.0611562	-0.06896271	0.0756195	-0.05423769	0.06280787	-0.03156862	0.03362606
-0.11270374	0.16040038	-0.18682618	0.22064354	-0.39874673	0.13196087	-0.18637986	0.23043253	-0.44375697	0.9999989	-0.12487813	0.15611157	-0.15385601	0.16986449	-0.65744406	0.09031811	-0.13572483	0.13509126	-0.15156502	0.2183407	-0.1529177	0.12412109	-0.11878173	0.16402632	-0.19803473	0.09450238	-0.09456423	0.107262984	-0.14381021	0.13014154	-0.096142225	0.081848115	-0.09436605	0.14519356	-0.107085906	0.06279682	-0.06822499	0.06500335	-0.059737846	0.066867396	-0.07288956	0.051966757	-0.060604457	0.030570146	-0.032750264
0.15149254	-0.17098665	0.13783313	-0.13656293	0.15569313	-0.2280049	0.19046955	-0.1517638	0.14323357	-0.12487813	0.9999989	-0.3315287	0.16387643	-0.15254775	0.12830769	-0.74065393	0.31254765	-0.17180505	0.12479341	-0.11065001	0.21300371	-0.19451131	0.14775473	-0.14117344	0.107180454	-0.13034692	0.121408485	-0.12608844	0.1392189	-0.114562914	0.11325287	-0.09988393	0.10771549	-0.15434861	0.09457542	-0.07358104	0.07789845	-0.0736773	0.062365767	-0.07025178	0.08176166	-0.059197403	0.06757656	-0.0328015	0.034769278
-0.16419058	0.21858081	-0.18921275	0.16571102	-0.19659232	0.18645231	-0.4923455	0.22197698	-0.21155712	0.15611157	-0.3315287	0.9999991	-0.33667693	0.20327729	-0.16563852	0.24055569	-0.54659706	0.2119066	-0.16514379	0.12914795	-0.22045183	0.200246	-0.18544404	0.16221236	-0.12800375	0.1284054	-0.12976211	0.13373287	-0.1558354	0.12033205	-0.12032151	0.10369551	-0.11609462	0.15375322	-0.10090933	0.07624609	-0.08193021	0.07649151	-0.064186126	0.07148973	-0.08613612	0.061518602	-0.071034946	0.033705927	-0.0359476
0.104934566	-0.14359693	0.13710968	-0.13355204	0.16402166	-0.12649411	0.19307569	-0.19865307	0.17532034	-0.15385601	0.16387643	-0.33667693	0.999999	-0.57371104	0.17346446	-0.12798084	0.20468488	-0.53564656	0.26151142	-0.15500478	0.20226882	-0.22274913	0.244385	-0.23632145	0.15003459	-0.13189775	0.13542873	-0.15410739	0.17859569	-0.13304572	0.123663396	-0.11018514	0.12469461	-0.16513592	0.109170705	-0.07885205	0.084586255	-0.08017697	0.06786819	-0.0756793	0.088183306	-0.06360142	0.07366235	-0.035209756	0.037495583
-0.09831331	0.1287828	-0.13214438	0.1311408	-0.17699598	0.115108654	-0.17117015	0.16180235	-0.18953001	0.16986449	-0.15254775	0.20327729	-0.57371104	0.99999905	-0.23975575	0.111958474	-0.17800541	0.26391053	-0.5736244	0.18390384	-0.2028318	0.17877328	-0.2101242	0.27176017	-0.19001788	0.12477773	-0.12992896	0.14803517	-0.20771986	0.14217947	-0.12472447	0.107473	-0.12601003	0.1670735	-0.1192047	0.079136014	-0.08594265	0.08093906	-0.07004193	0.077435166	-0.09045504	0.064461604	-0.07535545	0.03611909	-0.038706757
0.107038505	-0.15064833	0.1553386	-0.18751259	0.24199681	-0.13169143	0.16501138	-0.20282581	0.24264644	-0.65744406	0.12830769	-0.16563852	0.17346446	-0.23975575	0.99999917	-0.094903156	0.1402732	-0.16145568	0.1895716	-0.4409692	0.16899143	-0.1432857	0.13536537	-0.22262345	0.24660552	-0.10895268	0.10852894	-0.12714529	0.1718502	-0.17136174	0.11017687	-0.09521347	0.10956459	-0.18215156	0.13045716	-0.07289052	0.07897442	-0.07638535	0.07230773	-0.0818581	0.08412446	-0.060530294	0.07058292	-0.036570948	0.03902514
-0.107077576	0.11847969	-0.100100555	0.09630867	-0.113972254	0.13837662	-0.14979845	0.109923266	-0.10685069	0.09031811	-0.74065393	0.24055569	-0.12798084	0.111958474	-0.094903156	0.9999989	-0.5439336	0.13089795	-0.09381077	0.080386534	-0.21313514	0.16234593	-0.12201114	0.10316408	-0.07893961	0.10559872	-0.099185996	0.096549936	-0.10451509	0.08300507	-0.08833439	0.077302545	-0.08303568	0.11117653	-0.06909918	0.05599758	-0.059266083	0.055410605	-0.045805357	0.051332384	-0.06172372	0.044561256	-0.05092287	0.024163703	-0.025641536
0.13700218	-0.1830957	0.14752726	-0.14510767	0.16524173	-0.18377368	0.2283568	-0.17287059	0.15851164	-0.13572483	0.31254765	-0.54659706	0.20468488	-0.17800541	0.1402732	-0.5439336	0.999999	-0.21736188	0.14306125	-0.120412	0.22968389	-0.28580484	0.1876935	-0.1563585	0.11711644	-0.14417067	0.14207296	-0.14164765	0.15275252	-0.1218525	0.124543816	-0.11095072	0.119576864	-0.16200574	0.100803114	-0.0796083	0.084442355	-0.07947635	0.06626244	-0.07434466	0.088021666	-0.063663945	0.07288804	-0.034831427	0.03695554
-0.09776624	0.12509522	-0.124080196	0.120528236	-0.16011684	0.115792945	-0.16597696	0.14694175	-0.15530567	0.13509126	-0.17180505	0.2119066	-0.53564656	0.26391053	-0.16145568	0.13089795	-0.21736188	0.999999	-0.2707311	0.14112617	-0.2596678	0.2728432	-0.5886155	0.2073105	-0.14614354	0.15617995	-0.17192693	0.18531376	-0.20100261	0.13406812	-0.14849502	0.12992953	-0.15286072	0.1694853	-0.11369929	0.091096	-0.09845079	0.09138364	-0.07304815	0.080398895	-0.10171547	0.07264508	-0.084692225	0.038363725	-0.04096872
0.08310331	-0.10943732	0.10930675	-0.11280445	0.15008229	-0.09986906	0.134835	-0.13118693	0.14543018	-0.15156502	0.12479341	-0.16514379	0.26151142	-0.5736244	0.1895716	-0.09381077	0.14306125	-0.2707311	0.99999887	-0.2511452	0.17729898	-0.16891672	0.18102525	-0.6048621	0.22507136	-0.11829859	0.12143857	-0.15220681	0.21994193	-0.1589487	0.11715342	-0.10405043	0.121502325	-0.17991711	0.12547834	-0.07597527	0.08211691	-0.079228476	0.07153092	-0.07986139	0.08610664	-0.06220598	0.072718315	-0.03617059	0.038613275
-0.08104921	0.10723182	-0.11461772	0.12349803	-0.18255985	0.095745824	-0.12748776	0.13037337	-0.16653301	0.2183407	-0.11065001	0.12914795	-0.15500478	0.18390384	-0.4409692	0.080386534	-0.120412	0.14112617	-0.2511452	0.9999988	-0.15715694	0.12645113	-0.1274788	0.2526707	-0.72798544	0.100561954	-0.10271918	0.12343081	-0.1925326	0.19709142	-0.106213585	0.090484485	-0.107879594	0.16829962	-0.16311893	0.06959926	-0.07642194	0.07375437	-0.072908476	0.08077314	-0.08164883	0.05818371	-0.068949126	0.035913903	-0.038866192
0.12084529	-0.15067163	0.14099056	-0.14543623	0.18884529	-0.15403423	0.17293498	-0.15379147	0.1623527	-0.1529177	0.21300371	-0.22045183	0.20226882	-0.2028318	0.16899143	-0.21313514	0.22968389	-0.2596678	0.17729898	-0.15715694	0.9999988	-0.46261394	0.2561544	-0.21292242	0.15625814	-0.43268603	0.27869838	-0.24845149	0.2339734	-0.18769267	0.23482354	-0.21253407	0.20678936	-0.26742187	0.15584153	-0.14805984	0.14969018	-0.13978255	0.11006164	-0.124168195	0.15152653	-0.11225798	0.1252559	-0.058507238	0.06154126
-0.09790129	0.12219959	-0.117244154	0.11609121	-0.15434892	0.119166866	-0.15364131	0.1298407	-0.1388127	0.12412109	-0.19451131	0.200246	-0.22274913	0.17877328	-0.1432857	0.16234593	-0.28580484	0.2728432	-0.16891672	0.12645113	-0.46261394	0.99999887	-0.5843443	0.17677352	-0.13089554	0.25151017	-0.36813003	0.23010299	-0.21022402	0.14095964	-0.20383017	0.18378516	-0.19674961	0.18924566	-0.12033551	0.11757696	-0.12526414	0.11303894	-0.08394543	0.09215646	-0.12521075	0.09000907	-0.103855275	0.044731002	-0.04754299
0.08638853	-0.111320764	0.10619025	-0.10676843	0.13858962	-0.106044225	0.13711925	-0.12380212	0.12823631	-0.11878173	0.14775473	-0.18544404	0.244385	-0.2101242	0.13536537	-0.12201114	0.1876935	-0.5886155	0.18102525	-0.1274788	0.2561544	-0.5843443	0.9999989	-0.1992471	0.12869975	-0.1894189	0.20778874	-0.26966733	0.19726211	-0.13475034	0.15915799	-0.15314259	0.17269915	-0.17834741	0.1119271	-0.098165356	0.104066335	-0.09881413	0.07572467	-0.08388161	0.105024464	-0.07685201	0.08884917	-0.03976846	0.042132773
-0.09236822	0.11850236	-0.122913465	0.12534897	-0.17877583	0.10863091	-0.14728919	0.1376697	-0.16322458	0.16402632	-0.14117344	0.16221236	-0.23632145	0.27176017	-0.22262345	0.10316408	-0.1563585	0.2073105	-0.6048621	0.2526707	-0.21292242	0.17677352	-0.1992471	0.999999	-0.39969462	0.13945162	-0.14708021	0.19059357	-0.4049515	0.20321578	-0.14590836	0.12707116	-0.15627958	0.2186254	-0.1676584	0.09358974	-0.102391556	0.098297946	-0.08971741	0.098606564	-0.10775739	0.077083655	-0.091206394	0.044953935	-0.04833894
0.077508725	-0.1026965	0.10516548	-0.11499231	0.15653747	-0.09363535	0.11912157	-0.12275912	0.14316034	-0.19803473	0.107180454	-0.12800375	0.15003459	-0.19001788	0.24660552	-0.07893961	0.11711644	-0.14614354	0.22507136	-0.72798544	0.15625814	-0.13089554	0.12869975	-0.39969462	0.999999	-0.104697205	0.10628296	-0.13405818	0.21053219	-0.30741748	0.10959745	-0.095219314	0.11320959	-0.19771257	0.1839489	-0.072982185	0.07988531	-0.07873696	0.08114107	-0.09189002	0.084972896	-0.06129281	0.072674476	-0.039244264	0.042215876
-0.07144831	0.08847266	-0.08603019	0.08712345	-0.11809444	0.087390035	-0.10606298	0.093035355	-0.10163717	0.09450238	-0.13034692	0.1284054	-0.13189775	0.12477773	-0.10895268	0.10559872	-0.14417067	0.15617995	-0.11829859	0.100561954	-0.43268603	0.25151017	-0.1894189	0.13945162	-0.104697205	0.99999887	-0.66201323	0.24509187	-0.19970469	0.13083503	-0.42324963	0.2673942	-0.24089296	0.18537536	-0.113312356	0.16926238	-0.17203227	0.13784584	-0.08947165	0.09706318	-0.1592254	0.11291115	-0.12659171	0.04878918	-0.05155547
0.07006013	-0.08778421	0.08485133	-0.08634597	0.115853205	-0.08619648	0.10478082	-0.09289512	0.10058644	-0.09456423	0.121408485	-0.12976211	0.13542873	-0.12992896	0.10852894	-0.099185996	0.14207296	-0.17192693	0.12143857	-0.10271918	0.27869838	-0.36813003	0.20778874	-0.14708021	0.10628296	-0.66201323	0.9999989	-0.37104717	0.20620136	-0.13612875	0.2783326	-0.37359607	0.25385824	-0.19387648	0.11473217	-0.15023896	0.15095863	-0.13466883	0.08841123	-0.097074755	0.13868041	-0.10408746	0.11689228	-0.04724162	0.049583554
-0.07502781	0.09394559	-0.09320943	0.09462767	-0.13045685	0.09054791	-0.11348614	0.10164806	-0.11296737	0.107262984	-0.12608844	0.13373287	-0.15410739	0.14803517	-0.12714529	0.096549936	-0.14164765	0.18531376	-0.15220681	0.12343081	-0.24845149	0.23010299	-0.26966733	0.19059357	-0.13405818	0.24509187	-0.37104717	0.9999989	-0.46880943	0.17803186	-0.27735958	0.27705702	-0.5748457	0.24339923	-0.15260813	0.15924832	-0.17791645	0.17639938	-0.11396127	0.120724134	-0.17153703	0.12583633	-0.15714855	0.059508763	-0.06312622
0.09021343	-0.11459625	0.11466073	-0.11870099	0.16375445	-0.109101504	0.13585036	-0.12628628	0.1420496	-0.14381021	0.1392189	-0.1558354	0.17859569	-0.20771986	0.1718502	-0.10451509	0.15275252	-0.20100261	0.21994193	-0.1925326	0.2339734	-0.21022402	0.19726211	-0.4049515	0.21053219	-0.19970469	0.20620136	-0.46880943	0.99999887	-0.36466005	0.2008686	-0.1989202	0.24434535	-0.46896556	0.24739318	-0.13574885	0.14579216	-0.15146199	0.14624919	-0.16382313	0.14945391	-0.11212179	0.13240686	-0.06967186	0.0735156
-0.07504519	0.094555736	-0.0988949	0.1019245	-0.1502334	0.08829511	-0.113395154	0.105615154	-0.12591268	0.13014154	-0.114562914	0.12033205	-0.13304572	0.14217947	-0.17136174	0.08300507	-0.1218525	0.13406812	-0.1589487	0.19709142	-0.18769267	0.14095964	-0.13475034	0.20321578	-0.30741748	0.13083503	-0.13612875	0.17803186	-0.36466005	0.9999989	-0.1531528	0.1285962	-0.16317935	0.29923463	-0.72590303	0.10457784	-0.11859792	0.12044361	-0.15872738	0.17279114	-0.12826742	0.09151523	-0.11366055	0.068401985	-0.07621943
0.0694456	-0.086785786	0.08477474	-0.08715397	0.11835844	-0.08534175	0.10176163	-0.09161061	0.10047277	-0.096142225	0.11325287	-0.12032151	0.123663396	-0.12472447	0.11017687	-0.08833439	0.124543816	-0.14849502	0.11715342	-0.106213585	0.23482354	-0.20383017	0.15915799	-0.14590836	0.10959745	-0.42324963	0.2783326	-0.27735958	0.2008686	-0.1531528	0.9999989	-0.5787449	0.27786437	-0.23163915	0.13041812	-0.39961573	0.25098592	-0.19575375	0.11342678	-0.12598103	0.20967177	-0.16352049	0.162634	-0.062018257	0.063960545
-0.059125263	0.07366634	-0.07251343	0.07388295	-0.10134607	0.07192249	-0.08783971	0.078330435	-0.086524546	0.081848115	-0.09988393	0.10369551	-0.11018514	0.107473	-0.09521347	0.077302545	-0.11095072	0.12992953	-0.10405043	0.090484485	-0.21253407	0.18378516	-0.15314259	0.12707116	-0.095219314	0.2673942	-0.37359607	0.27705702	-0.1989202	0.1285962	-0.5787449	0.99999917	-0.5571508	0.18933687	-0.11311623	0.21841766	-0.250533	0.18711337	-0.10180174	0.1076442	-0.18608443	0.14009647	-0.16061303	0.054948326	-0.05751987
0.0662758	-0.08313148	0.08179023	-0.083891384	0.11463382	-0.08087211	0.09837591	-0.08890358	0.09805136	-0.09436605	0.10771549	-0.11609462	0.12469461	-0.12601003	0.10956459	-0.08303568	0.119576864	-0.15286072	0.121502325	-0.107879594	0.20678936	-0.19674961	0.17269915	-0.15627958	0.11320959	-0.24089296	0.25385824	-0.5748457	0.24434535	-0.16317935	0.27786437	-0.5571508	0.99999934	-0.253678	0.13933699	-0.1864224	0.19810289	-0.27702346	0.12510812	-0.13427076	0.17621124	-0.14693749	0.17927438	-0.06489196	0.06682392
-0.096390516	0.119052134	-0.12460831	0.12600358	-0.18836978	0.11249035	-0.14421427	0.12959103	-0.15320851	0.14519356	-0.15434861	0.15375322	-0.16513592	0.1670735	-0.18215156	0.11117653	-0.16200574	0.1694853	-0.17991711	0.16829962	-0.26742187	0.18924566	-0.17834741	0.2186254	-0.19771257	0.18537536	-0.19387648	0.24339923	-0.46896556	0.29923463	-0.23163915	0.18933687	-0.253678	0.99999934	-0.48708704	0.15824415	-0.1834624	0.18599305	-0.29733387	0.23987499	-0.20002922	0.14046262	-0.17910837	0.10874771	-0.122155756
0.06235682	-0.07880487	0.08082201	-0.0841224	0.12001021	-0.07439641	0.09308839	-0.08728543	0.101182885	-0.107085906	0.09457542	-0.10090933	0.109170705	-0.1192047	0.13045716	-0.06909918	0.100803114	-0.11369929	0.12547834	-0.16311893	0.15584153	-0.12033551	0.1119271	-0.1676584	0.1839489	-0.113312356	0.11473217	-0.15260813	0.24739318	-0.72590303	0.13041812	-0.11311623	0.13933699	-0.48708704	0.99999934	-0.09571703	0.10853293	-0.12127926	0.19358428	-0.2736615	0.11615311	-0.08659378	0.10868056	-0.07782507	0.083542004
-0.04496264	0.055920634	-0.05532996	0.056673102	-0.07836597	0.05468843	-0.06597776	0.05923586	-0.06585908	0.06279682	-0.07358104	0.07624609	-0.07885205	0.079136014	-0.07289052	0.05599758	-0.0796083	0.091096	-0.07597527	0.06959926	-0.14805984	0.11757696	-0.098165356	0.09358974	-0.072982185	0.16926238	-0.15023896	0.15924832	-0.13574885	0.10457784	-0.39961573	0.21841766	-0.1864224	0.15824415	-0.09571703	0.99999934	-0.6828521	0.24436985	-0.111192055	0.11580123	-0.4486763	0.2532256	-0.23396698	0.064200446	-0.066498466
0.04843804	-0.060391378	0.059669703	-0.06132763	0.08456233	-0.059072968	0.0709123	-0.06399196	0.07104539	-0.06822499	0.07789845	-0.08193021	0.084586255	-0.08594265	0.07897442	-0.059266083	0.084442355	-0.09845079	0.08211691	-0.07642194	0.14969018	-0.12526414	0.104066335	-0.102391556	0.07988531	-0.17203227	0.15095863	-0.17791645	0.14579216	-0.11859792	0.25098592	-0.250533	0.19810289	-0.1834624	0.10853293	-0.6828521	0.9999991	-0.42373028	0.13787432	-0.14850271	0.29370347	-0.3404268	0.25811842	-0.07519472	0.07528479
-0.045531064	0.05665686	-0.05656854	0.057911485	-0.081002176	0.055036936	-0.06706263	0.060413927	-0.0678157	0.06500335	-0.0736773	0.07649151	-0.08017697	0.08093906	-0.07638535	0.055410605	-0.07947635	0.09138364	-0.079228476	0.07375437	-0.13978255	0.11303894	-0.09881413	0.098297946	-0.07873696	0.13784584	-0.13466883	0.17639938	-0.15146199	0.12044361	-0.19575375	0.18711337	-0.27702346	0.18599305	-0.12127926	0.24436985	-0.42373028	0.99999934	-0.26474735	0.20022301	-0.31640047	0.28091228	-0.6619167	0.111571796	-0.114593826
0.03943762	-0.04908763	0.05014556	-0.05134588	0.07393901	-0.04697216	0.058422778	-0.053090557	0.0611562	-0.059737846	0.062365767	-0.064186126	0.06786819	-0.07004193	0.07230773	-0.045805357	0.06626244	-0.07304815	0.07153092	-0.072908476	0.11006164	-0.08394543	0.07572467	-0.08971741	0.08114107	-0.08947165	0.08841123	-0.11396127	0.14624919	-0.15872738	0.11342678	-0.10180174	0.12510812	-0.29733387	0.19358428	-0.111192055	0.13787432	-0.26474735	0.9999993	-0.830664	0.13775139	-0.11767891	0.1714669	-0.22066471	0.18273994
-0.044195764	0.054876696	-0.056426823	0.05758292	-0.08379046	0.05235536	-0.06561562	0.059431136	-0.06896271	0.066867396	-0.07025178	0.07148973	-0.0756793	0.077435166	-0.0818581	0.051332384	-0.07434466	0.080398895	-0.07986139	0.08077314	-0.124168195	0.09215646	-0.08388161	0.098606564	-0.09189002	0.09706318	-0.097074755	0.120724134	-0.16382313	0.17279114	-0.12598103	0.1076442	-0.13427076	0.23987499	-0.2736615	0.11580123	-0.14850271	0.20022301	-0.830664	0.9999991	-0.1559923	0.12091626	-0.18370074	0.17519966	-0.20902139
0.051605985	-0.06431169	0.063616656	-0.06555487	0.09053011	-0.062978655	0.07515062	-0.06802014	0.0756195	-0.07288956	0.08176166	-0.08613612	0.088183306	-0.09045504	0.08412446	-0.06172372	0.088021666	-0.10171547	0.08610664	-0.08164883	0.15152653	-0.12521075	0.105024464	-0.10775739	0.084972896	-0.1592254	0.13868041	-0.17153703	0.14945391	-0.12826742	0.20967177	-0.18608443	0.17621124	-0.20002922	0.11615311	-0.4486763	0.29370347	-0.31640047	0.13775139	-0.1559923	0.9999991	-0.67340016	0.28342858	-0.08249668	0.08115894
-0.036767434	0.04572772	-0.045472484	0.04664884	-0.06492567	0.044612944	-0.053846274	0.048523314	-0.05423769	0.051966757	-0.059197403	0.061518602	-0.06360142	0.064461604	-0.060530294	0.044561256	-0.063663945	0.07264508	-0.06220598	0.05818371	-0.11225798	0.09000907	-0.07685201	0.077083655	-0.06129281	0.11291115	-0.10408746	0.12583633	-0.11212179	0.09151523	-0.16352049	0.14009647	-0.14693749	0.14046262	-0.08659378	0.2532256	-0.3404268	0.28091228	-0.11767891	0.12091626	-0.67340016	0.9999988	-0.54452115	0.07899798	-0.08063811
0.042414363	-0.05288032	0.052551113	-0.054035455	0.07504887	-0.05153999	0.062130395	-0.056223106	0.06280787	-0.060604457	0.06757656	-0.071034946	0.07366235	-0.07535545	0.07058292	-0.05092287	0.07288804	-0.084692225	0.072718315	-0.068949126	0.1252559	-0.103855275	0.08884917	-0.091206394	0.072674476	-0.12659171	0.11689228	-0.15714855	0.13240686	-0.11366055	0.162634	-0.16061303	0.17927438	-0.17910837	0.10868056	-0.23396698	0.25811842	-0.6619167	0.1714669	-0.18370074	0.28342858	-0.54452115	0.99999845	-0.12719627	0.11326202
-0.020683039	0.025698172	-0.026094694	0.026723547	-0.038235713	0.024739727	-0.030471576	0.027597655	-0.03156862	0.030570146	-0.0328015	0.033705927	-0.035209756	0.03611909	-0.036570948	0.024163703	-0.034831427	0.038363725	-0.03617059	0.035913903	-0.058507238	0.044731002	-0.03976846	0.044953935	-0.039244264	0.04878918	-0.04724162	0.059508763	-0.06967186	0.068401985	-0.062018257	0.054948326	-0.06489196	0.10874771	-0.07782507	0.064200446	-0.07519472	0.111571796	-0.22066471	0.17519966	-0.08249668	0.07899798	-0.12719627	0.99999857	-0.9437345
0.022054218	-0.027440703	0.02780109	-0.02853496	0.04066066	-0.026442211	0.03244479	-0.029464873	0.03362606	-0.032750264	0.034769278	-0.0359476	0.037495583	-0.038706757	0.03902514	-0.025641536	0.03695554	-0.04096872	0.038613275	-0.038866192	0.06154126	-0.04754299	0.042132773	-0.04833894	0.042215876	-0.05155547	0.049583554	-0.06312622	0.0735156	-0.07621943	0.063960545	-0.05751987	0.06682392	-0.122155756	0.083542004	-0.066498466	0.07528479	-0.114593826	0.18273994	-0.20902139	0.08115894	-0.08063811	0.11326202	-0.9437345	0.99999857
