1.0	-0.3306386	0.19567002	-0.08392613	0.081537485	-0.8312889	0.2528576	-0.17273453	0.11385766	-0.099338196	0.20532778	-0.22167999	0.15481149	-0.1084852	0.096401766	-0.1512399	0.14012192	-0.13019185	0.10579053	-0.09771141	0.10055674	-0.12507787	0.115129896	-0.10766473	0.09680037	-0.13820702	0.107183084	-0.08210487	0.093492426	-0.06528131	0.06430191	-0.11001947	0.08667755	-0.10945819	0.07060061	-0.07287218	0.052998666	-0.05674219	0.11130138	-0.055948738	0.022464018	-0.0239408	0.035683032	-0.039478485	0.07239064
-0.3306386	0.9999999	-0.69899267	0.12668875	-0.12932086	0.23145603	-0.41378856	0.26472458	-0.16847034	0.13021462	-0.20292726	0.24473314	-0.23833567	0.13973714	-0.12802538	0.13708426	-0.17310143	0.16138555	-0.13598439	0.11891453	-0.100839466	0.13202716	-0.13894162	0.12431404	-0.11761235	0.13271786	-0.11329088	0.0915045	-0.107263565	0.075973794	-0.066339426	0.11193427	-0.09737924	0.11916632	-0.08246269	0.07416912	-0.055982377	0.059623998	-0.121541984	0.063127354	-0.023281692	0.02468744	-0.038271878	0.04205076	-0.081866734
0.19567002	-0.69899267	0.9999999	-0.17128909	0.14471772	-0.1893226	0.2472506	-0.48565647	0.19158493	-0.15542513	0.17893055	-0.2418108	0.23948257	-0.15982027	0.1366123	-0.13825566	0.16601387	-0.17449977	0.14277735	-0.12955832	0.1008229	-0.13496676	0.13986237	-0.1310536	0.120037116	-0.13744085	0.11448982	-0.09410333	0.109837994	-0.078719385	0.06851887	-0.116887376	0.09861158	-0.12523091	0.0837219	-0.07747476	0.057634283	-0.061728787	0.12357311	-0.06454898	0.024158021	-0.025696432	0.03934501	-0.043437175	0.082920514
-0.08392613	0.12668875	-0.17128909	0.9999997	-0.90718436	0.0759052	-0.10521935	0.14898989	-0.24550758	0.1913996	-0.108380854	0.10346574	-0.12531064	0.14540908	-0.15793155	0.08395215	-0.11069294	0.10669333	-0.12757108	0.12015613	-0.06545911	0.08897593	-0.09831211	0.09946721	-0.106810145	0.08968163	-0.079625316	0.06765103	-0.08455258	0.06672952	-0.04879539	0.08200799	-0.07228817	0.09475469	-0.07076347	0.055171877	-0.042431336	0.045363877	-0.09608046	0.05256239	-0.017621279	0.01868499	-0.0298746	0.03283059	-0.06755388
0.081537485	-0.12932086	0.14471772	-0.90718436	0.9999995	-0.07675152	0.10209408	-0.14953557	0.20205969	-0.23541322	0.10806801	-0.10550823	0.12150924	-0.15204337	0.15578815	-0.08785339	0.11040332	-0.10934104	0.12583941	-0.12865718	0.06797038	-0.09270348	0.09973911	-0.104048446	0.10726747	-0.09516359	0.08275326	-0.07029125	0.08703294	-0.06910092	0.05157406	-0.087504774	0.07448006	-0.10084231	0.071719445	-0.058876842	0.04456788	-0.04786659	0.0995274	-0.05418056	0.01866442	-0.019851843	0.031209502	-0.034465633	0.06895302
-0.8312889	0.23145603	-0.1893226	0.0759052	-0.07675152	0.99999946	-0.35784647	0.15279563	-0.10638411	0.08976672	-0.25590196	0.21578063	-0.15375142	0.099206254	-0.08998942	0.1407738	-0.13699253	0.12149787	-0.0990993	0.08919043	-0.09502227	0.115352355	-0.10865458	0.09860566	-0.09038176	0.123757355	-0.09905461	0.075469896	-0.086414605	0.060068753	-0.057954393	0.098116815	-0.080305114	0.09860785	-0.06553217	0.06489506	-0.0479587	0.051090807	-0.10200025	0.051424757	-0.02014506	0.021401405	-0.03236971	0.035657488	-0.0668544
0.2528576	-0.41378856	0.2472506	-0.10521935	0.10209408	-0.35784647	0.9999993	-0.26520514	0.15366317	-0.13118033	0.24636573	-0.6654634	0.24577865	-0.14665657	0.12500042	-0.17633143	0.18827689	-0.184982	0.13904251	-0.1253163	0.120763674	-0.15643474	0.14940953	-0.13738793	0.12125655	-0.16264874	0.12978625	-0.10228991	0.11654874	-0.08090695	0.07678819	-0.13138737	0.10707821	-0.13423374	0.08686138	-0.08665908	0.06354999	-0.068007685	0.13362598	-0.06810721	0.026771387	-0.028499883	0.04286038	-0.047370184	0.087824784
-0.17273453	0.26472458	-0.48565647	0.14898989	-0.14953557	0.15279563	-0.26520514	0.99999905	-0.39148068	0.20716971	-0.20224589	0.24211833	-0.55373156	0.22138208	-0.19209264	0.14808992	-0.22316399	0.2378458	-0.2008748	0.16494031	-0.114899226	0.15923387	-0.18755932	0.16315989	-0.15459108	0.15076879	-0.1339735	0.11458791	-0.13616042	0.09716836	-0.078044176	0.13184735	-0.120747246	0.14735107	-0.10392193	0.087191366	-0.06661041	0.07105492	-0.14550944	0.07786101	-0.027495133	0.029133787	-0.045881398	0.050386716	-0.100261986
0.11385766	-0.16847034	0.19158493	-0.24550758	0.20205969	-0.10638411	0.15366317	-0.39148068	0.99999917	-0.5701085	0.15724823	-0.16242696	0.22782321	-0.47866362	0.29256657	-0.1280937	0.17403594	-0.19205406	0.25418848	-0.23720276	0.100975074	-0.14196692	0.16222489	-0.17612836	0.1750688	-0.13901253	0.123029456	-0.10904929	0.13754259	-0.110054	0.07532747	-0.12804948	0.11372794	-0.15432045	0.11076761	-0.08564306	0.06525924	-0.07019146	0.14477928	-0.08189738	0.027147593	-0.028856015	0.04587071	-0.050690368	0.10282977
-0.099338196	0.13021462	-0.15542513	0.1913996	-0.23541322	0.08976672	-0.13118033	0.20716971	-0.5701085	0.9999994	-0.1416891	0.13187353	-0.18381162	0.27275845	-0.62883526	0.11157426	-0.15777007	0.15699704	-0.23624496	0.24348302	-0.08928995	0.12414112	-0.14594024	0.15416245	-0.1947611	0.12149053	-0.110585116	0.09775699	-0.12732296	0.11069851	-0.06756717	0.11326497	-0.1039242	0.13781703	-0.11487698	0.07632309	-0.059540834	0.06378451	-0.13606258	0.08060273	-0.024585703	0.026043104	-0.04289675	0.047117006	-0.10244976
0.20532778	-0.20292726	0.17893055	-0.108380854	0.10806801	-0.25590196	0.24636573	-0.20224589	0.15724823	-0.1416891	0.99999934	-0.38570908	0.2186548	-0.16262548	0.14588135	-0.5657992	0.2559478	-0.21843794	0.1684238	-0.15603058	0.26746747	-0.28384256	0.20842206	-0.19064565	0.16279364	-0.3436455	0.22969182	-0.15622206	0.1685653	-0.11260198	0.1314686	-0.22510454	0.16397703	-0.19938956	0.123086765	-0.14712061	0.10353724	-0.110486716	0.20601475	-0.10007657	0.04431836	-0.04727269	0.06790064	-0.07528768	0.13003798
-0.22167999	0.24473314	-0.2418108	0.10346574	-0.10550823	0.21578063	-0.6654634	0.24211833	-0.16242696	0.13187353	-0.38570908	0.9999991	-0.40330443	0.15458786	-0.1338623	0.19381438	-0.24677695	0.2146324	-0.15471202	0.13140273	-0.13615116	0.17348437	-0.173159	0.14807962	-0.1315423	0.17102467	-0.14206657	0.11142102	-0.12693505	0.0862351	-0.080988616	0.13706942	-0.11750794	0.14079519	-0.09355213	0.090016805	-0.06714636	0.071443625	-0.14234641	0.072596475	-0.027972788	0.029671708	-0.045263715	0.04978349	-0.09409876
0.15481149	-0.23833567	0.23948257	-0.12531064	0.12150924	-0.15375142	0.24577865	-0.55373156	0.22782321	-0.18381162	0.2186548	-0.40330443	0.9999989	-0.2531526	0.1725037	-0.17388918	0.25464472	-0.47931695	0.21143079	-0.17156564	0.1325091	-0.19280812	0.22234342	-0.19335712	0.15604015	-0.17553851	0.15111054	-0.13396959	0.15077575	-0.101746246	0.087796204	-0.15078394	0.13477065	-0.16694197	0.107142195	-0.0986224	0.073836535	-0.07915351	0.15634014	-0.082090855	0.030631438	-0.032548998	0.050056715	-0.055229053	0.10490945
-0.1084852	0.13973714	-0.15982027	0.14540908	-0.15204337	0.099206254	-0.14665657	0.22138208	-0.47866362	0.27275845	-0.16262548	0.15458786	-0.2531526	0.9999988	-0.3836839	0.12977906	-0.19564873	0.212597	-0.6208908	0.26828966	-0.10545084	0.14985889	-0.1916882	0.20968267	-0.21124358	0.14159651	-0.1307673	0.12028996	-0.1632948	0.12261054	-0.07831324	0.1317245	-0.12633763	0.16404757	-0.1260847	0.08802285	-0.068742126	0.07362828	-0.15555343	0.08970986	-0.028180614	0.029840408	-0.048773933	0.05356659	-0.1136097
0.096401766	-0.12802538	0.1366123	-0.15793155	0.15578815	-0.08998942	0.12500042	-0.19209264	0.29256657	-0.62883526	0.14588135	-0.1338623	0.1725037	-0.3836839	0.9999987	-0.12241577	0.16278581	-0.17126705	0.26476434	-0.47934774	0.09784798	-0.13759561	0.15799657	-0.18359825	0.22801077	-0.13708018	0.12237089	-0.109972805	0.14351697	-0.13836806	0.07684196	-0.13032657	0.11504566	-0.1633919	0.12967218	-0.08802161	0.067518786	-0.07290842	0.15217187	-0.09305035	0.028167684	-0.029961558	0.04863121	-0.053909708	0.113854975
-0.1512399	0.13708426	-0.13825566	0.08395215	-0.08785339	0.1407738	-0.17633143	0.14808992	-0.1280937	0.11157426	-0.5657992	0.19381438	-0.17388918	0.12977906	-0.12241577	0.9999985	-0.28643587	0.18372436	-0.14462392	0.12793143	-0.5979088	0.278849	-0.20210949	0.1615085	-0.14331108	0.29146546	-0.24466178	0.14025164	-0.15035379	0.096511014	-0.1147778	0.18166175	-0.15307397	0.1622011	-0.10835752	0.11712367	-0.08852932	0.09134871	-0.18237673	0.08696867	-0.03641183	0.038128342	-0.057468798	0.062372465	-0.11480656
0.14012192	-0.17310143	0.16601387	-0.11069294	0.11040332	-0.13699253	0.18827689	-0.22316399	0.17403594	-0.15777007	0.2559478	-0.24677695	0.25464472	-0.19564873	0.16278581	-0.28643587	0.99999857	-0.5218905	0.21043505	-0.18268465	0.23895358	-0.5148894	0.28924093	-0.24444818	0.17985864	-0.2932286	0.24484904	-0.18779267	0.19464129	-0.12304775	0.13164757	-0.23412643	0.1852796	-0.22241798	0.13100848	-0.14685571	0.10529991	-0.11277619	0.20788643	-0.10427288	0.04412156	-0.04698669	0.068936326	-0.076379284	0.13367634
-0.13019185	0.16138555	-0.17449977	0.10669333	-0.10934104	0.12149787	-0.184982	0.2378458	-0.19205406	0.15699704	-0.21843794	0.2146324	-0.47931695	0.212597	-0.17126705	0.18372436	-0.5218905	0.99999857	-0.29514036	0.18358152	-0.15928258	0.25358167	-0.46569356	0.24626507	-0.18151413	0.19565584	-0.18618055	0.17807913	-0.19298588	0.11546714	-0.10060653	0.17217082	-0.17898074	0.192975	-0.12323561	0.110732846	-0.085148536	0.090802975	-0.17859809	0.09319297	-0.034450237	0.036447354	-0.057025414	0.06251323	-0.119620904
0.10579053	-0.13598439	0.14277735	-0.12757108	0.12583941	-0.0990993	0.13904251	-0.2008748	0.25418848	-0.23624496	0.1684238	-0.15471202	0.21143079	-0.6208908	0.26476434	-0.14462392	0.21043505	-0.29514036	0.99999875	-0.44348636	0.11836783	-0.17448267	0.22596084	-0.3418191	0.2398052	-0.16205378	0.14775074	-0.14364244	0.19632535	-0.14660068	0.08966326	-0.15295489	0.14490004	-0.20307666	0.14050145	-0.101750664	0.07838849	-0.084589705	0.17443392	-0.10180941	0.03226569	-0.034275103	0.055257726	-0.061106626	0.12552422
-0.09771141	0.11891453	-0.12955832	0.12015613	-0.12865718	0.08919043	-0.1253163	0.16494031	-0.23720276	0.24348302	-0.15603058	0.13140273	-0.17156564	0.26828966	-0.47934774	0.12793143	-0.18268465	0.18358152	-0.44348636	0.9999987	-0.10494547	0.1478799	-0.18491156	0.21756408	-0.5536758	0.1444071	-0.13457337	0.124580525	-0.17598198	0.20889327	-0.084208995	0.14006965	-0.13212067	0.18333226	-0.20652589	0.09562121	-0.07643828	0.0822734	-0.18044356	0.1264482	-0.031450123	0.03327031	-0.058284055	0.063984096	-0.15730624
0.10055674	-0.100839466	0.1008229	-0.06545911	0.06797038	-0.09502227	0.120763674	-0.114899226	0.100975074	-0.08928995	0.26746747	-0.13615116	0.1325091	-0.10545084	0.09784798	-0.5979088	0.23895358	-0.15928258	0.11836783	-0.10494547	0.9999986	-0.48481667	0.18369958	-0.14383192	0.11671198	-0.5176994	0.24781482	-0.12956001	0.12888242	-0.07958554	0.10813006	-0.17544208	0.13485062	-0.13990152	0.08847277	-0.10901788	0.07816746	-0.080803454	0.1499859	-0.071546555	0.032256268	-0.033876643	0.049328882	-0.05380589	0.09383792
-0.12507787	0.13202716	-0.13496676	0.08897593	-0.09270348	0.115352355	-0.15643474	0.15923387	-0.14196692	0.12414112	-0.28384256	0.17348437	-0.19280812	0.14985889	-0.13759561	0.278849	-0.5148894	0.25358167	-0.17448267	0.1478799	-0.48481667	0.9999987	-0.36383975	0.2147934	-0.16506816	0.3043756	-0.38474178	0.18982512	-0.18963279	0.11047537	-0.13263276	0.22407313	-0.1970384	0.19355536	-0.12215389	0.13455708	-0.10154742	0.10506956	-0.19982733	0.096871145	-0.04098666	0.042957127	-0.06468238	0.07030505	-0.12659878
0.115129896	-0.13894162	0.13986237	-0.09831211	0.09973911	-0.10865458	0.14940953	-0.18755932	0.16222489	-0.14594024	0.20842206	-0.173159	0.22234342	-0.1916882	0.15799657	-0.20210949	0.28924093	-0.46569356	0.22596084	-0.18491156	0.18369958	-0.36383975	0.9999985	-0.5194526	0.19339088	-0.23332785	0.22436067	-0.35111254	0.26655063	-0.13109615	0.121351	-0.21554622	0.24545118	-0.2668894	0.13545324	-0.1347273	0.10293809	-0.11179191	0.20574182	-0.10499103	0.041009147	-0.043511268	0.06721346	-0.07408335	0.1326387
-0.10766473	0.12431404	-0.1310536	0.09946721	-0.104048446	0.09860566	-0.13738793	0.16315989	-0.17612836	0.15416245	-0.19064565	0.14807962	-0.19335712	0.20968267	-0.18359825	0.1615085	-0.24444818	0.24626507	-0.3418191	0.21756408	-0.14383192	0.2147934	-0.5194526	0.9999987	-0.28361174	0.18722533	-0.1932061	0.23145764	-0.54161996	0.16393675	-0.10935142	0.18363991	-0.23142491	0.28615063	-0.16796897	0.12034135	-0.09824361	0.105180636	-0.22617231	0.120066464	-0.03840975	0.040482204	-0.067337945	0.07340175	-0.15129174
0.09680037	-0.11761235	0.120037116	-0.106810145	0.10726747	-0.09038176	0.12125655	-0.15459108	0.1750688	-0.1947611	0.16279364	-0.1315423	0.15604015	-0.21124358	0.22801077	-0.14331108	0.17985864	-0.18151413	0.2398052	-0.5536758	0.11671198	-0.16506816	0.19339088	-0.28361174	0.9999984	-0.16863485	0.1522032	-0.14365998	0.20251825	-0.50134414	0.10068274	-0.1701081	0.14852586	-0.23809643	0.2650678	-0.11738723	0.09140158	-0.100092515	0.21136063	-0.17568208	0.03838161	-0.040925723	0.070410386	-0.079270564	0.1849378
-0.13820702	0.13271786	-0.13744085	0.08968163	-0.09516359	0.123757355	-0.16264874	0.15076879	-0.13901253	0.12149053	-0.3436455	0.17102467	-0.17553851	0.14159651	-0.13708018	0.29146546	-0.2932286	0.19565584	-0.16205378	0.1444071	-0.5176994	0.3043756	-0.23332785	0.18722533	-0.16863485	0.99999803	-0.529541	0.1880306	-0.18454026	0.114837535	-0.18909597	0.26156336	-0.2066567	0.19464189	-0.13076627	0.16494605	-0.121938385	0.1212719	-0.23159234	0.10693373	-0.04941545	0.05104564	-0.07488372	0.080358975	-0.1422322
0.107183084	-0.11329088	0.11448982	-0.079625316	0.08275326	-0.09905461	0.12978625	-0.1339735	0.123029456	-0.110585116	0.22969182	-0.14206657	0.15111054	-0.1307673	0.12237089	-0.24466178	0.24484904	-0.18618055	0.14775074	-0.13457337	0.24781482	-0.38474178	0.22436067	-0.1932061	0.1522032	-0.529541	0.9999979	-0.28263485	0.18648635	-0.107850574	0.20950347	-0.5317537	0.23694718	-0.20905878	0.11953997	-0.21180142	0.13829781	-0.14342342	0.2139612	-0.100098595	0.0564423	-0.059644092	0.08017168	-0.08842786	0.13052088
-0.08210487	0.0915045	-0.09410333	0.06765103	-0.07029125	0.075469896	-0.10228991	0.11458791	-0.10904929	0.09775699	-0.15622206	0.11142102	-0.13396959	0.12028996	-0.109972805	0.14025164	-0.18779267	0.17807913	-0.14364244	0.124580525	-0.12956001	0.18982512	-0.35111254	0.23145764	-0.14365998	0.1880306	-0.28263485	0.9999981	-0.32923827	0.103886046	-0.12215416	0.21882637	-0.7630688	0.24898295	-0.11132169	0.1273401	-0.11461103	0.12433258	-0.18650928	0.088763915	-0.03864247	0.04048206	-0.06670322	0.07106069	-0.11321145
0.093492426	-0.107263565	0.109837994	-0.08455258	0.08703294	-0.086414605	0.11654874	-0.13616042	0.13754259	-0.12732296	0.1685653	-0.12693505	0.15077575	-0.1632948	0.14351697	-0.15035379	0.19464129	-0.19298588	0.19632535	-0.17598198	0.12888242	-0.18963279	0.26655063	-0.54161996	0.20251825	-0.18454026	0.18648635	-0.32923827	0.999998	-0.17466694	0.11272148	-0.19517513	0.25032815	-0.61272687	0.16171451	-0.12717324	0.1027843	-0.11287186	0.239686	-0.121411294	0.039927386	-0.04232131	0.06937312	-0.076499194	0.14696412
-0.06528131	0.075973794	-0.078719385	0.06672952	-0.06910092	0.060068753	-0.08090695	0.09716836	-0.110054	0.11069851	-0.11260198	0.0862351	-0.101746246	0.12261054	-0.13836806	0.096511014	-0.12304775	0.11546714	-0.14660068	0.20889327	-0.07958554	0.11047537	-0.13109615	0.16393675	-0.50134414	0.114837535	-0.107850574	0.103886046	-0.17466694	0.9999978	-0.07432209	0.12044244	-0.110483736	0.18036214	-0.70953804	0.086388536	-0.07351959	0.08041782	-0.19259255	0.2297046	-0.030362291	0.032027002	-0.06771048	0.07440948	-0.26167864
0.06430191	-0.066339426	0.06851887	-0.04879539	0.05157406	-0.057954393	0.07678819	-0.078044176	0.07532747	-0.06756717	0.1314686	-0.080988616	0.087796204	-0.07831324	0.07684196	-0.1147778	0.13164757	-0.10060653	0.08966326	-0.084208995	0.10813006	-0.13263276	0.121351	-0.10935142	0.10068274	-0.18909597	0.20950347	-0.12215416	0.11272148	-0.07432209	0.9999977	-0.4855588	0.14721583	-0.13215646	0.0849208	-0.74680614	0.21182832	-0.20575254	0.17508952	-0.0785295	0.09998354	-0.10555138	0.09584735	-0.106778696	0.10319848
-0.11001947	0.11193427	-0.116887376	0.08200799	-0.087504774	0.098116815	-0.13138737	0.13184735	-0.12804948	0.11326497	-0.22510454	0.13706942	-0.15078394	0.1317245	-0.13032657	0.18166175	-0.23412643	0.17217082	-0.15295489	0.14006965	-0.17544208	0.22407313	-0.21554622	0.18363991	-0.1701081	0.26156336	-0.5317537	0.21882637	-0.19517513	0.12044244	-0.4855588	0.9999978	-0.29770124	0.21043727	-0.1393478	0.27598152	-0.21267723	0.18050526	-0.2785963	0.12079495	-0.07653097	0.07630374	-0.10376072	0.1083136	-0.16189957
0.08667755	-0.09737924	0.09861158	-0.07228817	0.07448006	-0.080305114	0.10707821	-0.120747246	0.11372794	-0.1039242	0.16397703	-0.11750794	0.13477065	-0.12633763	0.11504566	-0.15307397	0.1852796	-0.17898074	0.14490004	-0.13212067	0.13485062	-0.1970384	0.24545118	-0.23142491	0.14852586	-0.2066567	0.23694718	-0.7630688	0.25032815	-0.110483736	0.14721583	-0.29770124	0.999998	-0.32584894	0.118367665	-0.16182292	0.140651	-0.1739822	0.20684405	-0.09792403	0.047080707	-0.049814872	0.08101693	-0.088028364	0.12373293
-0.10945819	0.11916632	-0.12523091	0.09475469	-0.10084231	0.09860785	-0.13423374	0.14735107	-0.15432045	0.13781703	-0.19938956	0.14079519	-0.16694197	0.16404757	-0.1633919	0.1622011	-0.22241798	0.192975	-0.20307666	0.18333226	-0.13990152	0.19355536	-0.2668894	0.28615063	-0.23809643	0.19464189	-0.20905878	0.24898295	-0.61272687	0.18036214	-0.13215646	0.21043727	-0.32584894	0.9999979	-0.21630237	0.1451589	-0.13190016	0.14122276	-0.43516892	0.1662433	-0.048176184	0.05041533	-0.090305306	0.097119376	-0.20761335
0.07060061	-0.08246269	0.0837219	-0.07076347	0.071719445	-0.06553217	0.08686138	-0.10392193	0.11076761	-0.11487698	0.123086765	-0.09355213	0.107142195	-0.1260847	0.12967218	-0.10835752	0.13100848	-0.12323561	0.14050145	-0.20652589	0.08847277	-0.12215389	0.13545324	-0.16796897	0.2650678	-0.13076627	0.11953997	-0.11132169	0.16171451	-0.70953804	0.0849208	-0.1393478	0.118367665	-0.21630237	0.9999977	-0.10067506	0.08284684	-0.09243122	0.20958269	-0.43292257	0.03485128	-0.03709303	0.07469452	-0.08590449	0.26599187
-0.07287218	0.07416912	-0.07747476	0.055171877	-0.058876842	0.06489506	-0.08665908	0.087191366	-0.08564306	0.07632309	-0.14712061	0.090016805	-0.0986224	0.08802285	-0.08802161	0.11712367	-0.14685571	0.110732846	-0.101750664	0.09562121	-0.10901788	0.13455708	-0.1347273	0.12034135	-0.11738723	0.16494605	-0.21180142	0.1273401	-0.12717324	0.086388536	-0.74680614	0.27598152	-0.16182292	0.1451589	-0.10067506	0.9999977	-0.36599132	0.22669981	-0.22159809	0.093896374	-0.1465461	0.12621799	-0.115638345	0.11743528	-0.12580217
0.052998666	-0.055982377	0.057634283	-0.042431336	0.04456788	-0.0479587	0.06354999	-0.06661041	0.06525924	-0.059540834	0.10353724	-0.06714636	0.073836535	-0.068742126	0.067518786	-0.08852932	0.10529991	-0.085148536	0.07838849	-0.07643828	0.07816746	-0.10154742	0.10293809	-0.09824361	0.09140158	-0.121938385	0.13829781	-0.11461103	0.1027843	-0.07351959	0.21182832	-0.21267723	0.140651	-0.13190016	0.08284684	-0.36599132	0.9999978	-0.8038569	0.19138834	-0.08856395	0.08381202	-0.0884864	0.18911277	-0.21368264	0.1116815
-0.05674219	0.059623998	-0.061728787	0.045363877	-0.04786659	0.051090807	-0.068007685	0.07105492	-0.07019146	0.06378451	-0.110486716	0.071443625	-0.07915351	0.07362828	-0.07290842	0.09134871	-0.11277619	0.090802975	-0.084589705	0.0822734	-0.080803454	0.10506956	-0.11179191	0.105180636	-0.100092515	0.1212719	-0.14342342	0.12433258	-0.11287186	0.08041782	-0.20575254	0.18050526	-0.1739822	0.14122276	-0.09243122	0.22669981	-0.8038569	0.9999981	-0.25539795	0.09955598	-0.07924101	0.07888605	-0.2907019	0.21246776	-0.1286033
0.11130138	-0.121541984	0.12357311	-0.09608046	0.0995274	-0.10200025	0.13362598	-0.14550944	0.14477928	-0.13606258	0.20601475	-0.14234641	0.15634014	-0.15555343	0.15217187	-0.18237673	0.20788643	-0.17859809	0.17443392	-0.18044356	0.1499859	-0.19982733	0.20574182	-0.22617231	0.21136063	-0.23159234	0.2139612	-0.18650928	0.239686	-0.19259255	0.17508952	-0.2785963	0.20684405	-0.43516892	0.20958269	-0.22159809	0.19138834	-0.25539795	0.9999985	-0.30680922	0.0713286	-0.077058315	0.13505393	-0.15828723	0.25813866
-0.055948738	0.063127354	-0.06454898	0.05256239	-0.05418056	0.051424757	-0.06810721	0.07786101	-0.08189738	0.08060273	-0.10007657	0.072596475	-0.082090855	0.08970986	-0.09305035	0.08696867	-0.10427288	0.09319297	-0.10180941	0.1264482	-0.071546555	0.096871145	-0.10499103	0.120066464	-0.17568208	0.10693373	-0.100098595	0.088763915	-0.121411294	0.2297046	-0.0785295	0.12079495	-0.09792403	0.1662433	-0.43292257	0.093896374	-0.08856395	0.09955598	-0.30680922	0.99999815	-0.03633077	0.038095843	-0.10603502	0.11724261	-0.76904553
0.022464018	-0.023281692	0.024158021	-0.017621279	0.01866442	-0.02014506	0.026771387	-0.027495133	0.027147593	-0.024585703	0.04431836	-0.027972788	0.030631438	-0.028180614	0.028167684	-0.03641183	0.04412156	-0.034450237	0.03226569	-0.031450123	0.032256268	-0.04098666	0.041009147	-0.03840975	0.03838161	-0.04941545	0.0564423	-0.03864247	0.039927386	-0.030362291	0.09998354	-0.07653097	0.047080707	-0.048176184	0.03485128	-0.1465461	0.08381202	-0.07924101	0.0713286	-0.03633077	0.9999982	-0.9701896	0.09026094	-0.09367691	0.04827771
-0.0239408	0.02468744	-0.025696432	0.01868499	-0.019851843	0.021401405	-0.028499883	0.029133787	-0.028856015	0.026043104	-0.04727269	0.029671708	-0.032548998	0.029840408	-0.029961558	0.038128342	-0.04698669	0.036447354	-0.034275103	0.03327031	-0.033876643	0.042957127	-0.043511268	0.040482204	-0.040925723	0.05104564	-0.059644092	0.04048206	-0.04232131	0.032027002	-0.10555138	0.07630374	-0.049814872	0.05041533	-0.03709303	0.12621799	-0.0884864	0.07888605	-0.077058315	0.038095843	-0.9701896	0.99999815	-0.10114677	0.09074534	-0.05138011
0.035683032	-0.038271878	0.03934501	-0.0298746	0.031209502	-0.03236971	0.04286038	-0.045881398	0.04587071	-0.04289675	0.06790064	-0.045263715	0.050056715	-0.048773933	0.04863121	-0.057468798	0.068936326	-0.057025414	0.055257726	-0.058284055	0.049328882	-0.06468238	0.06721346	-0.067337945	0.070410386	-0.07488372	0.08017168	-0.06670322	0.06937312	-0.06771048	0.09584735	-0.10376072	0.08101693	-0.090305306	0.07469452	-0.115638345	0.18911277	-0.2907019	0.13505393	-0.10603502	0.09026094	-0.10114677	0.99999815	-0.89851665	0.13755544
-0.039478485	0.04205076	-0.043437175	0.03283059	-0.034465633	0.035657488	-0.047370184	0.050386716	-0.050690368	0.047117006	-0.07528768	0.04978349	-0.055229053	0.05356659	-0.053909708	0.062372465	-0.076379284	0.06251323	-0.061106626	0.063984096	-0.05380589	0.07030505	-0.07408335	0.07340175	-0.079270564	0.080358975	-0.08842786	0.07106069	-0.076499194	0.07440948	-0.106778696	0.1083136	-0.088028364	0.097119376	-0.08590449	0.11743528	-0.21368264	0.21246776	-0.15828723	0.11724261	-0.09367691	0.09074534	-0.89851665	0.99999815	-0.18645428
0.07239064	-0.081866734	0.082920514	-0.06755388	0.06895302	-0.0668544	0.087824784	-0.100261986	0.10282977	-0.10244976	0.13003798	-0.09409876	0.10490945	-0.1136097	0.113854975	-0.11480656	0.13367634	-0.119620904	0.12552422	-0.15730624	0.09383792	-0.12659878	0.1326387	-0.15129174	0.1849378	-0.1422322	0.13052088	-0.11321145	0.14696412	-0.26167864	0.10319848	-0.16189957	0.12373293	-0.20761335	0.26599187	-0.12580217	0.1116815	-0.1286033	0.25813866	-0.76904553	0.04827771	-0.05138011	0.13755544	-0.18645428	0.99999815
