1.0000001	-0.5293122	0.23992422	-0.21606638	0.057795808	-0.6412513	0.2956476	-0.26697576	0.20578335	-0.056208123	0.22770758	-0.22848994	0.20145139	-0.15393256	0.17026694	-0.2672248	0.1526511	-0.16610001	0.1317607	-0.1233526	0.12931423	-0.1467422	0.11389074	-0.10754203	0.105193354	-0.08073991	0.071465045	-0.096958354	0.084019914	-0.022491207	0.055097576	-0.07291854	0.063940585	-0.06399469	0.02253211	-0.039130375	0.05057728	-0.043387882	0.033681933	-0.020758996	0.08067938	-0.05201484	0.024559189	-0.021228658	0.025012838
-0.5293122	1.0	-0.52754194	0.2575493	-0.066331565	0.2862555	-0.45855284	0.28669733	-0.28132552	0.062555954	-0.16099145	0.17639273	-0.209556	0.15979487	-0.17819057	0.17243868	-0.12719479	0.1458845	-0.13937908	0.11989845	-0.120285824	0.12633917	-0.103003435	0.100043304	-0.10111316	0.07155947	-0.0637527	0.08739345	-0.07725195	0.0207506	-0.051173285	0.06628757	-0.05868142	0.058397476	-0.020845827	0.03619761	-0.04661939	0.039659236	-0.030909961	0.01905528	-0.075231336	0.047817808	-0.02259762	0.01948901	-0.023019288
0.23992422	-0.52754194	1.0000002	-0.61547935	0.08249453	-0.22019953	0.2552501	-0.382429	0.29531768	-0.081278436	0.13298772	-0.1667903	0.19453785	-0.17258671	0.16232416	-0.15848672	0.11866507	-0.14518246	0.13542527	-0.11954658	0.10953129	-0.12351793	0.09900714	-0.09824284	0.09676703	-0.06929834	0.06119434	-0.08475365	0.073709555	-0.019809024	0.04763202	-0.06320869	0.05565478	-0.05592191	0.01982841	-0.033846583	0.043772783	-0.037775	0.02933003	-0.018071644	0.06971987	-0.045032028	0.021349348	-0.018465752	0.021758785
-0.21606638	0.2575493	-0.61547935	1.0000002	-0.13085692	0.17372185	-0.21482837	0.26152748	-0.6077137	0.11184463	-0.11915743	0.15080845	-0.20032348	0.20200099	-0.19423889	0.13896051	-0.11330042	0.13898171	-0.16774939	0.13153063	-0.1149375	0.12161721	-0.100996494	0.103614315	-0.105742246	0.069858775	-0.06197032	0.086410366	-0.07663216	0.020664793	-0.049757883	0.06499413	-0.057687107	0.057707343	-0.020733489	0.03525273	-0.04547593	0.039027	-0.030396529	0.018730735	-0.07303995	0.046692334	-0.022165343	0.01913911	-0.022596411
0.057795808	-0.066331565	0.08249453	-0.13085692	1.0000001	-0.053821433	0.05527419	-0.06827173	0.10217784	-0.9651877	0.044711415	-0.0648012	0.06851207	-0.07948391	0.14141315	-0.05818788	0.04854255	-0.059855044	0.06516036	-0.08158517	0.057384543	-0.061746515	0.04817455	-0.054304846	0.053153884	-0.037075896	0.03171051	-0.044450734	0.03799313	-0.010618584	0.02470607	-0.03416712	0.029050933	-0.029878236	0.010521737	-0.017759802	0.023034818	-0.020694114	0.01573971	-0.009736951	0.03607129	-0.024158865	0.011453554	-0.009961587	0.011656073
-0.6412513	0.2862555	-0.22019953	0.17372185	-0.053821433	1.0000002	-0.48402447	0.2527228	-0.21343848	0.05116279	-0.36744216	0.21709177	-0.21352471	0.1450334	-0.1734724	0.24626905	-0.15206675	0.15474057	-0.13025238	0.11629315	-0.12824921	0.13479947	-0.108807296	0.10105405	-0.101977736	0.07463029	-0.06713535	0.090534285	-0.080270745	0.0213718	-0.05338045	0.06865247	-0.061035898	0.060381763	-0.021508388	0.037686702	-0.048521984	0.04093266	-0.031994026	0.019711323	-0.07848827	0.049606007	-0.023404246	0.020163542	-0.02383897
0.2956476	-0.45855284	0.2552501	-0.21482837	0.05527419	-0.48402447	1.0000001	-0.599346	0.23599222	-0.053506296	0.18565467	-0.21858929	0.2208699	-0.15563427	0.1583433	-0.19627257	0.13994035	-0.15977538	0.1286567	-0.11427122	0.113468185	-0.13054928	0.10431733	-0.09834711	0.09704019	-0.07091392	0.063369185	-0.08679046	0.07574482	-0.020102866	0.048872657	-0.06420952	0.057031624	-0.05690336	0.020172874	-0.034629658	0.04476969	-0.038222585	0.029822767	-0.0183539	0.071556784	-0.04582241	0.021708872	-0.018751277	0.02213009
-0.26697576	0.28669733	-0.382429	0.26152748	-0.06827173	0.2527228	-0.599346	0.9999999	-0.4280116	0.06528839	-0.1630533	0.1996436	-0.36696208	0.20111674	-0.19002685	0.17570207	-0.14834665	0.18511206	-0.16484849	0.13597949	-0.12786353	0.14391285	-0.11970306	0.11438992	-0.11435876	0.0794328	-0.07113484	0.09863114	-0.08677885	0.02300541	-0.05554183	0.07265761	-0.064952165	0.06475067	-0.02310396	0.039318364	-0.050814457	0.043382205	-0.03391099	0.020861503	-0.081360064	0.0519467	-0.024672572	0.021303497	-0.02516373
0.20578335	-0.28132552	0.29531768	-0.6077137	0.10217784	-0.21343848	0.23599222	-0.4280116	0.9999998	-0.10516002	0.14502023	-0.19583885	0.24064125	-0.38829708	0.21300793	-0.17886169	0.143414	-0.18289992	0.21493176	-0.17556232	0.13555266	-0.15710385	0.1278733	-0.13508978	0.1322549	-0.08838441	0.07789584	-0.1098282	0.09561536	-0.025700752	0.060056165	-0.080556616	0.07127309	-0.07207535	0.025681265	-0.042746674	0.055422343	-0.04823335	0.03746704	-0.023060767	0.087686025	-0.05700049	0.027164208	-0.023531836	0.027713772
-0.056208123	0.062555954	-0.081278436	0.11184463	-0.9651877	0.05116279	-0.053506296	0.06528839	-0.10516002	0.99999946	-0.042330198	0.060728423	-0.0661922	0.07581108	-0.16818245	0.05449939	-0.04580989	0.05646263	-0.063600935	0.0777245	-0.054148376	0.05777681	-0.045571897	0.05131406	-0.051197134	0.03466716	-0.029760651	0.04177034	-0.03592794	0.01002454	-0.023339666	0.032058343	-0.02740163	0.02810185	-0.009947483	0.01674946	-0.021708723	0.019417522	-0.014806817	0.009156432	-0.034103204	0.022717753	-0.010777315	0.009365807	-0.010970809
0.22770758	-0.16099145	0.13298772	-0.11915743	0.044711415	-0.36744216	0.18565467	-0.1630533	0.14502023	-0.042330198	0.99999946	-0.44994533	0.21213435	-0.1313084	0.17134953	-0.7247943	0.23684783	-0.19335508	0.12493838	-0.1162442	0.14080526	-0.16836259	0.12872201	-0.10955404	0.109028205	-0.083917566	0.07704613	-0.10119813	0.08936635	-0.023121772	0.057639148	-0.07429644	0.06703495	-0.06583883	0.023324547	-0.040618006	0.05249671	-0.04380474	0.0345002	-0.02118233	0.08440329	-0.053179722	0.025123298	-0.021640321	0.025615979
-0.22848994	0.17639273	-0.1667903	0.15080845	-0.0648012	0.21709177	-0.21858929	0.1996436	-0.19583885	0.060728423	-0.44994533	0.9999994	-0.39819187	0.19360147	-0.27069935	0.30755472	-0.55219376	0.29475462	-0.19473459	0.17446153	-0.21139489	0.24992009	-0.20881999	0.16660783	-0.17244664	0.12419443	-0.118865676	0.15326849	-0.14013827	0.035606537	-0.08960923	0.1124243	-0.10407919	0.10056701	-0.036129978	0.06275095	-0.08099889	0.066524155	-0.05290497	0.032418083	-0.131377	0.081264615	-0.038549405	0.033097025	-0.03934884
0.20145139	-0.209556	0.19453785	-0.20032348	0.06851207	-0.21352471	0.2208699	-0.36696208	0.24064125	-0.0661922	0.21213435	-0.39819187	0.99999946	-0.35552573	0.25348035	-0.2738175	0.28273416	-0.5365312	0.24127312	-0.2155705	0.18741408	-0.27228308	0.22177185	-0.19871677	0.18267466	-0.13631006	0.1221033	-0.17454486	0.1458582	-0.03745061	0.0862615	-0.11774829	0.10613298	-0.1071758	0.037444815	-0.061408203	0.08019791	-0.06940194	0.054388802	-0.033302452	0.124978155	-0.08159128	0.039059248	-0.03389486	0.039921775
-0.15393256	0.15979487	-0.17258671	0.20200099	-0.07948391	0.1450334	-0.15563427	0.20111674	-0.38829708	0.07581108	-0.1313084	0.19360147	-0.35552573	0.9999996	-0.34506673	0.16211449	-0.16124669	0.21641463	-0.6673848	0.26501054	-0.1637031	0.1836424	-0.1678016	0.1923792	-0.20596829	0.10461884	-0.094091095	0.13710588	-0.12586397	0.033160772	-0.07414113	0.09764319	-0.089953475	0.09023011	-0.03333622	0.052483723	-0.06811741	0.05892368	-0.04641571	0.028446957	-0.10819358	0.069266036	-0.03346397	0.028935889	-0.034250975
0.17026694	-0.17819057	0.16232416	-0.19423889	0.14141315	-0.1734724	0.1583433	-0.19002685	0.21300793	-0.16818245	0.17134953	-0.27069935	0.25348035	-0.34506673	0.9999995	-0.23687096	0.20493639	-0.25471607	0.2791253	-0.50149226	0.25948662	-0.28737256	0.21933421	-0.2668769	0.25762725	-0.17486005	0.14731391	-0.20876352	0.17542873	-0.0497907	0.1120877	-0.15993409	0.13392955	-0.13996144	0.04899054	-0.0811733	0.10571474	-0.09720334	0.07323912	-0.045344803	0.16297132	-0.11182101	0.053106513	-0.046378314	0.054034323
-0.2672248	0.17243868	-0.15848672	0.13896051	-0.05818788	0.24626905	-0.19627257	0.17570207	-0.17886169	0.05449939	-0.7247943	0.30755472	-0.2738175	0.16211449	-0.23687096	0.9999997	-0.33727685	0.22320348	-0.16169943	0.1482192	-0.20187457	0.19895509	-0.16320524	0.13753243	-0.1422866	0.10517141	-0.09807314	0.12707627	-0.11558231	0.030028805	-0.077097654	0.09634656	-0.087489516	0.08491239	-0.03041806	0.054048453	-0.06947771	0.0571405	-0.045145318	0.027751243	-0.11352265	0.070237406	-0.033075195	0.028389294	-0.033700325
0.1526511	-0.12719479	0.11866507	-0.11330042	0.04854255	-0.15206675	0.13994035	-0.14834665	0.143414	-0.04580989	0.23684783	-0.55219376	0.28273416	-0.16124669	0.20493639	-0.33727685	0.9999992	-0.5518394	0.16430488	-0.15173905	0.16755499	-0.40875876	0.23561394	-0.16637778	0.15594187	-0.12598503	0.12197364	-0.15519431	0.13263866	-0.031874683	0.07576929	-0.10049672	0.09411507	-0.09200419	0.032216705	-0.053365905	0.069904745	-0.057835698	0.046314996	-0.028166004	0.10953353	-0.06935622	0.03316018	-0.028632624	0.03393766
-0.16610001	0.1458845	-0.14518246	0.13898171	-0.059855044	0.15474057	-0.15977538	0.18511206	-0.18289992	0.05646263	-0.19335508	0.29475462	-0.5365312	0.21641463	-0.25471607	0.22320348	-0.5518394	0.9999992	-0.24446379	0.19228563	-0.19199118	0.2877919	-0.35910174	0.20625813	-0.2014572	0.13255419	-0.12881391	0.18448935	-0.16425645	0.03861766	-0.08936621	0.11652561	-0.11296317	0.10992215	-0.039143793	0.062806636	-0.082134165	0.0687376	-0.055317026	0.03358265	-0.12945499	0.08150565	-0.0394923	0.034078266	-0.040502112
0.1317607	-0.13937908	0.13542527	-0.16774939	0.06516036	-0.13025238	0.1286567	-0.16484849	0.21493176	-0.063600935	0.12493838	-0.19473459	0.24127312	-0.6673848	0.2791253	-0.16169943	0.16430488	-0.24446379	0.99999946	-0.48244318	0.15488695	-0.20615701	0.18592168	-0.28059456	0.24524198	-0.112483054	0.10030965	-0.1541558	0.1370211	-0.035853975	0.073837325	-0.10183519	0.094165236	-0.09758087	0.035659928	-0.052644487	0.068965346	-0.06116847	0.0481676	-0.029411944	0.106755	-0.07009556	0.034219444	-0.029796092	0.03510565
-0.1233526	0.11989845	-0.11954658	0.13153063	-0.08158517	0.11629315	-0.11427122	0.13597949	-0.17556232	0.0777245	-0.1162442	0.17446153	-0.2155705	0.26501054	-0.50149226	0.1482192	-0.15173905	0.19228563	-0.48244318	0.9999994	-0.18021242	0.20539925	-0.20346592	0.2760196	-0.5442565	0.11975732	-0.108185045	0.16524854	-0.15843952	0.0441193	-0.08500198	0.11337629	-0.10774966	0.10902924	-0.044381067	0.06022299	-0.07860824	0.06904218	-0.05483563	0.033477698	-0.12340028	0.07947818	-0.039089795	0.033879522	-0.040182915
0.12931423	-0.120285824	0.10953129	-0.1149375	0.057384543	-0.12824921	0.113468185	-0.12786353	0.13555266	-0.054148376	0.14080526	-0.21139489	0.18741408	-0.1637031	0.25948662	-0.20187457	0.16755499	-0.19199118	0.15488695	-0.18021242	0.9999993	-0.26806217	0.17844936	-0.17072168	0.1581777	-0.22119705	0.16497579	-0.18547112	0.15232311	-0.042837042	0.120884776	-0.1691775	0.12895909	-0.1315512	0.042403065	-0.08754512	0.11262049	-0.096092604	0.071485914	-0.04446817	0.17834002	-0.121101424	0.05306374	-0.04613018	0.05325309
-0.1467422	0.12633917	-0.12351793	0.12161721	-0.061746515	0.13479947	-0.13054928	0.14391285	-0.15710385	0.05777681	-0.16836259	0.24992009	-0.27228308	0.1836424	-0.28737256	0.19895509	-0.40875876	0.2877919	-0.20615701	0.20539925	-0.26806217	0.99999887	-0.5714768	0.25892606	-0.26246068	0.2150024	-0.2746798	0.25289896	-0.23259155	0.051173367	-0.122022636	0.1605495	-0.15829633	0.14851274	-0.05230159	0.08523632	-0.11316343	0.089989245	-0.07373762	0.04438181	-0.1743995	0.108693495	-0.05226371	0.04499277	-0.053631477
0.11389074	-0.103003435	0.09900714	-0.100996494	0.04817455	-0.108807296	0.10431733	-0.11970306	0.1278733	-0.045571897	0.12872201	-0.20881999	0.22177185	-0.1678016	0.21933421	-0.16320524	0.23561394	-0.35910174	0.18592168	-0.20346592	0.17844936	-0.5714768	0.99999875	-0.4620399	0.2506029	-0.17696872	0.17486995	-0.405243	0.24217375	-0.048508104	0.09729102	-0.13955204	0.14413795	-0.14806578	0.04855574	-0.06900032	0.092645645	-0.079880334	0.065754145	-0.039177705	0.13764049	-0.08984458	0.044890266	-0.039280936	0.046385378
-0.10754203	0.100043304	-0.09824284	0.103614315	-0.054304846	0.10105405	-0.09834711	0.11438992	-0.13508978	0.05131406	-0.10955404	0.16660783	-0.19871677	0.1923792	-0.2668769	0.13753243	-0.16637778	0.20625813	-0.28059456	0.2760196	-0.17072168	0.25892606	-0.4620399	0.99999857	-0.6457309	0.13744652	-0.13292633	0.24212618	-0.28971627	0.05383828	-0.09263741	0.12859116	-0.13975753	0.14647748	-0.054122977	0.06552459	-0.08751947	0.078210555	-0.06505896	0.038606197	-0.13190158	0.0853923	-0.044038024	0.038521722	-0.045744937
0.105193354	-0.10111316	0.09676703	-0.105742246	0.053153884	-0.101977736	0.09704019	-0.11435876	0.1322549	-0.051197134	0.109028205	-0.17244664	0.18267466	-0.20596829	0.25762725	-0.1422866	0.15594187	-0.2014572	0.24524198	-0.5442565	0.1581777	-0.26246068	0.2506029	-0.6457309	0.9999982	-0.13650054	0.12215582	-0.21102744	0.18781404	-0.055530626	0.08342322	-0.12138995	0.11697517	-0.1282887	0.05325089	-0.05981797	0.07953579	-0.07289091	0.058224484	-0.035255387	0.11893412	-0.07986311	0.040135104	-0.035309874	0.041499432
-0.08073991	0.07155947	-0.06929834	0.069858775	-0.037075896	0.07463029	-0.07091392	0.0794328	-0.08838441	0.03466716	-0.083917566	0.12419443	-0.13631006	0.10461884	-0.17486005	0.10517141	-0.12598503	0.13255419	-0.112483054	0.11975732	-0.22119705	0.2150024	-0.17696872	0.13744652	-0.13650054	0.99999785	-0.8519367	0.20785739	-0.18954283	0.041214507	-0.13911869	0.19199206	-0.155931	0.13335289	-0.04224866	0.095625214	-0.13327071	0.08243218	-0.067882165	0.04054744	-0.1861944	0.115647875	-0.04889493	0.0417847	-0.04927703
0.071465045	-0.0637527	0.06119434	-0.06197032	0.03171051	-0.06713535	0.063369185	-0.07113484	0.07789584	-0.029760651	0.07704613	-0.118865676	0.1221033	-0.094091095	0.14731391	-0.09807314	0.12197364	-0.12881391	0.10030965	-0.108185045	0.16497579	-0.2746798	0.17486995	-0.13292633	0.12215582	-0.8519367	0.99999803	-0.2610007	0.17631093	-0.037945554	0.115450226	-0.22676724	0.14627096	-0.13114099	0.03834893	-0.08314953	0.11915521	-0.075241685	0.061399557	-0.036494467	0.15317361	-0.104631506	0.043234628	-0.03746633	0.043579433
-0.096958354	0.08739345	-0.08475365	0.086410366	-0.044450734	0.090534285	-0.08679046	0.09863114	-0.1098282	0.04177034	-0.10119813	0.15326849	-0.17454486	0.13710588	-0.20876352	0.12707627	-0.15519431	0.18448935	-0.1541558	0.16524854	-0.18547112	0.25289896	-0.405243	0.24212618	-0.21102744	0.20785739	-0.2610007	0.9999981	-0.66671926	0.07598513	-0.14105691	0.1972131	-0.27912062	0.2533034	-0.07839689	0.09844053	-0.13599026	0.11719207	-0.10414554	0.059384525	-0.19587664	0.12394673	-0.066964276	0.058587696	-0.07024366
0.084019914	-0.07725195	0.073709555	-0.07663216	0.03799313	-0.080270745	0.07574482	-0.08677885	0.09561536	-0.03592794	0.08936635	-0.14013827	0.1458582	-0.12586397	0.17542873	-0.11558231	0.13263866	-0.16425645	0.1370211	-0.15843952	0.15232311	-0.23259155	0.24217375	-0.28971627	0.18781404	-0.18954283	0.17631093	-0.66671926	0.99999815	-0.100458406	0.120259196	-0.2067997	0.25833392	-0.4657373	0.092832126	-0.08738667	0.12244819	-0.13199422	0.11617475	-0.06597317	0.16469002	-0.11619001	0.068283774	-0.063309886	0.072375745
-0.022491207	0.0207506	-0.019809024	0.020664793	-0.010618584	0.0213718	-0.020102866	0.02300541	-0.025700752	0.01002454	-0.023121772	0.035606537	-0.03745061	0.033160772	-0.0497907	0.030028805	-0.031874683	0.03861766	-0.035853975	0.0441193	-0.042837042	0.051173367	-0.048508104	0.05383828	-0.055530626	0.041214507	-0.037945554	0.07598513	-0.100458406	0.9999982	-0.037785485	0.05592227	-0.07513436	0.09080026	-0.9833751	0.026904274	-0.03705515	0.043736015	-0.039707273	0.030383045	-0.052556843	0.035213154	-0.024562692	0.022175508	-0.033265103
0.055097576	-0.051173285	0.04763202	-0.049757883	0.02470607	-0.05338045	0.048872657	-0.05554183	0.060056165	-0.023339666	0.057639148	-0.08960923	0.0862615	-0.07414113	0.1120877	-0.077097654	0.07576929	-0.08936621	0.073837325	-0.08500198	0.120884776	-0.122022636	0.09729102	-0.09263741	0.08342322	-0.13911869	0.115450226	-0.14105691	0.120259196	-0.037785485	0.9999979	-0.3306156	0.15524957	-0.15581755	0.036729187	-0.7807783	0.29043195	-0.119280495	0.08325602	-0.050699107	0.27429682	-0.32264325	0.06613655	-0.058567803	0.05899348
-0.07291854	0.06628757	-0.06320869	0.06499413	-0.03416712	0.06865247	-0.06420952	0.07265761	-0.080556616	0.032058343	-0.07429644	0.1124243	-0.11774829	0.09764319	-0.15993409	0.09634656	-0.10049672	0.11652561	-0.10183519	0.11337629	-0.1691775	0.1605495	-0.13955204	0.12859116	-0.12138995	0.19199206	-0.22676724	0.1972131	-0.2067997	0.05592227	-0.3306156	0.9999978	-0.4777131	0.2500211	-0.056929976	0.23652048	-0.5023589	0.1486292	-0.123187326	0.070865564	-0.3915394	0.2745626	-0.08871628	0.075557455	-0.08549641
0.063940585	-0.05868142	0.05565478	-0.057687107	0.029050933	-0.061035898	0.057031624	-0.064952165	0.07127309	-0.02740163	0.06703495	-0.10407919	0.10613298	-0.089953475	0.13392955	-0.087489516	0.09411507	-0.11296317	0.094165236	-0.10774966	0.12895909	-0.15829633	0.14413795	-0.13975753	0.11697517	-0.155931	0.14627096	-0.27912062	0.25833392	-0.07513436	0.15524957	-0.4777131	0.9999979	-0.68971634	0.07325606	-0.11980653	0.18389286	-0.19278157	0.15736637	-0.0870557	0.20059204	-0.16270281	0.08915472	-0.083964735	0.09331171
-0.06399469	0.058397476	-0.05592191	0.057707343	-0.029878236	0.060381763	-0.05690336	0.06475067	-0.07207535	0.02810185	-0.06583883	0.10056701	-0.1071758	0.09023011	-0.13996144	0.08491239	-0.09200419	0.10992215	-0.09758087	0.10902924	-0.1315512	0.14851274	-0.14806578	0.14647748	-0.1282887	0.13335289	-0.13114099	0.2533034	-0.4657373	0.09080026	-0.15581755	0.2500211	-0.68971634	0.99999774	-0.098598875	0.109854	-0.16360235	0.18792553	-0.22586708	0.100698575	-0.2080026	0.1380672	-0.10090434	0.09387162	-0.11007457
0.02253211	-0.020845827	0.01982841	-0.020733489	0.010521737	-0.021508388	0.020172874	-0.02310396	0.025681265	-0.009947483	0.023324547	-0.036129978	0.037444815	-0.03333622	0.04899054	-0.03041806	0.032216705	-0.039143793	0.035659928	-0.044381067	0.042403065	-0.05230159	0.04855574	-0.054122977	0.05325089	-0.04224866	0.03834893	-0.07839689	0.092832126	-0.9833751	0.036729187	-0.056929976	0.07325606	-0.098598875	0.99999785	-0.026409164	0.036455404	-0.04474923	0.039817177	-0.031174649	0.050941564	-0.035050217	0.02443163	-0.022331567	0.03296056
-0.039130375	0.03619761	-0.033846583	0.03525273	-0.017759802	0.037686702	-0.034629658	0.039318364	-0.042746674	0.01674946	-0.040618006	0.06275095	-0.061408203	0.052483723	-0.0811733	0.054048453	-0.053365905	0.062806636	-0.052644487	0.06022299	-0.08754512	0.08523632	-0.06900032	0.06552459	-0.05981797	0.095625214	-0.08314953	0.09844053	-0.08738667	0.026904274	-0.7807783	0.23652048	-0.11980653	0.109854	-0.026409164	0.9999976	-0.43651903	0.08657004	-0.062094405	0.037468046	-0.34849086	0.26932636	-0.051115733	0.044278167	-0.04430038
0.05057728	-0.04661939	0.043772783	-0.04547593	0.023034818	-0.048521984	0.04476969	-0.050814457	0.055422343	-0.021708723	0.05249671	-0.08099889	0.08019791	-0.06811741	0.10571474	-0.06947771	0.069904745	-0.082134165	0.068965346	-0.07860824	0.11262049	-0.11316343	0.092645645	-0.08751947	0.07953579	-0.13327071	0.11915521	-0.13599026	0.12244819	-0.03705515	0.29043195	-0.5023589	0.18389286	-0.16360235	0.036455404	-0.43651903	0.9999972	-0.12522615	0.08928762	-0.05281378	0.31429598	-0.6050243	0.07433526	-0.06413595	0.06238866
-0.043387882	0.039659236	-0.037775	0.039027	-0.020694114	0.04093266	-0.038222585	0.043382205	-0.04823335	0.019417522	-0.04380474	0.066524155	-0.06940194	0.05892368	-0.09720334	0.0571405	-0.057835698	0.0687376	-0.06116847	0.06904218	-0.096092604	0.089989245	-0.079880334	0.078210555	-0.07289091	0.08243218	-0.075241685	0.11719207	-0.13199422	0.043736015	-0.119280495	0.1486292	-0.19278157	0.18792553	-0.04474923	0.08657004	-0.12522615	0.99999714	-0.6989604	0.2715625	-0.17045458	0.1208354	-0.3693712	0.26430276	-0.39113
0.033681933	-0.030909961	0.02933003	-0.030396529	0.01573971	-0.031994026	0.029822767	-0.03391099	0.03746704	-0.014806817	0.0345002	-0.05290497	0.054388802	-0.04641571	0.07323912	-0.045145318	0.046314996	-0.055317026	0.0481676	-0.05483563	0.071485914	-0.07373762	0.065754145	-0.06505896	0.058224484	-0.067882165	0.061399557	-0.10414554	0.11617475	-0.039707273	0.08325602	-0.123187326	0.15736637	-0.22586708	0.039817177	-0.062094405	0.08928762	-0.6989604	0.99999744	-0.44018555	0.11675691	-0.090338945	0.25314707	-0.34879124	0.29139325
-0.020758996	0.01905528	-0.018071644	0.018730735	-0.009736951	0.019711323	-0.0183539	0.020861503	-0.023060767	0.009156432	-0.02118233	0.032418083	-0.033302452	0.028446957	-0.045344803	0.027751243	-0.028166004	0.03358265	-0.029411944	0.033477698	-0.04446817	0.04438181	-0.039177705	0.038606197	-0.035255387	0.04054744	-0.036494467	0.059384525	-0.06597317	0.030383045	-0.050699107	0.070865564	-0.0870557	0.100698575	-0.031174649	0.037468046	-0.05281378	0.2715625	-0.44018555	0.9999975	-0.0721668	0.054915782	-0.1737901	0.17617202	-0.8353291
0.08067938	-0.075231336	0.06971987	-0.07303995	0.03607129	-0.07848827	0.071556784	-0.081360064	0.087686025	-0.034103204	0.08440329	-0.131377	0.124978155	-0.10819358	0.16297132	-0.11352265	0.10953353	-0.12945499	0.106755	-0.12340028	0.17834002	-0.1743995	0.13764049	-0.13190158	0.11893412	-0.1861944	0.15317361	-0.19587664	0.16469002	-0.052556843	0.27429682	-0.3915394	0.20059204	-0.2080026	0.050941564	-0.34849086	0.31429598	-0.17045458	0.11675691	-0.0721668	0.99999774	-0.632874	0.09849886	-0.08780532	0.08361442
-0.05201484	0.047817808	-0.045032028	0.046692334	-0.024158865	0.049606007	-0.04582241	0.0519467	-0.05700049	0.022717753	-0.053179722	0.081264615	-0.08159128	0.069266036	-0.11182101	0.070237406	-0.06935622	0.08150565	-0.07009556	0.07947818	-0.121101424	0.108693495	-0.08984458	0.0853923	-0.07986311	0.115647875	-0.104631506	0.12394673	-0.11619001	0.035213154	-0.32264325	0.2745626	-0.16270281	0.1380672	-0.035050217	0.26932636	-0.6050243	0.1208354	-0.090338945	0.054915782	-0.632874	0.99999744	-0.09632962	0.07665227	-0.066119626
0.024559189	-0.02259762	0.021349348	-0.022165343	0.011453554	-0.023404246	0.021708872	-0.024672572	0.027164208	-0.010777315	0.025123298	-0.038549405	0.039059248	-0.03346397	0.053106513	-0.033075195	0.03316018	-0.0394923	0.034219444	-0.039089795	0.05306374	-0.05226371	0.044890266	-0.044038024	0.040135104	-0.04889493	0.043234628	-0.066964276	0.068283774	-0.024562692	0.06613655	-0.08871628	0.08915472	-0.10090434	0.02443163	-0.051115733	0.07433526	-0.3693712	0.25314707	-0.1737901	0.09849886	-0.09632962	0.9999973	-0.8672481	0.17916912
-0.021228658	0.01948901	-0.018465752	0.01913911	-0.009961587	0.020163542	-0.018751277	0.021303497	-0.023531836	0.009365807	-0.021640321	0.033097025	-0.03389486	0.028935889	-0.046378314	0.028389294	-0.028632624	0.034078266	-0.029796092	0.033879522	-0.04613018	0.04499277	-0.039280936	0.038521722	-0.035309874	0.0417847	-0.03746633	0.058587696	-0.063309886	0.022175508	-0.058567803	0.075557455	-0.083964735	0.09387162	-0.022331567	0.044278167	-0.06413595	0.26430276	-0.34879124	0.17617202	-0.08780532	0.07665227	-0.8672481	0.9999973	-0.22400782
0.025012838	-0.023019288	0.021758785	-0.022596411	0.011656073	-0.02383897	0.02213009	-0.02516373	0.027713772	-0.010970809	0.025615979	-0.03934884	0.039921775	-0.034250975	0.054034323	-0.033700325	0.03393766	-0.040502112	0.03510565	-0.040182915	0.05325309	-0.053631477	0.046385378	-0.045744937	0.041499432	-0.04927703	0.043579433	-0.07024366	0.072375745	-0.033265103	0.05899348	-0.08549641	0.09331171	-0.11007457	0.03296056	-0.04430038	0.06238866	-0.39113	0.29139325	-0.8353291	0.08361442	-0.066119626	0.17916912	-0.22400782	0.9999973
