1.0	-0.88918257	0.16229625	-0.0781924	0.056587286	-0.29663536	0.21414278	-0.17618613	0.10310331	-0.057698894	0.15730698	-0.18065983	0.11944979	-0.059977263	0.07708371	-0.12241178	0.102175415	-0.071109906	0.058148693	-0.08412314	0.08803499	-0.07221097	0.070638694	-0.059915897	0.056032557	-0.05606953	0.056993913	-0.060610123	0.040268924	-0.043298896	0.068738386	-0.04897893	0.037048116	-0.03440643	0.03624184	-0.023965195	0.05152171	-0.03785025	0.022517137	-0.026565988	0.025030067	-0.03452479	0.047242966	-0.010332154	0.010745787
-0.88918257	0.9999997	-0.2045341	0.08851256	-0.063276194	0.21885563	-0.27120367	0.1766578	-0.118777946	0.063241206	-0.15273458	0.16542955	-0.12811115	0.06339713	-0.08260854	0.11192953	-0.10002835	0.070414804	-0.058432	0.08397054	-0.08988709	0.07133244	-0.07084701	0.05977382	-0.056411434	0.05653071	-0.057263132	0.060507625	-0.040439032	0.043347154	-0.07014724	0.049421106	-0.03747766	0.03460714	-0.036574263	0.024359023	-0.052413337	0.038197048	-0.02270614	0.026733395	-0.02549658	0.035042755	-0.048175365	0.010424279	-0.0108497385
0.16229625	-0.2045341	0.9999998	-0.49719653	0.20251986	-0.23628463	0.23423393	-0.45799154	0.31583893	-0.22662547	0.16413833	-0.2488693	0.23991537	-0.13761656	0.17144711	-0.17163825	0.14654471	-0.1376019	0.112573266	-0.19031794	0.16205971	-0.12764578	0.1286036	-0.122500874	0.11443589	-0.10650167	0.10574683	-0.11715185	0.07928092	-0.08697023	0.13216208	-0.0948862	0.07283425	-0.06872824	0.07198955	-0.04711746	0.1004895	-0.075397365	0.045262873	-0.053867273	0.049194235	-0.06838018	0.093670174	-0.020875746	0.021699006
-0.0781924	0.08851256	-0.49719653	0.9999999	-0.3804512	0.111502886	-0.11717714	0.20387419	-0.6967229	0.25862482	-0.0800469	0.11975389	-0.13697876	0.09116422	-0.11892429	0.083648294	-0.07262781	0.07106692	-0.059254363	0.09891193	-0.08207161	0.06420499	-0.06544399	0.06331839	-0.059470475	0.053765956	-0.053423263	0.059222307	-0.040275548	0.044124812	-0.06692333	0.047915768	-0.03682538	0.034784462	-0.036501613	0.02381386	-0.050835706	0.03806569	-0.022867115	0.027183805	-0.024879092	0.034543663	-0.047378153	0.010541113	-0.010958699
0.056587286	-0.063276194	0.20251986	-0.3804512	1.0	-0.088287935	0.08805588	-0.14761467	0.2561493	-0.8427981	0.06491987	-0.098587774	0.1316941	-0.12784022	0.16065364	-0.07079309	0.062121693	-0.06739726	0.057558186	-0.09669759	0.07298313	-0.05729911	0.059387874	-0.060329393	0.05667825	-0.048078347	0.047855824	-0.05358422	0.036723007	-0.040319648	0.05977681	-0.04294581	0.03308857	-0.03150389	0.033072893	-0.021307036	0.04549705	-0.03421603	0.020615526	-0.02451561	0.02225158	-0.030935703	0.042395096	-0.0094958255	0.009869263
-0.29663536	0.21885563	-0.23628463	0.111502886	-0.088287935	1.0000001	-0.48092481	0.24683167	-0.16730505	0.08701824	-0.619989	0.30775416	-0.21383037	0.102128334	-0.13470627	0.24006148	-0.2177234	0.12398738	-0.1040454	0.13624328	-0.1646563	0.13249113	-0.13092019	0.10235473	-0.09719353	0.100776196	-0.10418284	0.10664039	-0.07075614	0.074795485	-0.124628045	0.08714718	-0.0656232	0.059947863	-0.06363105	0.042648196	-0.09230714	0.06628126	-0.039209016	0.04590698	-0.04467485	0.061073724	-0.084013104	0.017947406	-0.01868929
0.21414278	-0.27120367	0.23423393	-0.11717714	0.08805588	-0.48092481	1.0000001	-0.5687059	0.16761057	-0.08953248	0.26290426	-0.46093935	0.21537907	-0.10463159	0.12967888	-0.2106528	0.18457483	-0.117611125	0.09589587	-0.13379012	0.14216593	-0.1208453	0.11651541	-0.09696084	0.090448275	-0.09034111	0.09295276	-0.09800519	0.06477632	-0.06936157	0.10996624	-0.07859972	0.05920557	-0.054963563	0.057926226	-0.038182165	0.08228737	-0.060309168	0.035833716	-0.042210124	0.039857212	-0.05494631	0.07507038	-0.016414298	0.017068867
-0.17618613	0.1766578	-0.45799154	0.20387419	-0.14761467	0.24683167	-0.5687059	0.99999994	-0.31797424	0.14664376	-0.19285241	0.25802281	-0.3876123	0.16180788	-0.20464362	0.16526508	-0.15441838	0.12808742	-0.108552955	0.16099654	-0.15763758	0.12092782	-0.12365615	0.11031544	-0.10493994	0.09946553	-0.09976587	0.106833935	-0.0724264	0.077972494	-0.12517215	0.08765444	-0.06699046	0.062104825	-0.06574228	0.04364013	-0.09376502	0.06840642	-0.040807538	0.048081998	-0.04576017	0.06286988	-0.08681137	0.018763272	-0.019536538
0.10310331	-0.118777946	0.31583893	-0.6967229	0.2561493	-0.16730505	0.16761057	-0.31797424	0.9999999	-0.33114192	0.11859078	-0.18077898	0.19003604	-0.1242093	0.1549082	-0.12623575	0.10861209	-0.10630814	0.08776443	-0.14922842	0.12312301	-0.09661248	0.09805757	-0.09502771	0.08891934	-0.081002764	0.080384165	-0.089357145	0.06068242	-0.066623874	0.10065941	-0.072263926	0.055548552	-0.05252976	0.05504254	-0.035909396	0.0765838	-0.05751407	0.034563165	-0.041137476	0.037497006	-0.052130286	0.07143349	-0.015940312	0.016568748
-0.057698894	0.063241206	-0.22662547	0.25862482	-0.8427981	0.08701824	-0.08953248	0.14664376	-0.33114192	0.9999998	-0.064730264	0.09747661	-0.14990091	0.13929926	-0.22797792	0.069888026	-0.061884344	0.06752258	-0.05870459	0.09571378	-0.072795786	0.05690063	-0.059360165	0.060186338	-0.057066385	0.047731422	-0.04756705	0.053098973	-0.036485214	0.039946895	-0.059493672	0.042600892	-0.032825824	0.031211333	-0.03283206	0.021149078	-0.04520742	0.033879835	-0.020406727	0.024231939	-0.02210134	0.030680401	-0.042100307	0.009395031	-0.009767004
0.15730698	-0.15273458	0.16413833	-0.0800469	0.06491987	-0.619989	0.26290426	-0.19285241	0.11859078	-0.064730264	0.9999997	-0.5031611	0.16598862	-0.08207181	0.10504671	-0.458336	0.25832456	-0.12554228	0.10029139	-0.12471753	0.15174998	-0.14058371	0.12893823	-0.09777018	0.090276055	-0.09526226	0.101064965	-0.1032625	0.066688426	-0.07047621	0.112875976	-0.08150779	0.06043799	-0.05575415	0.058750145	-0.038707934	0.08393742	-0.06107836	0.036061294	-0.04230384	0.0403034	-0.05549402	0.07531634	-0.016441735	0.017088
-0.18065983	0.16542955	-0.2488693	0.11975389	-0.098587774	0.30775416	-0.46093935	0.25802281	-0.18077898	0.09747661	-0.5031611	0.9999999	-0.27597946	0.12690799	-0.1641407	0.29693222	-0.41618618	0.16832516	-0.1410484	0.17169377	-0.2170745	0.18793663	-0.18198201	0.13385285	-0.12658623	0.13228644	-0.14162199	0.1412252	-0.09265281	0.09710855	-0.16117561	0.11372588	-0.084966235	0.077527076	-0.08227975	0.054808967	-0.11924756	0.085379936	-0.05040545	0.058901723	-0.05731703	0.07837799	-0.10734058	0.02300385	-0.023943579
0.11944979	-0.12811115	0.23991537	-0.13697876	0.1316941	-0.21383037	0.21537907	-0.3876123	0.19003604	-0.14990091	0.16598862	-0.27597946	0.9999996	-0.51235	0.30345708	-0.18473579	0.16590776	-0.20304964	0.16480623	-0.26851594	0.18996868	-0.1541654	0.16107555	-0.16970699	0.15436026	-0.12651761	0.1269639	-0.14398602	0.09844979	-0.1084337	0.15551405	-0.11297476	0.08695433	-0.08371064	0.08763937	-0.055538014	0.118656956	-0.090000674	0.054366343	-0.0647348	0.057881143	-0.08072937	0.11011421	-0.024998661	0.025958529
-0.059977263	0.06339713	-0.13761656	0.09116422	-0.12784022	0.102128334	-0.10463159	0.16180788	-0.1242093	0.13929926	-0.08207181	0.12690799	-0.51235	0.99999934	-0.7732416	0.09382715	-0.08755012	0.125439	-0.13491686	0.15652558	-0.10508455	0.08436603	-0.0935398	0.1060768	-0.09788787	0.069091864	-0.07000601	0.079249844	-0.055524908	0.060357556	-0.08567398	0.061667275	-0.04763452	0.04605374	-0.048693605	0.030320372	-0.065110214	0.04890698	-0.029619275	0.035050347	-0.031673077	0.04397027	-0.060256172	0.013575477	-0.014107972
0.07708371	-0.08260854	0.17144711	-0.11892429	0.16065364	-0.13470627	0.12967888	-0.20464362	0.1549082	-0.22797792	0.10504671	-0.1641407	0.30345708	-0.7732416	0.99999934	-0.122453526	0.11086596	-0.14976367	0.13676159	-0.22644205	0.13585909	-0.108839735	0.11730305	-0.13281684	0.124234825	-0.090221	0.090702966	-0.10337529	0.072031796	-0.079157405	0.111596584	-0.08074563	0.062421188	-0.060472183	0.06364429	-0.03975953	0.08511295	-0.064417996	0.03903418	-0.0463641	0.041488748	-0.057773296	0.07901641	-0.01792272	0.018616734
-0.12241178	0.11192953	-0.17163825	0.083648294	-0.07079309	0.24006148	-0.2106528	0.16526508	-0.12623575	0.069888026	-0.458336	0.29693222	-0.18473579	0.09382715	-0.122453526	0.9999991	-0.6872175	0.18537241	-0.1543276	0.16296573	-0.24237208	0.22634596	-0.21171287	0.1383263	-0.12951206	0.1425768	-0.16040337	0.15237485	-0.09747927	0.100511394	-0.16746001	0.11986071	-0.08797309	0.07985768	-0.08464394	0.056057323	-0.12302655	0.08754617	-0.05137418	0.059812333	-0.058391664	0.07983094	-0.10823234	0.023307402	-0.024233907
0.102175415	-0.10002835	0.14654471	-0.07262781	0.062121693	-0.2177234	0.18457483	-0.15441838	0.10861209	-0.061884344	0.25832456	-0.41618618	0.16590776	-0.08755012	0.11086596	-0.6872175	0.9999986	-0.25455427	0.16544768	-0.17005156	0.22030233	-0.3628374	0.22423352	-0.15151352	0.13131258	-0.14605077	0.1696652	-0.1670747	0.10031381	-0.104723506	0.15840213	-0.122683994	0.08692321	-0.080920935	0.08429881	-0.054040752	0.118435815	-0.08720467	0.05105683	-0.059823856	0.055691663	-0.07749301	0.10276302	-0.023058213	0.02388779
-0.071109906	0.070414804	-0.1376019	0.07106692	-0.06739726	0.12398738	-0.117611125	0.12808742	-0.10630814	0.06752258	-0.12554228	0.16832516	-0.20304964	0.125439	-0.14976367	0.18537241	-0.25455427	0.9999987	-0.7085049	0.2477279	-0.24795447	0.22415023	-0.38105634	0.28298944	-0.25113043	0.15588245	-0.17380804	0.19395773	-0.13446012	0.13529442	-0.1912352	0.13651146	-0.104211666	0.10087469	-0.10896415	0.0647999	-0.142677	0.10330277	-0.06250789	0.07230301	-0.06785224	0.09290221	-0.1275565	0.028185578	-0.02932625
0.058148693	-0.058432	0.112573266	-0.059254363	0.057558186	-0.1040454	0.09589587	-0.108552955	0.08776443	-0.05870459	0.10029139	-0.1410484	0.16480623	-0.13491686	0.13676159	-0.1543276	0.16544768	-0.7085049	0.9999985	-0.31475765	0.18675841	-0.17980461	0.23984128	-0.49571806	0.25581968	-0.12528934	0.13704267	-0.16534652	0.12023986	-0.12611863	0.14900295	-0.11092813	0.085326806	-0.087956145	0.09333867	-0.05176448	0.11322483	-0.08583341	0.052758146	-0.061605033	0.05385946	-0.074894324	0.10155567	-0.023717599	0.024583902
-0.08412314	0.08397054	-0.19031794	0.09891193	-0.09669759	0.13624328	-0.13379012	0.16099654	-0.14922842	0.09571378	-0.12471753	0.17169377	-0.26851594	0.15652558	-0.22644205	0.16296573	-0.17005156	0.2477279	-0.31475765	0.9999983	-0.3078982	0.20501901	-0.26099336	0.30543628	-0.61239356	0.18728392	-0.18879074	0.20398943	-0.16563328	0.17474185	-0.2532423	0.16878487	-0.13433324	0.12888914	-0.1456982	0.08640018	-0.1887102	0.13314775	-0.081389666	0.09335791	-0.09185394	0.12393122	-0.17654055	0.037026513	-0.038745612
0.08803499	-0.08988709	0.16205971	-0.08207161	0.07298313	-0.1646563	0.14216593	-0.15763758	0.12312301	-0.072795786	0.15174998	-0.2170745	0.18996868	-0.10508455	0.13585909	-0.24237208	0.22030233	-0.24795447	0.18675841	-0.3078982	0.9999982	-0.42461765	0.27846703	-0.22800963	0.19494273	-0.51754916	0.28827238	-0.30938563	0.1761351	-0.19617449	0.30444142	-0.23620027	0.15858783	-0.15174755	0.150046	-0.10215489	0.20383456	-0.16832761	0.09669834	-0.11735488	0.10032654	-0.14315793	0.1744568	-0.043799877	0.044923175
-0.07221097	0.07133244	-0.12764578	0.06420499	-0.05729911	0.13249113	-0.1208453	0.12092782	-0.09661248	0.05690063	-0.14058371	0.18793663	-0.1541654	0.08436603	-0.108839735	0.22634596	-0.3628374	0.22415023	-0.17980461	0.20501901	-0.42461765	0.999998	-0.5738776	0.19495025	-0.17025198	0.24375536	-0.43147814	0.28334132	-0.15626167	0.15456034	-0.24530604	0.19911358	-0.13413154	0.11982408	-0.12391317	0.07990859	-0.18277334	0.12950525	-0.074373916	0.086415894	-0.0816249	0.11365429	-0.14722854	0.033151817	-0.034260552
0.070638694	-0.07084701	0.1286036	-0.06544399	0.059387874	-0.13092019	0.11651541	-0.12365615	0.09805757	-0.059360165	0.12893823	-0.18198201	0.16107555	-0.0935398	0.11730305	-0.21171287	0.22423352	-0.38105634	0.23984128	-0.26099336	0.27846703	-0.5738776	0.9999976	-0.32700008	0.21485253	-0.21653333	0.27264425	-0.43021873	0.18600415	-0.19232816	0.21789658	-0.18572295	0.1304956	-0.1342831	0.1357207	-0.07597701	0.16827515	-0.1310216	0.078448854	-0.09221904	0.07734557	-0.11024774	0.14242539	-0.034873575	0.035897255
-0.059915897	0.05977382	-0.122500874	0.06331839	-0.060329393	0.10235473	-0.09696084	0.11031544	-0.09502771	0.060186338	-0.09777018	0.13385285	-0.16970699	0.1060768	-0.13281684	0.1383263	-0.15151352	0.28298944	-0.49571806	0.30543628	-0.22800963	0.19495025	-0.32700008	0.9999976	-0.62616765	0.14705409	-0.1633767	0.19227064	-0.18013167	0.16934754	-0.18245605	0.13212673	-0.10514047	0.11242092	-0.12333504	0.06270854	-0.13840102	0.10399155	-0.06540859	0.075267725	-0.065672345	0.09060946	-0.12462474	0.029149642	-0.030273559
0.056032557	-0.056411434	0.11443589	-0.059470475	0.05667825	-0.09719353	0.090448275	-0.10493994	0.08891934	-0.057066385	0.090276055	-0.12658623	0.15436026	-0.09788787	0.124234825	-0.12951206	0.13131258	-0.25113043	0.25581968	-0.61239356	0.19494273	-0.17025198	0.21485253	-0.62616765	0.9999976	-0.1334864	0.14424582	-0.18053411	0.16156511	-0.20468682	0.16182631	-0.12178383	0.09810276	-0.1116988	0.122018375	-0.057215493	0.12525097	-0.09910615	0.06323499	-0.07389064	0.05956833	-0.08352455	0.11357326	-0.028196583	0.029149912
-0.05606953	0.05653071	-0.10650167	0.053765956	-0.048078347	0.100776196	-0.09034111	0.09946553	-0.081002764	0.047731422	-0.09526226	0.13228644	-0.12651761	0.069091864	-0.090221	0.1425768	-0.14605077	0.15588245	-0.12528934	0.18728392	-0.51754916	0.24375536	-0.21653333	0.14705409	-0.1334864	0.9999975	-0.43424684	0.25253338	-0.14766674	0.14935534	-0.6215345	0.24703975	-0.15389794	0.12523983	-0.12706326	0.11152343	-0.21426764	0.14922872	-0.08118218	0.09490582	-0.11133126	0.13521278	-0.16646382	0.03621861	-0.037311215
0.056993913	-0.057263132	0.10574683	-0.053423263	0.047855824	-0.10418284	0.09295276	-0.09976587	0.080384165	-0.04756705	0.101064965	-0.14162199	0.1269639	-0.07000601	0.090702966	-0.16040337	0.1696652	-0.17380804	0.13704267	-0.18879074	0.28827238	-0.43147814	0.27264425	-0.1633767	0.14424582	-0.43424684	0.9999975	-0.54486233	0.19437897	-0.19463913	0.287131	-0.3919423	0.17344902	-0.1492647	0.14499563	-0.09518252	0.22426555	-0.16594306	0.08883148	-0.10341719	0.09375053	-0.13763346	0.16448253	-0.038854364	0.03976363
-0.060610123	0.060507625	-0.11715185	0.059222307	-0.05358422	0.10664039	-0.09800519	0.106833935	-0.089357145	0.053098973	-0.1032625	0.1412252	-0.14398602	0.079249844	-0.10337529	0.15237485	-0.1670747	0.19395773	-0.16534652	0.20398943	-0.30938563	0.28334132	-0.43021873	0.19227064	-0.18053411	0.25253338	-0.54486233	0.99999774	-0.40707675	0.2521693	-0.2892233	0.2390982	-0.17865692	0.18172823	-0.19362944	0.09635229	-0.23184109	0.16435368	-0.10137146	0.11373254	-0.09964663	0.1393725	-0.18555558	0.043841936	-0.045380004
0.040268924	-0.040439032	0.07928092	-0.040275548	0.036723007	-0.07075614	0.06477632	-0.0724264	0.06068242	-0.036485214	0.066688426	-0.09265281	0.09844979	-0.055524908	0.072031796	-0.09747927	0.10031381	-0.13446012	0.12023986	-0.16563328	0.1761351	-0.15626167	0.18600415	-0.18013167	0.16156511	-0.14766674	0.19437897	-0.40707675	0.9999978	-0.7375429	0.1675059	-0.1560525	0.15362155	-0.3392179	0.2703496	-0.06314402	0.14472397	-0.15108244	0.11513913	-0.13136807	0.06443951	-0.097016856	0.12659444	-0.047065083	0.047258098
-0.043298896	0.043347154	-0.08697023	0.044124812	-0.040319648	0.074795485	-0.06936157	0.077972494	-0.066623874	0.039946895	-0.07047621	0.09710855	-0.1084337	0.060357556	-0.079157405	0.100511394	-0.104723506	0.13529442	-0.12611863	0.17474185	-0.19617449	0.15456034	-0.19232816	0.16934754	-0.20468682	0.14935534	-0.19463913	0.2521693	-0.7375429	0.9999973	-0.18588851	0.15682843	-0.159413	0.26826495	-0.42871478	0.06873981	-0.1595029	0.15018916	-0.11577642	0.1269638	-0.07128358	0.10431884	-0.14142478	0.047524348	-0.04879183
0.068738386	-0.07014724	0.13216208	-0.06692333	0.05977681	-0.124628045	0.10996624	-0.12517215	0.10065941	-0.059493672	0.112875976	-0.16117561	0.15551405	-0.08567398	0.111596584	-0.16746001	0.15840213	-0.1912352	0.14900295	-0.2532423	0.30444142	-0.24530604	0.21789658	-0.18245605	0.16182631	-0.6215345	0.287131	-0.2892233	0.1675059	-0.18588851	0.9999975	-0.3953268	0.19242267	-0.15982784	0.15287171	-0.1785327	0.25102317	-0.20512632	0.10546633	-0.12759155	0.1490714	-0.18228485	0.19826528	-0.04727389	0.048175346
-0.04897893	0.049421106	-0.0948862	0.047915768	-0.04294581	0.08714718	-0.07859972	0.08765444	-0.072263926	0.042600892	-0.08150779	0.11372588	-0.11297476	0.061667275	-0.08074563	0.11986071	-0.122683994	0.13651146	-0.11092813	0.16878487	-0.23620027	0.19911358	-0.18572295	0.13212673	-0.12178383	0.24703975	-0.3919423	0.2390982	-0.1560525	0.15682843	-0.3953268	0.99999756	-0.40041247	0.17097417	-0.16716757	0.14545526	-0.5666252	0.2618895	-0.117071085	0.12972684	-0.14395969	0.22219084	-0.26146704	0.049789734	-0.051005013
0.037048116	-0.03747766	0.07283425	-0.03682538	0.03308857	-0.0656232	0.05920557	-0.06699046	0.055548552	-0.032825824	0.06043799	-0.084966235	0.08695433	-0.04763452	0.062421188	-0.08797309	0.08692321	-0.104211666	0.085326806	-0.13433324	0.15858783	-0.13413154	0.1304956	-0.10514047	0.09810276	-0.15389794	0.17344902	-0.17865692	0.15362155	-0.159413	0.19242267	-0.40041247	0.9999973	-0.3264802	0.21935679	-0.09606129	0.23884472	-0.7309749	0.185665	-0.2012999	0.093552954	-0.17513423	0.21116616	-0.07185473	0.07070299
-0.03440643	0.03460714	-0.06872824	0.034784462	-0.03150389	0.059947863	-0.054963563	0.062104825	-0.05252976	0.031211333	-0.05575415	0.077527076	-0.08371064	0.04605374	-0.060472183	0.07985768	-0.080920935	0.10087469	-0.087956145	0.12888914	-0.15174755	0.11982408	-0.1342831	0.11242092	-0.1116988	0.12523983	-0.1492647	0.18172823	-0.3392179	0.26826495	-0.15982784	0.17097417	-0.3264802	0.9999971	-0.7426528	0.06745321	-0.16155706	0.22969046	-0.26681957	0.21543527	-0.0687856	0.11083854	-0.14840674	0.08171087	-0.082744785
0.03624184	-0.036574263	0.07198955	-0.036501613	0.033072893	-0.06363105	0.057926226	-0.06574228	0.05504254	-0.03283206	0.058750145	-0.08227975	0.08763937	-0.048693605	0.06364429	-0.08464394	0.08429881	-0.10896415	0.09333867	-0.1456982	0.150046	-0.12391317	0.1357207	-0.12333504	0.122018375	-0.12706326	0.14499563	-0.19362944	0.2703496	-0.42871478	0.15287171	-0.16716757	0.21935679	-0.7426528	0.99999684	-0.066310965	0.1507137	-0.23415007	0.19674394	-0.24169971	0.06658574	-0.110225245	0.13965134	-0.07902614	0.07674244
-0.023965195	0.024359023	-0.04711746	0.02381386	-0.021307036	0.042648196	-0.038182165	0.04364013	-0.035909396	0.021149078	-0.038707934	0.054808967	-0.055538014	0.030320372	-0.03975953	0.056057323	-0.054040752	0.0647999	-0.05176448	0.08640018	-0.10215489	0.07990859	-0.07597701	0.06270854	-0.057215493	0.11152343	-0.09518252	0.09635229	-0.06314402	0.06873981	-0.1785327	0.14545526	-0.09606129	0.06745321	-0.066310965	0.9999969	-0.25625002	0.10757481	-0.050194215	0.05909652	-0.9067887	0.20861192	-0.19389004	0.023087649	-0.023582403
0.05152171	-0.052413337	0.1004895	-0.050835706	0.04549705	-0.09230714	0.08228737	-0.09376502	0.0765838	-0.04520742	0.08393742	-0.11924756	0.118656956	-0.065110214	0.08511295	-0.12302655	0.118435815	-0.142677	0.11322483	-0.1887102	0.20383456	-0.18277334	0.16827515	-0.13840102	0.12525097	-0.21426764	0.22426555	-0.23184109	0.14472397	-0.1595029	0.25102317	-0.5666252	0.23884472	-0.16155706	0.1507137	-0.25625002	0.9999971	-0.2966866	0.12047843	-0.14466403	0.20336848	-0.47569683	0.29455167	-0.053339086	0.05368208
-0.03785025	0.038197048	-0.075397365	0.03806569	-0.03421603	0.06628126	-0.060309168	0.06840642	-0.05751407	0.033879835	-0.06107836	0.085379936	-0.090000674	0.04890698	-0.064417996	0.08754617	-0.08720467	0.10330277	-0.08583341	0.13314775	-0.16832761	0.12950525	-0.1310216	0.10399155	-0.09910615	0.14922872	-0.16594306	0.16435368	-0.15108244	0.15018916	-0.20512632	0.2618895	-0.7309749	0.22969046	-0.23415007	0.10757481	-0.2966866	0.9999972	-0.2668488	0.20917366	-0.11023043	0.20087384	-0.32831815	0.08446392	-0.08705745
0.022517137	-0.02270614	0.045262873	-0.022867115	0.020615526	-0.039209016	0.035833716	-0.040807538	0.034563165	-0.020406727	0.036061294	-0.05040545	0.054366343	-0.029619275	0.03903418	-0.05137418	0.05105683	-0.06250789	0.052758146	-0.081389666	0.09669834	-0.074373916	0.078448854	-0.06540859	0.06323499	-0.08118218	0.08883148	-0.10137146	0.11513913	-0.11577642	0.10546633	-0.117071085	0.185665	-0.26681957	0.19674394	-0.050194215	0.12047843	-0.2668488	0.99999744	-0.830283	0.05115901	-0.08766822	0.12198121	-0.26836354	0.2094127
-0.026565988	0.026733395	-0.053867273	0.027183805	-0.02451561	0.04590698	-0.042210124	0.048081998	-0.041137476	0.024231939	-0.04230384	0.058901723	-0.0647348	0.035050347	-0.0463641	0.059812333	-0.059823856	0.07230301	-0.061605033	0.09335791	-0.11735488	0.086415894	-0.09221904	0.075267725	-0.07389064	0.09490582	-0.10341719	0.11373254	-0.13136807	0.1269638	-0.12759155	0.12972684	-0.2012999	0.21543527	-0.24169971	0.05909652	-0.14466403	0.20917366	-0.830283	0.9999975	-0.06136542	0.10010964	-0.14667144	0.20974016	-0.2682572
0.025030067	-0.02549658	0.049194235	-0.024879092	0.02225158	-0.04467485	0.039857212	-0.04576017	0.037497006	-0.02210134	0.0403034	-0.05731703	0.057881143	-0.031673077	0.041488748	-0.058391664	0.055691663	-0.06785224	0.05385946	-0.09185394	0.10032654	-0.0816249	0.07734557	-0.065672345	0.05956833	-0.11133126	0.09375053	-0.09964663	0.06443951	-0.07128358	0.1490714	-0.14395969	0.093552954	-0.0687856	0.06658574	-0.9067887	0.20336848	-0.11023043	0.05115901	-0.06136542	0.99999785	-0.27306622	0.1810006	-0.023550875	0.023934973
-0.03452479	0.035042755	-0.06838018	0.034543663	-0.030935703	0.061073724	-0.05494631	0.06286988	-0.052130286	0.030680401	-0.05549402	0.07837799	-0.08072937	0.04397027	-0.057773296	0.07983094	-0.07749301	0.09290221	-0.074894324	0.12393122	-0.14315793	0.11365429	-0.11024774	0.09060946	-0.08352455	0.13521278	-0.13763346	0.1393725	-0.097016856	0.10431884	-0.18228485	0.22219084	-0.17513423	0.11083854	-0.110225245	0.20861192	-0.47569683	0.20087384	-0.08766822	0.10010964	-0.27306622	0.9999979	-0.73862225	0.04181507	-0.042655416
0.047242966	-0.048175365	0.093670174	-0.047378153	0.042395096	-0.084013104	0.07507038	-0.08681137	0.07143349	-0.042100307	0.07531634	-0.10734058	0.11011421	-0.060256172	0.07901641	-0.10823234	0.10276302	-0.1275565	0.10155567	-0.17654055	0.1744568	-0.14722854	0.14242539	-0.12462474	0.11357326	-0.16646382	0.16448253	-0.18555558	0.12659444	-0.14142478	0.19826528	-0.26146704	0.21116616	-0.14840674	0.13965134	-0.19389004	0.29455167	-0.32831815	0.12198121	-0.14667144	0.1810006	-0.73862225	0.9999981	-0.059402566	0.058604527
-0.010332154	0.010424279	-0.020875746	0.010541113	-0.0094958255	0.017947406	-0.016414298	0.018763272	-0.015940312	0.009395031	-0.016441735	0.02300385	-0.024998661	0.013575477	-0.01792272	0.023307402	-0.023058213	0.028185578	-0.023717599	0.037026513	-0.043799877	0.033151817	-0.034873575	0.029149642	-0.028196583	0.03621861	-0.038854364	0.043841936	-0.047065083	0.047524348	-0.04727389	0.049789734	-0.07185473	0.08171087	-0.07902614	0.023087649	-0.053339086	0.08446392	-0.26836354	0.20974016	-0.023550875	0.04181507	-0.059402566	0.9999979	-0.9344619
0.010745787	-0.0108497385	0.021699006	-0.010958699	0.009869263	-0.01868929	0.017068867	-0.019536538	0.016568748	-0.009767004	0.017088	-0.023943579	0.025958529	-0.014107972	0.018616734	-0.024233907	0.02388779	-0.02932625	0.024583902	-0.038745612	0.044923175	-0.034260552	0.035897255	-0.030273559	0.029149912	-0.037311215	0.03976363	-0.045380004	0.047258098	-0.04879183	0.048175346	-0.051005013	0.07070299	-0.082744785	0.07674244	-0.023582403	0.05368208	-0.08705745	0.2094127	-0.2682572	0.023934973	-0.042655416	0.058604527	-0.9344619	0.9999979
