1.0000001	-0.47427443	0.2360665	-0.15233818	0.11034094	-0.7141282	0.30907676	-0.23945755	0.15294756	-0.1626155	0.23266944	-0.19590843	0.18056498	-0.10006628	0.08804802	-0.15437883	0.112134874	-0.14199957	0.085342936	-0.08580782	0.09073483	-0.15149346	0.098765865	-0.07119507	0.06962621	-0.13280737	0.054261938	-0.05337016	0.05277802	-0.042853262	0.043986738	-0.027985906	0.02819169	-0.021590974	0.022423616	-0.009928029	0.019381922	-0.020318713	0.018253013	-0.015058792	0.011103984	-0.017867977	0.024235751	-0.02048903	0.015206302
-0.47427443	1.0000001	-0.56646043	0.15770556	-0.124632046	0.28470087	-0.5206323	0.28359213	-0.17850338	0.16200244	-0.21223857	0.20534413	-0.22040698	0.09480793	-0.08497811	0.11878468	-0.09291224	0.118143044	-0.07948623	0.077426545	-0.07058075	0.11779898	-0.08434341	0.06124266	-0.061457917	0.10034018	-0.045674685	0.044299517	-0.046209823	0.03719193	-0.035796933	0.023191318	-0.023452325	0.017996194	-0.018749237	0.008126106	-0.016065482	0.016834686	-0.015155145	0.012493943	-0.0090832645	0.014775248	-0.020090114	0.016937794	-0.01261237
0.2360665	-0.56646043	1.0	-0.2744643	0.17803057	-0.21571389	0.28228483	-0.59020036	0.24110167	-0.25189295	0.1919623	-0.20673777	0.2125454	-0.11716122	0.10316665	-0.1290321	0.10065466	-0.13435227	0.09408226	-0.0940174	0.077804044	-0.13170289	0.09445437	-0.070251696	0.0700267	-0.11181222	0.05122853	-0.049917977	0.052378424	-0.04247618	0.04047729	-0.026134482	0.02641247	-0.02034308	0.021176819	-0.009180848	0.018114125	-0.018989548	0.017105516	-0.014109137	0.010263724	-0.016669327	0.022654938	-0.019130496	0.014237701
-0.15233818	0.15770556	-0.2744643	0.99999994	-0.8130854	0.11908782	-0.15976684	0.19764392	-0.3107341	0.2839878	-0.1668316	0.12224006	-0.14674318	0.113009214	-0.114722654	0.09578294	-0.07947765	0.10827302	-0.09380025	0.09100229	-0.059174977	0.10011917	-0.08283457	0.06360382	-0.06656587	0.08243788	-0.04548574	0.04323972	-0.049414046	0.03943716	-0.036507927	0.023145871	-0.023535784	0.018176584	-0.01905535	0.008232801	-0.01613524	0.016869321	-0.0152485715	0.012559797	-0.009218655	0.014798673	-0.02022988	0.01694247	-0.012689841
0.11034094	-0.124632046	0.17803057	-0.8130854	1.0000002	-0.09241705	0.11958274	-0.16927287	0.2437875	-0.4554698	0.12604265	-0.097968765	0.11311598	-0.099214025	0.0987327	-0.081661955	0.06665275	-0.09325941	0.078924365	-0.08159102	0.050634928	-0.08643059	0.06899088	-0.05386959	0.055210814	-0.071585715	0.037727036	-0.03628763	0.04078444	-0.0329977	0.03027629	-0.019276854	0.019556807	-0.015153095	0.015839249	-0.0068382043	0.013419828	-0.014048676	0.012695283	-0.010466587	0.007653728	-0.012326315	0.016813518	-0.0141395535	0.010565925
-0.7141282	0.28470087	-0.21571389	0.11908782	-0.09241705	1.0000004	-0.507483	0.20469482	-0.13693833	0.12971234	-0.3110611	0.19922511	-0.19128513	0.08653412	-0.076625824	0.13510723	-0.09984255	0.12145089	-0.07440172	0.07309626	-0.07785103	0.12784779	-0.085727036	0.06109147	-0.06044185	0.11129883	-0.04673036	0.04563718	-0.045773514	0.036922038	-0.036913835	0.023837099	-0.02405046	0.01839588	-0.019129109	0.008369906	-0.016492657	0.017288402	-0.015536553	0.012811564	-0.00935505	0.0151866125	-0.020615524	0.017407384	-0.012935237
0.30907676	-0.5206323	0.28228483	-0.15976684	0.11958274	-0.507483	1.0000001	-0.38968405	0.18522847	-0.18272431	0.23633373	-0.37344593	0.25585476	-0.10818533	0.09384871	-0.14349121	0.11072139	-0.14014468	0.08966706	-0.088048756	0.08407235	-0.1409012	0.09740548	-0.07035269	0.06969219	-0.12037609	0.052580196	-0.051331695	0.052461874	-0.042424228	0.040981706	-0.02670521	0.026964046	-0.020685436	0.021511294	-0.009320546	0.018471278	-0.019370507	0.017424457	-0.014370451	0.010413438	-0.017002145	0.023083163	-0.019505363	0.014500969
-0.23945755	0.28359213	-0.59020036	0.19764392	-0.16927287	0.20469482	-0.38968405	1.0	-0.44453904	0.2487432	-0.20947567	0.23345207	-0.34001246	0.1308238	-0.11404967	0.12419474	-0.10086587	0.13497527	-0.104178324	0.09780438	-0.0746621	0.12600438	-0.096236035	0.07136461	-0.07232945	0.10512189	-0.05139297	0.04962948	-0.053754922	0.043299165	-0.039057348	0.025810895	-0.02615049	0.020159138	-0.02102045	0.00892498	-0.017868826	0.018734934	-0.016897563	0.013931007	-0.009967519	0.016415529	-0.022336317	0.01884197	-0.014050218
0.15294756	-0.17850338	0.24110167	-0.3107341	0.2437875	-0.13693833	0.18522847	-0.44453904	1.0000004	-0.69795495	0.17150548	-0.15610261	0.17984991	-0.22435987	0.16660167	-0.11620088	0.096822985	-0.14351092	0.14214116	-0.13743117	0.07179696	-0.1238576	0.10297616	-0.0828008	0.084203005	-0.100765906	0.05484016	-0.05302111	0.06112776	-0.049954146	0.040700957	-0.027421277	0.027822282	-0.021755079	0.022684122	-0.009368335	0.01900017	-0.019951355	0.018068485	-0.014913123	0.010453467	-0.017449878	0.023752952	-0.020110698	0.015013731
-0.1626155	0.16200244	-0.25189295	0.2839878	-0.4554698	0.12971234	-0.18272431	0.2487432	-0.69795495	1.0000006	-0.17933065	0.14036298	-0.17463653	0.16986404	-0.19127555	0.10686262	-0.0910329	0.1299341	-0.13429825	0.13176641	-0.06630848	0.113443926	-0.099388815	0.079198115	-0.08325348	0.09163435	-0.053549442	0.050908126	-0.06058122	0.04876945	-0.03971209	0.026633916	-0.02711427	0.021157783	-0.02215507	0.009126683	-0.01849906	0.019393142	-0.017583089	0.014496629	-0.0101894215	0.01695543	-0.023154832	0.019501185	-0.014609288
0.23266944	-0.21223857	0.1919623	-0.1668316	0.12604265	-0.3110611	0.23633373	-0.20947567	0.17150548	-0.17933065	1.0000005	-0.37008205	0.26416337	-0.17280687	0.14845718	-0.45520896	0.27095202	-0.31362718	0.1571327	-0.1581197	0.23009992	-0.36831835	0.21373948	-0.14746884	0.14110914	-0.3370856	0.11896561	-0.11815835	0.108505584	-0.08814304	0.09402968	-0.061122227	0.06133053	-0.046718724	0.048339777	-0.02136972	0.042142894	-0.0442519	0.039640095	-0.03272191	0.023860538	-0.03892735	0.052615147	-0.04468126	0.033031415
-0.19590843	0.20534413	-0.20673777	0.12224006	-0.097968765	0.19922511	-0.37344593	0.23345207	-0.15610261	0.14036298	-0.37008205	1.0000004	-0.7589988	0.12365562	-0.10557349	0.16807157	-0.14958492	0.16816364	-0.10597347	0.09672662	-0.0961792	0.16056146	-0.117175184	0.080636986	-0.08105473	0.13201371	-0.06080543	0.058710083	-0.06087203	0.048616968	-0.044351447	0.030036027	-0.030414656	0.023193767	-0.024153983	0.010205431	-0.020685682	0.02169367	-0.01950604	0.01606717	-0.01138163	0.018989457	-0.025800683	0.021753622	-0.01620283
0.18056498	-0.22040698	0.2125454	-0.14674318	0.11311598	-0.19128513	0.25585476	-0.34001246	0.17984991	-0.17463653	0.26416337	-0.7589988	1.0000002	-0.16765799	0.12653236	-0.19014668	0.15474504	-0.22323857	0.12987748	-0.1197802	0.110955045	-0.19017963	0.13778783	-0.09668959	0.09518278	-0.15718693	0.07103413	-0.06945215	0.07121981	-0.05757766	0.051833153	-0.03526911	0.035638027	-0.027308539	0.02835853	-0.011950677	0.02426739	-0.025486847	0.02292047	-0.018900102	0.0133219	-0.022312604	0.030251935	-0.025622226	0.019041859
-0.10006628	0.09480793	-0.11716122	0.113009214	-0.099214025	0.08653412	-0.10818533	0.1308238	-0.22435987	0.16986404	-0.17280687	0.12365562	-0.16765799	1.0000002	-0.57664174	0.1219853	-0.12481995	0.22138429	-0.64016294	0.3207759	-0.079080924	0.14244498	-0.17414802	0.15578859	-0.16714375	0.102624916	-0.08204217	0.07772508	-0.1114241	0.09019981	-0.047879785	0.037647698	-0.038648795	0.030993521	-0.032434102	0.011612375	-0.025798868	0.027195591	-0.024902763	0.020539857	-0.012867809	0.02346971	-0.03203964	0.02722995	-0.020520613
0.08804802	-0.08497811	0.10316665	-0.114722654	0.0987327	-0.076625824	0.09384871	-0.11404967	0.16660167	-0.19127555	0.14845718	-0.10557349	0.12653236	-0.57664174	1.0000001	-0.11849272	0.113346525	-0.211801	0.31967703	-0.6716841	0.07696958	-0.14201918	0.15392777	-0.16398811	0.17052147	-0.10274633	0.07472623	-0.07367316	0.10698478	-0.09744584	0.04538497	-0.035467234	0.036152557	-0.03014868	0.03127313	-0.011013839	0.024385087	-0.025848666	0.023825428	-0.019772267	0.012198856	-0.022322113	0.030315408	-0.026243038	0.019664116
-0.15437883	0.11878468	-0.1290321	0.09578294	-0.081661955	0.13510723	-0.14349121	0.12419474	-0.11620088	0.10686262	-0.45520896	0.16807157	-0.19014668	0.1219853	-0.11849272	1.0000004	-0.6338972	0.24632138	-0.12817322	0.117097385	-0.39293945	0.31216735	-0.21763606	0.12889652	-0.13555281	0.27167493	-0.116449736	0.104884796	-0.10467169	0.07944985	-0.0770169	0.053894106	-0.055136427	0.039966192	-0.042174056	0.017812187	-0.036859583	0.03835857	-0.034226142	0.027960401	-0.019845	0.03346628	-0.045894243	0.037623495	-0.028338103
0.112134874	-0.09291224	0.10065466	-0.07947765	0.06665275	-0.09984255	0.11072139	-0.10086587	0.096822985	-0.0910329	0.27095202	-0.14958492	0.15474504	-0.12481995	0.113346525	-0.6338972	1.0000006	-0.38712844	0.13566925	-0.12128603	0.23959509	-0.54054946	0.23710912	-0.13636875	0.1336552	-0.25234732	0.11014462	-0.10466176	0.100949965	-0.07813379	0.063654795	-0.048909992	0.049914	-0.035898514	0.037553743	-0.015137818	0.03280356	-0.034283992	0.030447833	-0.024854586	0.016784126	-0.0297048	0.040435854	-0.03338141	0.02505213
-0.14199957	0.118143044	-0.13435227	0.10827302	-0.09325941	0.12145089	-0.14014468	0.13497527	-0.14351092	0.1299341	-0.31362718	0.16816364	-0.22323857	0.22138429	-0.211801	0.24632138	-0.38712844	1.0000002	-0.34973738	0.21844624	-0.16129296	0.2939244	-0.5528804	0.24330433	-0.25649816	0.18624385	-0.18584548	0.1699452	-0.18531209	0.13874723	-0.08838561	0.07599017	-0.078791454	0.055662043	-0.058376092	0.021808863	-0.050327696	0.052542794	-0.04664152	0.03788155	-0.02409319	0.045035247	-0.061461497	0.050313957	-0.038025096
0.085342936	-0.07948623	0.09408226	-0.09380025	0.078924365	-0.07440172	0.08966706	-0.104178324	0.14214116	-0.13429825	0.1571327	-0.10597347	0.12987748	-0.64016294	0.31967703	-0.12817322	0.13566925	-0.34973738	1.0000004	-0.54142433	0.082452804	-0.15412751	0.19480567	-0.21147573	0.1874863	-0.105572015	0.0856135	-0.083819546	0.12021782	-0.10265155	0.047166158	-0.03858496	0.0395353	-0.03189114	0.033157554	-0.011570613	0.02618358	-0.02767829	0.025336824	-0.020913098	0.012794726	-0.0237888	0.032336786	-0.02765324	0.0208022
-0.08580782	0.077426545	-0.0940174	0.09100229	-0.08159102	0.07309626	-0.088048756	0.09780438	-0.13743117	0.13176641	-0.1581197	0.09672662	-0.1197802	0.3207759	-0.6716841	0.117097385	-0.12128603	0.21844624	-0.54142433	1.0000002	-0.07768154	0.1431712	-0.18619813	0.19236156	-0.26656651	0.10006659	-0.086899325	0.0830944	-0.13947374	0.12043356	-0.04877392	0.039631434	-0.04073339	0.03417875	-0.035719037	0.011986825	-0.027183175	0.028779302	-0.026686305	0.022095094	-0.013261462	0.02471208	-0.033720724	0.029029312	-0.021934602
0.09073483	-0.07058075	0.077804044	-0.059174977	0.050634928	-0.07785103	0.08407235	-0.0746621	0.07179696	-0.06630848	0.23009992	-0.0961792	0.110955045	-0.079080924	0.07696958	-0.39293945	0.23959509	-0.16129296	0.082452804	-0.07768154	1.0000002	-0.37049264	0.16181873	-0.09345786	0.09542205	-0.7883223	0.09665378	-0.0875578	0.074187934	-0.056471795	0.055471905	-0.041890252	0.041959085	-0.028952794	0.030342594	-0.012973005	0.027502857	-0.02861292	0.02507919	-0.02038096	0.01435059	-0.024840044	0.033700056	-0.027465833	0.02060295
-0.15149346	0.11779898	-0.13170289	0.10011917	-0.08643059	0.12784779	-0.1409012	0.12600438	-0.1238576	0.113443926	-0.36831835	0.16056146	-0.19017963	0.14244498	-0.14201918	0.31216735	-0.54054946	0.2939244	-0.15412751	0.1431712	-0.37049264	1.0000001	-0.4238787	0.19118527	-0.19889683	0.26938856	-0.16761148	0.15066154	-0.15058643	0.11220367	-0.09238052	0.071628384	-0.0738901	0.05180632	-0.054600302	0.0219926	-0.048040178	0.04996065	-0.04426032	0.035958	-0.0244032	0.04319086	-0.059165612	0.04807967	-0.03633026
0.098765865	-0.08434341	0.09445437	-0.08283457	0.06899088	-0.085727036	0.09740548	-0.096236035	0.10297616	-0.099388815	0.21373948	-0.117175184	0.13778783	-0.17414802	0.15392777	-0.21763606	0.23710912	-0.5528804	0.19480567	-0.18619813	0.16181873	-0.4238787	0.99999994	-0.45465675	0.25178465	-0.19929132	0.20606005	-0.2838441	0.18186589	-0.15264069	0.08027352	-0.08197359	0.083096705	-0.055520542	0.056486204	-0.020710524	0.050927978	-0.053881433	0.046380382	-0.037532352	0.022666516	-0.04547713	0.060343124	-0.050017815	0.037214164
-0.07119507	0.06124266	-0.070251696	0.06360382	-0.05386959	0.06109147	-0.07035269	0.07136461	-0.0828008	0.079198115	-0.14746884	0.080636986	-0.09668959	0.15578859	-0.16398811	0.12889652	-0.13636875	0.24330433	-0.21147573	0.19236156	-0.09345786	0.19118527	-0.45465675	0.9999999	-0.67701924	0.11694296	-0.13208126	0.13626398	-0.37065265	0.25969967	-0.058542185	0.055725608	-0.05755762	0.05329099	-0.05485056	0.015172944	-0.037397966	0.040104013	-0.038307875	0.03177479	-0.016649593	0.033667564	-0.045547657	0.0405597	-0.030902576
0.06962621	-0.061457917	0.0700267	-0.06656587	0.055210814	-0.06044185	0.06969219	-0.07232945	0.084203005	-0.08325348	0.14110914	-0.08105473	0.09518278	-0.16714375	0.17052147	-0.13555281	0.1336552	-0.25649816	0.1874863	-0.26656651	0.09542205	-0.19889683	0.25178465	-0.67701924	0.99999976	-0.1256756	0.11005926	-0.12087273	0.2949146	-0.45924395	0.056935538	-0.051640168	0.05254425	-0.05430256	0.055385914	-0.014660051	0.035416003	-0.038458824	0.037473466	-0.031815022	0.016096877	-0.03240225	0.043569006	-0.040521923	0.030496204
-0.13280737	0.10034018	-0.11181222	0.08243788	-0.071585715	0.11129883	-0.12037609	0.10512189	-0.100765906	0.09163435	-0.3370856	0.13201371	-0.15718693	0.102624916	-0.10274633	0.27167493	-0.25234732	0.18624385	-0.105572015	0.10006659	-0.7883223	0.26938856	-0.19929132	0.11694296	-0.1256756	0.9999996	-0.1377216	0.11403713	-0.09895739	0.07416283	-0.08034463	0.05788023	-0.058265246	0.039996922	-0.04217902	0.018482901	-0.03838515	0.03975452	-0.03490677	0.028341344	-0.020491593	0.034619067	-0.04723779	0.038193595	-0.028752582
0.054261938	-0.045674685	0.05122853	-0.04548574	0.037727036	-0.04673036	0.052580196	-0.05139297	0.05484016	-0.053549442	0.11896561	-0.06080543	0.07103413	-0.08204217	0.07472623	-0.116449736	0.11014462	-0.18584548	0.0856135	-0.086899325	0.09665378	-0.16761148	0.20606005	-0.13208126	0.11005926	-0.1377216	0.9999995	-0.86152077	0.10584761	-0.08855855	0.11315497	-0.26104066	0.19023965	-0.077655695	0.074810326	-0.03404167	0.1042263	-0.107740335	0.077599294	-0.059421096	0.035978746	-0.08865221	0.10582792	-0.08126391	0.058027145
-0.05337016	0.044299517	-0.049917977	0.04323972	-0.03628763	0.04563718	-0.051331695	0.04962948	-0.05302111	0.050908126	-0.11815835	0.058710083	-0.06945215	0.07772508	-0.07367316	0.104884796	-0.10466176	0.1699452	-0.083819546	0.0830944	-0.0875578	0.15066154	-0.2838441	0.13626398	-0.12087273	0.11403713	-0.86152077	0.9999995	-0.12280699	0.09268327	-0.11056884	0.19258456	-0.21485281	0.075290166	-0.075137384	0.032753993	-0.101844326	0.10408113	-0.07714811	0.0576891	-0.03504346	0.08298488	-0.10785959	0.07751079	-0.057318363
0.05277802	-0.046209823	0.052378424	-0.049414046	0.04078444	-0.045773514	0.052461874	-0.053754922	0.06112776	-0.06058122	0.108505584	-0.06087203	0.07121981	-0.1114241	0.10698478	-0.10467169	0.100949965	-0.18531209	0.12021782	-0.13947374	0.074187934	-0.15058643	0.18186589	-0.37065265	0.2949146	-0.09895739	0.10584761	-0.12280699	0.9999994	-0.82148474	0.053466868	-0.052182786	0.053709444	-0.08144553	0.07666809	-0.014503033	0.03756656	-0.042119242	0.045975585	-0.039372277	0.01584517	-0.034408495	0.046477966	-0.04742986	0.03646775
-0.042853262	0.03719193	-0.04247618	0.03943716	-0.0329977	0.036922038	-0.042424228	0.043299165	-0.049954146	0.04876945	-0.08814304	0.048616968	-0.05757766	0.09019981	-0.09744584	0.07944985	-0.07813379	0.13874723	-0.10265155	0.12043356	-0.056471795	0.11220367	-0.15264069	0.25969967	-0.45924395	0.07416283	-0.08855855	0.09268327	-0.82148474	0.99999934	-0.043816	0.042881597	-0.04467559	0.067067154	-0.072061084	0.011972382	-0.031394746	0.035141643	-0.039117962	0.034101818	-0.0130842915	0.028628359	-0.03903928	0.04015432	-0.031340674
0.043986738	-0.035796933	0.04047729	-0.036507927	0.03027629	-0.036913835	0.040981706	-0.039057348	0.040700957	-0.03971209	0.09402968	-0.044351447	0.051833153	-0.047879785	0.04538497	-0.0770169	0.063654795	-0.08838561	0.047166158	-0.04877392	0.055471905	-0.09238052	0.08027352	-0.058542185	0.056935538	-0.08034463	0.11315497	-0.11056884	0.053466868	-0.043816	0.99999917	-0.24810077	0.18165185	-0.12477113	0.12121767	-0.18934445	0.1459172	-0.14912981	0.1198597	-0.09903668	0.16014835	-0.14299911	0.16717015	-0.14607593	0.099652946
-0.027985906	0.023191318	-0.026134482	0.023145871	-0.019276854	0.023837099	-0.02670521	0.025810895	-0.027421277	0.026633916	-0.061122227	0.030036027	-0.03526911	0.037647698	-0.035467234	0.053894106	-0.048909992	0.07599017	-0.03858496	0.039631434	-0.041890252	0.071628384	-0.08197359	0.055725608	-0.051640168	0.05788023	-0.26104066	0.19258456	-0.052182786	0.042881597	-0.24810077	0.9999989	-0.7605142	0.14115767	-0.13641877	0.07506105	-0.33968458	0.26366284	-0.17127341	0.11715615	-0.07803826	0.20425105	-0.24978742	0.15670194	-0.114645675
0.02819169	-0.023452325	0.02641247	-0.023535784	0.019556807	-0.02405046	0.026964046	-0.02615049	0.027822282	-0.02711427	0.06133053	-0.030414656	0.035638027	-0.038648795	0.036152557	-0.055136427	0.049914	-0.078791454	0.0395353	-0.04073339	0.041959085	-0.0738901	0.083096705	-0.05755762	0.05254425	-0.058265246	0.19023965	-0.21485281	0.053709444	-0.04467559	0.18165185	-0.7605142	0.99999887	-0.17446618	0.14449807	-0.065978274	0.25060868	-0.4076601	0.18771389	-0.13509867	0.067249	-0.20848863	0.22206265	-0.17943783	0.1214023
-0.021590974	0.017996194	-0.02034308	0.018176584	-0.015153095	0.01839588	-0.020685436	0.020159138	-0.021755079	0.021157783	-0.046718724	0.023193767	-0.027308539	0.030993521	-0.03014868	0.039966192	-0.035898514	0.055662043	-0.03189114	0.03417875	-0.028952794	0.05180632	-0.055520542	0.05329099	-0.05430256	0.039996922	-0.077655695	0.075290166	-0.08144553	0.067067154	-0.12477113	0.14115767	-0.17446618	0.99999887	-0.78684425	0.045228202	-0.16021164	0.20030324	-0.41894552	0.26030755	-0.04880656	0.13969111	-0.20840752	0.25414953	-0.24273852
0.022423616	-0.018749237	0.021176819	-0.01905535	0.015839249	-0.019129109	0.021511294	-0.02102045	0.022684122	-0.02215507	0.048339777	-0.024153983	0.02835853	-0.032434102	0.03127313	-0.042174056	0.037553743	-0.058376092	0.033157554	-0.035719037	0.030342594	-0.054600302	0.056486204	-0.05485056	0.055385914	-0.04217902	0.074810326	-0.075137384	0.07666809	-0.072061084	0.12121767	-0.13641877	0.14449807	-0.78684425	0.9999987	-0.04281868	0.13975018	-0.18880396	0.28344363	-0.37658334	0.0457795	-0.13771003	0.18163775	-0.3282123	0.23814902
-0.009928029	0.008126106	-0.009180848	0.008232801	-0.0068382043	0.008369906	-0.009320546	0.00892498	-0.009368335	0.009126683	-0.02136972	0.010205431	-0.011950677	0.011612375	-0.011013839	0.017812187	-0.015137818	0.021808863	-0.011570613	0.011986825	-0.012973005	0.0219926	-0.020710524	0.015172944	-0.014660051	0.018482901	-0.03404167	0.032753993	-0.014503033	0.011972382	-0.18934445	0.07506105	-0.065978274	0.045228202	-0.04281868	0.99999845	-0.12176839	0.07773253	-0.051944446	0.039621018	-0.9578334	0.09750075	-0.08306721	0.05753933	-0.038481373
0.019381922	-0.016065482	0.018114125	-0.01613524	0.013419828	-0.016492657	0.018471278	-0.017868826	0.01900017	-0.01849906	0.042142894	-0.020685682	0.02426739	-0.025798868	0.024385087	-0.036859583	0.03280356	-0.050327696	0.02618358	-0.027183175	0.027502857	-0.048040178	0.050927978	-0.037397966	0.035416003	-0.03838515	0.1042263	-0.101844326	0.03756656	-0.031394746	0.1459172	-0.33968458	0.25060868	-0.16021164	0.13975018	-0.12176839	0.99999875	-0.51537216	0.21037252	-0.15192585	0.11087254	-0.6413866	0.31547403	-0.21327303	0.13469002
-0.020318713	0.016834686	-0.018989548	0.016869321	-0.014048676	0.017288402	-0.019370507	0.018734934	-0.019951355	0.019393142	-0.0442519	0.02169367	-0.025486847	0.027195591	-0.025848666	0.03835857	-0.034283992	0.052542794	-0.02767829	0.028779302	-0.02861292	0.04996065	-0.053881433	0.040104013	-0.038458824	0.03975452	-0.107740335	0.10408113	-0.042119242	0.035141643	-0.14912981	0.26366284	-0.4076601	0.20030324	-0.18880396	0.07773253	-0.51537216	0.999999	-0.45761037	0.19800907	-0.08173792	0.28433275	-0.43952295	0.24583057	-0.18494798
0.018253013	-0.015155145	0.017105516	-0.0152485715	0.012695283	-0.015536553	0.017424457	-0.016897563	0.018068485	-0.017583089	0.039640095	-0.01950604	0.02292047	-0.024902763	0.023825428	-0.034226142	0.030447833	-0.04664152	0.025336824	-0.026686305	0.02507919	-0.04426032	0.046380382	-0.038307875	0.037473466	-0.03490677	0.077599294	-0.07714811	0.045975585	-0.039117962	0.1198597	-0.17127341	0.18771389	-0.41894552	0.28344363	-0.051944446	0.21037252	-0.45761037	0.9999991	-0.48508295	0.05442918	-0.19369751	0.24713632	-0.47543088	0.28790587
-0.015058792	0.012493943	-0.014109137	0.012559797	-0.010466587	0.012811564	-0.014370451	0.013931007	-0.014913123	0.014496629	-0.03272191	0.01606717	-0.018900102	0.020539857	-0.019772267	0.027960401	-0.024854586	0.03788155	-0.020913098	0.022095094	-0.02038096	0.035958	-0.037532352	0.03177479	-0.031815022	0.028341344	-0.059421096	0.0576891	-0.039372277	0.034101818	-0.09903668	0.11715615	-0.13509867	0.26030755	-0.37658334	0.039621018	-0.15192585	0.19800907	-0.48508295	0.9999989	-0.042493608	0.13306777	-0.2027834	0.31879097	-0.68118024
0.011103984	-0.0090832645	0.010263724	-0.009218655	0.007653728	-0.00935505	0.010413438	-0.009967519	0.010453467	-0.0101894215	0.023860538	-0.01138163	0.0133219	-0.012867809	0.012198856	-0.019845	0.016784126	-0.02409319	0.012794726	-0.013261462	0.01435059	-0.0244032	0.022666516	-0.016649593	0.016096877	-0.020491593	0.035978746	-0.03504346	0.01584517	-0.0130842915	0.16014835	-0.07803826	0.067249	-0.04880656	0.0457795	-0.9578334	0.11087254	-0.08173792	0.05442918	-0.042493608	0.99999875	-0.10734889	0.08524554	-0.062320545	0.041012727
-0.017867977	0.014775248	-0.016669327	0.014798673	-0.012326315	0.0151866125	-0.017002145	0.016415529	-0.017449878	0.01695543	-0.03892735	0.018989457	-0.022312604	0.02346971	-0.022322113	0.03346628	-0.0297048	0.045035247	-0.0237888	0.02471208	-0.024840044	0.04319086	-0.04547713	0.033667564	-0.03240225	0.034619067	-0.08865221	0.08298488	-0.034408495	0.028628359	-0.14299911	0.20425105	-0.20848863	0.13969111	-0.13771003	0.09750075	-0.6413866	0.28433275	-0.19369751	0.13306777	-0.10734889	0.9999986	-0.631623	0.19663768	-0.13630463
0.024235751	-0.020090114	0.022654938	-0.02022988	0.016813518	-0.020615524	0.023083163	-0.022336317	0.023752952	-0.023154832	0.052615147	-0.025800683	0.030251935	-0.03203964	0.030315408	-0.045894243	0.040435854	-0.061461497	0.032336786	-0.033720724	0.033700056	-0.059165612	0.060343124	-0.045547657	0.043569006	-0.04723779	0.10582792	-0.10785959	0.046477966	-0.03903928	0.16717015	-0.24978742	0.22206265	-0.20840752	0.18163775	-0.08306721	0.31547403	-0.43952295	0.24713632	-0.2027834	0.08524554	-0.631623	0.99999845	-0.37300068	0.19018857
-0.02048903	0.016937794	-0.019130496	0.01694247	-0.0141395535	0.017407384	-0.019505363	0.01884197	-0.020110698	0.019501185	-0.04468126	0.021753622	-0.025622226	0.02722995	-0.026243038	0.037623495	-0.03338141	0.050313957	-0.02765324	0.029029312	-0.027465833	0.04807967	-0.050017815	0.0405597	-0.040521923	0.038193595	-0.08126391	0.07751079	-0.04742986	0.04015432	-0.14607593	0.15670194	-0.17943783	0.25414953	-0.3282123	0.05753933	-0.21327303	0.24583057	-0.47543088	0.31879097	-0.062320545	0.19663768	-0.37300068	0.99999845	-0.597218
0.015206302	-0.01261237	0.014237701	-0.012689841	0.010565925	-0.012935237	0.014500969	-0.014050218	0.015013731	-0.014609288	0.033031415	-0.01620283	0.019041859	-0.020520613	0.019664116	-0.028338103	0.02505213	-0.038025096	0.0208022	-0.021934602	0.02060295	-0.03633026	0.037214164	-0.030902576	0.030496204	-0.028752582	0.058027145	-0.057318363	0.03646775	-0.031340674	0.099652946	-0.114645675	0.1214023	-0.24273852	0.23814902	-0.038481373	0.13469002	-0.18494798	0.28790587	-0.68118024	0.041012727	-0.13630463	0.19018857	-0.597218	0.99999845
