1.0000001	-0.91977966	0.10401752	-0.06810662	0.09500006	-0.25538018	0.16993177	-0.099463955	0.0693811	-0.079807706	0.14297456	-0.119628854	0.11655875	-0.06981059	0.066385604	-0.11667711	0.099775515	-0.08142508	0.10210689	-0.058108646	0.1084555	-0.10324657	0.07674527	-0.072874665	0.069203876	-0.07946217	0.0784235	-0.07144855	0.06198163	-0.07746278	0.08995181	-0.082660265	0.07444669	-0.068923555	0.050065253	-0.049788915	0.07350479	-0.07687275	0.06339373	-0.07203553	0.06383172	-0.051688787	0.042850893	-0.03469031	0.042392362
-0.91977966	1.0000002	-0.12086133	0.075967394	-0.10897154	0.19982414	-0.19361869	0.107642725	-0.077200964	0.086225875	-0.15154965	0.1252811	-0.13216984	0.07663347	-0.07385464	0.11428157	-0.11074788	0.08836464	-0.11460653	0.0634869	-0.11843206	0.10754326	-0.08208025	0.07668801	-0.076717004	0.083862215	-0.08439174	0.07549501	-0.06569332	0.07940775	-0.09849136	0.08640811	-0.07982348	0.07142484	-0.051852226	0.05375271	-0.07920292	0.080338895	-0.066635676	0.07410125	-0.06950462	0.054517627	-0.04547089	0.03662498	-0.045042403
0.10401752	-0.12086133	1.0000004	-0.43448058	0.28052276	-0.17493738	0.19770446	-0.66461444	0.2582481	-0.28249636	0.14222099	-0.21324965	0.25879502	-0.17421767	0.1545485	-0.13470991	0.16383521	-0.15000162	0.18193223	-0.120677084	0.13697867	-0.16140035	0.12205688	-0.12430907	0.13287473	-0.1127745	0.11585557	-0.11152434	0.10393728	-0.13776416	0.13058925	-0.12966433	0.1153854	-0.11964112	0.08730493	-0.07475172	0.11279771	-0.12324347	0.10687374	-0.12621175	0.09603272	-0.08220727	0.06796818	-0.056258906	0.06825691
-0.06810662	0.075967394	-0.43448058	1.0	-0.6584847	0.10684908	-0.127757	0.24574172	-0.49186492	0.29284316	-0.09578375	0.1299331	-0.17290232	0.15825534	-0.14773697	0.088290796	-0.117336325	0.105991274	-0.14592911	0.09968592	-0.09549708	0.11152937	-0.08700352	0.089296386	-0.111710176	0.07815541	-0.08168416	0.078304134	-0.07490552	0.096827894	-0.0927244	0.09015164	-0.081823856	0.08453785	-0.061761398	0.052822642	-0.079827204	0.08603254	-0.075996555	0.08854905	-0.068249896	0.05767138	-0.047893584	0.039685585	-0.04831985
0.09500006	-0.10897154	0.28052276	-0.6584847	0.9999997	-0.14347848	0.15836354	-0.2678179	0.2996519	-0.4184214	0.12845047	-0.1652301	0.19752479	-0.19285998	0.17525987	-0.12306478	0.15322694	-0.139307	0.18644269	-0.13286433	0.1339246	-0.15977964	0.124602646	-0.12996998	0.14540443	-0.11345269	0.11835304	-0.11447583	0.10974081	-0.14956176	0.13641922	-0.13684216	0.12084678	-0.12811556	0.09426647	-0.07882461	0.12019895	-0.13012472	0.11520345	-0.13714123	0.10201628	-0.08748651	0.07240112	-0.06027471	0.07324641
-0.25538018	0.19982414	-0.17493738	0.10684908	-0.14347848	0.9999999	-0.6181712	0.17759839	-0.11155487	0.12326891	-0.52955735	0.2520533	-0.22928034	0.1136282	-0.10615896	0.24525854	-0.18457848	0.14073037	-0.16646452	0.09035631	-0.21997204	0.17070524	-0.123212025	0.11220394	-0.105843656	0.13403797	-0.12882204	0.11278892	-0.09418652	0.11210878	-0.1417651	0.12260701	-0.1138186	0.10173461	-0.07304845	0.0753065	-0.10801285	0.11422334	-0.09217913	0.1037382	-0.09514053	0.07598598	-0.06297119	0.050573666	-0.0616275
0.16993177	-0.19361869	0.19770446	-0.127757	0.15836354	-0.6181712	0.99999994	-0.27467287	0.13289328	-0.15228885	0.26267144	-0.5002021	0.27124256	-0.1356726	0.1212111	-0.22300306	0.20912279	-0.17173459	0.1804981	-0.10387138	0.18146294	-0.19063321	0.1328198	-0.12663972	0.11735663	-0.13421652	0.1302767	-0.12144961	0.10455878	-0.13054584	0.1410148	-0.13387601	0.12081959	-0.11674307	0.083853975	-0.07832288	0.114746176	-0.12609428	0.103668556	-0.119890355	0.098837174	-0.083097406	0.06856107	-0.055822097	0.067607306
-0.099463955	0.107642725	-0.66461444	0.24574172	-0.2678179	0.17759839	-0.27467287	0.99999994	-0.29609284	0.23190211	-0.15092854	0.24079765	-0.46323645	0.17122264	-0.15633082	0.12920184	-0.17723835	0.15468454	-0.18730998	0.11343831	-0.13329403	0.14919528	-0.11338549	0.111880176	-0.128191	0.10331774	-0.10667711	0.1008631	-0.09323112	0.116537645	-0.11851306	0.11245056	-0.10351117	0.10334809	-0.07486496	0.066461086	-0.09916713	0.107186384	-0.0925502	0.10668194	-0.08531307	0.071396165	-0.059289772	0.048757248	-0.059332866
0.0693811	-0.077200964	0.2582481	-0.49186492	0.2996519	-0.11155487	0.13289328	-0.29609284	1.0000001	-0.68319696	0.099689536	-0.14026116	0.18528596	-0.27623123	0.2152866	-0.09245932	0.12751229	-0.12039764	0.16983363	-0.12855962	0.10005247	-0.11975968	0.09357428	-0.09774979	0.13594183	-0.08213223	0.08624729	-0.08329491	0.080862924	-0.102913484	0.09677899	-0.09398739	0.086219296	-0.0904129	0.06575633	-0.055086393	0.083142124	-0.09025561	0.080460675	-0.09344354	0.07108887	-0.060292814	0.05012535	-0.041627463	0.05064644
-0.079807706	0.086225875	-0.28249636	0.29284316	-0.4184214	0.12326891	-0.15228885	0.23190211	-0.68319696	1.0000001	-0.11659444	0.15377752	-0.21281081	0.25080124	-0.32983422	0.10541225	-0.15363055	0.13942376	-0.21191835	0.16111848	-0.11807279	0.13767925	-0.11018994	0.11405463	-0.18559457	0.09543545	-0.10120573	0.09674759	-0.09522717	0.116382636	-0.11407374	0.10768251	-0.10097043	0.10329577	-0.075253874	0.0643749	-0.09695036	0.10351195	-0.0931449	0.105759636	-0.08340667	0.06944565	-0.058005102	0.04804888	-0.0587118
0.14297456	-0.15154965	0.14222099	-0.09578375	0.12845047	-0.52955735	0.26267144	-0.15092854	0.099689536	-0.11659444	0.99999994	-0.24702278	0.18682052	-0.10711746	0.09906808	-0.6267975	0.17301762	-0.13916971	0.15726261	-0.088989384	0.265501	-0.20891988	0.13683574	-0.12450897	0.10357126	-0.17219901	0.14687185	-0.13079125	0.1029224	-0.12514083	0.15483692	-0.14137492	0.12569372	-0.11341334	0.08097174	-0.08368145	0.118307054	-0.13027075	0.101058975	-0.11561162	0.102929905	-0.08528013	0.06995148	-0.056066822	0.067720905
-0.119628854	0.1252811	-0.21324965	0.1299331	-0.1652301	0.2520533	-0.5002021	0.24079765	-0.14026116	0.15377752	-0.24702278	0.9999998	-0.5955711	0.16076776	-0.14273208	0.1777587	-0.38633263	0.22740324	-0.22405069	0.11424428	-0.17259371	0.19146197	-0.13809003	0.1276659	-0.12805814	0.12411397	-0.12762307	0.11857291	-0.10485479	0.12456311	-0.13512821	0.12454951	-0.11766327	0.11303174	-0.0807844	0.074277826	-0.109033026	0.11905189	-0.10012814	0.11396276	-0.094411366	0.07841156	-0.06513252	0.053116895	-0.064536534
0.11655875	-0.13216984	0.25879502	-0.17290232	0.19752479	-0.22928034	0.27124256	-0.46323645	0.18528596	-0.21281081	0.18682052	-0.5955711	0.9999999	-0.24765441	0.18170561	-0.17214896	0.25329104	-0.263275	0.23349409	-0.1410866	0.16514528	-0.20257208	0.14735524	-0.14537893	0.15012763	-0.13169059	0.13494845	-0.13037287	0.118388765	-0.14934228	0.14571878	-0.14224972	0.12993741	-0.13279851	0.09541777	-0.08238682	0.12282153	-0.13632071	0.116517484	-0.13600434	0.104971215	-0.08980075	0.0743161	-0.06123247	0.07414536
-0.06981059	0.07663347	-0.17421767	0.15825534	-0.19285998	0.1136282	-0.1356726	0.17122264	-0.27623123	0.25080124	-0.10711746	0.16076776	-0.24765441	0.99999976	-0.7476818	0.100331604	-0.17196818	0.17823671	-0.35965905	0.23433341	-0.11134881	0.14266029	-0.11510155	0.12575573	-0.24835554	0.091876	-0.098750085	0.09727705	-0.10031963	0.117904775	-0.10659265	0.1024761	-0.09798503	0.10602597	-0.07629019	0.060366794	-0.090749085	0.100297354	-0.09214545	0.1049448	-0.07769694	0.066344075	-0.05541736	0.046292666	-0.05626497
0.066385604	-0.07385464	0.1545485	-0.14773697	0.17525987	-0.10615896	0.1212111	-0.15633082	0.2152866	-0.32983422	0.09906808	-0.14273208	0.18170561	-0.7476818	0.99999964	-0.095063	0.14538528	-0.1562013	0.23883435	-0.37466902	0.10550727	-0.1379518	0.109602146	-0.124203086	0.244153	-0.08897361	0.09514802	-0.0947585	0.09778371	-0.121422835	0.103549786	-0.10160778	0.09550987	-0.10754856	0.07738229	-0.059167378	0.089326695	-0.09959835	0.09216036	-0.10709766	0.076148696	-0.06588954	0.054906934	-0.046113443	0.055903777
-0.11667711	0.11428157	-0.13470991	0.088290796	-0.12306478	0.24525854	-0.22300306	0.12920184	-0.09245932	0.10541225	-0.6267975	0.1777587	-0.17214896	0.100331604	-0.095063	0.9999995	-0.18264385	0.13446502	-0.15946662	0.0854109	-0.5765742	0.21461996	-0.1468712	0.1228009	-0.10183972	0.20331712	-0.17541845	0.13778372	-0.10335366	0.11712323	-0.18481846	0.14276905	-0.13388208	0.10846327	-0.07722626	0.091094814	-0.12402501	0.13013376	-0.09858997	0.10909051	-0.11191226	0.08607958	-0.071019635	0.05588433	-0.06796526
0.099775515	-0.11074788	0.16383521	-0.117336325	0.15322694	-0.18457848	0.20912279	-0.17723835	0.12751229	-0.15363055	0.17301762	-0.38633263	0.25329104	-0.17196818	0.14538528	-0.18264385	0.9999996	-0.66118515	0.2958258	-0.14109567	0.18684477	-0.34920168	0.2003685	-0.1783948	0.14790137	-0.14906886	0.16245092	-0.15999438	0.13815881	-0.1598851	0.15733854	-0.15082496	0.14730887	-0.14821878	0.1035601	-0.08784337	0.12980936	-0.14853215	0.12578668	-0.14441675	0.11112553	-0.09558537	0.07948651	-0.06528039	0.0788552
-0.08142508	0.08836464	-0.15000162	0.105991274	-0.139307	0.14073037	-0.17173459	0.15468454	-0.12039764	0.13942376	-0.13916971	0.22740324	-0.263275	0.17823671	-0.1562013	0.13446502	-0.66118515	0.99999946	-0.56606823	0.14339437	-0.15138066	0.22368437	-0.19835596	0.1608635	-0.15410739	0.12109455	-0.13664103	0.13701664	-0.1252793	0.13322535	-0.133113	0.12461446	-0.12760012	0.12557049	-0.087757155	0.07386699	-0.10949272	0.124019526	-0.10754082	0.12038724	-0.09411973	0.07995306	-0.06693998	0.055021096	-0.06672895
0.10210689	-0.11460653	0.18193223	-0.14592911	0.18644269	-0.16646452	0.1804981	-0.18730998	0.16983363	-0.21191835	0.15726261	-0.22405069	0.23349409	-0.35965905	0.23883435	-0.15946662	0.2958258	-0.56606823	0.9999994	-0.2709649	0.17685254	-0.26484254	0.20432122	-0.24703962	0.22685069	-0.1521352	0.1645104	-0.17018595	0.17316666	-0.2032668	0.1707833	-0.17002426	0.16239205	-0.18806583	0.13021497	-0.0977081	0.14697081	-0.16917185	0.15396512	-0.18020141	0.12482521	-0.10997427	0.091510125	-0.0768117	0.09260617
-0.058108646	0.0634869	-0.120677084	0.09968592	-0.13286433	0.09035631	-0.10387138	0.11343831	-0.12855962	0.16111848	-0.088989384	0.11424428	-0.1410866	0.23433341	-0.37466902	0.0854109	-0.14109567	0.14339437	-0.2709649	0.9999995	-0.09976468	0.13158903	-0.11600685	0.14313744	-0.81421906	0.084923014	-0.09355842	0.09443318	-0.11197612	0.123671934	-0.10018349	0.09580222	-0.0949837	0.109841116	-0.081063755	0.056927323	-0.08595282	0.09552586	-0.09486591	0.10482719	-0.073586136	0.06327468	-0.05327016	0.045234066	-0.0550929
0.1084555	-0.11843206	0.13697867	-0.09549708	0.1339246	-0.21997204	0.18146294	-0.13329403	0.10005247	-0.11807279	0.265501	-0.17259371	0.16514528	-0.11134881	0.10550727	-0.5765742	0.18684477	-0.15138066	0.17685254	-0.09976468	0.9999997	-0.3906413	0.20416121	-0.16835283	0.11896382	-0.44346938	0.25089192	-0.2051255	0.13720237	-0.15640722	0.23909469	-0.20168835	0.1781185	-0.14589374	0.102627985	-0.123189196	0.16212383	-0.1806938	0.1294012	-0.1452971	0.14305544	-0.11646934	0.09476519	-0.07436112	0.089363545
-0.10324657	0.10754326	-0.16140035	0.11152937	-0.15977964	0.17070524	-0.19063321	0.14919528	-0.11975968	0.13767925	-0.20891988	0.19146197	-0.20257208	0.14266029	-0.1379518	0.21461996	-0.34920168	0.22368437	-0.26484254	0.13158903	-0.3906413	0.99999946	-0.52157086	0.2463315	-0.16295694	0.25136045	-0.36434457	0.2775951	-0.21081048	0.17945094	-0.25159684	0.20661226	-0.24588999	0.18094683	-0.12559716	0.12974904	-0.18555042	0.20636524	-0.16338404	0.16743681	-0.16295241	0.12987095	-0.11012651	0.08701935	-0.10639564
0.07674527	-0.08208025	0.12205688	-0.08700352	0.124602646	-0.123212025	0.1328198	-0.11338549	0.09357428	-0.11018994	0.13683574	-0.13809003	0.14735524	-0.11510155	0.109602146	-0.1468712	0.2003685	-0.19835596	0.20432122	-0.11600685	0.20416121	-0.52157086	0.9999995	-0.4747785	0.14067739	-0.20024441	0.25751925	-0.4938346	0.24165569	-0.18521568	0.19218159	-0.18275118	0.23858085	-0.20737237	0.1296748	-0.10635639	0.15638834	-0.21016148	0.15830143	-0.1663111	0.1328322	-0.1189607	0.10116165	-0.08092456	0.09692663
-0.072874665	0.07668801	-0.12430907	0.089296386	-0.12996998	0.11220394	-0.12663972	0.111880176	-0.09774979	0.11405463	-0.12450897	0.1276659	-0.14537893	0.12575573	-0.124203086	0.1228009	-0.1783948	0.1608635	-0.24703962	0.14313744	-0.16835283	0.2463315	-0.4747785	0.9999995	-0.20136283	0.15156801	-0.19287291	0.2242511	-0.64491695	0.20028692	-0.17547263	0.15565205	-0.2004928	0.26149985	-0.16552433	0.097232625	-0.14571528	0.16906346	-0.20347726	0.18169284	-0.125896	0.108122185	-0.09425944	0.082083955	-0.10013732
0.069203876	-0.076717004	0.13287473	-0.111710176	0.14540443	-0.105843656	0.11735663	-0.128191	0.13594183	-0.18559457	0.10357126	-0.12805814	0.15012763	-0.24835554	0.244153	-0.10183972	0.14790137	-0.15410739	0.22685069	-0.81421906	0.11896382	-0.16295694	0.14067739	-0.20136283	0.9999995	-0.10403929	0.11384669	-0.11789179	0.14021745	-0.17260624	0.122262724	-0.12056918	0.11683284	-0.14766769	0.107542455	-0.070312515	0.10664601	-0.12097905	0.12155419	-0.13993944	0.090716235	-0.07989352	0.06698595	-0.057449944	0.069561295
-0.07946217	0.083862215	-0.1127745	0.07815541	-0.11345269	0.13403797	-0.13421652	0.10331774	-0.08213223	0.09543545	-0.17219901	0.12411397	-0.13169059	0.091876	-0.08897361	0.20331712	-0.14906886	0.12109455	-0.1521352	0.084923014	-0.44346938	0.25136045	-0.20024441	0.15156801	-0.10403929	0.99999976	-0.57370883	0.23962827	-0.12997235	0.13836794	-0.50232357	0.22729568	-0.20976922	0.13153908	-0.092789985	0.16788454	-0.19108306	0.18869491	-0.12169048	0.13128047	-0.18663438	0.12587832	-0.10190571	0.07609529	-0.092055924
0.0784235	-0.08439174	0.11585557	-0.08168416	0.11835304	-0.12882204	0.1302767	-0.10667711	0.08624729	-0.10120573	0.14687185	-0.12762307	0.13494845	-0.098750085	0.09514802	-0.17541845	0.16245092	-0.13664103	0.1645104	-0.09355842	0.25089192	-0.36434457	0.25751925	-0.19287291	0.11384669	-0.57370883	0.99999976	-0.5135976	0.15582903	-0.15909873	0.2695859	-0.26467752	0.2502699	-0.15615475	0.10695663	-0.1411625	0.1897766	-0.23622504	0.13776559	-0.14939782	0.16009513	-0.13669246	0.11174538	-0.08406411	0.10014341
-0.07144855	0.07549501	-0.11152434	0.078304134	-0.11447583	0.11278892	-0.12144961	0.1008631	-0.08329491	0.09674759	-0.13079125	0.11857291	-0.13037287	0.09727705	-0.0947585	0.13778372	-0.15999438	0.13701664	-0.17018595	0.09443318	-0.2051255	0.2775951	-0.4938346	0.2242511	-0.11789179	0.23962827	-0.5135976	0.9999999	-0.20137958	0.15438594	-0.23048656	0.2037508	-0.49628112	0.16271311	-0.10934138	0.12104404	-0.17758016	0.2492195	-0.14412439	0.14567123	-0.15066895	0.13079843	-0.11474341	0.08461696	-0.102249384
0.06198163	-0.06569332	0.10393728	-0.07490552	0.10974081	-0.09418652	0.10455878	-0.09323112	0.080862924	-0.09522717	0.1029224	-0.10485479	0.118388765	-0.10031963	0.09778371	-0.10335366	0.13815881	-0.1252793	0.17316666	-0.11197612	0.13720237	-0.21081048	0.24165569	-0.64491695	0.14021745	-0.12997235	0.15582903	-0.20137958	0.99999994	-0.2747739	0.14841373	-0.13927355	0.16417652	-0.5396377	0.21311408	-0.084841	0.12815677	-0.15603893	0.22059871	-0.22110803	0.109628506	-0.10073762	0.087485656	-0.08176447	0.097284146
-0.07746278	0.07940775	-0.13776416	0.096827894	-0.14956176	0.11210878	-0.13054584	0.116537645	-0.102913484	0.116382636	-0.12514083	0.12456311	-0.14934228	0.117904775	-0.121422835	0.11712323	-0.1598851	0.13322535	-0.2032668	0.123671934	-0.15640722	0.17945094	-0.18521568	0.20028692	-0.17260624	0.13836794	-0.15909873	0.15438594	-0.2747739	1.0	-0.1876383	0.16048178	-0.17841639	0.30002403	-0.69410217	0.10814461	-0.16701867	0.16888034	-0.34954178	0.2964218	-0.14565176	0.12532008	-0.113410436	0.11318383	-0.1449518
0.08995181	-0.09849136	0.13058925	-0.0927244	0.13641922	-0.1417651	0.1410148	-0.11851306	0.09677899	-0.11407374	0.15483692	-0.13512821	0.14571878	-0.10659265	0.103549786	-0.18481846	0.15733854	-0.133113	0.1707833	-0.10018349	0.23909469	-0.25159684	0.19218159	-0.17547263	0.122262724	-0.50232357	0.2695859	-0.23048656	0.14841373	-0.1876383	0.99999994	-0.4247644	0.22283663	-0.16905151	0.12167634	-0.40582204	0.28422242	-0.26113322	0.15778993	-0.17955075	0.27752048	-0.19564901	0.14484781	-0.10762759	0.12687942
-0.082660265	0.08640811	-0.12966433	0.09015164	-0.13684216	0.12260701	-0.13387601	0.11245056	-0.09398739	0.10768251	-0.14137492	0.12454951	-0.14224972	0.1024761	-0.10160778	0.14276905	-0.15082496	0.12461446	-0.17002426	0.09580222	-0.20168835	0.20661226	-0.18275118	0.15565205	-0.12056918	0.22729568	-0.26467752	0.2037508	-0.13927355	0.16048178	-0.4247644	0.99999964	-0.29062226	0.14923479	-0.108601674	0.2683272	-0.6521444	0.25855023	-0.15546282	0.15977316	-0.33041647	0.20647821	-0.17071933	0.11853982	-0.15036082
0.07444669	-0.07982348	0.1153854	-0.081823856	0.12084678	-0.1138186	0.12081959	-0.10351117	0.086219296	-0.10097043	0.12569372	-0.11766327	0.12993741	-0.09798503	0.09550987	-0.13388208	0.14730887	-0.12760012	0.16239205	-0.0949837	0.1781185	-0.24588999	0.23858085	-0.2004928	0.11683284	-0.20976922	0.2502699	-0.49628112	0.16417652	-0.17841639	0.22283663	-0.29062226	0.99999946	-0.17817985	0.12131106	-0.14092942	0.2263034	-0.6266576	0.16753906	-0.17498967	0.17539546	-0.2088178	0.1834415	-0.12371705	0.14102422
-0.068923555	0.07142484	-0.11964112	0.08453785	-0.12811556	0.10173461	-0.11674307	0.10334809	-0.0904129	0.10329577	-0.11341334	0.11303174	-0.13279851	0.10602597	-0.10754856	0.10846327	-0.14821878	0.12557049	-0.18806583	0.109841116	-0.14589374	0.18094683	-0.20737237	0.26149985	-0.14766769	0.13153908	-0.15615475	0.16271311	-0.5396377	0.30002403	-0.16905151	0.14923479	-0.17817985	0.9999993	-0.46361026	0.09724702	-0.1489002	0.16536048	-0.44448304	0.29082358	-0.12903473	0.117907755	-0.1066584	0.11113885	-0.13346931
0.050065253	-0.051852226	0.08730493	-0.061761398	0.09426647	-0.07304845	0.083853975	-0.07486496	0.06575633	-0.075253874	0.08097174	-0.0807844	0.09541777	-0.07629019	0.07738229	-0.07722626	0.1035601	-0.087757155	0.13021497	-0.081063755	0.102627985	-0.12559716	0.1296748	-0.16552433	0.107542455	-0.092789985	0.10695663	-0.10934138	0.21311408	-0.69410217	0.12167634	-0.108601674	0.12131106	-0.46361026	0.99999934	-0.07107755	0.10954462	-0.11984134	0.28586	-0.44414642	0.09480549	-0.08860859	0.0798285	-0.08578709	0.10563519
-0.049788915	0.05375271	-0.07475172	0.052822642	-0.07882461	0.0753065	-0.07832288	0.066461086	-0.055086393	0.0643749	-0.08368145	0.074277826	-0.08238682	0.060366794	-0.059167378	0.091094814	-0.08784337	0.07386699	-0.0977081	0.056927323	-0.123189196	0.12974904	-0.10635639	0.097232625	-0.070312515	0.16788454	-0.1411625	0.12104404	-0.084841	0.10814461	-0.40582204	0.2683272	-0.14092942	0.09724702	-0.07107755	0.9999989	-0.4190053	0.17616074	-0.09798391	0.107289374	-0.7474791	0.17740273	-0.12690319	0.0826555	-0.09931068
0.07350479	-0.07920292	0.11279771	-0.079827204	0.12019895	-0.10801285	0.114746176	-0.09916713	0.083142124	-0.09695036	0.118307054	-0.109033026	0.12282153	-0.090749085	0.089326695	-0.12402501	0.12980936	-0.10949272	0.14697081	-0.08595282	0.16212383	-0.18555042	0.15638834	-0.14571528	0.10664601	-0.19108306	0.1897766	-0.17758016	0.12815677	-0.16701867	0.28422242	-0.6521444	0.2263034	-0.1489002	0.10954462	-0.4190053	0.9999987	-0.3221073	0.15163271	-0.16695645	0.29286656	-0.2877839	0.18663639	-0.1277566	0.14800555
-0.07687275	0.080338895	-0.12324347	0.08603254	-0.13012472	0.11422334	-0.12609428	0.107186384	-0.09025561	0.10351195	-0.13027075	0.11905189	-0.13632071	0.100297354	-0.09959835	0.13013376	-0.14853215	0.124019526	-0.16917185	0.09552586	-0.1806938	0.20636524	-0.21016148	0.16906346	-0.12097905	0.18869491	-0.23622504	0.2492195	-0.15603893	0.16888034	-0.26113322	0.25855023	-0.6266576	0.16536048	-0.11984134	0.17616074	-0.3221073	0.9999987	-0.20511425	0.18070935	-0.23776872	0.26005226	-0.36050943	0.17664203	-0.21961509
0.06339373	-0.066635676	0.10687374	-0.075996555	0.11520345	-0.09217913	0.103668556	-0.0925502	0.080460675	-0.0931449	0.101058975	-0.10012814	0.116517484	-0.09214545	0.09216036	-0.09858997	0.12578668	-0.10754082	0.15396512	-0.09486591	0.1294012	-0.16338404	0.15830143	-0.20347726	0.12155419	-0.12169048	0.13776559	-0.14412439	0.22059871	-0.34954178	0.15778993	-0.15546282	0.16753906	-0.44448304	0.28586	-0.09798391	0.15163271	-0.20511425	0.9999985	-0.6872025	0.12918483	-0.15751423	0.14194557	-0.21444453	0.19462273
-0.07203553	0.07410125	-0.12621175	0.08854905	-0.13714123	0.1037382	-0.119890355	0.10668194	-0.09344354	0.105759636	-0.11561162	0.11396276	-0.13600434	0.1049448	-0.10709766	0.10909051	-0.14441675	0.12038724	-0.18020141	0.10482719	-0.1452971	0.16743681	-0.1663111	0.18169284	-0.13993944	0.13128047	-0.14939782	0.14567123	-0.22110803	0.2964218	-0.17955075	0.15977316	-0.17498967	0.29082358	-0.44414642	0.107289374	-0.16695645	0.18070935	-0.6872025	0.99999845	-0.14462218	0.14409174	-0.13465528	0.16115582	-0.20929343
0.06383172	-0.06950462	0.09603272	-0.068249896	0.10201628	-0.09514053	0.098837174	-0.08531307	0.07108887	-0.08340667	0.102929905	-0.094411366	0.104971215	-0.07769694	0.076148696	-0.11191226	0.11112553	-0.09411973	0.12482521	-0.073586136	0.14305544	-0.16295241	0.1328322	-0.125896	0.090716235	-0.18663438	0.16009513	-0.15066895	0.109628506	-0.14565176	0.27752048	-0.33041647	0.17539546	-0.12903473	0.09480549	-0.7474791	0.29286656	-0.23776872	0.12918483	-0.14462218	0.99999815	-0.28064156	0.16761656	-0.11197891	0.12907293
-0.051688787	0.054517627	-0.08220727	0.05767138	-0.08748651	0.07598598	-0.083097406	0.071396165	-0.060292814	0.06944565	-0.08528013	0.07841156	-0.08980075	0.066344075	-0.06588954	0.08607958	-0.09558537	0.07995306	-0.10997427	0.06327468	-0.11646934	0.12987095	-0.1189607	0.108122185	-0.07989352	0.12587832	-0.13669246	0.13079843	-0.10073762	0.12532008	-0.19564901	0.20647821	-0.2088178	0.117907755	-0.08860859	0.17740273	-0.2877839	0.26005226	-0.15751423	0.14409174	-0.28064156	0.9999982	-0.7336636	0.25369573	-0.33419466
0.042850893	-0.04547089	0.06796818	-0.047893584	0.07240112	-0.06297119	0.06856107	-0.059289772	0.05012535	-0.058005102	0.06995148	-0.06513252	0.0743161	-0.05541736	0.054906934	-0.071019635	0.07948651	-0.06693998	0.091510125	-0.05327016	0.09476519	-0.11012651	0.10116165	-0.09425944	0.06698595	-0.10190571	0.11174538	-0.11474341	0.087485656	-0.113410436	0.14484781	-0.17071933	0.1834415	-0.1066584	0.0798285	-0.12690319	0.18663639	-0.36050943	0.14194557	-0.13465528	0.16761656	-0.7336636	0.9999982	-0.41588405	0.27544874
-0.03469031	0.03662498	-0.056258906	0.039685585	-0.06027471	0.050573666	-0.055822097	0.048757248	-0.041627463	0.04804888	-0.056066822	0.053116895	-0.06123247	0.046292666	-0.046113443	0.05588433	-0.06528039	0.055021096	-0.0768117	0.045234066	-0.07436112	0.08701935	-0.08092456	0.082083955	-0.057449944	0.07609529	-0.08406411	0.08461696	-0.08176447	0.11318383	-0.10762759	0.11853982	-0.12371705	0.11113885	-0.08578709	0.0826555	-0.1277566	0.17664203	-0.21444453	0.16115582	-0.11197891	0.25369573	-0.41588405	0.99999815	-0.82117295
0.042392362	-0.045042403	0.06825691	-0.04831985	0.07324641	-0.0616275	0.067607306	-0.059332866	0.05064644	-0.0587118	0.067720905	-0.064536534	0.07414536	-0.05626497	0.055903777	-0.06796526	0.0788552	-0.06672895	0.09260617	-0.0550929	0.089363545	-0.10639564	0.09692663	-0.10013732	0.069561295	-0.092055924	0.10014341	-0.102249384	0.097284146	-0.1449518	0.12687942	-0.15036082	0.14102422	-0.13346931	0.10563519	-0.09931068	0.14800555	-0.21961509	0.19462273	-0.20929343	0.12907293	-0.33419466	0.27544874	-0.82117295	0.99999815
