0.3125561475753784
0.9032109379768372
1.0608254466205835
0.39362338930368423
0.2844321019947529
0.32303039729595184
0.7192375231534243
0.46459623239934444
0.14628045447170734
1.3605737499892712
1.3521800804883242
0.5036628246307373
0.4860091358423233
0.751858364790678
0.05829546041786671
0.06784271448850632
0.6915802750736475
0.43620812334120274
0.8729799371212721
1.143532296642661
1.1603437922894955
1.0473826210945845
1.610196564346552
1.132285175845027
1.4112116489559412
1.755131583660841
0.3672005347907543
1.560842789709568
1.3088276218622923
1.1782605778425932
0.04560118727385998
1.6878683641552925
0.2533048652112484
0.7410045880824327
0.44221472553908825
0.1837955340743065
0.30073552392423153
0.5769739970564842
1.7696359995752573
0.67927036434412
1.6203850414603949
1.9075570087879896
0.41100226901471615
0.4218112491071224
1.8286846615374088
1.5234869308769703
1.2389717418700457
0.2219871934503317
1.6031138226389885
0.7997099682688713
0.29581359401345253
1.5488560386002064
1.1778161134570837
1.6126389410346746
0.5377063304185867
1.2348033413290977
0.19570588320493698
0.7555362489074469
0.20119734108448029
0.40087936259806156
0.23086481541395187
1.6994102410972118
1.8456942792981863
0.0682135708630085
0.6050003487616777
1.224143823608756
0.9260622337460518
0.43646518141031265
1.4195215236395597
0.531201709061861
0.575642941519618
1.3385269697755575
1.1252207066863775
0.08929803222417831
1.8085746373981237
0.17835979163646698
