0.35888724960386753
1.7583846021443605
0.41027650609612465
1.2191887777298689
0.15866701677441597
0.6471821647137403
0.8700701110064983
0.5641943663358688
0.17946554347872734
0.41208151541650295
1.8505627699196339
1.7738725580275059
0.37157002091407776
1.8721716292202473
0.28694923035800457
1.6286350097507238
0.5386821962893009
1.5158216133713722
0.774596843868494
1.0033314768224955
0.8815658874809742
1.8903544209897518
0.7974216733127832
0.9491343833506107
0.7548442967236042
0.1832170244306326
0.4686859864741564
1.1500543225556612
0.14981074817478657
0.7406557705253363
1.4701496791094542
0.5490274671465158
0.5494480431079865
0.8494826685637236
0.9945254568010569
1.0914209019392729
1.3755151722580194
0.6253099646419287
1.4083939362317324
1.836974797770381
0.6797206867486238
1.7998285088688135
1.6878355015069246
0.7496151253581047
1.5219724252820015
1.3639291282743216
0.04225012846291065
1.4438432436436415
1.4622319489717484
0.3829062581062317
0.8660380020737648
0.0428356621414423
0.2579886708408594
1.8848110735416412
1.6282256059348583
1.9847049321979284
1.0409638360142708
0.22026151418685913
0.8997273743152618
0.033748684450984
0.4081011712551117
0.5271016135811806
1.9823733419179916
1.482814610004425
0.5826209746301174
0.7862944789230824
0.1733076013624668
0.462400171905756
0.21478638239204884
1.357738083228469
0.12798690982162952
1.1294235680252314
0.6346452180296183
1.700892062857747
0.663104360923171
1.2074590772390366
