1.0	-0.09977388	0.09514213	-0.07330255	0.040335316	-0.9475618	0.08950299	-0.0690273	0.05141672	-0.039545644	0.17898838	-0.102485225	0.062835455	-0.053794	0.047405533	-0.16940315	0.08517336	-0.06910058	0.054783437	-0.047181103	0.07615803	-0.06571448	0.065925	-0.04900077	0.044635616	-0.08191541	0.05346206	-0.06726288	0.026731674	-0.031304304	0.032634627	-0.028862355	0.032408047	-0.035098642	0.028826755	-0.014633358	0.015334258	-0.027958512	0.0297176	-0.023614047	0.019589933	-0.015054183	0.02963296	-0.029056974	0.033877116
-0.09977388	1.0000002	-0.8236886	0.14599326	-0.07430618	0.08661088	-0.44899198	0.1436676	-0.10708172	0.0700474	-0.100013405	0.24070556	-0.11817422	0.09052103	-0.07942825	0.09022062	-0.11963332	0.09887151	-0.08650214	0.07291324	-0.055711854	0.060780223	-0.07012011	0.07041722	-0.06701431	0.057867277	-0.04669949	0.05990828	-0.029565772	0.034811683	-0.03140917	0.02715489	-0.032808598	0.037623838	-0.031919945	0.015096005	-0.015946662	0.028403368	-0.03185387	0.025533618	-0.02081749	0.015838658	-0.031573866	0.030652024	-0.037301347
0.09514213	-0.8236886	1.0000002	-0.22322749	0.09771974	-0.09393541	0.28617573	-0.20036176	0.14126383	-0.095238686	0.12017535	-0.31645134	0.1484322	-0.11994844	0.10285711	-0.11592963	0.14619642	-0.1297928	0.111196704	-0.09729684	0.07206283	-0.080079645	0.09099175	-0.09364407	0.0870142	-0.07651762	0.061587814	-0.080328435	0.039491575	-0.046650354	0.04166042	-0.0361358	0.043762073	-0.050554782	0.042615063	-0.020187818	0.021309668	-0.03799765	0.04255949	-0.034180835	0.027826192	-0.021179052	0.042203467	-0.041129958	0.049893584
-0.07330255	0.14599326	-0.22322749	1.0000004	-0.3640804	0.06434801	-0.22529875	0.30174676	-0.65442985	0.25542328	-0.14247017	0.1999432	-0.2836722	0.2340391	-0.24220876	0.124372184	-0.24541219	0.19600162	-0.2273367	0.18617103	-0.094614886	0.11366702	-0.1487812	0.16760269	-0.18170813	0.094262935	-0.08665025	0.10906695	-0.063552424	0.07469016	-0.06295756	0.05316866	-0.06726362	0.07825604	-0.0695407	0.031286623	-0.033298414	0.05806387	-0.067887984	0.054424427	-0.044133026	0.03329942	-0.06702972	0.06388662	-0.08100653
0.040335316	-0.07430618	0.09771974	-0.3640804	1.0000002	-0.036393378	0.11207786	-0.20115702	0.23436686	-0.8362927	0.080824606	-0.12038773	0.15982236	-0.18304574	0.2204511	-0.07538974	0.13466507	-0.12695588	0.15173216	-0.19330928	0.059805583	-0.07566736	0.09456044	-0.13910389	0.13296199	-0.06218218	0.05748888	-0.07593608	0.046325292	-0.05496053	0.042211216	-0.036064185	0.04614197	-0.057035986	0.04871361	-0.021412764	0.022713894	-0.04015133	0.04676922	-0.038047392	0.030012075	-0.022735767	0.04565882	-0.044482216	0.05544966
-0.9475618	0.08661088	-0.09393541	0.06434801	-0.036393378	1.0000005	-0.0871227	0.0614294	-0.046261698	0.035253465	-0.22347568	0.094029985	-0.05742142	0.04819988	-0.042836785	0.14870322	-0.07925767	0.061764296	-0.049629502	0.042015567	-0.06916796	0.05766545	-0.059319045	0.043587234	-0.040181916	0.07035656	-0.04693935	0.057860874	-0.023392696	0.027338956	-0.028722795	0.025224159	-0.028396845	0.030576369	-0.025309654	0.012818473	-0.013453203	0.024419473	-0.026086891	0.02068407	-0.017215276	0.013209851	-0.026040763	0.025391627	-0.029777726
0.08950299	-0.44899198	0.28617573	-0.22529875	0.11207786	-0.0871227	1.0000005	-0.2712033	0.16393754	-0.11218292	0.16660358	-0.6998892	0.2037664	-0.15513656	0.12788065	-0.15667154	0.20354033	-0.17704602	0.14248572	-0.12156943	0.09230605	-0.10182886	0.11438698	-0.11784524	0.10831373	-0.09709724	0.077163935	-0.099701844	0.04841243	-0.056976434	0.051106643	-0.04444325	0.053379647	-0.061606303	0.051727325	-0.02447323	0.025812695	-0.046256673	0.05154329	-0.041406456	0.033592146	-0.025609322	0.050957266	-0.049740624	0.060092486
-0.0690273	0.1436676	-0.20036176	0.30174676	-0.20115702	0.0614294	-0.2712033	1.0000005	-0.5531009	0.18632366	-0.14081042	0.22805882	-0.54925936	0.2628803	-0.22620207	0.12536612	-0.26453552	0.23177022	-0.23441768	0.17718385	-0.090615384	0.10975115	-0.14032437	0.16239387	-0.16699581	0.09059567	-0.08146368	0.10276563	-0.057795435	0.06751053	-0.056463096	0.048194833	-0.05993869	0.07052333	-0.06129857	0.027506862	-0.029177222	0.05167854	-0.059476916	0.047874674	-0.038326457	0.029067107	-0.058248594	0.056155235	-0.06994477
0.05141672	-0.10708172	0.14126383	-0.65442985	0.23436686	-0.046261698	0.16393754	-0.5531009	1.0000005	-0.2839282	0.10249583	-0.16476232	0.25678438	-0.27082106	0.19754468	-0.09392374	0.17886777	-0.17042331	0.18640023	-0.16157623	0.06990421	-0.086100325	0.1084845	-0.14023241	0.13827226	-0.07124209	0.06447808	-0.08294279	0.048086043	-0.056481756	0.04574867	-0.03907017	0.049115688	-0.058858275	0.05084474	-0.022646522	0.024023881	-0.04250112	0.049152374	-0.039714176	0.03163675	-0.023978923	0.0480962	-0.046522696	0.05801247
-0.039545644	0.0700474	-0.095238686	0.25542328	-0.8362927	0.035253465	-0.11218292	0.18632366	-0.2839282	1.0000004	-0.08007376	0.11428985	-0.1675712	0.18232141	-0.31064433	0.07302053	-0.13896908	0.12503286	-0.1581212	0.1842817	-0.057630997	0.072288595	-0.092856266	0.13184494	-0.13903244	0.05887987	-0.054756004	0.0710264	-0.04392056	0.051788922	-0.040025648	0.03405268	-0.043533344	0.05322314	-0.046220273	0.020125857	-0.021374872	0.03773194	-0.044139136	0.035818033	-0.028244196	0.021382479	-0.042980578	0.041630432	-0.052283365
0.17898838	-0.100013405	0.12017535	-0.14247017	0.080824606	-0.22347568	0.16660358	-0.14081042	0.10249583	-0.08007376	1.0000004	-0.2703646	0.13728037	-0.11643022	0.10004153	-0.7926272	0.21458831	-0.16866362	0.12043266	-0.10122641	0.22017726	-0.1677405	0.15470494	-0.10732437	0.095911115	-0.23144974	0.13332064	-0.16138124	0.059141077	-0.06852793	0.075136244	-0.067367956	0.072466955	-0.07703566	0.0623119	-0.032048922	0.033462618	-0.062123332	0.06433013	-0.05104783	0.042145714	-0.032599594	0.063728884	-0.06278232	0.07198731
-0.102485225	0.24070556	-0.31645134	0.1999432	-0.12038773	0.094029985	-0.6998892	0.22805882	-0.16476232	0.11428985	-0.2703646	1.0000004	-0.285032	0.17438635	-0.14918514	0.19330822	-0.32627475	0.2121533	-0.17404802	0.13408475	-0.11234404	0.118245125	-0.13655122	0.13163005	-0.12631698	0.11104077	-0.08901161	0.11027635	-0.053586543	0.06256979	-0.057663698	0.049825005	-0.05934123	0.06732445	-0.05715271	0.027003724	-0.028516373	0.05106056	-0.05689873	0.04551546	-0.037038866	0.028232241	-0.05618643	0.05444143	-0.06603782
0.062835455	-0.11817422	0.1484322	-0.2836722	0.15982236	-0.05742142	0.2037664	-0.54925936	0.25678438	-0.1675712	0.13728037	-0.285032	1.0000004	-0.48485857	0.23072481	-0.13233359	0.2686196	-0.41806686	0.2684546	-0.20607297	0.091913484	-0.11630682	0.14109199	-0.18814717	0.16947971	-0.0944173	0.08334457	-0.10772121	0.05953448	-0.06940357	0.056016035	-0.048451144	0.05971599	-0.07222211	0.06087943	-0.02713612	0.028682727	-0.051605243	0.058589652	-0.04751631	0.037407238	-0.028508978	0.05689981	-0.055651512	0.06810806
-0.053794	0.09052103	-0.11994844	0.2340391	-0.18304574	0.04819988	-0.15513656	0.2628803	-0.27082106	0.18232141	-0.11643022	0.17438635	-0.48485857	1.0000002	-0.48739368	0.108451955	-0.23653395	0.25167146	-0.51866114	0.2748285	-0.08234785	0.106100656	-0.13671856	0.2310685	-0.2335475	0.08364807	-0.07730677	0.09971626	-0.063492104	0.07323688	-0.0537618	0.04615029	-0.058339536	0.07326984	-0.06268449	0.026367037	-0.027928684	0.050319258	-0.058321737	0.047678918	-0.036524512	0.027816365	-0.05569655	0.05456154	-0.067692466
0.047405533	-0.07942825	0.10285711	-0.24220876	0.2204511	-0.042836785	0.12788065	-0.22620207	0.19754468	-0.31064433	0.10004153	-0.14918514	0.23072481	-0.48739368	1.0000001	-0.09540288	0.18020457	-0.19277728	0.27916777	-0.6324281	0.076301105	-0.1010186	0.12656268	-0.25937852	0.25065532	-0.07961702	0.07448136	-0.09911369	0.06670019	-0.07856269	0.053282622	-0.045879584	0.05890111	-0.07732462	0.064757854	-0.02665764	0.02821306	-0.05108132	0.0594593	-0.049129833	0.036928862	-0.028152687	0.056380488	-0.055805776	0.0689726
-0.16940315	0.09022062	-0.11592963	0.124372184	-0.07538974	0.14870322	-0.15667154	0.12536612	-0.09392374	0.07302053	-0.7926272	0.19330822	-0.13233359	0.108451955	-0.09540288	1.0000001	-0.2831154	0.1645775	-0.11912553	0.09404943	-0.3333905	0.16399658	-0.16125363	0.10087664	-0.09232414	0.21307985	-0.1325256	0.14429908	-0.054444246	0.06254991	-0.0723877	0.063381515	-0.067790926	0.07010359	-0.057722125	0.029769953	-0.031198842	0.05733509	-0.059801582	0.047074735	-0.039308045	0.0303261	-0.059418086	0.057669453	-0.06677433
0.08517336	-0.11963332	0.14619642	-0.24541219	0.13466507	-0.07925767	0.20354033	-0.26453552	0.17886777	-0.13896908	0.21458831	-0.32627475	0.2686196	-0.23653395	0.18020457	-0.2831154	1.0000001	-0.6774557	0.25091824	-0.19443774	0.14807881	-0.20198089	0.19703245	-0.20362636	0.16591057	-0.14908113	0.12508503	-0.15622339	0.072266206	-0.08379397	0.07497081	-0.06611193	0.07739456	-0.089866534	0.07379811	-0.034625538	0.03641499	-0.06660972	0.072781354	-0.05865313	0.046811987	-0.035913605	0.07108518	-0.06993879	0.08320025
-0.06910058	0.09887151	-0.1297928	0.19600162	-0.12695588	0.061764296	-0.17704602	0.23177022	-0.17042331	0.12503286	-0.16866362	0.2121533	-0.41806686	0.25167146	-0.19277728	0.1645775	-0.6774557	1.0000004	-0.40813047	0.1877993	-0.1127569	0.1497424	-0.19775763	0.19737318	-0.17411882	0.11026914	-0.09966932	0.124118865	-0.06299387	0.072206065	-0.061613552	0.053658873	-0.06429976	0.07567573	-0.06334627	0.028723272	-0.030299934	0.0551426	-0.061355475	0.049526405	-0.039135046	0.02994833	-0.059514243	0.058223333	-0.07033338
0.054783437	-0.08650214	0.111196704	-0.2273367	0.15173216	-0.049629502	0.14248572	-0.23441768	0.18640023	-0.1581212	0.12043266	-0.17404802	0.2684546	-0.51866114	0.27916777	-0.11912553	0.25091824	-0.40813047	1.0000001	-0.38168213	0.09206988	-0.12645175	0.15862389	-0.46893662	0.27755216	-0.0956501	0.08906534	-0.11781746	0.08009213	-0.090148434	0.06101409	-0.052891556	0.067063466	-0.08922036	0.073005795	-0.02992761	0.03162657	-0.057898752	0.066643886	-0.055075116	0.041132778	-0.031457644	0.0628325	-0.06233474	0.076470025
-0.047181103	0.07291324	-0.09729684	0.18617103	-0.19330928	0.042015567	-0.12156943	0.17718385	-0.16157623	0.1842817	-0.10122641	0.13408475	-0.20607297	0.2748285	-0.6324281	0.09404943	-0.19443774	0.1877993	-0.38168213	1.0000001	-0.07739464	0.10257593	-0.13595808	0.2839852	-0.5005299	0.07917196	-0.07606277	0.099380344	-0.07495074	0.088192396	-0.05525567	0.047226217	-0.0615832	0.08164644	-0.071587846	0.02759715	-0.02927103	0.05312503	-0.06310729	0.05239759	-0.038336463	0.029220225	-0.058675088	0.057999987	-0.072894
0.07615803	-0.055711854	0.07206283	-0.094614886	0.059805583	-0.06916796	0.09230605	-0.090615384	0.06990421	-0.057630997	0.22017726	-0.11234404	0.091913484	-0.08234785	0.076301105	-0.3333905	0.14807881	-0.1127569	0.09206988	-0.07739464	0.9999998	-0.37851796	0.23918125	-0.093007885	0.08428246	-0.7477273	0.25995448	-0.26172778	0.07315403	-0.08200453	0.11587532	-0.106869556	0.099646986	-0.09513576	0.07471016	-0.04173261	0.043229762	-0.08323992	0.079659104	-0.062129624	0.05226699	-0.041083794	0.07873639	-0.07739704	0.08484513
-0.06571448	0.060780223	-0.080079645	0.11366702	-0.07566736	0.05766545	-0.10182886	0.10975115	-0.086100325	0.072288595	-0.1677405	0.118245125	-0.11630682	0.106100656	-0.1010186	0.16399658	-0.20198089	0.1497424	-0.12645175	0.10257593	-0.37851796	0.99999964	-0.6883549	0.13603558	-0.12231711	0.27125528	-0.43750197	0.29317084	-0.0900328	0.09924518	-0.1365895	0.12180033	-0.12144621	0.11342254	-0.09208917	0.04972885	-0.052165404	0.09817861	-0.097597405	0.07541348	-0.06388866	0.04977714	-0.09660804	0.092761934	-0.10444308
0.065925	-0.07012011	0.09099175	-0.1487812	0.09456044	-0.059319045	0.11438698	-0.14032437	0.1084845	-0.092856266	0.15470494	-0.13655122	0.14109199	-0.13671856	0.12656268	-0.16125363	0.19703245	-0.19775763	0.15862389	-0.13595808	0.23918125	-0.6883549	0.9999995	-0.2100464	0.15682678	-0.27220994	0.28718764	-0.42855224	0.118960276	-0.13499199	0.13922985	-0.1303687	0.14398877	-0.15299673	0.11740681	-0.06044932	0.06279406	-0.12287112	0.12110534	-0.096618414	0.0778013	-0.06091915	0.11820366	-0.118900746	0.13130252
-0.04900077	0.07041722	-0.09364407	0.16760269	-0.13910389	0.043587234	-0.11784524	0.16239387	-0.14023241	0.13184494	-0.10732437	0.13163005	-0.18814717	0.2310685	-0.25937852	0.10087664	-0.20362636	0.19737318	-0.46893662	0.2839852	-0.093007885	0.13603558	-0.2100464	0.9999996	-0.7075085	0.09568014	-0.09735623	0.12849255	-0.12947921	0.128072	-0.069855526	0.05996146	-0.08003675	0.11656258	-0.09753419	0.03467466	-0.036762808	0.06839309	-0.081754535	0.068809174	-0.047795966	0.03662783	-0.07352571	0.07353527	-0.09236711
0.044635616	-0.06701431	0.0870142	-0.18170813	0.13296199	-0.040181916	0.10831373	-0.16699581	0.13827226	-0.13903244	0.095911115	-0.12631698	0.16947971	-0.2335475	0.25065532	-0.09232414	0.16591057	-0.17411882	0.27755216	-0.5005299	0.08428246	-0.12231711	0.15682678	-0.7075085	0.999999	-0.08951562	0.089282066	-0.12272926	0.114664584	-0.1455415	0.06609854	-0.05713144	0.07685838	-0.11669357	0.09655251	-0.033563085	0.035504512	-0.06648077	0.079507895	-0.068443574	0.046168633	-0.03544569	0.07105976	-0.072270736	0.08977946
-0.08191541	0.057867277	-0.07651762	0.094262935	-0.06218218	0.07035656	-0.09709724	0.09059567	-0.07124209	0.05887987	-0.23144974	0.11104077	-0.0944173	0.08364807	-0.07961702	0.21307985	-0.14908113	0.11026914	-0.0956501	0.07917196	-0.7477273	0.27125528	-0.27220994	0.09568014	-0.08951562	0.99999887	-0.4191291	0.25350922	-0.077063	0.0849411	-0.15078299	0.12590218	-0.112493515	0.09904054	-0.08049298	0.04630228	-0.04831347	0.09039137	-0.087353915	0.06676497	-0.058030106	0.045417726	-0.08715774	0.083140165	-0.09226897
0.05346206	-0.04669949	0.061587814	-0.08665025	0.05748888	-0.04693935	0.077163935	-0.08146368	0.06447808	-0.054756004	0.13332064	-0.08901161	0.08334457	-0.07730677	0.07448136	-0.1325256	0.12508503	-0.09966932	0.08906534	-0.07606277	0.25995448	-0.43750197	0.28718764	-0.09735623	0.089282066	-0.4191291	0.99999887	-0.6733686	0.108226076	-0.1136249	0.17878932	-0.20640591	0.15649109	-0.13372608	0.100102365	-0.058180396	0.060383905	-0.12367908	0.108102925	-0.08323674	0.069853514	-0.05595167	0.10544187	-0.103154495	0.10947
-0.06726288	0.05990828	-0.080328435	0.10906695	-0.07593608	0.057860874	-0.099701844	0.10276563	-0.08294279	0.0710264	-0.16138124	0.11027635	-0.10772121	0.09971626	-0.09911369	0.14429908	-0.15622339	0.124118865	-0.11781746	0.099380344	-0.26172778	0.29317084	-0.42855224	0.12849255	-0.12272926	0.25350922	-0.6733686	0.99999905	-0.16997463	0.15219828	-0.20965078	0.18361995	-0.23723693	0.17640482	-0.14184444	0.07517634	-0.07975753	0.161157	-0.15246229	0.11388205	-0.096262835	0.07562125	-0.14830634	0.1375554	-0.15376136
0.026731674	-0.029565772	0.039491575	-0.063552424	0.046325292	-0.023392696	0.04841243	-0.057795435	0.048086043	-0.04392056	0.059141077	-0.053586543	0.05953448	-0.063492104	0.06670019	-0.054444246	0.072266206	-0.06299387	0.08009213	-0.07495074	0.07315403	-0.0900328	0.118960276	-0.12947921	0.114664584	-0.077063	0.108226076	-0.16997463	0.9999991	-0.6718449	0.10702118	-0.09299458	0.16118528	-0.61544514	0.25620562	-0.05775164	0.061367173	-0.13348128	0.16552465	-0.15800339	0.07803779	-0.061371975	0.12405801	-0.13399266	0.16949768
-0.031304304	0.034811683	-0.046650354	0.07469016	-0.05496053	0.027338956	-0.056976434	0.06751053	-0.056481756	0.051788922	-0.06852793	0.06256979	-0.06940357	0.07323688	-0.07856269	0.06254991	-0.08379397	0.072206065	-0.090148434	0.088192396	-0.08200453	0.09924518	-0.13499199	0.128072	-0.1455415	0.0849411	-0.1136249	0.15219828	-0.6718449	0.9999992	-0.13025911	0.10630265	-0.18358088	0.32152548	-0.4874978	0.07230241	-0.07774903	0.1540986	-0.23264617	0.22160974	-0.101745546	0.07863326	-0.16200015	0.17385127	-0.24997199
0.032634627	-0.03140917	0.04166042	-0.06295756	0.042211216	-0.028722795	0.051106643	-0.056463096	0.04574867	-0.040025648	0.075136244	-0.057663698	0.056016035	-0.0537618	0.053282622	-0.0723877	0.07497081	-0.061613552	0.06101409	-0.05525567	0.11587532	-0.1365895	0.13922985	-0.069855526	0.06609854	-0.15078299	0.17878932	-0.20965078	0.10702118	-0.13025911	0.9999991	-0.83911586	0.25482634	-0.17706133	0.12553553	-0.12881674	0.119441085	-0.23351958	0.15596066	-0.11861889	0.11424711	-0.09765156	0.15739384	-0.16423021	0.14434788
-0.028862355	0.02715489	-0.0361358	0.05316866	-0.036064185	0.025224159	-0.04444325	0.048194833	-0.03907017	0.03405268	-0.067367956	0.049825005	-0.048451144	0.04615029	-0.045879584	0.063381515	-0.06611193	0.053658873	-0.052891556	0.047226217	-0.106869556	0.12180033	-0.1303687	0.05996146	-0.05713144	0.12590218	-0.20640591	0.18361995	-0.09299458	0.10630265	-0.83911586	0.99999875	-0.36599165	0.14644144	-0.10905684	0.107762985	-0.11676506	0.20525238	-0.1434175	0.10041173	-0.10381798	0.08800606	-0.14641039	0.13615501	-0.12407424
0.032408047	-0.032808598	0.043762073	-0.06726362	0.04614197	-0.028396845	0.053379647	-0.05993869	0.049115688	-0.043533344	0.072466955	-0.05934123	0.05971599	-0.058339536	0.05890111	-0.067790926	0.07739456	-0.06429976	0.067063466	-0.0615832	0.099646986	-0.12144621	0.14398877	-0.08003675	0.07685838	-0.112493515	0.15649109	-0.23723693	0.16118528	-0.18358088	0.25482634	-0.36599165	0.9999983	-0.31424242	0.18387946	-0.13096099	0.13438599	-0.6768908	0.25165161	-0.18055318	0.13962048	-0.12611237	0.230918	-0.23592578	0.19665684
-0.035098642	0.037623838	-0.050554782	0.07825604	-0.057035986	0.030576369	-0.061606303	0.07052333	-0.058858275	0.05322314	-0.07703566	0.06732445	-0.07222211	0.07326984	-0.07732462	0.07010359	-0.089866534	0.07567573	-0.08922036	0.08164644	-0.09513576	0.11342254	-0.15299673	0.11656258	-0.11669357	0.09904054	-0.13372608	0.17640482	-0.61544514	0.32152548	-0.17706133	0.14644144	-0.31424242	0.99999875	-0.41552946	0.09298085	-0.100531496	0.21350811	-0.2871333	0.22982094	-0.12883338	0.10035433	-0.207025	0.20829134	-0.28035071
0.028826755	-0.031919945	0.042615063	-0.0695407	0.04871361	-0.025309654	0.051727325	-0.06129857	0.05084474	-0.046220273	0.0623119	-0.05715271	0.06087943	-0.06268449	0.064757854	-0.057722125	0.07379811	-0.06334627	0.073005795	-0.071587846	0.07471016	-0.09208917	0.11740681	-0.09753419	0.09655251	-0.08049298	0.100102365	-0.14184444	0.25620562	-0.4874978	0.12553553	-0.10905684	0.18387946	-0.41552946	0.99999875	-0.08136738	0.08528088	-0.18683898	0.2729172	-0.5806035	0.109752424	-0.08747084	0.17655885	-0.23796391	0.2802312
-0.014633358	0.015096005	-0.020187818	0.031286623	-0.021412764	0.012818473	-0.02447323	0.027506862	-0.022646522	0.020125857	-0.032048922	0.027003724	-0.02713612	0.026367037	-0.02665764	0.029769953	-0.034625538	0.028723272	-0.02992761	0.02759715	-0.04173261	0.04972885	-0.06044932	0.03467466	-0.033563085	0.04630228	-0.058180396	0.07517634	-0.05775164	0.07230241	-0.12881674	0.107762985	-0.13096099	0.09298085	-0.08136738	0.999999	-0.78729373	0.14839858	-0.118330896	0.07949275	-0.47982442	0.29601422	-0.22678751	0.1547184	-0.10810627
0.015334258	-0.015946662	0.021309668	-0.033298414	0.022713894	-0.013453203	0.025812695	-0.029177222	0.024023881	-0.021374872	0.033462618	-0.028516373	0.028682727	-0.027928684	0.02821306	-0.031198842	0.03641499	-0.030299934	0.03162657	-0.02927103	0.043229762	-0.052165404	0.06279406	-0.036762808	0.035504512	-0.04831347	0.060383905	-0.07975753	0.061367173	-0.07774903	0.119441085	-0.11676506	0.13438599	-0.100531496	0.08528088	-0.78729373	0.9999988	-0.1802176	0.12335229	-0.084823176	0.3062561	-0.45053837	0.2191728	-0.17384584	0.11284668
-0.027958512	0.028403368	-0.03799765	0.05806387	-0.04015133	0.024419473	-0.046256673	0.05167854	-0.04250112	0.03773194	-0.062123332	0.05106056	-0.051605243	0.050319258	-0.05108132	0.05733509	-0.06660972	0.0551426	-0.057898752	0.05312503	-0.08323992	0.09817861	-0.12287112	0.06839309	-0.06648077	0.09039137	-0.12367908	0.161157	-0.13348128	0.1540986	-0.23351958	0.20525238	-0.6768908	0.21350811	-0.18683898	0.14839858	-0.1802176	0.99999934	-0.42042089	0.19163126	-0.17338629	0.15698272	-0.36552975	0.2546083	-0.20834321
0.0297176	-0.03185387	0.04255949	-0.067887984	0.04676922	-0.026086891	0.05154329	-0.059476916	0.049152374	-0.044139136	0.06433013	-0.05689873	0.058589652	-0.058321737	0.0594593	-0.059801582	0.072781354	-0.061355475	0.066643886	-0.06310729	0.079659104	-0.097597405	0.12110534	-0.081754535	0.079507895	-0.087353915	0.108102925	-0.15246229	0.16552465	-0.23264617	0.15596066	-0.1434175	0.25165161	-0.2871333	0.2729172	-0.118330896	0.12335229	-0.42042089	0.99999905	-0.51639366	0.15064618	-0.12771323	0.2582453	-0.4801717	0.30607316
-0.023614047	0.025533618	-0.034180835	0.054424427	-0.038047392	0.02068407	-0.041406456	0.047874674	-0.039714176	0.035818033	-0.05104783	0.04551546	-0.04751631	0.047678918	-0.049129833	0.047074735	-0.05865313	0.049526405	-0.055075116	0.05239759	-0.062129624	0.07541348	-0.096618414	0.068809174	-0.068443574	0.06676497	-0.08323674	0.11388205	-0.15800339	0.22160974	-0.11861889	0.10041173	-0.18055318	0.22982094	-0.5806035	0.07949275	-0.084823176	0.19163126	-0.51639366	0.9999995	-0.10932288	0.08752234	-0.1823586	0.25621727	-0.4946988
0.019589933	-0.02081749	0.027826192	-0.044133026	0.030012075	-0.017215276	0.033592146	-0.038326457	0.03163675	-0.028244196	0.042145714	-0.037038866	0.037407238	-0.036524512	0.036928862	-0.039308045	0.046811987	-0.039135046	0.041132778	-0.038336463	0.05226699	-0.06388866	0.0778013	-0.047795966	0.046168633	-0.058030106	0.069853514	-0.096262835	0.07803779	-0.101745546	0.11424711	-0.10381798	0.13962048	-0.12883338	0.109752424	-0.47982442	0.3062561	-0.17338629	0.15064618	-0.10932288	0.99999934	-0.6916935	0.27936506	-0.25615063	0.15187651
-0.015054183	0.015838658	-0.021179052	0.03329942	-0.022735767	0.013209851	-0.025609322	0.029067107	-0.023978923	0.021382479	-0.032599594	0.028232241	-0.028508978	0.027816365	-0.028152687	0.0303261	-0.035913605	0.02994833	-0.031457644	0.029220225	-0.041083794	0.04977714	-0.06091915	0.03662783	-0.03544569	0.045417726	-0.05595167	0.07562125	-0.061371975	0.07863326	-0.09765156	0.08800606	-0.12611237	0.10035433	-0.08747084	0.29601422	-0.45053837	0.15698272	-0.12771323	0.08752234	-0.6916935	0.9999992	-0.44282854	0.20011273	-0.12118251
0.02963296	-0.031573866	0.042203467	-0.06702972	0.04565882	-0.026040763	0.050957266	-0.058248594	0.0480962	-0.042980578	0.063728884	-0.05618643	0.05689981	-0.05569655	0.056380488	-0.059418086	0.07108518	-0.059514243	0.0628325	-0.058675088	0.07873639	-0.09660804	0.11820366	-0.07352571	0.07105976	-0.08715774	0.10544187	-0.14830634	0.12405801	-0.16200015	0.15739384	-0.14641039	0.230918	-0.207025	0.17655885	-0.22678751	0.2191728	-0.36552975	0.2582453	-0.1823586	0.27936506	-0.44282854	0.9999992	-0.532674	0.24880745
-0.029056974	0.030652024	-0.041129958	0.06388662	-0.044482216	0.025391627	-0.049740624	0.056155235	-0.046522696	0.041630432	-0.06278232	0.05444143	-0.055651512	0.05456154	-0.055805776	0.057669453	-0.06993879	0.058223333	-0.06233474	0.057999987	-0.07739704	0.092761934	-0.118900746	0.07353527	-0.072270736	0.083140165	-0.103154495	0.1375554	-0.13399266	0.17385127	-0.16423021	0.13615501	-0.23592578	0.20829134	-0.23796391	0.1547184	-0.17384584	0.2546083	-0.4801717	0.25621727	-0.25615063	0.20011273	-0.532674	0.99999934	-0.47742268
0.033877116	-0.037301347	0.049893584	-0.08100653	0.05544966	-0.029777726	0.060092486	-0.06994477	0.05801247	-0.052283365	0.07198731	-0.06603782	0.06810806	-0.067692466	0.0689726	-0.06677433	0.08320025	-0.07033338	0.076470025	-0.072894	0.08484513	-0.10444308	0.13130252	-0.09236711	0.08977946	-0.09226897	0.10947	-0.15376136	0.16949768	-0.24997199	0.14434788	-0.12407424	0.19665684	-0.28035071	0.2802312	-0.10810627	0.11284668	-0.20834321	0.30607316	-0.4946988	0.15187651	-0.12118251	0.24880745	-0.47742268	0.99999934
