1.0000001	-0.1897832	0.13429037	-0.070392035	0.09027355	-0.5212561	0.1382821	-0.148405	0.050438758	-0.045671165	0.30682293	-0.2769419	0.11992568	-0.056357544	0.052346397	-0.5769991	0.2189364	-0.1248021	0.08726302	-0.102337554	0.19685547	-0.17230839	0.12994751	-0.13484268	0.12590268	-0.20340051	0.16916558	-0.12805663	0.13334024	-0.08327177	0.12551427	-0.17566352	0.122143686	-0.11715475	0.11870769	-0.13542184	0.11178226	-0.1672045	0.09880769	-0.08427634	0.091578335	-0.09601738	0.095424935	-0.085160986	0.0799153
-0.1897832	1.0000001	-0.84734946	0.2568226	-0.35823053	0.08740119	-0.14268005	0.13111204	-0.04685179	0.052135635	-0.07073251	0.0735445	-0.049385004	0.04492606	-0.054073136	0.11140489	-0.061263997	0.047583867	-0.029572567	0.03409252	-0.045800116	0.04217741	-0.034473687	0.03573066	-0.033408582	0.04571086	-0.042454716	0.0327163	-0.034937285	0.02178455	-0.029540734	0.04255582	-0.03088756	0.029695623	-0.030945498	0.031345844	-0.026703127	0.039391458	-0.024902942	0.021240955	-0.021831615	0.023014883	-0.023194283	0.021109601	-0.020073492
0.13429037	-0.84734946	1.0	-0.38374743	0.26537067	-0.078106694	0.121029824	-0.14150348	0.0417733	-0.04476116	0.061873447	-0.068029806	0.045478586	-0.04089047	0.044593293	-0.104586914	0.05557829	-0.04452182	0.027022487	-0.031416446	0.042181596	-0.038853645	0.03163104	-0.032877836	0.030450845	-0.04245618	0.03888426	-0.03014896	0.031960297	-0.019916985	0.027301969	-0.039344165	0.028384939	-0.027295768	0.0282352	-0.029079087	0.02467756	-0.036529202	0.02285172	-0.019502334	0.020085393	-0.021266244	0.021373237	-0.01942364	0.018416442
-0.070392035	0.2568226	-0.38374743	1.0	-0.87763804	0.03922347	-0.05629493	0.060186103	-0.05456247	0.0646306	-0.03226915	0.035893895	-0.028681625	0.046857733	-0.061252255	0.054409925	-0.029778773	0.027871303	-0.017801717	0.020608094	-0.022780662	0.021124328	-0.018085409	0.019047089	-0.017523538	0.022926915	-0.021272134	0.017089864	-0.018315384	0.011417545	-0.015002565	0.021890976	-0.01599797	0.015470332	-0.01610961	0.015965594	-0.013692038	0.02027596	-0.012907137	0.011032626	-0.01116219	0.011834981	-0.0119305225	0.0109299915	-0.010390036
0.09027355	-0.35823053	0.26537067	-0.87763804	1.0000001	-0.05269216	0.06584634	-0.07272545	0.05987354	-0.081884585	0.042719465	-0.04757106	0.03582363	-0.054853864	0.07010454	-0.07510022	0.039084643	-0.03542594	0.022742908	-0.026511952	0.030711086	-0.028306862	0.02396863	-0.025273344	0.023240523	-0.031126015	0.028411994	-0.022809183	0.024337772	-0.015182401	0.020262942	-0.029476002	0.02138332	-0.02068134	0.021432461	-0.02163405	0.018477162	-0.027449122	0.017270047	-0.01476499	0.01510897	-0.01596919	0.01606038	-0.014668511	0.013911107
-0.5212561	0.08740119	-0.078106694	0.03922347	-0.05269216	0.9999999	-0.13500434	0.11689393	-0.03205847	0.027401563	-0.7580449	0.1850445	-0.078916654	0.0348645	-0.03180531	0.2856811	-0.16350332	0.07549275	-0.04962648	0.05584133	-0.11501118	0.09939815	-0.07341088	0.07249451	-0.071458615	0.103171974	-0.10128536	0.06839074	-0.07407066	0.04612254	-0.06529467	0.08979441	-0.06608412	0.06230739	-0.066673435	0.06683817	-0.056635022	0.08063367	-0.05296128	0.044799	-0.046031114	0.04823939	-0.04921501	0.044376984	-0.042772196
0.1382821	-0.14268005	0.121029824	-0.05629493	0.06584634	-0.13500434	0.9999999	-0.93171257	0.06998085	-0.050121088	0.10923328	-0.17103422	0.12006534	-0.07148095	0.05026587	-0.116076544	0.12175772	-0.11490945	0.050964396	-0.058786873	0.061101332	-0.06270695	0.05077529	-0.05068844	0.045259546	-0.056452055	0.06253725	-0.045363057	0.04762896	-0.029225122	0.036872823	-0.054596268	0.041499335	-0.039127834	0.04108687	-0.03783428	0.03287194	-0.04673107	0.03217409	-0.027325626	0.024360271	-0.028082099	0.02870304	-0.02666415	0.025678188
-0.148405	0.13111204	-0.14150348	0.060186103	-0.07272545	0.11689393	-0.93171257	0.99999976	-0.079526566	0.0521353	-0.108416565	0.1432259	-0.13955104	0.07358961	-0.05367952	0.110929474	-0.12474254	0.11216898	-0.051420327	0.05772965	-0.06157655	0.062554084	-0.05147178	0.05089955	-0.046308503	0.05615264	-0.0638462	0.045557234	-0.048493326	0.029763347	-0.037079416	0.0547232	-0.042022437	0.039564468	-0.042031135	0.037832398	-0.033086557	0.046838265	-0.0326788	0.027720697	-0.024846483	0.028275104	-0.029021503	0.026985353	-0.026098596
0.050438758	-0.04685179	0.0417733	-0.05456247	0.05987354	-0.03205847	0.06998085	-0.079526566	0.99999964	-0.49244705	0.031205755	-0.0517844	0.11888721	-0.7925315	0.30650517	-0.045786265	0.04427317	-0.11613281	0.060405705	-0.07027981	0.028140387	-0.029326744	0.034245774	-0.03759816	0.030659279	-0.027431428	0.029889498	-0.029782034	0.03206463	-0.019686172	0.019850845	-0.032046795	0.025759619	-0.025280388	0.026529705	-0.020758118	0.018973643	-0.027696714	0.020135693	-0.017346365	0.013775572	-0.016565362	0.017000226	-0.016557928	0.015934788
-0.045671165	0.052135635	-0.04476116	0.0646306	-0.081884585	0.027401563	-0.050121088	0.0521353	-0.49244705	0.9999996	-0.026289944	0.0399442	-0.08082829	0.30223638	-0.8038081	0.040101275	-0.035005465	0.07510573	-0.056412734	0.06408268	-0.024018787	0.024471294	-0.028797824	0.032467596	-0.027646301	0.023601111	-0.025251413	0.025206095	-0.028480418	0.017575443	-0.017255306	0.027691951	-0.02234067	0.022171231	-0.023798587	0.018083617	-0.016612308	0.024331452	-0.017827336	0.015374302	-0.012408393	0.014563134	-0.01498907	0.01463159	-0.014146354
0.30682293	-0.07073251	0.061873447	-0.03226915	0.042719465	-0.7580449	0.10923328	-0.108416565	0.031205755	-0.026289944	0.99999964	-0.2716342	0.08432195	-0.03459629	0.030807301	-0.46442413	0.19283493	-0.08260534	0.052048307	-0.058900133	0.13335982	-0.116089806	0.07876342	-0.0771182	0.07372936	-0.12042667	0.11274806	-0.07346388	0.077417515	-0.047852837	0.071402594	-0.09703982	0.070252776	-0.065602005	0.06884739	-0.073328294	0.06044034	-0.085532844	0.05529155	-0.046703223	0.045819532	-0.05106442	0.051712073	-0.046425477	0.044508304
-0.2769419	0.0735445	-0.068029806	0.035893895	-0.04757106	0.1850445	-0.17103422	0.1432259	-0.0517844	0.0399442	-0.2716342	0.9999998	-0.20835175	0.058044016	-0.04911515	0.26199582	-0.77985996	0.1680061	-0.08757392	0.09467241	-0.18667299	0.21414469	-0.12830341	0.11476893	-0.10734879	0.15366068	-0.21317089	0.10973648	-0.113938555	0.06877301	-0.0951512	0.13617522	-0.10374476	0.09303322	-0.09876728	0.09341396	-0.08012209	0.10824908	-0.07716904	0.064593405	-0.055015188	0.06680059	-0.0689037	0.06301288	-0.061373927
0.11992568	-0.049385004	0.045478586	-0.028681625	0.03582363	-0.078916654	0.12006534	-0.13955104	0.11888721	-0.08082829	0.08432195	-0.20835175	0.9999998	-0.1690483	0.10376892	-0.12117006	0.15868644	-0.86930925	0.19247124	-0.22578955	0.08356358	-0.09402678	0.11842932	-0.12150797	0.08865255	-0.07986601	0.09238702	-0.09801914	0.09545364	-0.057422757	0.057337433	-0.09528655	0.078334376	-0.07520654	0.07592966	-0.05946893	0.054395385	-0.07843679	0.05815755	-0.04998253	0.03649063	-0.04717164	0.048347294	-0.04753933	0.04554878
-0.056357544	0.04492606	-0.04089047	0.046857733	-0.054853864	0.0348645	-0.07148095	0.07358961	-0.7925315	0.30223638	-0.03459629	0.058044016	-0.1690483	0.9999998	-0.47656327	0.05036632	-0.050661497	0.13016865	-0.07420498	0.08102335	-0.031858355	0.03324358	-0.039550595	0.043329123	-0.035666358	0.030888088	-0.03408185	0.03399873	-0.03719761	0.022776553	-0.02251348	0.03637065	-0.029542431	0.029015103	-0.030745057	0.023471553	-0.021563102	0.031384822	-0.023144905	0.019927086	-0.015683623	0.018841762	-0.019397656	0.018958628	-0.018310271
0.052346397	-0.054073136	0.044593293	-0.061252255	0.07010454	-0.03180531	0.05026587	-0.05367952	0.30650517	-0.8038081	0.030807301	-0.04911515	0.10376892	-0.47656327	0.9999997	-0.04824429	0.042574722	-0.10401253	0.07220989	-0.08926163	0.02940813	-0.030250262	0.036451604	-0.041425742	0.0343999	-0.029072586	0.031077623	-0.03194481	0.035558667	-0.021971924	0.021380767	-0.034691393	0.027963309	-0.027790148	0.029499393	-0.022472389	0.02068043	-0.03039746	0.022191297	-0.019173302	0.015239851	-0.018143862	0.018634686	-0.018246524	0.017581861
-0.5769991	0.11140489	-0.104586914	0.054409925	-0.07510022	0.2856811	-0.116076544	0.110929474	-0.045786265	0.040101275	-0.46442413	0.26199582	-0.12117006	0.05036632	-0.04824429	0.99999964	-0.34098294	0.11631753	-0.08464456	0.09288128	-0.32511678	0.20651326	-0.14255106	0.13513379	-0.13978879	0.21473603	-0.21392319	0.12910572	-0.14316845	0.08906458	-0.13212036	0.16885652	-0.12739035	0.11808771	-0.13052957	0.12773106	-0.1076811	0.1464333	-0.10162238	0.085286304	-0.08559761	0.090344295	-0.09365032	0.08388771	-0.08218226
0.2189364	-0.061263997	0.05557829	-0.029778773	0.039084643	-0.16350332	0.12175772	-0.12474254	0.04427317	-0.035005465	0.19283493	-0.77985996	0.15868644	-0.050661497	0.042574722	-0.34098294	0.9999996	-0.17300542	0.08341271	-0.09290655	0.19263001	-0.32424286	0.12929592	-0.11707318	0.10148618	-0.17070432	0.20997053	-0.11397222	0.11006287	-0.06599633	0.09747137	-0.14256953	0.102960385	-0.09218125	0.09363161	-0.097630724	0.08077441	-0.109589234	0.074940056	-0.06283495	0.051478732	-0.06697858	0.067959264	-0.06180819	0.05937917
-0.1248021	0.047583867	-0.04452182	0.027871303	-0.03542594	0.07549275	-0.11490945	0.11216898	-0.11613281	0.07510573	-0.08260534	0.1680061	-0.86930925	0.13016865	-0.10401253	0.11631753	-0.17300542	0.99999934	-0.26368076	0.20329191	-0.08566978	0.09566027	-0.13837065	0.12511668	-0.093601786	0.07979782	-0.09639101	0.100223415	-0.10120749	0.059577666	-0.05781921	0.09508816	-0.081504636	0.077063486	-0.07970486	0.059234496	-0.05469842	0.077884614	-0.059981383	0.05124241	-0.03704493	0.047388554	-0.049027644	0.04841543	-0.046880864
0.08726302	-0.029572567	0.027022487	-0.017801717	0.022742908	-0.04962648	0.050964396	-0.051420327	0.060405705	-0.056412734	0.052048307	-0.08757392	0.19247124	-0.07420498	0.07220989	-0.08464456	0.08341271	-0.26368076	0.9999994	-0.889265	0.069229804	-0.07534868	0.13313806	-0.2303705	0.13117515	-0.06938026	0.07862572	-0.10709998	0.13537504	-0.082187966	0.056804582	-0.10049844	0.0898008	-0.09422245	0.09981636	-0.05959566	0.058064178	-0.08543381	0.070878364	-0.062240876	0.03857851	-0.05184549	0.053908244	-0.05682899	0.05503965
-0.102337554	0.03409252	-0.031416446	0.020608094	-0.026511952	0.05584133	-0.058786873	0.05772965	-0.07027981	0.06408268	-0.058900133	0.09467241	-0.22578955	0.08102335	-0.08926163	0.09288128	-0.09290655	0.20329191	-0.889265	0.9999994	-0.076719746	0.08121348	-0.14122477	0.18912312	-0.16147499	0.075517416	-0.08699902	0.110568956	-0.15422946	0.09415427	-0.062304907	0.10728416	-0.09857112	0.103000954	-0.119167	0.064631924	-0.063597955	0.09236318	-0.08051585	0.07024805	-0.043695796	0.056906387	-0.06003023	0.063415304	-0.0629109
0.19685547	-0.045800116	0.042181596	-0.022780662	0.030711086	-0.11501118	0.061101332	-0.06157655	0.028140387	-0.024018787	0.13335982	-0.18667299	0.08356358	-0.031858355	0.02940813	-0.32511678	0.19263001	-0.08566978	0.069229804	-0.076719746	0.9999996	-0.4671861	0.15925948	-0.14247456	0.12534532	-0.6801095	0.30300537	-0.14794658	0.13838936	-0.0825678	0.20312665	-0.2112404	0.13905537	-0.12068728	0.11879646	-0.20130359	0.12982038	-0.16549572	0.10008266	-0.0827971	0.064523034	-0.10220213	0.09962512	-0.0842776	0.07972159
-0.17230839	0.04217741	-0.038853645	0.021124328	-0.028306862	0.09939815	-0.06270695	0.062554084	-0.029326744	0.024471294	-0.116089806	0.21414469	-0.09402678	0.03324358	-0.030250262	0.20651326	-0.32424286	0.09566027	-0.07534868	0.08121348	-0.4671861	0.99999964	-0.25160676	0.16223943	-0.1329353	0.28613773	-0.6751066	0.17372175	-0.15119502	0.086409986	-0.14748788	0.21202654	-0.1553262	0.12532656	-0.123265475	0.13760343	-0.11210847	0.14091972	-0.10006124	0.08217874	-0.059357498	0.088759735	-0.09039289	0.08084243	-0.07794783
0.12994751	-0.034473687	0.03163104	-0.018085409	0.02396863	-0.07341088	0.05077529	-0.05147178	0.034245774	-0.028797824	0.07876342	-0.12830341	0.11842932	-0.039550595	0.036451604	-0.14255106	0.12929592	-0.13837065	0.13313806	-0.14122477	0.15925948	-0.25160676	0.99999964	-0.55612504	0.20685433	-0.16030236	0.19984409	-0.60960025	0.27154598	-0.14078069	0.12699397	-0.26010373	0.25748935	-0.21943189	0.17696203	-0.13226941	0.12678477	-0.18053664	0.14401539	-0.12149525	0.06930066	-0.10888771	0.11075181	-0.11455508	0.10688762
-0.13484268	0.03573066	-0.032877836	0.019047089	-0.025273344	0.07249451	-0.05068844	0.05089955	-0.03759816	0.032467596	-0.0771182	0.11476893	-0.12150797	0.043329123	-0.041425742	0.13513379	-0.11707318	0.12511668	-0.2303705	0.18912312	-0.14247456	0.16223943	-0.55612504	0.9999996	-0.37757045	0.14027913	-0.17176288	0.2844735	-0.5040202	0.20879449	-0.122567646	0.2242167	-0.2406614	0.24777722	-0.2537572	0.12598209	-0.12775488	0.18298961	-0.17592034	0.14950584	-0.07783255	0.11397769	-0.12087868	0.13330619	-0.13080183
0.12590268	-0.033408582	0.030450845	-0.017523538	0.023240523	-0.071458615	0.045259546	-0.046308503	0.030659279	-0.027646301	0.07372936	-0.10734879	0.08865255	-0.035666358	0.0343999	-0.13978879	0.10148618	-0.093601786	0.13117515	-0.16147499	0.12534532	-0.1329353	0.20685433	-0.37757045	0.99999964	-0.1410742	0.14294332	-0.22146857	0.2632334	-0.6636478	0.13075764	-0.25524747	0.19521467	-0.25317842	0.31359068	-0.14719251	0.14810789	-0.24199103	0.18481854	-0.20194297	0.09220669	-0.13953781	0.13909914	-0.16397755	0.15030111
-0.20340051	0.04571086	-0.04245618	0.022926915	-0.031126015	0.103171974	-0.056452055	0.05615264	-0.027431428	0.023601111	-0.12042667	0.15366068	-0.07986601	0.030888088	-0.029072586	0.21473603	-0.17070432	0.07979782	-0.06938026	0.075517416	-0.6801095	0.28613773	-0.16030236	0.14027913	-0.1410742	0.9999997	-0.4368841	0.1461672	-0.1517542	0.091060214	-0.3522813	0.22213414	-0.1536587	0.1284341	-0.13454412	0.22162952	-0.14952044	0.17020042	-0.11109683	0.09056687	-0.07124194	0.11088145	-0.112483	0.09188984	-0.08910677
0.16916558	-0.042454716	0.03888426	-0.021272134	0.028411994	-0.10128536	0.06253725	-0.0638462	0.029889498	-0.025251413	0.11274806	-0.21317089	0.09238702	-0.03408185	0.031077623	-0.21392319	0.20997053	-0.09639101	0.07862572	-0.08699902	0.30300537	-0.6751066	0.19984409	-0.17176288	0.14294332	-0.4368841	0.9999996	-0.20006794	0.16377595	-0.094946116	0.18642828	-0.34070933	0.18175289	-0.14561339	0.13559297	-0.18242647	0.14144836	-0.17603141	0.11457667	-0.09410245	0.06728963	-0.11026441	0.108506724	-0.09447986	0.08940688
-0.12805663	0.0327163	-0.03014896	0.017089864	-0.022809183	0.06839074	-0.045363057	0.045557234	-0.029782034	0.025206095	-0.07346388	0.10973648	-0.09801914	0.03399873	-0.03194481	0.12910572	-0.11397222	0.100223415	-0.10709998	0.110568956	-0.14794658	0.17372175	-0.60960025	0.2844735	-0.22146857	0.1461672	-0.20006794	0.9999997	-0.3506415	0.14798424	-0.13229667	0.2651813	-0.53134954	0.2528557	-0.20492896	0.13002098	-0.13388155	0.1785229	-0.16904406	0.1331229	-0.072685525	0.11242453	-0.11936728	0.12417198	-0.119861476
0.13334024	-0.034937285	0.031960297	-0.018315384	0.024337772	-0.07407066	0.04762896	-0.048493326	0.03206463	-0.028480418	0.077417515	-0.113938555	0.09545364	-0.03719761	0.035558667	-0.14316845	0.11006287	-0.10120749	0.13537504	-0.15422946	0.13838936	-0.15119502	0.27154598	-0.5040202	0.2632334	-0.1517542	0.16377595	-0.3506415	0.9999997	-0.2549423	0.14211553	-0.2915641	0.27848417	-0.5436867	0.25854617	-0.15418449	0.15801845	-0.24273106	0.23081839	-0.20140499	0.08955233	-0.14718093	0.15009636	-0.18514	0.16015992
-0.08327177	0.02178455	-0.019916985	0.011417545	-0.015182401	0.04612254	-0.029225122	0.029763347	-0.019686172	0.017575443	-0.047852837	0.06877301	-0.057422757	0.022776553	-0.021971924	0.08906458	-0.06599633	0.059577666	-0.082187966	0.09415427	-0.0825678	0.086409986	-0.14078069	0.20879449	-0.6636478	0.091060214	-0.094946116	0.14798424	-0.2549423	1.0	-0.086532794	0.16534498	-0.14331329	0.20249997	-0.61657226	0.09533366	-0.09948189	0.15680397	-0.15935317	0.17633767	-0.060353324	0.09567393	-0.0998827	0.12699036	-0.13476731
0.12551427	-0.029540734	0.027301969	-0.015002565	0.020262942	-0.06529467	0.036872823	-0.037079416	0.019850845	-0.017255306	0.071402594	-0.0951512	0.057337433	-0.02251348	0.021380767	-0.13212036	0.09747137	-0.05781921	0.056804582	-0.062304907	0.20312665	-0.14748788	0.12699397	-0.122567646	0.13075764	-0.3522813	0.18642828	-0.13229667	0.14211553	-0.086532794	1.0	-0.31999037	0.16064635	-0.13152526	0.12968192	-0.7695734	0.24200484	-0.2544715	0.11955298	-0.095962845	0.07160907	-0.1693876	0.14721185	-0.10581622	0.097455636
-0.17566352	0.04255582	-0.039344165	0.021890976	-0.029476002	0.08979441	-0.054596268	0.0547232	-0.032046795	0.027691951	-0.09703982	0.13617522	-0.09528655	0.03637065	-0.034691393	0.16885652	-0.14256953	0.09508816	-0.10049844	0.10728416	-0.2112404	0.21202654	-0.26010373	0.2242167	-0.25524747	0.22213414	-0.34070933	0.2651813	-0.2915641	0.16534498	-0.31999037	0.99999994	-0.52945614	0.2603654	-0.25385082	0.24130583	-0.31042764	0.26753005	-0.21470113	0.16476862	-0.10680235	0.18824661	-0.19899996	0.1636274	-0.16195317
0.122143686	-0.03088756	0.028384939	-0.01599797	0.02138332	-0.06608412	0.041499335	-0.042022437	0.025759619	-0.02234067	0.070252776	-0.10374476	0.078334376	-0.029542431	0.027963309	-0.12739035	0.102960385	-0.081504636	0.0898008	-0.09857112	0.13905537	-0.1553262	0.25748935	-0.2406614	0.19521467	-0.1536587	0.18175289	-0.53134954	0.27848417	-0.14331329	0.16064635	-0.52945614	0.9999998	-0.46112558	0.20394826	-0.16307637	0.17017227	-0.22915396	0.19739841	-0.15328918	0.07690962	-0.13888891	0.1403068	-0.14762719	0.13298424
-0.11715475	0.029695623	-0.027295768	0.015470332	-0.02068134	0.06230739	-0.039127834	0.039564468	-0.025280388	0.022171231	-0.065602005	0.09303322	-0.07520654	0.029015103	-0.027790148	0.11808771	-0.09218125	0.077063486	-0.09422245	0.103000954	-0.12068728	0.12532656	-0.21943189	0.24777722	-0.25317842	0.1284341	-0.14561339	0.2528557	-0.5436867	0.20249997	-0.13152526	0.2603654	-0.46112558	0.99999964	-0.3435692	0.13470927	-0.14989386	0.21162976	-0.4252049	0.22674204	-0.08110451	0.13949908	-0.15598086	0.20515172	-0.19122289
0.11870769	-0.030945498	0.0282352	-0.01610961	0.021432461	-0.066673435	0.04108687	-0.042031135	0.026529705	-0.023798587	0.06884739	-0.09876728	0.07592966	-0.030745057	0.029499393	-0.13052957	0.09363161	-0.07970486	0.09981636	-0.119167	0.11879646	-0.123265475	0.17696203	-0.2537572	0.31359068	-0.13454412	0.13559297	-0.20492896	0.25854617	-0.61657226	0.12968192	-0.25385082	0.20394826	-0.3435692	0.9999994	-0.14584647	0.15222475	-0.24764806	0.24041837	-0.3623132	0.09060126	-0.14950961	0.15238929	-0.20701382	0.20545517
-0.13542184	0.031345844	-0.029079087	0.015965594	-0.02163405	0.06683817	-0.03783428	0.037832398	-0.020758118	0.018083617	-0.073328294	0.09341396	-0.05946893	0.023471553	-0.022472389	0.12773106	-0.097630724	0.059234496	-0.05959566	0.064631924	-0.20130359	0.13760343	-0.13226941	0.12598209	-0.14719251	0.22162952	-0.18242647	0.13002098	-0.15418449	0.09533366	-0.7695734	0.24130583	-0.16307637	0.13470927	-0.14584647	0.9999992	-0.39338344	0.24349512	-0.13222893	0.10429987	-0.08090575	0.18491259	-0.17890021	0.115426205	-0.110302314
0.11178226	-0.026703127	0.02467756	-0.013692038	0.018477162	-0.056635022	0.03287194	-0.033086557	0.018973643	-0.016612308	0.06044034	-0.08012209	0.054395385	-0.021563102	0.02068043	-0.1076811	0.08077441	-0.05469842	0.058064178	-0.063597955	0.12982038	-0.11210847	0.12678477	-0.12775488	0.14810789	-0.14952044	0.14144836	-0.13388155	0.15801845	-0.09948189	0.24200484	-0.31042764	0.17017227	-0.14989386	0.15222475	-0.39338344	0.99999887	-0.58423764	0.16310088	-0.1272585	0.094211414	-0.5162263	0.28453648	-0.16221157	0.1395035
-0.1672045	0.039391458	-0.036529202	0.02027596	-0.027449122	0.08063367	-0.04673107	0.046838265	-0.027696714	0.024331452	-0.085532844	0.10824908	-0.07843679	0.031384822	-0.03039746	0.1464333	-0.109589234	0.077884614	-0.08543381	0.09236318	-0.16549572	0.14091972	-0.18053664	0.18298961	-0.24199103	0.17020042	-0.17603141	0.1785229	-0.24273106	0.15680397	-0.2544715	0.26753005	-0.22915396	0.21162976	-0.24764806	0.24349512	-0.58423764	0.9999989	-0.26823023	0.19025557	-0.1363707	0.2967415	-0.40893492	0.21986136	-0.21801545
0.09880769	-0.024902942	0.02285172	-0.012907137	0.017270047	-0.05296128	0.03217409	-0.0326788	0.020135693	-0.017827336	0.05529155	-0.07716904	0.05815755	-0.023144905	0.022191297	-0.10162238	0.074940056	-0.059981383	0.070878364	-0.08051585	0.10008266	-0.10006124	0.14401539	-0.17592034	0.18481854	-0.11109683	0.11457667	-0.16904406	0.23081839	-0.15935317	0.11955298	-0.21470113	0.19739841	-0.4252049	0.24041837	-0.13222893	0.16310088	-0.26823023	0.9999988	-0.53645587	0.08098488	-0.18979986	0.20956689	-0.51661456	0.30884916
-0.08427634	0.021240955	-0.019502334	0.011032626	-0.01476499	0.044799	-0.027325626	0.027720697	-0.017346365	0.015374302	-0.046703223	0.064593405	-0.04998253	0.019927086	-0.019173302	0.085286304	-0.06283495	0.05124241	-0.062240876	0.07024805	-0.0827971	0.08217874	-0.12149525	0.14950584	-0.20194297	0.09056687	-0.09410245	0.1331229	-0.20140499	0.17633767	-0.095962845	0.16476862	-0.15328918	0.22674204	-0.3623132	0.10429987	-0.1272585	0.19025557	-0.53645587	0.9999992	-0.068660356	0.14172482	-0.17195521	0.30637673	-0.6262359
0.091578335	-0.021831615	0.020085393	-0.01116219	0.01510897	-0.046031114	0.024360271	-0.024846483	0.013775572	-0.012408393	0.045819532	-0.055015188	0.03649063	-0.015683623	0.015239851	-0.08559761	0.051478732	-0.03704493	0.03857851	-0.043695796	0.064523034	-0.059357498	0.06930066	-0.07783255	0.09220669	-0.07124194	0.06728963	-0.072685525	0.08955233	-0.060353324	0.07160907	-0.10680235	0.07690962	-0.08110451	0.09060126	-0.08090575	0.094211414	-0.1363707	0.08098488	-0.068660356	0.99999875	-0.11949817	0.10375548	-0.07684672	0.07092361
-0.09601738	0.023014883	-0.021266244	0.011834981	-0.01596919	0.04823939	-0.028082099	0.028275104	-0.016565362	0.014563134	-0.05106442	0.06680059	-0.04717164	0.018841762	-0.018143862	0.090344295	-0.06697858	0.047388554	-0.05184549	0.056906387	-0.10220213	0.088759735	-0.10888771	0.11397769	-0.13953781	0.11088145	-0.11026441	0.11242453	-0.14718093	0.09567393	-0.1693876	0.18824661	-0.13888891	0.13949908	-0.14950961	0.18491259	-0.5162263	0.2967415	-0.18979986	0.14172482	-0.11949817	0.9999983	-0.70621204	0.21129414	-0.18512473
0.095424935	-0.023194283	0.021373237	-0.0119305225	0.01606038	-0.04921501	0.02870304	-0.029021503	0.017000226	-0.01498907	0.051712073	-0.0689037	0.048347294	-0.019397656	0.018634686	-0.09365032	0.067959264	-0.049027644	0.053908244	-0.06003023	0.09962512	-0.09039289	0.11075181	-0.12087868	0.13909914	-0.112483	0.108506724	-0.11936728	0.15009636	-0.0998827	0.14721185	-0.19899996	0.1403068	-0.15598086	0.15238929	-0.17890021	0.28453648	-0.40893492	0.20956689	-0.17195521	0.10375548	-0.70621204	0.9999981	-0.38138863	0.20568675
-0.085160986	0.021109601	-0.01942364	0.0109299915	-0.014668511	0.044376984	-0.02666415	0.026985353	-0.016557928	0.01463159	-0.046425477	0.06301288	-0.04753933	0.018958628	-0.018246524	0.08388771	-0.06180819	0.04841543	-0.05682899	0.063415304	-0.0842776	0.08084243	-0.11455508	0.13330619	-0.16397755	0.09188984	-0.09447986	0.12417198	-0.18514	0.12699036	-0.10581622	0.1636274	-0.14762719	0.20515172	-0.20701382	0.115426205	-0.16221157	0.21986136	-0.51661456	0.30637673	-0.07684672	0.21129414	-0.38138863	0.99999803	-0.6179214
0.0799153	-0.020073492	0.018416442	-0.010390036	0.013911107	-0.042772196	0.025678188	-0.026098596	0.015934788	-0.014146354	0.044508304	-0.061373927	0.04554878	-0.018310271	0.017581861	-0.08218226	0.05937917	-0.046880864	0.05503965	-0.0629109	0.07972159	-0.07794783	0.10688762	-0.13080183	0.15030111	-0.08910677	0.08940688	-0.119861476	0.16015992	-0.13476731	0.097455636	-0.16195317	0.13298424	-0.19122289	0.20545517	-0.110302314	0.1395035	-0.21801545	0.30884916	-0.6262359	0.07092361	-0.18512473	0.20568675	-0.6179214	0.99999803
