1.0000001	-0.26789868	0.140811	-0.121111155	0.15650448	-0.8314057	0.2180204	-0.18557422	0.13133226	-0.1145076	0.23738708	-0.16074479	0.14371783	-0.16896334	0.108555846	-0.25597528	0.13966022	-0.14433634	0.10018513	-0.07683557	0.11071363	-0.1146852	0.10587528	-0.084026225	0.103959	-0.07863945	0.08009745	-0.076388724	0.08052182	-0.057905596	0.060768597	-0.07411349	0.0749279	-0.07167738	0.05692324	-0.056736164	0.053256	-0.07007818	0.07116721	-0.050654534	0.038630676	-0.0360454	0.062366523	-0.045719557	0.036439333
-0.26789868	1.0	-0.6093217	0.31063733	-0.49499574	0.18175654	-0.30735707	0.2476875	-0.25403824	0.190132	-0.14724211	0.14901349	-0.16525266	0.23777962	-0.18985291	0.14055939	-0.13221124	0.1379994	-0.15639335	0.11841238	-0.14137413	0.12320343	-0.12527364	0.11102728	-0.15797158	0.096285835	-0.1033423	0.097001016	-0.11080027	0.08166743	-0.080478415	0.09542537	-0.10159739	0.097179785	-0.08194245	0.073174015	-0.07057533	0.09268621	-0.09966798	0.07013122	-0.054079853	0.049437445	-0.09089935	0.06397814	-0.051531862
0.140811	-0.6093217	1.0	-0.6234657	0.3074705	-0.12135545	0.21822259	-0.29538643	0.23332728	-0.17236991	0.099417806	-0.1154991	0.12748349	-0.20863412	0.1444092	-0.10111466	0.09559647	-0.10364004	0.11488156	-0.08914451	0.098169334	-0.089664906	0.089733176	-0.08025775	0.11190491	-0.068736516	0.07310212	-0.06963933	0.07864532	-0.05875496	0.057045866	-0.06906072	0.07204945	-0.069750905	0.058151297	-0.052541748	0.050518867	-0.066751406	0.07061781	-0.050678622	0.038385525	-0.03533754	0.06415921	-0.045837905	0.03682114
-0.121111155	0.31063733	-0.6234657	1.0000002	-0.56722593	0.10195971	-0.20812987	0.22197758	-0.3673554	0.19571756	-0.09346737	0.10969475	-0.12428689	0.22109498	-0.16679335	0.0937967	-0.09400807	0.101757884	-0.12565027	0.097482316	-0.10095958	0.09013358	-0.091445364	0.08373317	-0.119854026	0.070425846	-0.075377166	0.07178118	-0.08221129	0.061842985	-0.05896642	0.07123339	-0.07487391	0.07270076	-0.061242137	0.05417045	-0.05228294	0.06914016	-0.0736844	0.052758113	-0.039931428	0.03668475	-0.06706967	0.04775823	-0.03841225
0.15650448	-0.49499574	0.3074705	-0.56722593	1.0	-0.13867523	0.22693302	-0.24088489	0.2682225	-0.25691307	0.12631397	-0.14589916	0.15837455	-0.3373671	0.2057321	-0.13234882	0.12919933	-0.14279361	0.16913322	-0.13258557	0.14594528	-0.12954931	0.12954922	-0.120254695	0.16777974	-0.103639655	0.10992743	-0.10541463	0.11868436	-0.08980967	0.08754064	-0.10718914	0.110072605	-0.10688374	0.08880398	-0.0811125	0.078143865	-0.10348381	0.10920237	-0.08070825	0.060457576	-0.055673745	0.10176787	-0.07256302	0.058291934
-0.8314057	0.18175654	-0.12135545	0.10195971	-0.13867523	0.99999976	-0.27244756	0.1665991	-0.11769492	0.098725654	-0.34405145	0.15006942	-0.13813809	0.14230253	-0.09551059	0.22017556	-0.12995525	0.12464491	-0.08807715	0.06703128	-0.09902403	0.09947037	-0.09393187	0.07300763	-0.09133553	0.06815664	-0.07016641	0.06605327	-0.07039404	0.05019078	-0.052757706	0.06344984	-0.06515603	0.061976578	-0.049557533	0.048788376	-0.045891814	0.060193263	-0.061677437	0.04332587	-0.033278707	0.030952789	-0.053798545	0.039254732	-0.031324103
0.2180204	-0.30735707	0.21822259	-0.20812987	0.22693302	-0.27244756	1.0	-0.6850137	0.2661999	-0.22475192	0.18025544	-0.28837848	0.24251862	-0.30867115	0.18380763	-0.18618591	0.17071228	-0.1849114	0.15569447	-0.12151151	0.14307648	-0.14632787	0.14025566	-0.11754204	0.15269566	-0.10250023	0.10734064	-0.10312861	0.11249649	-0.082970716	0.082223244	-0.101056784	0.103272095	-0.10019694	0.08120772	-0.076657824	0.072939314	-0.09660856	0.099568404	-0.07168756	0.053882197	-0.050093208	0.088419236	-0.064506195	0.051558666
-0.18557422	0.2476875	-0.29538643	0.22197758	-0.24088489	0.1665991	-0.6850137	1.0000001	-0.43908378	0.21737431	-0.14742818	0.20983978	-0.27979696	0.2588888	-0.19179632	0.14254522	-0.14695226	0.15616402	-0.14901291	0.11471757	-0.12648182	0.12365537	-0.1240434	0.10414476	-0.14160807	0.08839828	-0.09412177	0.08952386	-0.10043689	0.07399851	-0.071674325	0.08676708	-0.09089168	0.088043466	-0.07285415	0.06607086	-0.0632671	0.08364828	-0.08774886	0.062009424	-0.04695518	0.043409273	-0.07759002	0.056104515	-0.04497319
0.13133226	-0.25403824	0.23332728	-0.3673554	0.2682225	-0.11769492	0.2661999	-0.43908378	0.99999994	-0.5349601	0.115654446	-0.15311947	0.17414944	-0.44723547	0.2697834	-0.11847811	0.12375834	-0.1381366	0.18478292	-0.15087372	0.12750503	-0.118755594	0.11998426	-0.11303076	0.16160645	-0.09081863	0.09694207	-0.09372053	0.10780357	-0.0830495	0.07543046	-0.092678115	0.09670625	-0.09577846	0.080558345	-0.06995078	0.06750328	-0.08997903	0.09487567	-0.068353996	0.050765898	-0.046935495	0.08481624	-0.06145384	0.049328066
-0.1145076	0.190132	-0.17236991	0.19571756	-0.25691307	0.098725654	-0.22475192	0.21737431	-0.5349601	0.99999994	-0.10408998	0.1272204	-0.14679797	0.29239193	-0.6411662	0.105343156	-0.116612196	0.13063267	-0.25858596	0.21653026	-0.1286063	0.11733909	-0.12241213	0.12581973	-0.1999834	0.09198811	-0.09940743	0.09715521	-0.11743448	0.093614854	-0.077026285	0.09504359	-0.10119864	0.102707595	-0.089706264	0.07140178	-0.06948598	0.09337406	-0.099716656	0.07084686	-0.05192839	0.047998324	-0.08728324	0.063624695	-0.051196136
0.23738708	-0.14724211	0.099417806	-0.09346737	0.12631397	-0.34405145	0.18025544	-0.14742818	0.115654446	-0.10408998	1.0000001	-0.3120208	0.21213315	-0.16555987	0.10696337	-0.7671804	0.24379678	-0.22452746	0.10935299	-0.08288713	0.14512402	-0.16490315	0.14463244	-0.102344446	0.116367936	-0.101113275	0.100247435	-0.09446705	0.09596315	-0.06636128	0.07303605	-0.0881138	0.08896208	-0.08416678	0.064986885	-0.06821075	0.06297623	-0.08240421	0.08206216	-0.056954075	0.044046227	-0.0413626	0.069341525	-0.051591687	0.040929407
-0.16074479	0.14901349	-0.1154991	0.10969475	-0.14589916	0.15006942	-0.28837848	0.20983978	-0.15311947	0.1272204	-0.3120208	1.0000006	-0.7315099	0.20818768	-0.13355777	0.23836428	-0.38491967	0.268062	-0.13507587	0.099833734	-0.15304635	0.18117312	-0.17736612	0.11700674	-0.1374703	0.103983134	-0.11143591	0.10312511	-0.110339746	0.07519375	-0.07866815	0.09393789	-0.09902742	0.09370583	-0.074040435	0.07224245	-0.06806845	0.08932043	-0.0914022	0.062305912	-0.04804469	0.044759974	-0.076880634	0.056678288	-0.04514784
0.14371783	-0.16525266	0.12748349	-0.12428689	0.15837455	-0.13813809	0.24251862	-0.27979696	0.17414944	-0.14679797	0.21213315	-0.7315099	1.0000005	-0.28949532	0.14868993	-0.2275819	0.27114406	-0.37158784	0.1497714	-0.11224994	0.15516339	-0.19495194	0.18567893	-0.12904878	0.14824039	-0.11135637	0.11716812	-0.112300664	0.118372075	-0.082328625	0.084323466	-0.103126	0.106501445	-0.10241489	0.0802498	-0.078608625	0.074010685	-0.09788863	0.09897456	-0.06865138	0.052283004	-0.048913322	0.08370356	-0.062119905	0.049412664
-0.16896334	0.23777962	-0.20863412	0.22109498	-0.3373671	0.14230253	-0.30867115	0.2588888	-0.44723547	0.29239193	-0.16555987	0.20818768	-0.28949532	1.0000006	-0.39751744	0.1616833	-0.18809097	0.20262386	-0.37361357	0.23908103	-0.2071085	0.18005256	-0.19155337	0.18092918	-0.27883744	0.14155288	-0.15503436	0.1468153	-0.1769857	0.13346621	-0.11923212	0.14177819	-0.15523045	0.15185463	-0.13265882	0.10816595	-0.1054572	0.13966534	-0.15263917	0.10514985	-0.08008593	0.07314513	-0.13548733	0.095963985	-0.07748341
0.108555846	-0.18985291	0.1444092	-0.16679335	0.2057321	-0.09551059	0.18380763	-0.19179632	0.2697834	-0.6411662	0.10696337	-0.13355777	0.14868993	-0.39751744	1.0000005	-0.112470224	0.1256396	-0.14770049	0.28150633	-0.4234788	0.14299196	-0.13455628	0.13723925	-0.15417837	0.22764207	-0.10654117	0.11347828	-0.11422493	0.13537097	-0.11567577	0.08918619	-0.11383791	0.11722353	-0.123399556	0.10460765	-0.08430436	0.08187961	-0.111471355	0.11586496	-0.085807584	0.06068955	-0.05667906	0.101485476	-0.075855404	0.060755227
-0.25597528	0.14055939	-0.10111466	0.0937967	-0.13234882	0.22017556	-0.18618591	0.14254522	-0.11847811	0.105343156	-0.7671804	0.23836428	-0.2275819	0.1616833	-0.112470224	1.0000004	-0.38216206	0.22623394	-0.117544964	0.087578624	-0.18017161	0.1774784	-0.16455807	0.10958366	-0.12663722	0.11104584	-0.11187775	0.10140253	-0.104785554	0.07083511	-0.079858035	0.093131185	-0.09661258	0.08989196	-0.07002724	0.07297008	-0.06740589	0.08734876	-0.08823952	0.059830308	-0.04698887	0.043893185	-0.07385214	0.054559283	-0.04335173
0.13966022	-0.13221124	0.09559647	-0.09400807	0.12919933	-0.12995525	0.17071228	-0.14695226	0.12375834	-0.116612196	0.24379678	-0.38491967	0.27114406	-0.18809097	0.1256396	-0.38216206	1.0000002	-0.6309418	0.14589162	-0.11002146	0.19527848	-0.38441432	0.26726788	-0.15423495	0.15521678	-0.13828829	0.14796516	-0.13717422	0.13700327	-0.08931107	0.09700367	-0.117364846	0.12209259	-0.11524154	0.086761646	-0.090172775	0.083699636	-0.1100619	0.108885534	-0.073273554	0.056663293	-0.05335004	0.088274196	-0.06661874	0.052696176
-0.14433634	0.1379994	-0.10364004	0.101757884	-0.14279361	0.12464491	-0.1849114	0.15616402	-0.1381366	0.13063267	-0.22452746	0.268062	-0.37158784	0.20262386	-0.14770049	0.22623394	-0.6309418	1.0000004	-0.20042399	0.1359802	-0.21047586	0.28626597	-0.44880667	0.18603487	-0.19245906	0.14282078	-0.160411	0.14998771	-0.1671431	0.103757486	-0.10552365	0.12590246	-0.13857675	0.13113138	-0.1016387	0.096465945	-0.09137597	0.12058321	-0.123506874	0.08098814	-0.06231743	0.058233067	-0.09867069	0.0739654	-0.058778036
0.10018513	-0.15639335	0.11488156	-0.12565027	0.16913322	-0.08807715	0.15569447	-0.14901291	0.18478292	-0.25858596	0.10935299	-0.13507587	0.1497714	-0.37361357	0.28150633	-0.117544964	0.14589162	-0.20042399	1.0000005	-0.7171195	0.15579207	-0.15810986	0.16515255	-0.21456587	0.2812395	-0.12008583	0.12820113	-0.13378817	0.16454864	-0.14521438	0.09901734	-0.12968858	0.13407865	-0.1493652	0.123939656	-0.094830245	0.09243613	-0.12816139	0.13149889	-0.0969024	0.06641385	-0.062576234	0.11039663	-0.085033566	0.06783934
-0.07683557	0.11841238	-0.08914451	0.097482316	-0.13258557	0.06703128	-0.12151151	0.11471757	-0.15087372	0.21653026	-0.08288713	0.099833734	-0.11224994	0.23908103	-0.4234788	0.087578624	-0.11002146	0.1359802	-0.7171195	1.0000001	-0.122973144	0.12161205	-0.1330839	0.17824517	-0.41934785	0.093774356	-0.102156475	0.106376946	-0.14299314	0.13005216	-0.077713884	0.10090057	-0.10864609	0.12207144	-0.11328231	0.07386114	-0.07268398	0.101067625	-0.10691422	0.07595156	-0.051937044	0.04874475	-0.08718079	0.066904634	-0.053778037
0.11071363	-0.14137413	0.098169334	-0.10095958	0.14594528	-0.09902403	0.14307648	-0.12648182	0.12750503	-0.1286063	0.14512402	-0.15304635	0.15516339	-0.2071085	0.14299196	-0.18017161	0.19527848	-0.21047586	0.15579207	-0.122973144	0.9999999	-0.41931966	0.24756318	-0.20256075	0.20066595	-0.5962571	0.29046535	-0.26103148	0.19665429	-0.13477582	0.23633836	-0.25501305	0.21567214	-0.19078985	0.13122785	-0.22896461	0.17603327	-0.21382031	0.1866952	-0.12776932	0.111331835	-0.10858236	0.15044993	-0.1166478	0.09036037
-0.1146852	0.12320343	-0.089664906	0.09013358	-0.12954931	0.09947037	-0.14632787	0.12365537	-0.118755594	0.11733909	-0.16490315	0.18117312	-0.19495194	0.18005256	-0.13455628	0.1774784	-0.38441432	0.28626597	-0.15810986	0.12161205	-0.41931966	0.99999994	-0.61714965	0.22481507	-0.20909348	0.229548	-0.30647308	0.21636415	-0.21207564	0.121048205	-0.14921266	0.16792795	-0.18619081	0.163625	-0.11984793	0.13238744	-0.12174533	0.15543321	-0.15449096	0.09709359	-0.078404285	0.07359078	-0.11826393	0.08968045	-0.0707092
0.10587528	-0.12527364	0.089733176	-0.091445364	0.12954922	-0.09393187	0.14025566	-0.1240434	0.11998426	-0.12241213	0.14463244	-0.17736612	0.18567893	-0.19155337	0.13723925	-0.16455807	0.26726788	-0.44880667	0.16515255	-0.1330839	0.24756318	-0.61714965	0.9999998	-0.38435122	0.22134584	-0.19324546	0.21468265	-0.2380759	0.23089087	-0.13263263	0.13222516	-0.16640565	0.18165097	-0.17940238	0.12544936	-0.12488418	0.117398076	-0.15908973	0.1547306	-0.10032187	0.07597971	-0.07211107	0.117466554	-0.09138821	0.071836434
-0.084026225	0.11102728	-0.08025775	0.08373317	-0.120254695	0.07300763	-0.11754204	0.10414476	-0.11303076	0.12581973	-0.102344446	0.11700674	-0.12904878	0.18092918	-0.15417837	0.10958366	-0.15423495	0.18603487	-0.21456587	0.17824517	-0.20256075	0.22481507	-0.38435122	0.99999976	-0.47249547	0.15555914	-0.18977019	0.20914425	-0.6260039	0.19166167	-0.12412834	0.15975924	-0.20529959	0.24296072	-0.18375877	0.116021454	-0.117855385	0.16764066	-0.19231434	0.11082926	-0.07720763	0.072420724	-0.12883519	0.10169776	-0.0811067
0.103959	-0.15797158	0.11190491	-0.119854026	0.16777974	-0.09133553	0.15269566	-0.14160807	0.16160645	-0.1999834	0.116367936	-0.1374703	0.14824039	-0.27883744	0.22764207	-0.12663722	0.15521678	-0.19245906	0.2812395	-0.41934785	0.20066595	-0.20909348	0.22134584	-0.47249547	0.99999994	-0.16397808	0.17696708	-0.19808134	0.2723635	-0.34576127	0.13540798	-0.18479326	0.19692433	-0.24994668	0.22918749	-0.13208209	0.13093813	-0.18825684	0.19418465	-0.14201224	0.09075106	-0.08631132	0.15223408	-0.12245673	0.098043844
-0.07863945	0.096285835	-0.068736516	0.070425846	-0.103639655	0.06815664	-0.10250023	0.08839828	-0.09081863	0.09198811	-0.101113275	0.103983134	-0.11135637	0.14155288	-0.10654117	0.11104584	-0.13828829	0.14282078	-0.12008583	0.093774356	-0.5962571	0.229548	-0.19324546	0.15555914	-0.16397808	1.0000001	-0.5154313	0.24773104	-0.17462827	0.10924576	-0.4046322	0.22129947	-0.217947	0.16144568	-0.11103043	0.2289921	-0.17399512	0.18241149	-0.16762394	0.10214645	-0.103576414	0.09587176	-0.12918165	0.0966711	-0.074995026
0.08009745	-0.1033423	0.07310212	-0.075377166	0.10992743	-0.07016641	0.10734064	-0.09412177	0.09694207	-0.09940743	0.100247435	-0.11143591	0.11716812	-0.15503436	0.11347828	-0.11187775	0.14796516	-0.160411	0.12820113	-0.102156475	0.29046535	-0.30647308	0.21468265	-0.18977019	0.17696708	-0.5154313	1.0000002	-0.5894909	0.20709486	-0.12740389	0.21324314	-0.27269262	0.26770926	-0.20073618	0.12535849	-0.19377299	0.17479289	-0.21757208	0.18412875	-0.111866586	0.09687479	-0.09249246	0.13368984	-0.104753576	0.0808125
-0.076388724	0.097001016	-0.06963933	0.07178118	-0.10541463	0.06605327	-0.10312861	0.08952386	-0.09372053	0.09715521	-0.09446705	0.10312511	-0.112300664	0.1468153	-0.11422493	0.10140253	-0.13717422	0.14998771	-0.13378817	0.106376946	-0.26103148	0.21636415	-0.2380759	0.20914425	-0.19808134	0.24773104	-0.5894909	0.9999999	-0.31482628	0.14290962	-0.1810369	0.22338709	-0.54372644	0.24208134	-0.14826077	0.15654802	-0.166748	0.22714569	-0.214851	0.11344748	-0.09257014	0.08600903	-0.13992949	0.108625114	-0.08474682
0.08052182	-0.11080027	0.07864532	-0.08221129	0.11868436	-0.07039404	0.11249649	-0.10043689	0.10780357	-0.11743448	0.09596315	-0.110339746	0.118372075	-0.1769857	0.13537097	-0.104785554	0.13700327	-0.1671431	0.16454864	-0.14299314	0.19665429	-0.21207564	0.23089087	-0.6260039	0.2723635	-0.17462827	0.20709486	-0.31482628	0.9999999	-0.24560876	0.13859594	-0.19380797	0.25029865	-0.45935303	0.20919129	-0.13491045	0.13915844	-0.21293886	0.22920512	-0.13144825	0.08699581	-0.082822315	0.14440458	-0.12132651	0.09398443
-0.057905596	0.08166743	-0.05875496	0.061842985	-0.08980967	0.05019078	-0.082970716	0.07399851	-0.0830495	0.093614854	-0.06636128	0.07519375	-0.082328625	0.13346621	-0.11567577	0.07083511	-0.08931107	0.103757486	-0.14521438	0.13005216	-0.13477582	0.121048205	-0.13263263	0.19166167	-0.34576127	0.10924576	-0.12740389	0.14290962	-0.24560876	0.99999976	-0.09668919	0.12959124	-0.17670514	0.2474695	-0.81979376	0.09202871	-0.09800147	0.14583825	-0.18811278	0.12335414	-0.068246946	0.063441515	-0.12807684	0.1003025	-0.091835156
0.060768597	-0.080478415	0.057045866	-0.05896642	0.08754064	-0.052757706	0.082223244	-0.071674325	0.07543046	-0.077026285	0.07303605	-0.07866815	0.084323466	-0.11923212	0.08918619	-0.079858035	0.09700367	-0.10552365	0.09901734	-0.077713884	0.23633836	-0.14921266	0.13222516	-0.12412834	0.13540798	-0.4046322	0.21324314	-0.1810369	0.13859594	-0.09668919	0.9999998	-0.35095435	0.18636464	-0.14775044	0.0978058	-0.7166347	0.2701002	-0.22528331	0.1705747	-0.108135894	0.15016118	-0.14922838	0.13598256	-0.103871875	0.07784756
-0.07411349	0.09542537	-0.06906072	0.07123339	-0.10718914	0.06344984	-0.101056784	0.08676708	-0.092678115	0.09504359	-0.0881138	0.09393789	-0.103126	0.14177819	-0.11383791	0.093131185	-0.117364846	0.12590246	-0.12968858	0.10090057	-0.25501305	0.16792795	-0.16640565	0.15975924	-0.18479326	0.22129947	-0.27269262	0.22338709	-0.19380797	0.12959124	-0.35095435	0.99999976	-0.34359288	0.20840116	-0.13811472	0.28442338	-0.6472195	0.2987038	-0.27772534	0.13553053	-0.15805992	0.13903598	-0.19047263	0.13650571	-0.105665736
0.0749279	-0.10159739	0.07204945	-0.07487391	0.110072605	-0.06515603	0.103272095	-0.09089168	0.09670625	-0.10119864	0.08896208	-0.09902742	0.106501445	-0.15523045	0.11722353	-0.09661258	0.12209259	-0.13857675	0.13407865	-0.10864609	0.21567214	-0.18619081	0.18165097	-0.20529959	0.19692433	-0.217947	0.26770926	-0.54372644	0.25029865	-0.17670514	0.18636464	-0.34359288	0.99999964	-0.4357456	0.17696463	-0.18672313	0.22450458	-0.4333155	0.27996498	-0.14108253	0.10776087	-0.102441624	0.16436373	-0.13670324	0.10354178
-0.07167738	0.097179785	-0.069750905	0.07270076	-0.10688374	0.061976578	-0.10019694	0.088043466	-0.09577846	0.102707595	-0.08416678	0.09370583	-0.10241489	0.15185463	-0.123399556	0.08989196	-0.11524154	0.13113138	-0.1493652	0.12207144	-0.19078985	0.163625	-0.17940238	0.24296072	-0.24994668	0.16144568	-0.20073618	0.24208134	-0.45935303	0.2474695	-0.14775044	0.20840116	-0.4357456	0.99999964	-0.3699371	0.14133821	-0.16464747	0.26772833	-0.49143362	0.15387851	-0.09809302	0.09164585	-0.17990011	0.154273	-0.12038611
0.05692324	-0.08194245	0.058151297	-0.061242137	0.08880398	-0.049557533	0.08120772	-0.07285415	0.080558345	-0.089706264	0.064986885	-0.074040435	0.0802498	-0.13265882	0.10460765	-0.07002724	0.086761646	-0.1016387	0.123939656	-0.11328231	0.13122785	-0.11984793	0.12544936	-0.18375877	0.22918749	-0.11103043	0.12535849	-0.14826077	0.20919129	-0.81979376	0.0978058	-0.13811472	0.17696463	-0.3699371	0.9999995	-0.09579557	0.1016182	-0.15826915	0.18948223	-0.14754395	0.069318734	-0.06541283	0.12890455	-0.108081535	0.09791822
-0.056736164	0.073174015	-0.052541748	0.05417045	-0.0811125	0.048788376	-0.076657824	0.06607086	-0.06995078	0.07140178	-0.06821075	0.07224245	-0.078608625	0.10816595	-0.08430436	0.07297008	-0.090172775	0.096465945	-0.094830245	0.07386114	-0.22896461	0.13238744	-0.12488418	0.116021454	-0.13208209	0.2289921	-0.19377299	0.15654802	-0.13491045	0.09202871	-0.7166347	0.28442338	-0.18672313	0.14133821	-0.09579557	0.99999934	-0.46390915	0.2192425	-0.18296188	0.10490733	-0.20670335	0.16053912	-0.14415917	0.10397897	-0.07831697
0.053256	-0.07057533	0.050518867	-0.05228294	0.078143865	-0.045891814	0.072939314	-0.0632671	0.06750328	-0.06948598	0.06297623	-0.06806845	0.074010685	-0.1054572	0.08187961	-0.06740589	0.083699636	-0.09137597	0.09243613	-0.07268398	0.17603327	-0.12174533	0.117398076	-0.117855385	0.13093813	-0.17399512	0.17479289	-0.166748	0.13915844	-0.09800147	0.2701002	-0.6472195	0.22450458	-0.16464747	0.1016182	-0.46390915	0.9999992	-0.45514843	0.222468	-0.10995365	0.14254823	-0.14334424	0.14444421	-0.11135656	0.082783416
-0.07007818	0.09268621	-0.066751406	0.06914016	-0.10348381	0.060193263	-0.09660856	0.08364828	-0.08997903	0.09337406	-0.08240421	0.08932043	-0.09788863	0.13966534	-0.111471355	0.08734876	-0.1100619	0.12058321	-0.12816139	0.101067625	-0.21382031	0.15543321	-0.15908973	0.16764066	-0.18825684	0.18241149	-0.21757208	0.22714569	-0.21293886	0.14583825	-0.22528331	0.2987038	-0.4333155	0.26772833	-0.15826915	0.2192425	-0.45514843	0.99999964	-0.56077194	0.16128488	-0.13735446	0.12443155	-0.22088303	0.17424309	-0.1319534
0.07116721	-0.09966798	0.07061781	-0.0736844	0.10920237	-0.061677437	0.099568404	-0.08774886	0.09487567	-0.099716656	0.08206216	-0.0914022	0.09897456	-0.15263917	0.11586496	-0.08823952	0.108885534	-0.123506874	0.13149889	-0.10691422	0.1866952	-0.15449096	0.1547306	-0.19231434	0.19418465	-0.16762394	0.18412875	-0.214851	0.22920512	-0.18811278	0.1705747	-0.27772534	0.27996498	-0.49143362	0.18948223	-0.18296188	0.222468	-0.56077194	0.9999998	-0.24767153	0.124335565	-0.1210653	0.24140835	-0.30766833	0.18099347
-0.050654534	0.07013122	-0.050678622	0.052758113	-0.08070825	0.04332587	-0.07168756	0.062009424	-0.068353996	0.07084686	-0.056954075	0.062305912	-0.06865138	0.10514985	-0.085807584	0.059830308	-0.073273554	0.08098814	-0.0969024	0.07595156	-0.12776932	0.09709359	-0.10032187	0.11082926	-0.14201224	0.10214645	-0.111866586	0.11344748	-0.13144825	0.12335414	-0.108135894	0.13553053	-0.14108253	0.15387851	-0.14754395	0.10490733	-0.10995365	0.16128488	-0.24767153	0.9999997	-0.14749937	0.13098451	-0.445313	0.3185663	-0.742715
0.038630676	-0.054079853	0.038385525	-0.039931428	0.060457576	-0.033278707	0.053882197	-0.04695518	0.050765898	-0.05192839	0.044046227	-0.04804469	0.052283004	-0.08008593	0.06068955	-0.04698887	0.056663293	-0.06231743	0.06641385	-0.051937044	0.111331835	-0.078404285	0.07597971	-0.07720763	0.09075106	-0.103576414	0.09687479	-0.09257014	0.08699581	-0.068246946	0.15016118	-0.15805992	0.10776087	-0.09809302	0.069318734	-0.20670335	0.14254823	-0.13735446	0.124335565	-0.14749937	0.9999998	-0.9011356	0.2049484	-0.14953162	0.096525505
-0.0360454	0.049437445	-0.03533754	0.03668475	-0.055673745	0.030952789	-0.050093208	0.043409273	-0.046935495	0.047998324	-0.0413626	0.044759974	-0.048913322	0.07314513	-0.05667906	0.043893185	-0.05335004	0.058233067	-0.062576234	0.04874475	-0.10858236	0.07359078	-0.07211107	0.072420724	-0.08631132	0.09587176	-0.09249246	0.08600903	-0.082822315	0.063441515	-0.14922838	0.13903598	-0.102441624	0.09164585	-0.06541283	0.16053912	-0.14334424	0.12443155	-0.1210653	0.13098451	-0.9011356	0.9999995	-0.27764466	0.14163296	-0.09398213
0.062366523	-0.09089935	0.06415921	-0.06706967	0.10176787	-0.053798545	0.088419236	-0.07759002	0.08481624	-0.08728324	0.069341525	-0.076880634	0.08370356	-0.13548733	0.101485476	-0.07385214	0.088274196	-0.09867069	0.11039663	-0.08718079	0.15044993	-0.11826393	0.117466554	-0.12883519	0.15223408	-0.12918165	0.13368984	-0.13992949	0.14440458	-0.12807684	0.13598256	-0.19047263	0.16436373	-0.17990011	0.12890455	-0.14415917	0.14444421	-0.22088303	0.24140835	-0.445313	0.2049484	-0.27764466	0.9999996	-0.64413	0.2878719
-0.045719557	0.06397814	-0.045837905	0.04775823	-0.07256302	0.039254732	-0.064506195	0.056104515	-0.06145384	0.063624695	-0.051591687	0.056678288	-0.062119905	0.095963985	-0.075855404	0.054559283	-0.06661874	0.0739654	-0.085033566	0.066904634	-0.1166478	0.08968045	-0.09138821	0.10169776	-0.12245673	0.0966711	-0.104753576	0.108625114	-0.12132651	0.1003025	-0.103871875	0.13650571	-0.13670324	0.154273	-0.108081535	0.10397897	-0.11135656	0.17424309	-0.30766833	0.3185663	-0.14953162	0.14163296	-0.64413	0.99999946	-0.5598686
0.036439333	-0.051531862	0.03682114	-0.03841225	0.058291934	-0.031324103	0.051558666	-0.04497319	0.049328066	-0.051196136	0.040929407	-0.04514784	0.049412664	-0.07748341	0.060755227	-0.04335173	0.052696176	-0.058778036	0.06783934	-0.053778037	0.09036037	-0.0707092	0.071836434	-0.0811067	0.098043844	-0.074995026	0.0808125	-0.08474682	0.09398443	-0.091835156	0.07784756	-0.105665736	0.10354178	-0.12038611	0.09791822	-0.07831697	0.082783416	-0.1319534	0.18099347	-0.742715	0.096525505	-0.09398213	0.2878719	-0.5598686	0.99999946
