1.50441606156528
1.8961174506694078
0.3678666539490223
1.2357319723814726
1.6102558877319098
0.17870294488966465
1.8207323979586363
1.159569215029478
1.9310769196599722
1.799984561279416
1.2923255320638418
0.2491877395659685
1.245037704706192
1.9167525358498096
0.49331192672252655
0.4148289021104574
0.6202177759259939
1.1607180926948786
1.666653111577034
0.10637095011770725
1.704585151746869
1.8135730903595686
0.6441361904144287
0.08377734944224358
0.5796757098287344
1.9577080700546503
0.08679080754518509
1.0724638253450394
0.31719654239714146
1.337538642808795
1.6518230140209198
0.32643720880150795
1.4452542439103127
1.0201664790511131
1.3976370599120855
1.8166078515350819
0.15866385027766228
0.5475608147680759
1.4015038944780827
0.6584111787378788
0.43498520366847515
1.4200337566435337
1.156020175665617
1.0644739400595427
0.574009757488966
1.1739316936582327
0.31267487071454525
0.4519109483808279
0.7718069013208151
1.642730999737978
1.7202562876045704
1.714647212997079
1.872390853241086
0.6019084881991148
1.9401198346167803
0.5372792053967714
0.5448180790990591
0.6390795223414898
1.9733252450823784
1.7859525419771671
0.3278900384902954
0.17954404652118683
0.7195735741406679
0.8755288980901241
0.7597301453351974
0.6229491010308266
0.5018999334424734
1.351296665146947
1.2637865040451288
1.4127968028187752
0.3427034430205822
1.269461777061224
0.6035614237189293
0.2127748280763626
1.6624261476099491
0.7143357153981924
