0.31062138080596924
1.0380361527204514
0.7125547714531422
1.7965590562671423
0.33433343656361103
0.34907156974077225
0.525118138641119
1.5980701819062233
0.6876534093171358
0.29086185805499554
1.4950411710888147
1.4301463868469
0.7110174912959337
1.7724766992032528
1.9455919302999973
1.3741902094334364
0.051338549703359604
0.8155202623456717
0.769704058766365
0.27027805894613266
0.3197230789810419
1.5672906283289194
0.0649866834282875
0.5965628884732723
0.254466250538826
0.6712368074804544
1.2991837989538908
1.495319778099656
1.1325397044420242
1.5781500283628702
1.8525561690330505
0.3637498486787081
1.0239914786070585
0.02154264785349369
1.1804696097970009
1.948205552995205
0.03399614803493023
0.4789558872580528
0.5522987172007561
0.04984639771282673
1.602539412677288
0.884530819952488
1.0830016378313303
1.95050791464746
1.1478659771382809
0.5506280828267336
0.3151181023567915
1.998554464429617
1.9517620876431465
0.6304854992777109
0.15928010642528534
1.8035253081470728
0.8782499544322491
0.7300339844077826
0.1339962985366583
1.6932282578200102
0.00931437686085701
1.342840662226081
1.4259898327291012
1.561295598745346
0.5946246907114983
0.8441032115370035
1.0898163579404354
0.9971967544406652
1.894535705447197
0.5042334645986557
0.8599244821816683
1.1067013908177614
0.9182418882846832
1.2159502636641264
1.1741448119282722
0.12940381839871407
1.2715987842530012
0.2592356391251087
1.3804769404232502
0.6639219634234905
