1.420487405732274
0.014594418928027153
1.3974106963723898
1.5078615061938763
0.4968621451407671
0.16806508228182793
0.2187558151781559
1.5583156030625105
0.6640740726143122
1.0529697220772505
1.2108512185513973
1.704114742577076
0.23805537447333336
1.7225142996758223
0.49904480017721653
1.1938055288046598
1.0047234874218702
1.2867172416299582
0.41935146041214466
0.9159272387623787
0.22762109898030758
0.19806811772286892
1.8753297254443169
1.4929918348789215
0.7955005969852209
0.08517840504646301
1.3280257862061262
0.5211244095116854
0.94645956158638
0.6587102953344584
0.2954204473644495
1.660514634102583
1.7429194673895836
1.1467743813991547
0.8939213808625937
1.3674624282866716
0.14924897998571396
1.8807061705738306
0.12360160052776337
0.07742092572152615
1.5684876311570406
0.16317639499902725
1.6930879428982735
1.1552551425993443
0.3118166457861662
0.9066565744578838
1.2440556269139051
0.8696049265563488
1.8307389505207539
0.28971553035080433
1.663633419200778
1.4346289578825235
1.489598436281085
0.5747730955481529
0.9888828415423632
0.9104961343109608
0.05900803208351135
1.5666175223886967
1.7174792122095823
1.0066470243036747
1.8467453196644783
0.5776911117136478
0.9372148234397173
0.5130919758230448
0.36537942104041576
0.8565960936248302
0.021173683926463127
1.7539480309933424
1.8929987698793411
1.4792185463011265
0.3171997256577015
1.2184607665985823
0.3962482400238514
1.6470424868166447
0.353659363463521
0.8924983777105808
