1.0000001	-0.59190285	0.16232233	-0.12479185	0.18032713	-0.66948736	0.295588	-0.22823949	0.16170382	-0.12863842	0.106894866	-0.103677146	0.124892235	-0.11574124	0.12662733	-0.07925327	0.08307265	-0.09707787	0.106961526	-0.09686746	0.066806935	-0.094892085	0.08532627	-0.09938707	0.106153004	-0.09291816	0.076451726	-0.09171288	0.091670446	-0.08358943	0.036815275	-0.05153843	0.074308634	-0.1128397	0.05515753	-0.037439693	0.050171014	-0.059411712	0.055725086	-0.056669123	0.036960408	-0.0331171	0.051982477	-0.059090696	0.09893442
-0.59190285	0.9999999	-0.2009648	0.13410038	-0.17918177	0.30094832	-0.6601788	0.23511286	-0.17726204	0.1246999	-0.101584464	0.09716936	-0.12028876	0.10595853	-0.119733214	0.06681947	-0.07181629	0.08569786	-0.09574945	0.087149754	-0.056018185	0.07926146	-0.0743906	0.08557786	-0.09434139	0.0763706	-0.06333213	0.07555883	-0.07804674	0.071278505	-0.03016494	0.042209532	-0.06108662	0.09154341	-0.0456072	0.03057715	-0.041082602	0.048362173	-0.045376685	0.04666298	-0.030181041	0.027010202	-0.042325087	0.04794027	-0.07802024
0.16232233	-0.2009648	0.99999994	-0.7694254	0.29891974	-0.2409993	0.1862468	-0.321637	0.23651965	-0.20855935	0.088892266	-0.08679167	0.14489844	-0.14472103	0.16293715	-0.0944435	0.09563771	-0.117515065	0.12819268	-0.12851027	0.080521755	-0.11617274	0.10248401	-0.12351097	0.12817091	-0.11796415	0.09523923	-0.119138196	0.11142908	-0.107320495	0.046369374	-0.06549091	0.0950805	-0.15098721	0.070446245	-0.047583133	0.06309262	-0.07686663	0.07162365	-0.07366543	0.0463765	-0.04193633	0.06610231	-0.076676816	0.118500136
-0.12479185	0.13410038	-0.7694254	0.99999994	-0.48566735	0.17183268	-0.14470534	0.22113769	-0.2734326	0.19919762	-0.06933568	0.066933215	-0.11692671	0.11690846	-0.14846966	0.07200524	-0.07385637	0.09202861	-0.10362696	0.107386656	-0.061373267	0.08830411	-0.08040138	0.096243754	-0.106464945	0.08889614	-0.07232507	0.09014034	-0.08775976	0.08441386	-0.0350911	0.049486402	-0.072033904	0.113020055	-0.053977072	0.03592342	-0.0477625	0.057916272	-0.054108415	0.05613248	-0.035092954	0.031678412	-0.049932353	0.05771729	-0.0888248
0.18032713	-0.17918177	0.29891974	-0.48566735	1.0	-0.30362296	0.19398405	-0.31197855	0.28878132	-0.4340253	0.11674851	-0.11355623	0.19073617	-0.20216826	0.25091287	-0.13746057	0.1371031	-0.16647874	0.18316492	-0.2010584	0.11792276	-0.1706953	0.14713782	-0.17976949	0.18919508	-0.17596875	0.14130688	-0.17915317	0.1644369	-0.16206898	0.069267355	-0.09804132	0.14255168	-0.22960372	0.105991185	-0.07130017	0.09425236	-0.11591662	0.10794103	-0.11143754	0.06930996	-0.06283354	0.09926808	-0.1158955	0.17671587
-0.66948736	0.30094832	-0.2409993	0.17183268	-0.30362296	0.99999994	-0.40046147	0.25276712	-0.24193172	0.1818525	-0.16877931	0.14127049	-0.17678513	0.15642177	-0.19186786	0.10380639	-0.113258205	0.1310469	-0.15250571	0.13798341	-0.088524655	0.123202905	-0.1181243	0.13301647	-0.1595432	0.118620016	-0.10069086	0.11849152	-0.1310251	0.11520245	-0.048710357	0.06752533	-0.097648084	0.14236239	-0.074244075	0.04917473	-0.06661544	0.077433005	-0.07349122	0.074872784	-0.049307976	0.04380677	-0.06891157	0.07714021	-0.13831083
0.295588	-0.6601788	0.1862468	-0.14470534	0.19398405	-0.40046147	1.0	-0.46281126	0.21271224	-0.1573917	0.13066638	-0.14381851	0.15514949	-0.13954479	0.14353149	-0.08624629	0.0918939	-0.11106087	0.119747646	-0.10818406	0.07144814	-0.10183006	0.093808204	-0.10928331	0.11385392	-0.09760519	0.080283925	-0.09573873	0.09618389	-0.08878014	0.03801092	-0.053311013	0.076984845	-0.11598639	0.056998137	-0.038557023	0.051707894	-0.060944885	0.057000063	-0.05857343	0.037917178	-0.033982717	0.05316033	-0.060328715	0.09672368
-0.22823949	0.23511286	-0.321637	0.22113769	-0.31197855	0.25276712	-0.46281126	0.99999976	-0.554634	0.25842994	-0.13103285	0.12603791	-0.2918365	0.21055688	-0.23696811	0.10585993	-0.11599485	0.15570094	-0.17506512	0.15807353	-0.08861207	0.1259788	-0.12988858	0.14722338	-0.16587155	0.1197054	-0.10011157	0.11995119	-0.12906761	0.118819125	-0.047205973	0.066101104	-0.09642615	0.14256877	-0.07274576	0.047721926	-0.06424146	0.07541077	-0.07080149	0.0741162	-0.0470362	0.0420815	-0.06589682	0.07448784	-0.11596409
0.16170382	-0.17726204	0.23651965	-0.2734326	0.28878132	-0.24193172	0.21271224	-0.554634	0.9999994	-0.571771	0.105626	-0.10406581	0.20050897	-0.22336987	0.26071095	-0.1064047	0.1110705	-0.14826924	0.16861597	-0.18627742	0.08950523	-0.1290927	0.12431291	-0.15005492	0.1664658	-0.12648432	0.10379065	-0.1281693	0.13050586	-0.12789875	0.04958639	-0.069864444	0.1019943	-0.15646346	0.07747132	-0.050516862	0.067450926	-0.080981486	0.07582687	-0.080151394	0.049409416	-0.04449305	0.06998008	-0.080404796	0.12098476
-0.12863842	0.1246999	-0.20855935	0.19919762	-0.4340253	0.1818525	-0.1573917	0.25842994	-0.571771	0.99999917	-0.091754824	0.087877005	-0.17915079	0.19351755	-0.537448	0.09565387	-0.10112613	0.13495086	-0.16913769	0.21624614	-0.08116435	0.116495304	-0.11671516	0.13933772	-0.20130359	0.114268884	-0.09498962	0.118024945	-0.13207342	0.12872544	-0.04550838	0.06400212	-0.09425606	0.1426959	-0.074208446	0.04627324	-0.061986536	0.07442739	-0.07022627	0.07574158	-0.045434374	0.04085254	-0.0645093	0.074011356	-0.11013787
0.106894866	-0.101584464	0.088892266	-0.06933568	0.11674851	-0.16877931	0.13066638	-0.13103285	0.105626	-0.091754824	0.99999917	-0.9071999	0.18814468	-0.16409893	0.10764077	-0.15410593	0.1626	-0.14124079	0.12860627	-0.089418955	0.104906365	-0.1478575	0.107337244	-0.12023447	0.09508423	-0.11779288	0.09434606	-0.09497278	0.08837106	-0.078187525	0.03873985	-0.054384388	0.075144224	-0.102590114	0.05041507	-0.03818196	0.052023586	-0.055974554	0.051061787	-0.05127501	0.037099518	-0.03286058	0.04923231	-0.05325	0.07923545
-0.103677146	0.09716936	-0.08679167	0.066933215	-0.11355623	0.14127049	-0.14381851	0.12603791	-0.10406581	0.087877005	-0.9071999	0.9999993	-0.23477858	0.15397513	-0.10524253	0.13476165	-0.18365912	0.13574073	-0.12762389	0.085045174	-0.09791974	0.13294387	-0.104474165	0.11073445	-0.09150067	0.10430558	-0.08683293	0.08598195	-0.083137356	0.07258973	-0.035484344	0.049509987	-0.06871609	0.09197219	-0.04628383	0.034789763	-0.04771657	0.05079783	-0.046499066	0.046760887	-0.03403222	0.0300222	-0.044971526	0.04828927	-0.07290178
0.124892235	-0.12028876	0.14489844	-0.11692671	0.19073617	-0.17678513	0.15514949	-0.2918365	0.20050897	-0.17915079	0.18814468	-0.23477858	0.9999994	-0.6760988	0.2198697	-0.16125113	0.18232232	-0.3971321	0.29469183	-0.18139857	0.12411692	-0.18297584	0.21589865	-0.24940456	0.1723052	-0.15549691	0.12936424	-0.14849733	0.15043825	-0.13729222	0.056607727	-0.07965479	0.115531296	-0.16147597	0.08192686	-0.056449614	0.07645913	-0.08632543	0.0797969	-0.08352288	0.05505493	-0.049074173	0.075315066	-0.08329058	0.120118484
-0.11574124	0.10595853	-0.14472103	0.11690846	-0.20216826	0.15642177	-0.13954479	0.21055688	-0.22336987	0.19351755	-0.16409893	0.15397513	-0.6760988	0.99999905	-0.32657054	0.13353017	-0.15842786	0.2661349	-0.4694723	0.20863938	-0.108256415	0.15451606	-0.20454879	0.22205605	-0.19807896	0.13502093	-0.115870066	0.13414738	-0.15123911	0.13689908	-0.051702853	0.0722913	-0.10631594	0.14658913	-0.07855105	0.05148347	-0.07009153	0.079331584	-0.07417623	0.07903303	-0.0507042	0.04506428	-0.06969046	0.076972514	-0.11254536
0.12662733	-0.119733214	0.16293715	-0.14846966	0.25091287	-0.19186786	0.14353149	-0.23696811	0.26071095	-0.537448	0.10764077	-0.10524253	0.2198697	-0.32657054	0.9999993	-0.12536883	0.13053255	-0.18422145	0.23326106	-0.5125291	0.10569605	-0.1534356	0.15366884	-0.1929133	0.26833636	-0.15064204	0.12442922	-0.15747194	0.17256984	-0.18731476	0.059404086	-0.08391834	0.123992346	-0.18996225	0.09980585	-0.06051531	0.08084738	-0.09815367	0.09264383	-0.1032379	0.05910267	-0.05332118	0.08439481	-0.09783065	0.13780332
-0.07925327	0.06681947	-0.0944435	0.07200524	-0.13746057	0.10380639	-0.08624629	0.10585993	-0.1064047	0.09565387	-0.15410593	0.13476165	-0.16125113	0.13353017	-0.12536883	0.9999993	-0.6115073	0.19722216	-0.17894769	0.10725193	-0.6043371	0.31030908	-0.16991693	0.15017042	-0.127275	0.25579482	-0.21908706	0.1499396	-0.1298461	0.103264704	-0.0716591	0.09746386	-0.125087	0.13688305	-0.070464425	0.06595837	-0.09505337	0.0841368	-0.07435945	0.06912613	-0.06495391	0.055529468	-0.07741722	0.07504698	-0.11287913
0.08307265	-0.07181629	0.09563771	-0.07385637	0.1371031	-0.113258205	0.0918939	-0.11599485	0.1110705	-0.10112613	0.1626	-0.18365912	0.18232232	-0.15842786	0.13053255	-0.6115073	0.9999992	-0.3464278	0.20176876	-0.1172014	0.29446077	-0.5284056	0.2012925	-0.18681867	0.1311961	-0.2614951	0.21190955	-0.16293272	0.13411938	-0.110557236	0.07021801	-0.098921165	0.12695704	-0.14748193	0.07329252	-0.0662171	0.09267957	-0.08672108	0.07646893	-0.072918266	0.06351277	-0.05524111	0.07783418	-0.07791262	0.11147622
-0.09707787	0.08569786	-0.117515065	0.09202861	-0.16647874	0.1310469	-0.11106087	0.15570094	-0.14826924	0.13495086	-0.14124079	0.13574073	-0.3971321	0.2661349	-0.18422145	0.19722216	-0.3464278	0.999999	-0.50884163	0.17483748	-0.15280974	0.21805304	-0.5346623	0.30564484	-0.18073875	0.16339864	-0.14774495	0.1601256	-0.16630326	0.13804713	-0.05970756	0.083234526	-0.12426981	0.15165704	-0.08106312	0.05797017	-0.0803626	0.08510942	-0.07818968	0.080607034	-0.05702395	0.050124746	-0.07567957	0.07994936	-0.11536695
0.106961526	-0.09574945	0.12819268	-0.10362696	0.18316492	-0.15250571	0.119747646	-0.17506512	0.16861597	-0.16913769	0.12860627	-0.12762389	0.29469183	-0.4694723	0.23326106	-0.17894769	0.20176876	-0.50884163	0.99999905	-0.31691736	0.13782133	-0.20663635	0.28895125	-0.45027265	0.22576559	-0.17156145	0.1455799	-0.17022939	0.18944378	-0.17597035	0.0631464	-0.088837974	0.13108048	-0.17754121	0.095607415	-0.062685475	0.08530644	-0.0959993	0.08929685	-0.096866935	0.061263286	-0.05451641	0.08389258	-0.092429616	0.12890846
-0.09686746	0.087149754	-0.12851027	0.107386656	-0.2010584	0.13798341	-0.10818406	0.15807353	-0.18627742	0.21624614	-0.089418955	0.085045174	-0.18139857	0.20863938	-0.5125291	0.10725193	-0.1172014	0.17483748	-0.31691736	0.9999988	-0.09094102	0.13065363	-0.15045695	0.18651734	-0.65739995	0.12480594	-0.107934415	0.13661812	-0.20673227	0.21382922	-0.051144633	0.07171868	-0.10879872	0.15598874	-0.09934369	0.051538564	-0.069836766	0.083673805	-0.08122444	0.09633578	-0.05102739	0.045692675	-0.072990194	0.08352979	-0.115075596
0.066806935	-0.056018185	0.080521755	-0.061373267	0.11792276	-0.088524655	0.07144814	-0.08861207	0.08950523	-0.08116435	0.104906365	-0.09791974	0.12411692	-0.108256415	0.10569605	-0.6043371	0.29446077	-0.15280974	0.13782133	-0.09094102	0.99999887	-0.4835526	0.13849401	-0.13086261	0.10962813	-0.51156265	0.25427565	-0.16123602	0.11865281	-0.094296806	0.07476083	-0.10525114	0.12689516	-0.13619867	0.066638365	-0.06859345	0.09749957	-0.08373561	0.07220071	-0.0656279	0.065204814	-0.056130987	0.07608475	-0.07285213	0.103749014
-0.094892085	0.07926146	-0.11617274	0.08830411	-0.1706953	0.123202905	-0.10183006	0.1259788	-0.1290927	0.116495304	-0.1478575	0.13294387	-0.18297584	0.15451606	-0.1534356	0.31030908	-0.5284056	0.21805304	-0.20663635	0.13065363	-0.4835526	0.99999887	-0.22609441	0.18661477	-0.15916698	0.30457383	-0.42557105	0.21477273	-0.17087038	0.13247186	-0.105135165	0.14426588	-0.1785761	0.18130234	-0.09253549	0.09386981	-0.13789536	0.11437069	-0.09946217	0.09025231	-0.09130979	0.07771594	-0.105641805	0.09963222	-0.14648989
0.08532627	-0.0743906	0.10248401	-0.08040138	0.14713782	-0.1181243	0.093808204	-0.12988858	0.12431291	-0.11671516	0.107337244	-0.104474165	0.21589865	-0.20454879	0.15366884	-0.16991693	0.2012925	-0.5346623	0.28895125	-0.15045695	0.13849401	-0.22609441	0.99999887	-0.6793011	0.16179234	-0.16589297	0.15479416	-0.2141256	0.18708457	-0.15209681	0.06290516	-0.08905809	0.14130537	-0.16586953	0.08627575	-0.061192375	0.08452584	-0.091366395	0.0830579	-0.08628344	0.059651528	-0.05270116	0.08015563	-0.08456152	0.11524294
-0.09938707	0.08557786	-0.12351097	0.096243754	-0.17976949	0.13301647	-0.10928331	0.14722338	-0.15005492	0.13933772	-0.12023447	0.11073445	-0.24940456	0.22205605	-0.1929133	0.15017042	-0.18681867	0.30564484	-0.45027265	0.18651734	-0.13086261	0.18661477	-0.6793011	0.99999875	-0.2179631	0.15769857	-0.15100417	0.18550164	-0.28801697	0.18818359	-0.06541076	0.09076059	-0.14463767	0.17125186	-0.10034635	0.0637361	-0.08869555	0.096712865	-0.09071367	0.09793923	-0.063541144	0.055835683	-0.08637117	0.09168466	-0.13072027
0.106153004	-0.09434139	0.12817091	-0.106464945	0.18919508	-0.1595432	0.11385392	-0.16587155	0.1664658	-0.20130359	0.09508423	-0.09150067	0.1723052	-0.19807896	0.26833636	-0.127275	0.1311961	-0.18073875	0.22576559	-0.65739995	0.10962813	-0.15916698	0.16179234	-0.2179631	0.9999988	-0.1594371	0.1356284	-0.18149902	0.2575818	-0.43310243	0.0658868	-0.093122706	0.14182264	-0.21463415	0.14269458	-0.067097284	0.09013029	-0.11267999	0.11050185	-0.14416496	0.06600934	-0.059645925	0.09664699	-0.114649065	0.14599676
-0.09291816	0.0763706	-0.11796415	0.08889614	-0.17596875	0.118620016	-0.09760519	0.1197054	-0.12648432	0.114268884	-0.11779288	0.10430558	-0.15549691	0.13502093	-0.15064204	0.25579482	-0.2614951	0.16339864	-0.17156145	0.12480594	-0.51156265	0.30457383	-0.16589297	0.15769857	-0.1594371	0.99999887	-0.59648705	0.24462551	-0.18019295	0.13581052	-0.1317306	0.1767525	-0.21153797	0.19716008	-0.10035624	0.11348843	-0.17051195	0.13042061	-0.11157015	0.09693919	-0.11039987	0.09280484	-0.1224109	0.11066459	-0.16322547
0.076451726	-0.06333213	0.09523923	-0.07232507	0.14130688	-0.10069086	0.080283925	-0.10011157	0.10379065	-0.09498962	0.09434606	-0.08683293	0.12936424	-0.115870066	0.12442922	-0.21908706	0.21190955	-0.14774495	0.1455799	-0.107934415	0.25427565	-0.42557105	0.15479416	-0.15100417	0.1356284	-0.59648705	0.9999987	-0.44729975	0.16934624	-0.13220099	0.14662233	-0.27311882	0.23816608	-0.22652261	0.09887035	-0.1314505	0.18204065	-0.1413096	0.11325274	-0.09748459	0.111662224	-0.09858003	0.123220004	-0.11323637	0.1390462
-0.09171288	0.07555883	-0.119138196	0.09014034	-0.17915317	0.11849152	-0.09573873	0.11995119	-0.1281693	0.118024945	-0.09497278	0.08598195	-0.14849733	0.13414738	-0.15747194	0.1499396	-0.16293272	0.1601256	-0.17022939	0.13661812	-0.16123602	0.21477273	-0.2141256	0.18550164	-0.18149902	0.24462551	-0.44729975	0.99999857	-0.30252647	0.18850169	-0.13661887	0.19602627	-0.6159957	0.29093105	-0.13638958	0.12206739	-0.18118075	0.17963065	-0.15148307	0.12812446	-0.11970706	0.10369823	-0.16187109	0.14275621	-0.18329409
0.091670446	-0.07804674	0.11142908	-0.08775976	0.1644369	-0.1310251	0.09618389	-0.12906761	0.13050586	-0.13207342	0.08837106	-0.083137356	0.15043825	-0.15123911	0.17256984	-0.1298461	0.13411938	-0.16630326	0.18944378	-0.20673227	0.11865281	-0.17087038	0.18708457	-0.28801697	0.2575818	-0.18019295	0.16934624	-0.30252647	0.9999986	-0.7198406	0.08031177	-0.11473741	0.1930652	-0.26248127	0.19621886	-0.08065363	0.109926425	-0.13853875	0.13824634	-0.20041932	0.079573356	-0.07174388	0.11825318	-0.13929902	0.15650152
-0.08358943	0.071278505	-0.107320495	0.08441386	-0.16206898	0.11520245	-0.08878014	0.118819125	-0.12789875	0.12872544	-0.078187525	0.07258973	-0.13729222	0.13689908	-0.18731476	0.103264704	-0.110557236	0.13804713	-0.17597035	0.21382922	-0.094296806	0.13247186	-0.15209681	0.18818359	-0.43310243	0.13581052	-0.13220099	0.18850169	-0.7198406	0.9999983	-0.06564188	0.09128424	-0.15403481	0.19987677	-0.27999893	0.06558529	-0.09109034	0.11506026	-0.1267671	0.19632725	-0.06710079	0.059866603	-0.102142654	0.12028772	-0.14239
0.036815275	-0.03016494	0.046369374	-0.0350911	0.069267355	-0.048710357	0.03801092	-0.047205973	0.04958639	-0.04550838	0.03873985	-0.035484344	0.056607727	-0.051702853	0.059404086	-0.0716591	0.07021801	-0.05970756	0.0631464	-0.051144633	0.07476083	-0.105135165	0.06290516	-0.06541076	0.0658868	-0.1317306	0.14662233	-0.13661887	0.08031177	-0.06564188	0.9999982	-0.5516991	0.14378065	-0.14379126	0.062248856	-0.72518307	0.29813695	-0.13500604	0.087361775	-0.062516145	0.18947314	-0.17627238	0.11883214	-0.0909746	0.08168859
-0.05153843	0.042209532	-0.06549091	0.049486402	-0.09804132	0.06752533	-0.053311013	0.066101104	-0.069864444	0.06400212	-0.054384388	0.049509987	-0.07965479	0.0722913	-0.08391834	0.09746386	-0.098921165	0.083234526	-0.088837974	0.07171868	-0.10525114	0.14426588	-0.08905809	0.09076059	-0.093122706	0.1767525	-0.27311882	0.19602627	-0.11473741	0.09128424	-0.5516991	0.999998	-0.2556769	0.19100706	-0.08610544	0.30917937	-0.5997561	0.18103358	-0.121131	0.08468395	-0.23252061	0.19733477	-0.16561927	0.119975336	-0.11359016
0.074308634	-0.06108662	0.0950805	-0.072033904	0.14255168	-0.097648084	0.076984845	-0.09642615	0.1019943	-0.09425606	0.075144224	-0.06871609	0.115531296	-0.10631594	0.123992346	-0.125087	0.12695704	-0.12426981	0.13108048	-0.10879872	0.12689516	-0.1785761	0.14130537	-0.14463767	0.14182264	-0.21153797	0.23816608	-0.6159957	0.1930652	-0.15403481	0.14378065	-0.2556769	0.99999803	-0.5548936	0.14370334	-0.13620764	0.19108647	-0.2661454	0.18056443	-0.1400744	0.1253562	-0.11394444	0.18759808	-0.17083888	0.16282894
-0.1128397	0.09154341	-0.15098721	0.113020055	-0.22960372	0.14236239	-0.11598639	0.14256877	-0.15646346	0.1426959	-0.102590114	0.09197219	-0.16147597	0.14658913	-0.18996225	0.13688305	-0.14748193	0.15165704	-0.17754121	0.15598874	-0.13619867	0.18130234	-0.16586953	0.17125186	-0.21463415	0.19716008	-0.22652261	0.29093105	-0.26248127	0.19987677	-0.14379126	0.19100706	-0.5548936	0.9999979	-0.26791602	0.13520047	-0.20327865	0.23806411	-0.31847757	0.21213089	-0.14897889	0.12781987	-0.23351164	0.2298167	-0.27793655
0.05515753	-0.0456072	0.070446245	-0.053977072	0.105991185	-0.074244075	0.056998137	-0.07274576	0.07747132	-0.074208446	0.05041507	-0.04628383	0.08192686	-0.07855105	0.09980585	-0.070464425	0.07329252	-0.08106312	0.095607415	-0.09934369	0.066638365	-0.09253549	0.08627575	-0.10034635	0.14269458	-0.10035624	0.09887035	-0.13638958	0.19621886	-0.27999893	0.062248856	-0.08610544	0.14370334	-0.26791602	0.9999982	-0.06515775	0.09135525	-0.15832846	0.22331528	-0.8387212	0.070624225	-0.06533101	0.13334523	-0.20780523	0.14200963
-0.037439693	0.03057715	-0.047583133	0.03592342	-0.07130017	0.04917473	-0.038557023	0.047721926	-0.050516862	0.04627324	-0.03818196	0.034789763	-0.056449614	0.05148347	-0.06051531	0.06595837	-0.0662171	0.05797017	-0.062685475	0.051538564	-0.06859345	0.09386981	-0.061192375	0.0637361	-0.067097284	0.11348843	-0.1314505	0.12206739	-0.08065363	0.06558529	-0.72518307	0.30917937	-0.13620764	0.13520047	-0.06515775	0.99999815	-0.4721882	0.15131615	-0.09701116	0.06482054	-0.32070497	0.22037151	-0.14489956	0.09943035	-0.087001085
0.050171014	-0.041082602	0.06309262	-0.0477625	0.09425236	-0.06661544	0.051707894	-0.06424146	0.067450926	-0.061986536	0.052023586	-0.04771657	0.07645913	-0.07009153	0.08084738	-0.09505337	0.09267957	-0.0803626	0.08530644	-0.069836766	0.09749957	-0.13789536	0.08452584	-0.08869555	0.09013029	-0.17051195	0.18204065	-0.18118075	0.109926425	-0.09109034	0.29813695	-0.5997561	0.19108647	-0.20327865	0.09135525	-0.4721882	0.99999803	-0.2786428	0.13928102	-0.093068704	0.26646355	-0.3697917	0.20178962	-0.1458973	0.11537884
-0.059411712	0.048362173	-0.07686663	0.057916272	-0.11591662	0.077433005	-0.060944885	0.07541077	-0.080981486	0.07442739	-0.055974554	0.05079783	-0.08632543	0.079331584	-0.09815367	0.0841368	-0.08672108	0.08510942	-0.0959993	0.083673805	-0.08373561	0.11437069	-0.091366395	0.096712865	-0.11267999	0.13042061	-0.1413096	0.17963065	-0.13853875	0.11506026	-0.13500604	0.18103358	-0.2661454	0.23806411	-0.15832846	0.15131615	-0.2786428	0.9999981	-0.39216918	0.15497881	-0.19987494	0.19010702	-0.7145215	0.29402578	-0.16941594
0.055725086	-0.045376685	0.07162365	-0.054108415	0.10794103	-0.07349122	0.057000063	-0.07080149	0.07582687	-0.07022627	0.051061787	-0.046499066	0.0797969	-0.07417623	0.09264383	-0.07435945	0.07646893	-0.07818968	0.08929685	-0.08122444	0.07220071	-0.09946217	0.0830579	-0.09071367	0.11050185	-0.11157015	0.11325274	-0.15148307	0.13824634	-0.1267671	0.087361775	-0.121131	0.18056443	-0.31847757	0.22331528	-0.09701116	0.13928102	-0.39216918	0.9999979	-0.3289906	0.11254578	-0.11026808	0.28240067	-0.710103	0.17734721
-0.056669123	0.04666298	-0.07366543	0.05613248	-0.11143754	0.074872784	-0.05857343	0.0741162	-0.080151394	0.07574158	-0.05127501	0.046760887	-0.08352288	0.07903303	-0.1032379	0.06912613	-0.072918266	0.080607034	-0.096866935	0.09633578	-0.0656279	0.09025231	-0.08628344	0.09793923	-0.14416496	0.09693919	-0.09748459	0.12812446	-0.20041932	0.19632725	-0.062516145	0.08468395	-0.1400744	0.21213089	-0.8387212	0.06482054	-0.093068704	0.15497881	-0.3289906	0.9999979	-0.073194064	0.066508435	-0.14264241	0.20096704	-0.15986554
0.036960408	-0.030181041	0.0463765	-0.035092954	0.06930996	-0.049307976	0.037917178	-0.0470362	0.049409416	-0.045434374	0.037099518	-0.03403222	0.05505493	-0.0507042	0.05910267	-0.06495391	0.06351277	-0.05702395	0.061263286	-0.05102739	0.065204814	-0.09130979	0.059651528	-0.063541144	0.06600934	-0.11039987	0.111662224	-0.11970706	0.079573356	-0.06710079	0.18947314	-0.23252061	0.1253562	-0.14897889	0.070624225	-0.32070497	0.26646355	-0.19987494	0.11254578	-0.073194064	0.99999785	-0.83304566	0.19213226	-0.13617261	0.090961955
-0.0331171	0.027010202	-0.04193633	0.031678412	-0.06283354	0.04380677	-0.033982717	0.0420815	-0.04449305	0.04085254	-0.03286058	0.0300222	-0.049074173	0.04506428	-0.05332118	0.055529468	-0.05524111	0.050124746	-0.05451641	0.045692675	-0.056130987	0.07771594	-0.05270116	0.055835683	-0.059645925	0.09280484	-0.09858003	0.10369823	-0.07174388	0.059866603	-0.17627238	0.19733477	-0.11394444	0.12781987	-0.06533101	0.22037151	-0.3697917	0.19010702	-0.11026808	0.066508435	-0.83304566	0.99999785	-0.25347492	0.1281141	-0.08439419
0.051982477	-0.042325087	0.06610231	-0.049932353	0.09926808	-0.06891157	0.05316033	-0.06589682	0.06998008	-0.0645093	0.04923231	-0.044971526	0.075315066	-0.06969046	0.08439481	-0.07741722	0.07783418	-0.07567957	0.08389258	-0.072990194	0.07608475	-0.105641805	0.08015563	-0.08637117	0.09664699	-0.1224109	0.123220004	-0.16187109	0.11825318	-0.102142654	0.11883214	-0.16561927	0.18759808	-0.23351164	0.13334523	-0.14489956	0.20178962	-0.7145215	0.28240067	-0.14264241	0.19213226	-0.25347492	0.9999981	-0.47427955	0.15401652
-0.059090696	0.04794027	-0.076676816	0.05771729	-0.1158955	0.07714021	-0.060328715	0.07448784	-0.080404796	0.074011356	-0.05325	0.04828927	-0.08329058	0.076972514	-0.09783065	0.07504698	-0.07791262	0.07994936	-0.092429616	0.08352979	-0.07285213	0.09963222	-0.08456152	0.09168466	-0.114649065	0.11066459	-0.11323637	0.14275621	-0.13929902	0.12028772	-0.0909746	0.119975336	-0.17083888	0.2298167	-0.20780523	0.09943035	-0.1458973	0.29402578	-0.710103	0.20096704	-0.13617261	0.1281141	-0.47427955	0.99999803	-0.23950033
0.09893442	-0.07802024	0.118500136	-0.0888248	0.17671587	-0.13831083	0.09672368	-0.11596409	0.12098476	-0.11013787	0.07923545	-0.07290178	0.120118484	-0.11254536	0.13780332	-0.11287913	0.11147622	-0.11536695	0.12890846	-0.115075596	0.103749014	-0.14648989	0.11524294	-0.13072027	0.14599676	-0.16322547	0.1390462	-0.18329409	0.15650152	-0.14239	0.08168859	-0.11359016	0.16282894	-0.27793655	0.14200963	-0.087001085	0.11537884	-0.16941594	0.17734721	-0.15986554	0.090961955	-0.08439419	0.15401652	-0.23950033	0.99999803
