1.0000001	-0.32682797	0.09719641	-0.08457265	0.080156066	-0.881943	0.25280082	-0.111647815	0.08437316	-0.083560035	0.1430717	-0.1508789	0.09185043	-0.07075486	0.086791866	-0.10922922	0.0958459	-0.082270116	0.0684182	-0.04874324	0.068718314	-0.064602524	0.0792844	-0.06963747	0.04957176	-0.052368596	0.043336574	-0.046065487	0.048529886	-0.054318015	0.043795086	-0.052837696	0.046353076	-0.05104061	0.03424832	-0.034758754	0.05004758	-0.039605033	0.04029599	-0.029098688	0.04122027	-0.031936664	0.035738807	-0.030141873	0.030874997
-0.32682797	1.0000001	-0.23675153	0.15347904	-0.14237396	0.24438454	-0.7727909	0.1749489	-0.14329359	0.13137259	-0.23440363	0.2240514	-0.15636013	0.1115829	-0.13551	0.14912881	-0.15976575	0.12643465	-0.11025865	0.07489166	-0.11222949	0.10006464	-0.12947138	0.10582154	-0.07790363	0.07901411	-0.06679732	0.06898536	-0.074094854	0.07931897	-0.068055116	0.07854671	-0.07018248	0.07510715	-0.050871056	0.053075515	-0.07745359	0.059665512	-0.061039135	0.043425392	-0.06379031	0.048837803	-0.054397333	0.04540269	-0.046517562
0.09719641	-0.23675153	1.0000004	-0.8257484	0.26666048	-0.08293307	0.14852495	-0.14633791	0.16755617	-0.28068972	0.09262647	-0.097925626	0.11059639	-0.13237926	0.16320026	-0.08653783	0.08414303	-0.10624296	0.11014961	-0.07990308	0.07151478	-0.06723896	0.10290035	-0.10808654	0.07725865	-0.06320693	0.05150408	-0.06869083	0.0722292	-0.083916634	0.05535277	-0.06719519	0.06655494	-0.0772328	0.05162017	-0.045351166	0.06645786	-0.056432437	0.058303736	-0.043068774	0.054953855	-0.04339021	0.05048119	-0.043445647	0.04516006
-0.08457265	0.15347904	-0.8257484	1.0000004	-0.4180505	0.068047404	-0.12585762	0.119495414	-0.17043705	0.23563997	-0.07861406	0.07988117	-0.09436432	0.115164794	-0.14273416	0.0705971	-0.07040647	0.08755019	-0.09620458	0.06676671	-0.05966974	0.05542117	-0.08685138	0.08906119	-0.065274216	0.05138993	-0.042162582	0.055877972	-0.05947532	0.067213394	-0.045403384	0.05437427	-0.05430737	0.06210996	-0.041706953	0.036981907	-0.054447614	0.04583186	-0.047464468	0.034826607	-0.04501821	0.035399385	-0.04116071	0.03526367	-0.036683027
0.080156066	-0.14237396	0.26666048	-0.4180505	1.0000004	-0.06931799	0.110984825	-0.17232366	0.22839291	-0.7231668	0.090594165	-0.096242145	0.13050893	-0.17884247	0.23805532	-0.09486781	0.091343604	-0.12993003	0.14407921	-0.10504363	0.08253221	-0.07821545	0.12610155	-0.13964756	0.10032223	-0.07706985	0.06243057	-0.08822821	0.0927244	-0.109106846	0.068233855	-0.08322791	0.08489623	-0.09983205	0.06669694	-0.05646955	0.08307993	-0.07190149	0.074607626	-0.055430308	0.06878322	-0.0546159	0.0641901	-0.055542935	0.057949096
-0.881943	0.24438454	-0.08293307	0.068047404	-0.06931799	1.0000006	-0.3469199	0.100811824	-0.0760944	0.069646806	-0.16388239	0.14755228	-0.08732632	0.062458083	-0.075865805	0.101360224	-0.09396805	0.074136786	-0.061395343	0.04285561	-0.064942114	0.059806097	-0.07299967	0.061293755	-0.0441015	0.047010913	-0.03936796	0.040401496	-0.042900622	0.04695866	-0.039559174	0.046865772	-0.04095617	0.044356063	-0.029879246	0.03106789	-0.044894926	0.0349302	-0.035558138	0.025473358	-0.03695911	0.028452272	-0.03167088	0.026549015	-0.027159803
0.25280082	-0.7727909	0.14852495	-0.12585762	0.110984825	-0.3469199	1.0000006	-0.20574576	0.12641372	-0.114268	0.21309973	-0.31692263	0.15273851	-0.101989284	0.114333026	-0.14738761	0.14545825	-0.12154079	0.097309805	-0.06706584	0.09770154	-0.091781214	0.11565823	-0.09594492	0.0685454	-0.070386276	0.059088707	-0.061620392	0.065561585	-0.07073153	0.058823008	-0.0701142	0.06167176	-0.06688529	0.04497255	-0.046223126	0.06672884	-0.052325636	0.053156715	-0.03817724	0.054894123	-0.042353056	0.04729275	-0.03969687	0.040650338
-0.111647815	0.1749489	-0.14633791	0.119495414	-0.17232366	0.100811824	-0.20574576	1.0000005	-0.42318615	0.1805989	-0.17557801	0.18552935	-0.68563724	0.24697362	-0.20639415	0.1499809	-0.1629888	0.27190524	-0.22816764	0.13729003	-0.13306944	0.12438633	-0.2773981	0.19217041	-0.14312378	0.1003543	-0.08517909	0.1094498	-0.12176482	0.11821886	-0.08749193	0.10306371	-0.10408331	0.112155944	-0.07593797	0.06964464	-0.1027691	0.0850944	-0.08751639	0.06305165	-0.08464126	0.06601694	-0.076597944	0.06462491	-0.06723641
0.08437316	-0.14329359	0.16755617	-0.17043705	0.22839291	-0.0760944	0.12641372	-0.42318615	1.0000002	-0.37395006	0.117725104	-0.12924996	0.24744527	-0.60672396	0.24812059	-0.12410637	0.122686096	-0.22099447	0.2712503	-0.1826809	0.108132094	-0.10430171	0.19781294	-0.23267198	0.15907356	-0.09590039	0.0790872	-0.124130584	0.13225152	-0.13876413	0.08379093	-0.10314048	0.110786125	-0.12909402	0.08545795	-0.06909194	0.10176728	-0.09096866	0.093045354	-0.06949358	0.08392845	-0.06709755	0.07999421	-0.069233134	0.07250777
-0.083560035	0.13137259	-0.28068972	0.23563997	-0.7231668	0.069646806	-0.114268	0.1805989	-0.37395006	1.0000002	-0.09501419	0.09802342	-0.14734487	0.20688131	-0.3446275	0.09511119	-0.094925836	0.13521062	-0.17222284	0.11282773	-0.08561668	0.079893366	-0.13743497	0.14469849	-0.11083595	0.07656605	-0.06282214	0.08869353	-0.09604452	0.10589054	-0.06887826	0.08210007	-0.08575931	0.0977133	-0.06598716	0.056464452	-0.08386709	0.071690835	-0.0748263	0.05483936	-0.06941992	0.054756988	-0.064491786	0.05531716	-0.057880502
0.1430717	-0.23440363	0.09262647	-0.07861406	0.090594165	-0.16388239	0.21309973	-0.17557801	0.117725104	-0.09501419	1.0000001	-0.7399569	0.17178059	-0.10521749	0.11207912	-0.47104535	0.27274272	-0.15403123	0.103901945	-0.07309691	0.15326476	-0.14933679	0.1374658	-0.10938912	0.0748438	-0.098161176	0.08341919	-0.07182009	0.07534411	-0.080469124	0.076522656	-0.09306915	0.07307415	-0.077187695	0.051596172	-0.05881427	0.082856335	-0.06235489	0.06203923	-0.044219736	0.067835316	-0.05192498	0.05625153	-0.046721246	0.047202386
-0.1508789	0.2240514	-0.097925626	0.07988117	-0.096242145	0.14755228	-0.31692263	0.18552935	-0.12924996	0.09802342	-0.7399569	1.0000002	-0.23708765	0.11213493	-0.11904429	0.28454232	-0.36290318	0.16530535	-0.11302081	0.07679586	-0.17034492	0.1573887	-0.15380266	0.114412904	-0.079912655	0.10182764	-0.08897594	0.0746941	-0.07946208	0.08274265	-0.08174133	0.09584493	-0.07671918	0.0796596	-0.05358146	0.061983444	-0.08833838	0.0652742	-0.06522786	0.046073895	-0.07231544	0.05489667	-0.05931293	0.048947304	-0.049465794
0.09185043	-0.15636013	0.11059639	-0.09436432	0.13050893	-0.08732632	0.15273851	-0.68563724	0.24744527	-0.14734487	0.17178059	-0.23708765	1.0000002	-0.26143798	0.16978016	-0.15875378	0.1649643	-0.48362434	0.20170996	-0.13047066	0.12381533	-0.12352696	0.25774804	-0.1952919	0.12786262	-0.09531752	0.08025248	-0.106005296	0.11418723	-0.11194084	0.079890765	-0.09793091	0.09656743	-0.10667801	0.070869096	-0.06408818	0.09321556	-0.07902312	0.079934105	-0.058444664	0.076604225	-0.060322393	0.06999702	-0.05951541	0.061678976
-0.07075486	0.1115829	-0.13237926	0.115164794	-0.17884247	0.062458083	-0.101989284	0.24697362	-0.60672396	0.20688131	-0.10521749	0.11213493	-0.26143798	1.0000002	-0.3046966	0.10865023	-0.11162366	0.20129506	-0.5535216	0.19685745	-0.10032855	0.09551182	-0.20166142	0.22768277	-0.18658198	0.08666619	-0.07231928	0.114764825	-0.13143128	0.12522845	-0.07711105	0.09304966	-0.10390867	0.116542555	-0.07889264	0.06322547	-0.09415757	0.083582796	-0.086480536	0.063749224	-0.07765089	0.06180221	-0.074215606	0.063726366	-0.06724273
0.086791866	-0.13551	0.16320026	-0.14273416	0.23805532	-0.075865805	0.114333026	-0.20639415	0.24812059	-0.3446275	0.11207912	-0.11904429	0.16978016	-0.3046966	1.0000002	-0.12767324	0.122154295	-0.17822543	0.21485537	-0.17103614	0.11782799	-0.11192366	0.17841056	-0.20933615	0.15620513	-0.11825466	0.09475067	-0.13638546	0.14238477	-0.17876585	0.10675488	-0.12983082	0.13383505	-0.16055647	0.107897766	-0.08924545	0.13204663	-0.11485067	0.120537356	-0.089976124	0.109666094	-0.08726282	0.10300346	-0.08962526	0.09382111
-0.10922922	0.14912881	-0.08653783	0.0705971	-0.09486781	0.101360224	-0.14738761	0.1499809	-0.12410637	0.09511119	-0.47104535	0.28454232	-0.15875378	0.10865023	-0.12767324	1.0000005	-0.6848464	0.17602322	-0.12013408	0.08333037	-0.3143356	0.2523556	-0.18169291	0.12770782	-0.08903103	0.15239204	-0.13630322	0.089910835	-0.094834805	0.09900745	-0.1191885	0.13463849	-0.09751388	0.096716	-0.06530394	0.08704511	-0.12278567	0.08421166	-0.08298235	0.057410233	-0.10016915	0.07452584	-0.07739031	0.062629335	-0.06227552
0.0958459	-0.15976575	0.08414303	-0.07040647	0.091343604	-0.09396805	0.14545825	-0.1629888	0.122686096	-0.094925836	0.27274272	-0.36290318	0.1649643	-0.11162366	0.122154295	-0.6848464	1.0000004	-0.23067915	0.12048944	-0.08518602	0.2645126	-0.4180084	0.18887739	-0.13467717	0.088714264	-0.15874569	0.14046288	-0.09125027	0.09438519	-0.09927102	0.11036824	-0.14448543	0.09550957	-0.09688316	0.064453535	-0.08309377	0.11319934	-0.08163316	0.07922313	-0.055900063	0.09202105	-0.07008343	0.07341154	-0.06021539	0.05990244
-0.082270116	0.12643465	-0.10624296	0.08755019	-0.12993003	0.074136786	-0.12154079	0.27190524	-0.22099447	0.13521062	-0.15403123	0.16530535	-0.48362434	0.20129506	-0.17822543	0.17602322	-0.23067915	1.0000005	-0.27142292	0.15153609	-0.16515195	0.16772611	-0.65902704	0.24793033	-0.16446067	0.11538207	-0.10056773	0.12853685	-0.14646624	0.12695402	-0.09638634	0.1164216	-0.1172957	0.12297183	-0.08261478	0.07618466	-0.11138063	0.09328105	-0.0944743	0.06802138	-0.0913466	0.071524724	-0.08313855	0.06987121	-0.07252913
0.0684182	-0.11025865	0.11014961	-0.09620458	0.14407921	-0.061395343	0.097309805	-0.22816764	0.2712503	-0.17222284	0.103901945	-0.11302081	0.20170996	-0.5535216	0.21485537	-0.12013408	0.12048944	-0.27142292	1.0000008	-0.42764252	0.11107251	-0.10920113	0.23755208	-0.43986538	0.27168384	-0.100981526	0.084208876	-0.16176155	0.1805243	-0.16518413	0.08902143	-0.11078225	0.13201699	-0.15388633	0.10190106	-0.07412429	0.11032271	-0.10437063	0.1061721	-0.08014772	0.090781815	-0.073558256	0.090351835	-0.07860378	0.08337625
-0.04874324	0.07489166	-0.07990308	0.06676671	-0.10504363	0.04285561	-0.06706584	0.13729003	-0.1826809	0.11282773	-0.07309691	0.07679586	-0.13047066	0.19685745	-0.17103614	0.08333037	-0.08518602	0.15153609	-0.42764252	1.0000007	-0.083691925	0.079595156	-0.17745769	0.25931638	-0.79693323	0.07678758	-0.06461716	0.11824853	-0.14414206	0.14661603	-0.07119408	0.08483078	-0.10787577	0.11998392	-0.09271838	0.05922647	-0.0904096	0.08412715	-0.091917254	0.068675205	-0.074788846	0.06020515	-0.07588716	0.06594191	-0.07350094
0.068718314	-0.11222949	0.07151478	-0.05966974	0.08253221	-0.064942114	0.09770154	-0.13306944	0.108132094	-0.08561668	0.15326476	-0.17034492	0.12381533	-0.10032855	0.11782799	-0.3143356	0.2645126	-0.16515195	0.11107251	-0.083691925	1.0000006	-0.7305321	0.17889453	-0.13813798	0.08747355	-0.38954914	0.24076246	-0.1066707	0.10526721	-0.11604171	0.17132346	-0.22940585	0.11888509	-0.11543411	0.07585759	-0.12619846	0.15278594	-0.10368162	0.096074454	-0.06728927	0.12377239	-0.09425215	0.092421986	-0.07473592	0.0721327
-0.064602524	0.10006464	-0.06723896	0.05542117	-0.07821545	0.059806097	-0.091781214	0.12438633	-0.10430171	0.079893366	-0.14933679	0.1573887	-0.12352696	0.09551182	-0.11192366	0.2523556	-0.4180084	0.16772611	-0.10920113	0.079595156	-0.7305321	1.0000006	-0.22757506	0.1337293	-0.08501839	0.24614969	-0.2912302	0.099842794	-0.101787396	0.10554909	-0.15932557	0.20043659	-0.11316414	0.10564701	-0.07032581	0.11114641	-0.1487854	0.09677253	-0.09120345	0.06267094	-0.11943159	0.08869181	-0.087904826	0.07005986	-0.067998566
0.0792844	-0.12947138	0.10290035	-0.08685138	0.12610155	-0.07299967	0.11565823	-0.2773981	0.19781294	-0.13743497	0.1374658	-0.15380266	0.25774804	-0.20166142	0.17841056	-0.18169291	0.18887739	-0.65902704	0.23755208	-0.17745769	0.17889453	-0.22757506	1.0000005	-0.4462362	0.18115273	-0.13775747	0.11757762	-0.17982997	0.18833385	-0.15758502	0.10918262	-0.14160745	0.14307597	-0.15637968	0.100703076	-0.088171326	0.12677944	-0.11301941	0.110867575	-0.08180413	0.10363684	-0.082822606	0.097371034	-0.082988225	0.08568293
-0.06963747	0.10582154	-0.10808654	0.08906119	-0.13964756	0.061293755	-0.09594492	0.19217041	-0.23267198	0.14469849	-0.10938912	0.114412904	-0.1952919	0.22768277	-0.20933615	0.12770782	-0.13467717	0.24793033	-0.43986538	0.25931638	-0.13813798	0.1337293	-0.4462362	1.0000005	-0.3878802	0.12056654	-0.10417216	0.23171595	-0.42262885	0.18768485	-0.110011175	0.13368788	-0.18919341	0.19112511	-0.12816377	0.09105333	-0.13921471	0.13394707	-0.13658202	0.0991483	-0.114011556	0.09228077	-0.116927624	0.09896375	-0.105743185
0.04957176	-0.07790363	0.07725865	-0.065274216	0.10032223	-0.0441015	0.0685454	-0.14312378	0.15907356	-0.11083595	0.0748438	-0.079912655	0.12786262	-0.18658198	0.15620513	-0.08903103	0.088714264	-0.16446067	0.27168384	-0.79693323	0.08747355	-0.08501839	0.18115273	-0.3878802	1.0000004	-0.08398791	0.07025738	-0.144196	0.16498572	-0.19818684	0.076758154	-0.09420142	0.122020036	-0.14561717	0.11008825	-0.0646797	0.09812216	-0.09556321	0.10278546	-0.07981697	0.08106249	-0.06622219	0.084290184	-0.07454278	0.08319304
-0.052368596	0.07901411	-0.06320693	0.05138993	-0.07706985	0.047010913	-0.070386276	0.1003543	-0.09590039	0.07656605	-0.098161176	0.10182764	-0.09531752	0.08666619	-0.11825466	0.15239204	-0.15874569	0.11538207	-0.100981526	0.07678758	-0.38954914	0.24614969	-0.13775747	0.12056654	-0.08398791	1.0000002	-0.5881961	0.12432846	-0.12138398	0.13758153	-0.44183698	0.31239867	-0.16453722	0.14034754	-0.094597794	0.22802958	-0.2750055	0.1490303	-0.13535465	0.08932725	-0.22406392	0.15680268	-0.13972475	0.10647233	-0.098890536
0.043336574	-0.06679732	0.05150408	-0.042162582	0.06243057	-0.03936796	0.059088707	-0.08517909	0.0790872	-0.06282214	0.08341919	-0.08897594	0.08025248	-0.07231928	0.09475067	-0.13630322	0.14046288	-0.10056773	0.084208876	-0.06461716	0.24076246	-0.2912302	0.11757762	-0.10417216	0.07025738	-0.5881961	1.0000001	-0.11919771	0.10571557	-0.11677828	0.22835106	-0.64929444	0.15228014	-0.123525165	0.07953126	-0.16123869	0.19717018	-0.12521264	0.10694909	-0.07274923	0.15153128	-0.11671699	0.108355336	-0.0847554	0.07881775
-0.046065487	0.06898536	-0.06869083	0.055877972	-0.08822821	0.040401496	-0.061620392	0.1094498	-0.124130584	0.08869353	-0.07182009	0.0746941	-0.106005296	0.114764825	-0.13638546	0.089910835	-0.09125027	0.12853685	-0.16176155	0.11824853	-0.1066707	0.099842794	-0.17982997	0.23171595	-0.144196	0.12432846	-0.11919771	1.0000001	-0.6837778	0.19921337	-0.12223737	0.1620641	-0.52261585	0.2530276	-0.15359007	0.10539247	-0.17178875	0.20932433	-0.18082422	0.12208858	-0.13660356	0.116528094	-0.16752756	0.13019814	-0.13198262
0.048529886	-0.074094854	0.0722292	-0.05947532	0.0927244	-0.042900622	0.065561585	-0.12176482	0.13225152	-0.09604452	0.07534411	-0.07946208	0.11418723	-0.13143128	0.14238477	-0.094834805	0.09438519	-0.14646624	0.1805243	-0.14414206	0.10526721	-0.101787396	0.18833385	-0.42262885	0.16498572	-0.12138398	0.10571557	-0.6837778	1.0	-0.25146112	0.112287365	-0.15191942	0.2775228	-0.3455344	0.17356217	-0.0982443	0.15181878	-0.18793029	0.16687901	-0.12828797	0.122951895	-0.10592213	0.14313073	-0.12446905	0.12965496
-0.054318015	0.07931897	-0.083916634	0.067213394	-0.109106846	0.04695866	-0.07073153	0.11821886	-0.13876413	0.10589054	-0.080469124	0.08274265	-0.11194084	0.12522845	-0.17876585	0.09900745	-0.09927102	0.12695402	-0.16518413	0.14661603	-0.11604171	0.10554909	-0.15758502	0.18768485	-0.19818684	0.13758153	-0.11677828	0.19921337	-0.25146112	0.99999994	-0.15303957	0.16385439	-0.27629438	0.31942132	-0.6334841	0.13321157	-0.22107387	0.21742515	-0.32598776	0.2662422	-0.18784568	0.15411507	-0.22471607	0.20996334	-0.30252454
0.043795086	-0.068055116	0.05535277	-0.045403384	0.068233855	-0.039559174	0.058823008	-0.08749193	0.08379093	-0.06887826	0.076522656	-0.08174133	0.079890765	-0.07711105	0.10675488	-0.1191885	0.11036824	-0.09638634	0.08902143	-0.07119408	0.17132346	-0.15932557	0.10918262	-0.110011175	0.076758154	-0.44183698	0.22835106	-0.12223737	0.112287365	-0.15303957	0.99999976	-0.34333703	0.15412517	-0.15212552	0.09893664	-0.67989063	0.2685552	-0.16300628	0.13246217	-0.09387747	0.24654879	-0.1972345	0.1434901	-0.11453353	0.09945253
-0.052837696	0.07854671	-0.06719519	0.05437427	-0.08322791	0.046865772	-0.0701142	0.10306371	-0.10314048	0.08210007	-0.09306915	0.09584493	-0.09793091	0.09304966	-0.12983082	0.13463849	-0.14448543	0.1164216	-0.11078225	0.08483078	-0.22940585	0.20043659	-0.14160745	0.13368788	-0.09420142	0.31239867	-0.64929444	0.1620641	-0.15191942	0.16385439	-0.34333703	0.9999995	-0.27207163	0.17595474	-0.116235636	0.21872035	-0.3521898	0.19151507	-0.165722	0.108267725	-0.24444836	0.18168148	-0.17115602	0.12895294	-0.11997705
0.046353076	-0.07018248	0.06655494	-0.05430737	0.08489623	-0.04095617	0.06167176	-0.10408331	0.110786125	-0.08575931	0.07307415	-0.07671918	0.09656743	-0.10390867	0.13383505	-0.09751388	0.09550957	-0.1172957	0.13201699	-0.10787577	0.11888509	-0.11316414	0.14307597	-0.18919341	0.122020036	-0.16453722	0.15228014	-0.52261585	0.2775228	-0.27629438	0.15412517	-0.27207163	0.99999976	-0.42957044	0.20252712	-0.13981341	0.22181612	-0.47276637	0.23139495	-0.16626352	0.1715065	-0.15995654	0.22962178	-0.18543775	0.16878662
-0.05104061	0.07510715	-0.0772328	0.06210996	-0.09983205	0.044356063	-0.06688529	0.112155944	-0.12909402	0.0977133	-0.077187695	0.0796596	-0.10667801	0.116542555	-0.16055647	0.096716	-0.09688316	0.12297183	-0.15388633	0.11998392	-0.11543411	0.10564701	-0.15637968	0.19112511	-0.14561717	0.14034754	-0.123525165	0.2530276	-0.3455344	0.31942132	-0.15212552	0.17595474	-0.42957044	0.9999998	-0.5381854	0.13305737	-0.22119425	0.24398778	-0.32898253	0.24182196	-0.18347478	0.15421417	-0.22894603	0.20518714	-0.25655922
0.03424832	-0.050871056	0.05162017	-0.041706953	0.06669694	-0.029879246	0.04497255	-0.07593797	0.08545795	-0.06598716	0.051596172	-0.05358146	0.070869096	-0.07889264	0.107897766	-0.06530394	0.064453535	-0.08261478	0.10190106	-0.09271838	0.07585759	-0.07032581	0.100703076	-0.12816377	0.11008825	-0.094597794	0.07953126	-0.15359007	0.17356217	-0.6334841	0.09893664	-0.116235636	0.20252712	-0.5381854	0.99999964	-0.08921494	0.14378308	-0.16765311	0.2425002	-0.4159983	0.12106036	-0.10608755	0.15737954	-0.17389813	0.24765871
-0.034758754	0.053075515	-0.045351166	0.036981907	-0.05646955	0.03106789	-0.046223126	0.06964464	-0.06909194	0.056464452	-0.05881427	0.061983444	-0.06408818	0.06322547	-0.08924545	0.08704511	-0.08309377	0.07618466	-0.07412429	0.05922647	-0.12619846	0.11114641	-0.088171326	0.09105333	-0.0646797	0.22802958	-0.16123869	0.10539247	-0.0982443	0.13321157	-0.67989063	0.21872035	-0.13981341	0.13305737	-0.08921494	0.99999946	-0.43149087	0.16772647	-0.13366732	0.089666806	-0.44632068	0.2463114	-0.16196707	0.11730839	-0.0982949
0.05004758	-0.07745359	0.06645786	-0.054447614	0.08307993	-0.044894926	0.06672884	-0.1027691	0.10176728	-0.08386709	0.082856335	-0.08833838	0.09321556	-0.09415757	0.13204663	-0.12278567	0.11319934	-0.11138063	0.11032271	-0.0904096	0.15278594	-0.1487854	0.12677944	-0.13921471	0.09812216	-0.2750055	0.19717018	-0.17178875	0.15181878	-0.22107387	0.2685552	-0.3521898	0.22181612	-0.22119425	0.14378308	-0.43149087	0.9999996	-0.3570662	0.20650357	-0.14511248	0.31816414	-0.50305676	0.25548506	-0.1952544	0.15268956
-0.039605033	0.059665512	-0.056432437	0.04583186	-0.07190149	0.0349302	-0.052325636	0.0850944	-0.09096866	0.071690835	-0.06235489	0.0652742	-0.07902312	0.083582796	-0.11485067	0.08421166	-0.08163316	0.09328105	-0.10437063	0.08412715	-0.10368162	0.09677253	-0.11301941	0.13394707	-0.09556321	0.1490303	-0.12521264	0.20932433	-0.18793029	0.21742515	-0.16300628	0.19151507	-0.47276637	0.24398778	-0.16765311	0.16772647	-0.3570662	0.9999995	-0.38689017	0.18803741	-0.23476239	0.23626894	-0.5571976	0.26954117	-0.21840683
0.04029599	-0.061039135	0.058303736	-0.047464468	0.074607626	-0.035558138	0.053156715	-0.08751639	0.093045354	-0.0748263	0.06203923	-0.06522786	0.079934105	-0.086480536	0.120537356	-0.08298235	0.07922313	-0.0944743	0.1061721	-0.091917254	0.096074454	-0.09120345	0.110867575	-0.13658202	0.10278546	-0.13535465	0.10694909	-0.18082422	0.16687901	-0.32598776	0.13246217	-0.165722	0.23139495	-0.32898253	0.2425002	-0.13366732	0.20650357	-0.38689017	0.9999994	-0.44753373	0.17256337	-0.18023181	0.28703243	-0.55525655	0.31030315
-0.029098688	0.043425392	-0.043068774	0.034826607	-0.055430308	0.025473358	-0.03817724	0.06305165	-0.06949358	0.05483936	-0.044219736	0.046073895	-0.058444664	0.063749224	-0.089976124	0.057410233	-0.055900063	0.06802138	-0.08014772	0.068675205	-0.06728927	0.06267094	-0.08180413	0.0991483	-0.07981697	0.08932725	-0.07274923	0.12208858	-0.12828797	0.2662422	-0.09387747	0.108267725	-0.16626352	0.24182196	-0.4159983	0.089666806	-0.14511248	0.18803741	-0.44753373	0.9999991	-0.12511805	0.117531836	-0.19988431	0.27256173	-0.69001615
0.04122027	-0.06379031	0.054953855	-0.04501821	0.06878322	-0.03695911	0.054894123	-0.08464126	0.08392845	-0.06941992	0.067835316	-0.07231544	0.076604225	-0.07765089	0.109666094	-0.10016915	0.09202105	-0.0913466	0.090781815	-0.074788846	0.12377239	-0.11943159	0.10363684	-0.114011556	0.08106249	-0.22406392	0.15153128	-0.13660356	0.122951895	-0.18784568	0.24654879	-0.24444836	0.1715065	-0.18347478	0.12106036	-0.44632068	0.31816414	-0.23476239	0.17256337	-0.12511805	0.9999992	-0.67208624	0.23425528	-0.1800173	0.13191144
-0.031936664	0.048837803	-0.04339021	0.035399385	-0.0546159	0.028452272	-0.042353056	0.06601694	-0.06709755	0.054756988	-0.05192498	0.05489667	-0.060322393	0.06180221	-0.08726282	0.07452584	-0.07008343	0.071524724	-0.073558256	0.06020515	-0.09425215	0.08869181	-0.082822606	0.09228077	-0.06622219	0.15680268	-0.11671699	0.116528094	-0.10592213	0.15411507	-0.1972345	0.18168148	-0.15995654	0.15421417	-0.10608755	0.2463114	-0.50305676	0.23626894	-0.18023181	0.117531836	-0.67208624	0.9999991	-0.38609648	0.1847856	-0.13513656
0.035738807	-0.054397333	0.05048119	-0.04116071	0.0641901	-0.03167088	0.04729275	-0.076597944	0.07999421	-0.064491786	0.05625153	-0.05931293	0.06999702	-0.074215606	0.10300346	-0.07739031	0.07341154	-0.08313855	0.090351835	-0.07588716	0.092421986	-0.087904826	0.097371034	-0.116927624	0.084290184	-0.13972475	0.108355336	-0.16752756	0.14313073	-0.22471607	0.1434901	-0.17115602	0.22962178	-0.22894603	0.15737954	-0.16196707	0.25548506	-0.5571976	0.28703243	-0.19988431	0.23425528	-0.38609648	0.999999	-0.5267642	0.22273993
-0.030141873	0.04540269	-0.043445647	0.03526367	-0.055542935	0.026549015	-0.03969687	0.06462491	-0.069233134	0.05531716	-0.046721246	0.048947304	-0.05951541	0.063726366	-0.08962526	0.062629335	-0.06021539	0.06987121	-0.07860378	0.06594191	-0.07473592	0.07005986	-0.082988225	0.09896375	-0.07454278	0.10647233	-0.0847554	0.13019814	-0.12446905	0.20996334	-0.11453353	0.12895294	-0.18543775	0.20518714	-0.17389813	0.11730839	-0.1952544	0.26954117	-0.55525655	0.27256173	-0.1800173	0.1847856	-0.5267642	0.99999905	-0.48610646
0.030874997	-0.046517562	0.04516006	-0.036683027	0.057949096	-0.027159803	0.040650338	-0.06723641	0.07250777	-0.057880502	0.047202386	-0.049465794	0.061678976	-0.06724273	0.09382111	-0.06227552	0.05990244	-0.07252913	0.08337625	-0.07350094	0.0721327	-0.067998566	0.08568293	-0.105743185	0.08319304	-0.098890536	0.07881775	-0.13198262	0.12965496	-0.30252454	0.09945253	-0.11997705	0.16878662	-0.25655922	0.24765871	-0.0982949	0.15268956	-0.21840683	0.31030315	-0.69001615	0.13191144	-0.13513656	0.22273993	-0.48610646	0.99999905
