1.0000001	-0.9582182	0.089882806	-0.058388017	0.07888368	-0.14163631	0.15504777	-0.11089956	0.074470825	-0.05839925	0.07971924	-0.15682073	0.05697141	-0.060848255	0.060821626	-0.07707794	0.091942556	-0.06248727	0.049649045	-0.05841695	0.03339235	-0.03686898	0.028862357	-0.036044642	0.010710711	-0.029038152	0.033037875	-0.03502887	0.038944717	-0.010155068	0.027920036	-0.023308996	0.030008305	-0.028951151	0.04014676	-0.024191102	0.0211376	-0.029699089	0.033528928	-0.018676525	0.015833575	-0.014518335	0.018569155	-0.016723504	0.024473509
-0.9582182	1.0000005	-0.0951186	0.059017368	-0.081866674	0.12338942	-0.1830578	0.10728863	-0.07536105	0.057756163	-0.07539561	0.14041239	-0.056188706	0.059216134	-0.061206136	0.07093427	-0.09105353	0.06013256	-0.04883781	0.05632166	-0.03260122	0.035771623	-0.028041253	0.034788925	-0.010444633	0.028185576	-0.032239918	0.033921793	-0.03809529	0.009890894	-0.027235677	0.022694884	-0.029289799	0.028249063	-0.03928494	0.023496708	-0.020575602	0.028823262	-0.032780115	0.018258667	-0.015436602	0.014136537	-0.018136969	0.016319022	-0.023938295
0.089882806	-0.0951186	1.0000002	-0.64595056	0.3140821	-0.27475134	0.20464867	-0.4402237	0.23292138	-0.22539878	0.13821903	-0.24001138	0.16107224	-0.1988013	0.18856516	-0.14458154	0.17654257	-0.18649161	0.15129581	-0.19766602	0.06762713	-0.07651928	0.07124174	-0.09113177	0.025905764	-0.0618029	0.07025235	-0.08068844	0.086135045	-0.024737438	0.059598807	-0.050270498	0.064792566	-0.0632089	0.08635084	-0.052502178	0.04567149	-0.06491493	0.07206128	-0.040174976	0.03410296	-0.031389102	0.03990304	-0.03607252	0.052467402
-0.058388017	0.059017368	-0.64595056	1.0000001	-0.6494273	0.16744792	-0.12871772	0.22012335	-0.19076018	0.1975114	-0.08707721	0.1409443	-0.11170826	0.14036563	-0.17622665	0.09095002	-0.11881998	0.122668654	-0.112845115	0.13943331	-0.04522878	0.05092967	-0.048781402	0.06183799	-0.01777282	0.041320216	-0.04727012	0.05428583	-0.05861648	0.016936839	-0.040100552	0.03378562	-0.043703783	0.04268147	-0.058357276	0.035189837	-0.03068281	0.043493535	-0.048633803	0.02711123	-0.022939157	0.021089843	-0.02689111	0.024294328	-0.0354024
0.07888368	-0.081866674	0.3140821	-0.6494273	1.0000002	-0.27217945	0.17239915	-0.2903196	0.23235242	-0.39288875	0.13154702	-0.21121144	0.15627214	-0.20527226	0.24171779	-0.14030005	0.17274399	-0.1856735	0.16206072	-0.22106239	0.06758776	-0.0766662	0.0735346	-0.09483257	0.027125686	-0.06258872	0.071165994	-0.08296144	0.08835984	-0.025937293	0.06067073	-0.051286533	0.066238366	-0.06482337	0.08857961	-0.053678907	0.04667453	-0.06652802	0.07386479	-0.041202344	0.03489831	-0.032132942	0.040884376	-0.036970723	0.053811684
-0.14163631	0.12338942	-0.27475134	0.16744792	-0.27217945	1.0000004	-0.308492	0.23255193	-0.20619439	0.16819993	-0.47589412	0.27697194	-0.18204255	0.16963112	-0.19580977	0.29728258	-0.49020702	0.19444294	-0.1510848	0.16430679	-0.15873173	0.16629742	-0.10961314	0.13167603	-0.042490028	0.12709159	-0.14818159	0.14078271	-0.1665632	0.039981358	-0.122948974	0.10076214	-0.13005635	0.12362665	-0.17387672	0.10265821	-0.0907761	0.124452695	-0.14523332	0.080719836	-0.06818463	0.062057715	-0.08027115	0.07187384	-0.1060616
0.15504777	-0.1830578	0.20464867	-0.12871772	0.17239915	-0.308492	1.0000004	-0.46202022	0.19832821	-0.13440755	0.2068653	-0.7194085	0.13988902	-0.14781927	0.13620558	-0.18411979	0.19979303	-0.14466958	0.11285806	-0.12739456	0.06859284	-0.07570597	0.058292985	-0.07169914	0.020896552	-0.057657376	0.065591305	-0.06822347	0.07498151	-0.019806663	0.0540471	-0.04490786	0.057288844	-0.05487477	0.074918285	-0.046163607	0.04034883	-0.056207396	0.06273582	-0.034865092	0.029913705	-0.027441517	0.034790594	-0.031373706	0.04551461
-0.11089956	0.10728863	-0.4402237	0.22012335	-0.2903196	0.23255193	-0.46202022	1.0000005	-0.5030982	0.22118068	-0.15234245	0.26991102	-0.24847524	0.24370179	-0.22482115	0.14484464	-0.2077072	0.20642737	-0.18327892	0.19141658	-0.07254893	0.08059117	-0.07444941	0.09095249	-0.026024466	0.06344493	-0.073257975	0.08063828	-0.088373885	0.024672687	-0.06091596	0.05089995	-0.065642826	0.06356778	-0.08662517	0.052411314	-0.04589553	0.06423018	-0.07224966	0.040198103	-0.034160376	0.031335108	-0.03993298	0.03603188	-0.052434284
0.074470825	-0.07536105	0.23292138	-0.19076018	0.23235242	-0.20619439	0.19832821	-0.5030982	1.0000005	-0.4016049	0.11875307	-0.20846578	0.23544505	-0.5405258	0.27217534	-0.12496196	0.17210014	-0.24502638	0.2400705	-0.28117964	0.063148774	-0.07170263	0.07641843	-0.09593798	0.026636684	-0.057202615	0.06600805	-0.07735661	0.081944354	-0.025413372	0.054678433	-0.046007153	0.059293646	-0.057867657	0.07746639	-0.04742198	0.041407924	-0.058265977	0.06461481	-0.035943102	0.030659795	-0.028202461	0.035703223	-0.032319877	0.046683572
-0.05839925	0.057756163	-0.22539878	0.1975114	-0.39288875	0.16819993	-0.13440755	0.22118068	-0.4016049	1.0000008	-0.09236693	0.14239806	-0.15936644	0.23332834	-0.7125436	0.09787579	-0.13948797	0.1644867	-0.20041071	0.23741996	-0.05261809	0.05929304	-0.06349684	0.07936811	-0.023170868	0.04824202	-0.055824786	0.065397136	-0.07082374	0.022029266	-0.04686054	0.03946314	-0.05120055	0.050152753	-0.06774402	0.040802285	-0.035676368	0.05032033	-0.05636622	0.03138956	-0.026566872	0.024414202	-0.031097306	0.028120799	-0.04084195
0.07971924	-0.07539561	0.13821903	-0.08707721	0.13154702	-0.47589412	0.2068653	-0.15234245	0.11875307	-0.09236693	1.0000007	-0.35272965	0.106651396	-0.10065329	0.102468915	-0.72032666	0.28729346	-0.12194312	0.085719414	-0.095810734	0.09858624	-0.10728643	0.060559265	-0.073605806	0.021804506	-0.075775445	0.082454525	-0.07747425	0.08427065	-0.020623505	0.06552546	-0.053867698	0.06672729	-0.06248986	0.08420749	-0.054812092	0.047646288	-0.06553563	0.07109946	-0.03937562	0.034722872	-0.031911958	0.039701372	-0.035846647	0.05127299
-0.15682073	0.14041239	-0.24001138	0.1409443	-0.21121144	0.27697194	-0.7194085	0.26991102	-0.20846578	0.14239806	-0.35272965	1.0000006	-0.15651648	0.14902787	-0.15597908	0.2218281	-0.27703384	0.1538362	-0.12386102	0.13380243	-0.08812505	0.09547369	-0.06851766	0.083118856	-0.024769714	0.07146972	-0.081932135	0.08177213	-0.09133076	0.023416286	-0.06681857	0.055163648	-0.07024002	0.06684332	-0.09145895	0.056368936	-0.049412902	0.06831979	-0.076626964	0.042549163	-0.03657757	0.033498507	-0.042500135	0.038278747	-0.055567205
0.05697141	-0.056188706	0.16107224	-0.11170826	0.15627214	-0.18204255	0.13988902	-0.24847524	0.23544505	-0.15936644	0.106651396	-0.15651648	1.0000006	-0.4403478	0.17941739	-0.12542889	0.19760153	-0.7646388	0.22887723	-0.21364002	0.06568238	-0.07793569	0.091121	-0.106064476	0.024658684	-0.05885356	0.067898504	-0.082446925	0.08142669	-0.02346821	0.054290246	-0.045714375	0.058128726	-0.056396138	0.073604465	-0.04669122	0.040664084	-0.056915488	0.0617007	-0.034221083	0.029689413	-0.027376993	0.03417099	-0.031026255	0.044216346
-0.060848255	0.059216134	-0.1988013	0.14036563	-0.20527226	0.16963112	-0.14781927	0.24370179	-0.5405258	0.23332834	-0.10065329	0.14902787	-0.4403478	1.0000008	-0.30599585	0.10867466	-0.17438957	0.27625757	-0.4817931	0.2842689	-0.061757963	0.07005897	-0.084823765	0.10252238	-0.0269953	0.055914085	-0.06550539	0.077653505	-0.08300982	0.025555113	-0.05365417	0.04509104	-0.058361534	0.05704313	-0.07573669	0.046134762	-0.040428184	0.056577813	-0.063077085	0.03504779	-0.029856784	0.027437052	-0.03476423	0.03147779	-0.04541027
0.060821626	-0.061206136	0.18856516	-0.17622665	0.24171779	-0.19580977	0.13620558	-0.22482115	0.27217534	-0.7125436	0.102468915	-0.15597908	0.17941739	-0.30599585	1.0000008	-0.11168817	0.15334332	-0.20791647	0.24001348	-0.41752523	0.05905023	-0.067261234	0.074565314	-0.095408015	0.02867522	-0.054869305	0.06326381	-0.0760048	0.08048988	-0.027481513	0.05296751	-0.044760533	0.057900146	-0.05688658	0.07616765	-0.046361964	0.04043204	-0.057241786	0.06341476	-0.035320774	0.030008739	-0.02762975	0.03501754	-0.031725537	0.045864716
-0.07707794	0.07093427	-0.14458154	0.09095002	-0.14030005	0.29728258	-0.18411979	0.14484464	-0.12496196	0.09787579	-0.72032666	0.2218281	-0.12542889	0.10867466	-0.11168817	1.000001	-0.51492333	0.14248087	-0.095276564	0.10340814	-0.14322008	0.14421448	-0.072252065	0.08593168	-0.025612487	0.09708341	-0.10715706	0.09306597	-0.101385355	0.024189716	-0.08190095	0.06634435	-0.08105478	0.074652635	-0.09946463	0.066451296	-0.05796121	0.0784456	-0.08430356	0.046553664	-0.04170422	0.0382851	-0.0471961	0.04261454	-0.060462803
0.091942556	-0.09105353	0.17654257	-0.11881998	0.17274399	-0.49020702	0.19979303	-0.2077072	0.17210014	-0.13948797	0.28729346	-0.27703384	0.19760153	-0.17438957	0.15334332	-0.51492333	1.0000007	-0.3075274	0.14809386	-0.16893256	0.193206	-0.29973114	0.116950825	-0.14368439	0.038422737	-0.15314324	0.16285461	-0.15241578	0.1493994	-0.036546435	0.12187877	-0.101586044	0.12043138	-0.111399665	0.14307861	-0.1033762	0.08821929	-0.12235842	0.12241907	-0.06754969	0.06239592	-0.05800463	0.06917804	-0.06307716	0.08707819
-0.06248727	0.06013256	-0.18649161	0.122668654	-0.1856735	0.19444294	-0.14466958	0.20642737	-0.24502638	0.1644867	-0.12194312	0.1538362	-0.7646388	0.27625757	-0.20791647	0.14248087	-0.3075274	1.0000006	-0.28684983	0.21079405	-0.08257395	0.09653403	-0.12009195	0.12304239	-0.028638966	0.07132289	-0.08358229	0.09837306	-0.09848765	0.027105803	-0.06560219	0.05493643	-0.06983188	0.06738198	-0.087829255	0.055658903	-0.04865394	0.06755067	-0.07360949	0.040778164	-0.035422735	0.03261254	-0.040728338	0.03695006	-0.052661154
0.049649045	-0.04883781	0.15129581	-0.112845115	0.16206072	-0.1510848	0.11285806	-0.18327892	0.2400705	-0.20041071	0.085719414	-0.12386102	0.22887723	-0.4817931	0.24001348	-0.095276564	0.14809386	-0.28684983	1.0000005	-0.7208498	0.057626538	-0.06596701	0.10154136	-0.14019455	0.033688918	-0.054513812	0.06473802	-0.08294444	0.08708819	-0.03211816	0.052687544	-0.044561185	0.058071345	-0.057514623	0.07466196	-0.045376163	0.039815754	-0.05579774	0.06201311	-0.034442592	0.029275665	-0.026936568	0.034054313	-0.030927306	0.044356517
-0.05841695	0.05632166	-0.19766602	0.13943331	-0.22106239	0.16430679	-0.12739456	0.19141658	-0.28117964	0.23741996	-0.095810734	0.13380243	-0.21364002	0.2842689	-0.41752523	0.10340814	-0.16893256	0.21079405	-0.7208498	1.0000004	-0.064706616	0.07255077	-0.099459976	0.120446175	-0.04272049	0.060343813	-0.071626425	0.08722384	-0.09716901	0.039403196	-0.0593855	0.05003695	-0.065646574	0.06503535	-0.08623629	0.05110637	-0.044969358	0.062971555	-0.07123831	0.03965301	-0.033344414	0.030606557	-0.039061803	0.035383232	-0.051249534
0.03339235	-0.03260122	0.06762713	-0.04522878	0.06758776	-0.15873173	0.06859284	-0.07254893	0.063148774	-0.05261809	0.09858624	-0.08812505	0.06568238	-0.061757963	0.05905023	-0.14322008	0.193206	-0.08257395	0.057626538	-0.064706616	1.0000006	-0.7494503	0.1079575	-0.12083979	0.03179461	-0.49675784	0.28069925	-0.16803099	0.1444598	-0.030233104	0.18286125	-0.14265668	0.13510343	-0.10969219	0.12237032	-0.13219984	0.107332096	-0.13471101	0.11005159	-0.059279863	0.06702311	-0.06325461	0.0652018	-0.06038205	0.07412446
-0.03686898	0.035771623	-0.07651928	0.05092967	-0.0766662	0.16629742	-0.07570597	0.08059117	-0.07170263	0.05929304	-0.10728643	0.09547369	-0.07793569	0.07005897	-0.067261234	0.14421448	-0.29973114	0.09653403	-0.06596701	0.07255077	-0.7494503	1.0000002	-0.13278283	0.13382047	-0.037443455	0.29419133	-0.3964016	0.18428472	-0.17455693	0.03535051	-0.19392215	0.14811471	-0.15381622	0.1238324	-0.14253879	0.13140637	-0.11506525	0.14013092	-0.1263113	0.06801397	-0.0726054	0.06714996	-0.07324292	0.06703071	-0.08549347
0.028862357	-0.028041253	0.07124174	-0.048781402	0.0735346	-0.10961314	0.058292985	-0.07444941	0.07641843	-0.06349684	0.060559265	-0.06851766	0.091121	-0.084823765	0.074565314	-0.072252065	0.116950825	-0.12009195	0.10154136	-0.099459976	0.1079575	-0.13278283	1.0000001	-0.7889126	0.058197822	-0.13084023	0.17129914	-0.47993946	0.23522587	-0.055842366	0.11514497	-0.10193989	0.13005175	-0.13281901	0.14469068	-0.09726989	0.08542939	-0.11819202	0.12199605	-0.06689076	0.059208922	-0.055083517	0.066468336	-0.061540842	0.08320854
-0.036044642	0.034788925	-0.09113177	0.06183799	-0.09483257	0.13167603	-0.07169914	0.09095249	-0.09593798	0.07936811	-0.073605806	0.083118856	-0.106064476	0.10252238	-0.095408015	0.08593168	-0.14368439	0.12304239	-0.14019455	0.120446175	-0.12083979	0.13382047	-0.7889126	0.99999976	-0.08378862	0.13709086	-0.18850043	0.29586786	-0.3319369	0.07541025	-0.14316313	0.1222077	-0.16852191	0.17202969	-0.20334618	0.11832792	-0.106729046	0.14584269	-0.16813503	0.092129685	-0.0769842	0.0705368	-0.0898841	0.08214483	-0.11574001
0.010710711	-0.010444633	0.025905764	-0.01777282	0.027125686	-0.042490028	0.020896552	-0.026024466	0.026636684	-0.023170868	0.021804506	-0.024769714	0.024658684	-0.0269953	0.02867522	-0.025612487	0.038422737	-0.028638966	0.033688918	-0.04272049	0.03179461	-0.037443455	0.058197822	-0.08378862	0.9999999	-0.04095027	0.046717416	-0.082218155	0.11547669	-0.9789359	0.042067956	-0.039360907	0.052571356	-0.074424684	0.084437355	-0.041289885	0.03532758	-0.05486737	0.055596698	-0.034854915	0.025335986	-0.024218196	0.02948103	-0.028698808	0.039812736
-0.029038152	0.028185576	-0.0618029	0.041320216	-0.06258872	0.12709159	-0.057657376	0.06344493	-0.057202615	0.04824202	-0.075775445	0.07146972	-0.05885356	0.055914085	-0.054869305	0.09708341	-0.15314324	0.07132289	-0.054513812	0.060343813	-0.49675784	0.29419133	-0.13084023	0.13709086	-0.04095027	1.0	-0.62041026	0.2176799	-0.20003858	0.038739674	-0.39369407	0.2210335	-0.20119931	0.14791298	-0.16032802	0.18632182	-0.15914777	0.17916377	-0.1460362	0.077692956	-0.09351075	0.086420484	-0.087244	0.08018056	-0.09652188
0.033037875	-0.032239918	0.07025235	-0.04727012	0.071165994	-0.14818159	0.065591305	-0.073257975	0.06600805	-0.055824786	0.082454525	-0.081932135	0.067898504	-0.06550539	0.06326381	-0.10715706	0.16285461	-0.08358229	0.06473802	-0.071626425	0.28069925	-0.3964016	0.17129914	-0.18850043	0.046717416	-0.62041026	1.0	-0.4069721	0.22650953	-0.044701383	0.26002663	-0.2815936	0.2111566	-0.16997299	0.17353185	-0.20083122	0.16783546	-0.20705426	0.15751266	-0.08456466	0.09828482	-0.0941028	0.093597636	-0.087669484	0.104150034
-0.03502887	0.033921793	-0.08068844	0.05428583	-0.08296144	0.14078271	-0.06822347	0.08063828	-0.07735661	0.065397136	-0.07747425	0.08177213	-0.082446925	0.077653505	-0.0760048	0.09306597	-0.15241578	0.09837306	-0.08294444	0.08722384	-0.16803099	0.18428472	-0.47993946	0.29586786	-0.082218155	0.2176799	-0.4069721	0.9999998	-0.5369202	0.07723489	-0.20334518	0.1787464	-0.24094504	0.23369254	-0.24578537	0.16133662	-0.14615288	0.19470647	-0.20701483	0.112066835	-0.09891516	0.09144498	-0.110894896	0.102580376	-0.1382003
0.038944717	-0.03809529	0.086135045	-0.05861648	0.08835984	-0.1665632	0.07498151	-0.088373885	0.081944354	-0.07082374	0.08427065	-0.09133076	0.08142669	-0.08300982	0.08048988	-0.101385355	0.1493994	-0.09848765	0.08708819	-0.09716901	0.1444598	-0.17455693	0.23522587	-0.3319369	0.11547669	-0.20003858	0.22650953	-0.5369202	0.99999976	-0.13040605	0.1921715	-0.18806559	0.247985	-0.49567664	0.28131637	-0.18848751	0.16062024	-0.24970968	0.24074578	-0.13510066	0.11105221	-0.10714268	0.12609334	-0.12526584	0.1557219
-0.010155068	0.009890894	-0.024737438	0.016936839	-0.025937293	0.039981358	-0.019806663	0.024672687	-0.025413372	0.022029266	-0.020623505	0.023416286	-0.02346821	0.025555113	-0.027481513	0.024189716	-0.036546435	0.027105803	-0.03211816	0.039403196	-0.030233104	0.03535051	-0.055842366	0.07541025	-0.9789359	0.038739674	-0.044701383	0.07723489	-0.13040605	0.99999905	-0.040427208	0.03778482	-0.051320214	0.073228166	-0.08908233	0.039342374	-0.033867233	0.052293975	-0.054625046	0.034447037	-0.024350757	0.023224205	-0.028571332	0.027793452	-0.039319824
0.027920036	-0.027235677	0.059598807	-0.040100552	0.06067073	-0.122948974	0.0540471	-0.06091596	0.054678433	-0.04686054	0.06552546	-0.06681857	0.054290246	-0.05365417	0.05296751	-0.08190095	0.12187877	-0.06560219	0.052687544	-0.0593855	0.18286125	-0.19392215	0.11514497	-0.14316313	0.042067956	-0.39369407	0.26002663	-0.20334518	0.1921715	-0.040427208	0.9999993	-0.57026225	0.2846256	-0.19659834	0.18839975	-0.47367588	0.28759518	-0.315603	0.18522707	-0.097152844	0.15626544	-0.1519099	0.12215198	-0.115628146	0.11806947
-0.023308996	0.022694884	-0.050270498	0.03378562	-0.051286533	0.10076214	-0.04490786	0.05089995	-0.046007153	0.03946314	-0.053867698	0.055163648	-0.045714375	0.04509104	-0.044760533	0.06634435	-0.101586044	0.05493643	-0.044561185	0.05003695	-0.14265668	0.14811471	-0.10193989	0.1222077	-0.039360907	0.2210335	-0.2815936	0.1787464	-0.18806559	0.03778482	-0.57026225	0.9999995	-0.540475	0.20188025	-0.1864965	0.28894675	-0.41963363	0.28877944	-0.18037444	0.092817456	-0.13593122	0.12786175	-0.11221602	0.10346691	-0.11216915
0.030008305	-0.029289799	0.064792566	-0.043703783	0.066238366	-0.13005635	0.057288844	-0.065642826	0.059293646	-0.05120055	0.06672729	-0.07024002	0.058128726	-0.058361534	0.057900146	-0.08105478	0.12043138	-0.06983188	0.058071345	-0.065646574	0.13510343	-0.15381622	0.13005175	-0.16852191	0.052571356	-0.20119931	0.2111566	-0.24094504	0.247985	-0.051320214	0.2846256	-0.540475	0.999999	-0.42339787	0.25392982	-0.29151574	0.27205852	-0.47820842	0.24131721	-0.12764326	0.14255702	-0.14063737	0.13762546	-0.13415773	0.14800476
-0.028951151	0.028249063	-0.0632089	0.04268147	-0.06482337	0.12362665	-0.05487477	0.06356778	-0.057867657	0.050152753	-0.06248986	0.06684332	-0.056396138	0.05704313	-0.05688658	0.074652635	-0.111399665	0.06738198	-0.057514623	0.06503535	-0.10969219	0.1238324	-0.13281901	0.17202969	-0.074424684	0.14791298	-0.16997299	0.23369254	-0.49567664	0.073228166	-0.19659834	0.20188025	-0.42339787	0.99999905	-0.5212194	0.18435584	-0.17035459	0.25833383	-0.4072505	0.18662746	-0.118416846	0.113005444	-0.15132038	0.15223797	-0.20246686
0.04014676	-0.03928494	0.08635084	-0.058357276	0.08857961	-0.17387672	0.074918285	-0.08662517	0.07746639	-0.06774402	0.08420749	-0.09145895	0.073604465	-0.07573669	0.07616765	-0.09946463	0.14307861	-0.087829255	0.07466196	-0.08623629	0.12237032	-0.14253879	0.14469068	-0.20334618	0.084437355	-0.16032802	0.17353185	-0.24578537	0.28131637	-0.08908233	0.18839975	-0.1864965	0.25392982	-0.5212194	0.9999988	-0.20564717	0.17373803	-0.29404563	0.3021365	-0.31720433	0.12807502	-0.12534161	0.1550236	-0.16161384	0.25217503
-0.024191102	0.023496708	-0.052502178	0.035189837	-0.053678907	0.10265821	-0.046163607	0.052411314	-0.04742198	0.040802285	-0.054812092	0.056368936	-0.04669122	0.046134762	-0.046361964	0.066451296	-0.1033762	0.055658903	-0.045376163	0.05110637	-0.13219984	0.13140637	-0.09726989	0.11832792	-0.041289885	0.18632182	-0.20083122	0.16133662	-0.18848751	0.039342374	-0.47367588	0.28894675	-0.29151574	0.18435584	-0.20564717	0.99999875	-0.6147069	0.29915553	-0.22096398	0.10992233	-0.32458633	0.22241014	-0.16540618	0.14259209	-0.13698329
0.0211376	-0.020575602	0.04567149	-0.03068281	0.04667453	-0.0907761	0.04034883	-0.04589553	0.041407924	-0.035676368	0.047646288	-0.049412902	0.040664084	-0.040428184	0.04043204	-0.05796121	0.08821929	-0.04865394	0.039815754	-0.044969358	0.107332096	-0.11506525	0.08542939	-0.106729046	0.03532758	-0.15914777	0.16783546	-0.14615288	0.16062024	-0.033867233	0.28759518	-0.41963363	0.27205852	-0.17035459	0.17373803	-0.6147069	0.9999985	-0.5290868	0.18933605	-0.09449058	0.20256147	-0.22283228	0.13789047	-0.12611923	0.11477746
-0.029699089	0.028823262	-0.06491493	0.043493535	-0.06652802	0.124452695	-0.056207396	0.06423018	-0.058265977	0.05032033	-0.06553563	0.06831979	-0.056915488	0.056577813	-0.057241786	0.0784456	-0.12235842	0.06755067	-0.05579774	0.062971555	-0.13471101	0.14013092	-0.11819202	0.14584269	-0.05486737	0.17916377	-0.20705426	0.19470647	-0.24970968	0.052293975	-0.315603	0.28877944	-0.47820842	0.25833383	-0.29404563	0.29915553	-0.5290868	0.9999984	-0.3580851	0.16119783	-0.19671947	0.17425959	-0.20053482	0.1725752	-0.19994538
0.033528928	-0.032780115	0.07206128	-0.048633803	0.07386479	-0.14523332	0.06273582	-0.07224966	0.06461481	-0.05636622	0.07109946	-0.076626964	0.0617007	-0.063077085	0.06341476	-0.08430356	0.12241907	-0.07360949	0.06201311	-0.07123831	0.11005159	-0.1263113	0.12199605	-0.16813503	0.055596698	-0.1460362	0.15751266	-0.20701483	0.24074578	-0.054625046	0.18522707	-0.18037444	0.24131721	-0.4072505	0.3021365	-0.22096398	0.18933605	-0.3580851	0.99999857	-0.3890855	0.1584646	-0.16567717	0.24465822	-0.38752905	0.27510092
-0.018676525	0.018258667	-0.040174976	0.02711123	-0.041202344	0.080719836	-0.034865092	0.040198103	-0.035943102	0.03138956	-0.03937562	0.042549163	-0.034221083	0.03504779	-0.035320774	0.046553664	-0.06754969	0.040778164	-0.034442592	0.03965301	-0.059279863	0.06801397	-0.06689076	0.092129685	-0.034854915	0.077692956	-0.08456466	0.112066835	-0.13510066	0.034447037	-0.097152844	0.092817456	-0.12764326	0.18662746	-0.31720433	0.10992233	-0.09449058	0.16119783	-0.3890855	0.99999845	-0.08067497	0.079990156	-0.12472905	0.1449159	-0.81997406
0.015833575	-0.015436602	0.03410296	-0.022939157	0.03489831	-0.06818463	0.029913705	-0.034160376	0.030659795	-0.026566872	0.034722872	-0.03657757	0.029689413	-0.029856784	0.030008739	-0.04170422	0.06239592	-0.035422735	0.029275665	-0.033344414	0.06702311	-0.0726054	0.059208922	-0.0769842	0.025335986	-0.09351075	0.09828482	-0.09891516	0.11105221	-0.024350757	0.15626544	-0.13593122	0.14255702	-0.118416846	0.12807502	-0.32458633	0.20256147	-0.19671947	0.1584646	-0.08067497	0.9999986	-0.8411503	0.2208288	-0.22193623	0.09570095
-0.014518335	0.014136537	-0.031389102	0.021089843	-0.032132942	0.062057715	-0.027441517	0.031335108	-0.028202461	0.024414202	-0.031911958	0.033498507	-0.027376993	0.027437052	-0.02762975	0.0382851	-0.05800463	0.03261254	-0.026936568	0.030606557	-0.06325461	0.06714996	-0.055083517	0.0705368	-0.024218196	0.086420484	-0.0941028	0.09144498	-0.10714268	0.023224205	-0.1519099	0.12786175	-0.14063737	0.113005444	-0.12534161	0.22241014	-0.22283228	0.17425959	-0.16567717	0.079990156	-0.8411503	0.9999985	-0.33140624	0.20689175	-0.09708957
0.018569155	-0.018136969	0.03990304	-0.02689111	0.040884376	-0.08027115	0.034790594	-0.03993298	0.035703223	-0.031097306	0.039701372	-0.042500135	0.03417099	-0.03476423	0.03501754	-0.0471961	0.06917804	-0.040728338	0.034054313	-0.039061803	0.0652018	-0.07324292	0.066468336	-0.0898841	0.02948103	-0.087244	0.093597636	-0.110894896	0.12609334	-0.028571332	0.12215198	-0.11221602	0.13762546	-0.15132038	0.1550236	-0.16540618	0.13789047	-0.20053482	0.24465822	-0.12472905	0.2208288	-0.33140624	0.99999857	-0.8119881	0.1370709
-0.016723504	0.016319022	-0.03607252	0.024294328	-0.036970723	0.07187384	-0.031373706	0.03603188	-0.032319877	0.028120799	-0.035846647	0.038278747	-0.031026255	0.03147779	-0.031725537	0.04261454	-0.06307716	0.03695006	-0.030927306	0.035383232	-0.06038205	0.06703071	-0.061540842	0.08214483	-0.028698808	0.08018056	-0.087669484	0.102580376	-0.12526584	0.027793452	-0.115628146	0.10346691	-0.13415773	0.15223797	-0.16161384	0.14259209	-0.12611923	0.1725752	-0.38752905	0.1449159	-0.22193623	0.20689175	-0.8119881	0.9999985	-0.17381142
0.024473509	-0.023938295	0.052467402	-0.0354024	0.053811684	-0.1060616	0.04551461	-0.052434284	0.046683572	-0.04084195	0.05127299	-0.055567205	0.044216346	-0.04541027	0.045864716	-0.060462803	0.08707819	-0.052661154	0.044356517	-0.051249534	0.07412446	-0.08549347	0.08320854	-0.11574001	0.039812736	-0.09652188	0.104150034	-0.1382003	0.1557219	-0.039319824	0.11806947	-0.11216915	0.14800476	-0.20246686	0.25217503	-0.13698329	0.11477746	-0.19994538	0.27510092	-0.81997406	0.09570095	-0.09708957	0.1370709	-0.17381142	0.9999985
