1.0000001	-0.8655763	0.15721126	-0.07107071	0.063523	-0.3985958	0.23878884	-0.14073053	0.0714186	-0.04564035	0.08831809	-0.06871021	0.057736676	-0.058684777	0.059176803	-0.086058065	0.060270246	-0.059793353	0.031524543	-0.028265584	0.038475104	-0.042440016	0.040172644	-0.025349086	0.02453383	-0.035060897	0.0434387	-0.041197293	0.018629285	-0.02246893	0.0145054385	-0.02330368	0.032285154	-0.023252774	0.026850667	-0.0155258905	0.018993458	-0.02084003	0.015183534	-0.01269562	0.020244537	-0.014217073	0.024092933	-0.012272229	0.013420421
-0.8655763	1.0000002	-0.21891752	0.08751365	-0.08073031	0.27225387	-0.32501346	0.16431846	-0.08763333	0.056063864	-0.08905025	0.070388325	-0.066597395	0.06850433	-0.07283876	0.08523684	-0.06512371	0.06762817	-0.03748602	0.033603746	-0.043391388	0.047258187	-0.045671575	0.029750902	-0.029010093	0.039441466	-0.049410544	0.046760958	-0.021690158	0.026139539	-0.01660535	0.026780892	-0.037344422	0.026967015	-0.031287916	0.017756011	-0.021927154	0.024095649	-0.017642027	0.014750727	-0.023439301	0.016427629	-0.02797316	0.014248042	-0.015602383
0.15721126	-0.21891752	1.0000004	-0.3140472	0.1864144	-0.32204217	0.2743827	-0.7584325	0.19006045	-0.12972695	0.12528665	-0.11896237	0.1484646	-0.15912674	0.14924656	-0.14569704	0.11031223	-0.15311402	0.07745274	-0.07109848	0.079312414	-0.08995304	0.09042856	-0.061487485	0.058785323	-0.07541343	0.091229305	-0.09494447	0.043345485	-0.052607905	0.031912137	-0.052023094	0.072282344	-0.05358775	0.060771145	-0.034402013	0.042147454	-0.046879638	0.034095217	-0.028615247	0.044869613	-0.031661738	0.053698022	-0.027553273	0.030109819
-0.07107071	0.08751365	-0.3140472	1.0000005	-0.7203155	0.132742	-0.12601094	0.19330513	-0.3974649	0.28658447	-0.093161434	0.096954554	-0.14596578	0.20883735	-0.32033303	0.1125655	-0.099062376	0.15459797	-0.11906284	0.111423165	-0.08314591	0.0918309	-0.09717289	0.08537254	-0.085984245	0.07947309	-0.0979612	0.102958396	-0.054959297	0.06653051	-0.035647854	0.059160165	-0.084157586	0.065313295	-0.07433638	0.03842067	-0.04848928	0.054646306	-0.04064053	0.034255475	-0.05199363	0.036573857	-0.063139886	0.03268842	-0.035937615
0.063523	-0.08073031	0.1864144	-0.7203155	1.0000006	-0.12564762	0.106941655	-0.16877578	0.27587405	-0.5008814	0.08986799	-0.09644466	0.13724424	-0.21177562	0.27479696	-0.115049	0.09728521	-0.16141786	0.10975452	-0.11084847	0.08230862	-0.09305742	0.09716789	-0.084914185	0.0815798	-0.08126423	0.096669935	-0.10661448	0.054794457	-0.06725115	0.036106132	-0.060009282	0.08381206	-0.06597142	0.07357694	-0.039186664	0.04865174	-0.05492894	0.040425185	-0.034137573	0.05198907	-0.03675914	0.06277128	-0.03259388	0.03570934
-0.3985958	0.27225387	-0.32204217	0.132742	-0.12564762	1.0000004	-0.71601343	0.25823307	-0.14011563	0.08811824	-0.22121736	0.13844326	-0.112412736	0.11062094	-0.115588285	0.16420303	-0.12172765	0.11209424	-0.06037175	0.053834617	-0.07376509	0.08091687	-0.07659526	0.047924154	-0.046697263	0.06600079	-0.08318515	0.07723525	-0.035099696	0.042211153	-0.027275305	0.04377008	-0.06091251	0.043671384	-0.050576475	0.02911918	-0.03574503	0.039176773	-0.028581453	0.023887184	-0.03809203	0.026726173	-0.04537158	0.02309076	-0.025264027
0.23878884	-0.32501346	0.2743827	-0.12601094	0.106941655	-0.71601343	1.0000007	-0.46039894	0.12536521	-0.0790801	0.15064645	-0.12884945	0.10910328	-0.10743047	0.100065075	-0.15237829	0.10641779	-0.11015362	0.05447462	-0.04894015	0.06579379	-0.07406268	0.07028714	-0.043739356	0.04202839	-0.060334165	0.0741963	-0.07186929	0.03188519	-0.038478434	0.024733918	-0.03975849	0.055000816	-0.039741497	0.04552766	-0.026515186	0.03225443	-0.0354788	0.02574024	-0.021540968	0.034274306	-0.024134934	0.04079009	-0.020812448	0.022734078
-0.14073053	0.16431846	-0.7584325	0.19330513	-0.16877578	0.25823307	-0.46039894	1.0000008	-0.19840062	0.11609153	-0.1125146	0.105717726	-0.16596508	0.146725	-0.1416065	0.11958519	-0.10005932	0.13818033	-0.07159582	0.06445036	-0.07028205	0.07907137	-0.081660554	0.054908536	-0.053265583	0.065237336	-0.08131522	0.08268212	-0.038315736	0.046195965	-0.02779452	0.04535355	-0.06385662	0.04698045	-0.053650368	0.029832838	-0.03693573	0.041099954	-0.030018253	0.025173679	-0.039350595	0.027708411	-0.047283094	0.024228506	-0.026516395
0.0714186	-0.08763333	0.19006045	-0.3974649	0.27587405	-0.14011563	0.12536521	-0.19840062	1.0000008	-0.4391294	0.13042165	-0.15221803	0.24924362	-0.5513233	0.3074609	-0.16851526	0.15156126	-0.28945127	0.16206671	-0.15796426	0.123549774	-0.14524826	0.15497549	-0.12519099	0.11563463	-0.12211767	0.14555936	-0.16772065	0.080045566	-0.09796066	0.053156316	-0.088437684	0.123708986	-0.09648338	0.10611499	-0.05772966	0.071036495	-0.08058089	0.058562655	-0.049469076	0.075331315	-0.05355503	0.090986066	-0.04727578	0.051636625
-0.04564035	0.056063864	-0.12972695	0.28658447	-0.5008814	0.08811824	-0.0790801	0.11609153	-0.4391294	1.0000008	-0.07792627	0.086906254	-0.1400376	0.23325507	-0.65275836	0.09880556	-0.08896179	0.15490215	-0.13743284	0.13861564	-0.07522823	0.08563194	-0.09191869	0.09225567	-0.094781175	0.07348687	-0.08895952	0.09876136	-0.054699928	0.066402406	-0.032823984	0.054898165	-0.07802369	0.06321164	-0.06995896	0.035558946	-0.044514313	0.050775763	-0.037675727	0.031940944	-0.047402028	0.033599973	-0.057813775	0.030273164	-0.033256117
0.08831809	-0.08905025	0.12528665	-0.093161434	0.08986799	-0.22121736	0.15064645	-0.1125146	0.13042165	-0.07792627	1.0000007	-0.5820785	0.16675615	-0.13932785	0.11114963	-0.67206544	0.3057596	-0.17871	0.07168688	-0.06245885	0.13123736	-0.15537834	0.12510803	-0.06037419	0.05719008	-0.112818785	0.13904177	-0.121426165	0.046821833	-0.055946454	0.041156996	-0.06386414	0.08611967	-0.05934992	0.06741389	-0.043799948	0.05092827	-0.054856114	0.038845606	-0.032397784	0.053146616	-0.03766389	0.06215849	-0.031507872	0.034208346
-0.06871021	0.070388325	-0.11896237	0.096954554	-0.09644466	0.13844326	-0.12884945	0.105717726	-0.15221803	0.086906254	-0.5820785	1.0000005	-0.26942676	0.16318594	-0.12766175	0.32291687	-0.630599	0.21824189	-0.0833752	0.071035035	-0.1493074	0.18746221	-0.15507768	0.06798317	-0.064838365	0.1208022	-0.16768183	0.13695343	-0.05208579	0.061691646	-0.044833306	0.07032139	-0.0964259	0.06541893	-0.07426612	0.047384202	-0.056103628	0.060465336	-0.042745426	0.03562429	-0.05826996	0.04130956	-0.06842403	0.034639075	-0.03761052
0.057736676	-0.066597395	0.1484646	-0.14596578	0.13724424	-0.112412736	0.10910328	-0.16596508	0.24924362	-0.1400376	0.16675615	-0.26942676	1.0000004	-0.54618347	0.19738857	-0.18778689	0.21345128	-0.6425443	0.14099437	-0.12005255	0.1292236	-0.16909584	0.19705679	-0.10247992	0.094766505	-0.119252756	0.15286572	-0.18215626	0.06879993	-0.081802115	0.048579857	-0.08013196	0.1155164	-0.08336794	0.091386534	-0.052139275	0.06375096	-0.072475046	0.051307697	-0.043119933	0.06645102	-0.047511354	0.08052681	-0.0414708	0.045071695
-0.058684777	0.06850433	-0.15912674	0.20883735	-0.21177562	0.11062094	-0.10743047	0.146725	-0.5513233	0.23325507	-0.13932785	0.16318594	-0.54618347	1.0000004	-0.37055185	0.15490454	-0.1683234	0.28638843	-0.22287005	0.16899075	-0.12453779	0.14188881	-0.16624539	0.1289358	-0.12573844	0.11374416	-0.14790925	0.15469915	-0.07875829	0.09336142	-0.049689624	0.08242508	-0.12083955	0.09144158	-0.10290207	0.05318985	-0.067240596	0.076286666	-0.056206275	0.047346517	-0.0712776	0.05038288	-0.08733447	0.045166746	-0.04958039
0.059176803	-0.07283876	0.14924656	-0.32033303	0.27479696	-0.115588285	0.100065075	-0.1416065	0.3074609	-0.65275836	0.11114963	-0.12766175	0.19738857	-0.37055185	1.0000001	-0.14650437	0.12984042	-0.24052063	0.20026898	-0.26283944	0.111147664	-0.1288058	0.13740231	-0.14589673	0.14233926	-0.110920325	0.13140714	-0.15152468	0.083700195	-0.10302962	0.049425397	-0.08293713	0.11679385	-0.09687193	0.10498593	-0.053782012	0.06676883	-0.07647898	0.056455016	-0.04799254	0.070913896	-0.050465204	0.08632782	-0.045410637	0.04978863
-0.086058065	0.08523684	-0.14569704	0.1125655	-0.115049	0.16420303	-0.15237829	0.11958519	-0.16851526	0.09880556	-0.67206544	0.32291687	-0.18778689	0.15490454	-0.14650437	1.0000002	-0.5086494	0.1989433	-0.09125667	0.07842088	-0.20372164	0.20340885	-0.16726075	0.076980285	-0.074400224	0.15221615	-0.20508587	0.15410134	-0.061420366	0.07284011	-0.055967253	0.08598829	-0.11648145	0.07806758	-0.090712085	0.058757827	-0.069483705	0.073573805	-0.052508567	0.043619785	-0.07274214	0.051130004	-0.08462867	0.04255335	-0.046305437
0.060270246	-0.06512371	0.11031223	-0.099062376	0.09728521	-0.12172765	0.10641779	-0.10005932	0.15156126	-0.08896179	0.3057596	-0.630599	0.21345128	-0.1683234	0.12984042	-0.5086494	1.0000001	-0.2963605	0.09041935	-0.077953435	0.18207215	-0.3302282	0.19358799	-0.077712655	0.072621204	-0.15615337	0.20073286	-0.17603706	0.060870416	-0.072254896	0.054626796	-0.08494859	0.11401329	-0.07723987	0.086240485	-0.058084864	0.06660487	-0.07180729	0.049977276	-0.041686174	0.068582155	-0.048987053	0.08002109	-0.040589232	0.04388997
-0.059793353	0.06762817	-0.15311402	0.15459797	-0.16141786	0.11209424	-0.11015362	0.13818033	-0.28945127	0.15490215	-0.17871	0.21824189	-0.6425443	0.28638843	-0.24052063	0.1989433	-0.2963605	1.0000001	-0.18281828	0.13952538	-0.1733439	0.2182395	-0.37362683	0.12453407	-0.11952493	0.14956082	-0.20902903	0.2286082	-0.086924806	0.10102927	-0.06172724	0.101756655	-0.15440321	0.10466991	-0.11736942	0.06550842	-0.08206373	0.09307885	-0.06623397	0.055359256	-0.08551305	0.06082573	-0.104847856	0.053427547	-0.058190122
0.031524543	-0.03748602	0.07745274	-0.11906284	0.10975452	-0.06037175	0.05447462	-0.07159582	0.16206671	-0.13743284	0.07168688	-0.0833752	0.14099437	-0.22287005	0.20026898	-0.09125667	0.09041935	-0.18281828	1.0000002	-0.7759852	0.08217326	-0.095836975	0.11336622	-0.4096416	0.28911036	-0.07944172	0.1000838	-0.11837617	0.12711231	-0.14881325	0.038357757	-0.06755184	0.10467959	-0.116726205	0.114131965	-0.04154224	0.05462754	-0.067282476	0.05336591	-0.04689867	0.057160165	-0.041305345	0.07429723	-0.04194354	0.04691027
-0.028265584	0.033603746	-0.07109848	0.111423165	-0.11084847	0.053834617	-0.04894015	0.06445036	-0.15796426	0.13861564	-0.06245885	0.071035035	-0.12005255	0.16899075	-0.26283944	0.07842088	-0.077953435	0.13952538	-0.7759852	1.0000002	-0.072140716	0.081816174	-0.096724	0.28096512	-0.43825582	0.06903245	-0.08803029	0.100218795	-0.11193264	0.12949991	-0.0337781	0.05942082	-0.09313692	0.09980748	-0.10469169	0.03648081	-0.048500486	0.059668824	-0.048228305	0.04232246	-0.050935365	0.036676064	-0.06667517	0.03771847	-0.04246023
0.038475104	-0.043391388	0.079312414	-0.08314591	0.08230862	-0.07376509	0.06579379	-0.07028205	0.123549774	-0.07522823	0.13123736	-0.1493074	0.1292236	-0.12453779	0.111147664	-0.20372164	0.18207215	-0.1733439	0.08217326	-0.072140716	1.0000001	-0.45879564	0.21921751	-0.08439202	0.07771523	-0.72319895	0.3149819	-0.24582063	0.07795657	-0.09387841	0.12858741	-0.142887	0.15822339	-0.104746506	0.11619251	-0.13698326	0.10789118	-0.104520015	0.070166506	-0.05826618	0.10732053	-0.077665634	0.11461347	-0.05754039	0.061480097
-0.042440016	0.047258187	-0.08995304	0.0918309	-0.09305742	0.08091687	-0.07406268	0.07907137	-0.14524826	0.08563194	-0.15537834	0.18746221	-0.16909584	0.14188881	-0.1288058	0.20340885	-0.3302282	0.2182395	-0.095836975	0.081816174	-0.45879564	1.0	-0.4906868	0.095905975	-0.08930649	0.28137517	-0.5200292	0.28499857	-0.08346181	0.09678533	-0.087725766	0.13277763	-0.17368925	0.10762178	-0.11908186	0.091181904	-0.10172519	0.10498672	-0.070818745	0.058709506	-0.101269245	0.07282502	-0.115081705	0.057685144	-0.061897215
0.040172644	-0.045671575	0.09042856	-0.09717289	0.09716789	-0.07659526	0.07028714	-0.081660554	0.15497549	-0.09191869	0.12510803	-0.15507768	0.19705679	-0.16624539	0.13740231	-0.16726075	0.19358799	-0.37362683	0.11336622	-0.096724	0.21921751	-0.4906868	0.9999999	-0.12919994	0.10919489	-0.20270738	0.27735707	-0.6362233	0.10252783	-0.116361246	0.076256245	-0.1301046	0.20160447	-0.12863036	0.13019471	-0.08168844	0.09850296	-0.11866221	0.07622709	-0.06386604	0.098246045	-0.07236527	0.120692596	-0.062049586	0.0660567
-0.025349086	0.029750902	-0.061487485	0.08537254	-0.084914185	0.047924154	-0.043739356	0.054908536	-0.12519099	0.09225567	-0.06037419	0.06798317	-0.10247992	0.1289358	-0.14589673	0.076980285	-0.077712655	0.12453407	-0.4096416	0.28096512	-0.08439202	0.095905975	-0.12919994	0.9999995	-0.7611339	0.08031262	-0.10615242	0.12712665	-0.28465894	0.22823286	-0.043029837	0.079064064	-0.13653634	0.17378625	-0.1757458	0.046390656	-0.06498581	0.0849847	-0.07317304	0.06549926	-0.06742714	0.049183983	-0.0936605	0.055997565	-0.06423099
0.02453383	-0.029010093	0.058785323	-0.085984245	0.0815798	-0.046697263	0.04202839	-0.053265583	0.11563463	-0.094781175	0.05719008	-0.064838365	0.094766505	-0.12573844	0.14233926	-0.074400224	0.072621204	-0.11952493	0.28911036	-0.43825582	0.07771523	-0.08930649	0.10919489	-0.7611339	0.9999995	-0.07600765	0.09700667	-0.119681165	0.20490289	-0.27418855	0.04035618	-0.07431423	0.12229967	-0.16760471	0.15624125	-0.043828487	0.06017618	-0.0786379	0.06608866	-0.059726965	0.062365774	-0.04569674	0.08519057	-0.051095806	0.057984468
-0.035060897	0.039441466	-0.07541343	0.07947309	-0.08126423	0.06600079	-0.060334165	0.065237336	-0.12211767	0.07348687	-0.112818785	0.1208022	-0.119252756	0.11374416	-0.110920325	0.15221615	-0.15615337	0.14956082	-0.07944172	0.06903245	-0.72319895	0.28137517	-0.20270738	0.08031262	-0.07600765	0.99999934	-0.50921583	0.21138941	-0.076779775	0.091244385	-0.185042	0.15749541	-0.1661659	0.10356433	-0.12087935	0.15403022	-0.12444549	0.10891915	-0.07428714	0.061023552	-0.123566106	0.08667607	-0.12424062	0.060886156	-0.06529183
0.0434387	-0.049410544	0.091229305	-0.0979612	0.096669935	-0.08318515	0.0741963	-0.08131522	0.14555936	-0.08895952	0.13904177	-0.16768183	0.15286572	-0.14790925	0.13140714	-0.20508587	0.20073286	-0.20902903	0.1000838	-0.08803029	0.3149819	-0.5200292	0.27735707	-0.10615242	0.09700667	-0.50921583	0.99999934	-0.4013324	0.10271048	-0.12328521	0.13389628	-0.22379375	0.21308523	-0.13924381	0.14906253	-0.14294517	0.14668165	-0.14048551	0.09095472	-0.07567487	0.14029041	-0.10409744	0.14823386	-0.07483061	0.07925986
-0.041197293	0.046760958	-0.09494447	0.102958396	-0.10661448	0.07723525	-0.07186929	0.08268212	-0.16772065	0.09876136	-0.121426165	0.13695343	-0.18215626	0.15469915	-0.15152468	0.15410134	-0.17603706	0.2286082	-0.11837617	0.100218795	-0.24582063	0.28499857	-0.6362233	0.12712665	-0.119681165	0.21138941	-0.4013324	0.99999946	-0.1417621	0.1453555	-0.09419638	0.16922311	-0.3838063	0.17181718	-0.17835216	0.09865404	-0.13355294	0.16705255	-0.106967755	0.08789918	-0.13170804	0.09658071	-0.17416938	0.08636822	-0.09207466
0.018629285	-0.021690158	0.043345485	-0.054959297	0.054794457	-0.035099696	0.03188519	-0.038315736	0.080045566	-0.054699928	0.046821833	-0.05208579	0.06879993	-0.07875829	0.083700195	-0.061420366	0.060870416	-0.086924806	0.12711231	-0.11193264	0.07795657	-0.08346181	0.10252783	-0.28465894	0.20490289	-0.076779775	0.10271048	-0.1417621	0.9999991	-0.69372106	0.049124476	-0.09882522	0.19195536	-0.54672337	0.28089103	-0.05339026	0.0793626	-0.11683517	0.103391886	-0.09732798	0.07986175	-0.060252067	0.118936785	-0.077894315	0.08956991
-0.02246893	0.026139539	-0.052607905	0.06653051	-0.06725115	0.042211153	-0.038478434	0.046195965	-0.09796066	0.066402406	-0.055946454	0.061691646	-0.081802115	0.09336142	-0.10302962	0.07284011	-0.072254896	0.10102927	-0.14881325	0.12949991	-0.09387841	0.09678533	-0.116361246	0.22823286	-0.27418855	0.091244385	-0.12328521	0.1453555	-0.69372106	0.9999988	-0.059809785	0.117002696	-0.2258858	0.31523013	-0.4664014	0.06455871	-0.09869053	0.14189132	-0.14657477	0.13771494	-0.101344824	0.07532202	-0.1565484	0.106590495	-0.12904583
0.0145054385	-0.01660535	0.031912137	-0.035647854	0.036106132	-0.027275305	0.024733918	-0.02779452	0.053156316	-0.032823984	0.041156996	-0.044833306	0.048579857	-0.049689624	0.049425397	-0.055967253	0.054626796	-0.06172724	0.038357757	-0.0337781	0.12858741	-0.087725766	0.076256245	-0.043029837	0.04035618	-0.185042	0.13389628	-0.09419638	0.049124476	-0.059809785	0.99999917	-0.31379333	0.12721196	-0.07324173	0.083808646	-0.88908577	0.19298315	-0.100569375	0.05948174	-0.047922608	0.15141645	-0.118263826	0.106883384	-0.050251853	0.051399376
-0.02330368	0.026780892	-0.052023094	0.059160165	-0.060009282	0.04377008	-0.03975849	0.04535355	-0.088437684	0.054898165	-0.06386414	0.07032139	-0.08013196	0.08242508	-0.08293713	0.08598829	-0.08494859	0.101756655	-0.06755184	0.05942082	-0.142887	0.13277763	-0.1301046	0.079064064	-0.07431423	0.15749541	-0.22379375	0.16922311	-0.09882522	0.117002696	-0.31379333	0.9999986	-0.33768433	0.15089911	-0.17111441	0.2399054	-0.6370574	0.22512934	-0.12832005	0.10113272	-0.3879225	0.27244428	-0.23987119	0.10795839	-0.10939864
0.032285154	-0.037344422	0.072282344	-0.084157586	0.08381206	-0.06091251	0.055000816	-0.06385662	0.123708986	-0.07802369	0.08611967	-0.0964259	0.1155164	-0.12083955	0.11679385	-0.11648145	0.11401329	-0.15440321	0.10467959	-0.09313692	0.15822339	-0.17368925	0.20160447	-0.13653634	0.12229967	-0.1661659	0.21308523	-0.3838063	0.19195536	-0.2258858	0.12721196	-0.33768433	0.99999857	-0.39914736	0.26094857	-0.1396875	0.21527088	-0.46146068	0.17777833	-0.14881666	0.19022635	-0.15705703	0.2756969	-0.14743645	0.1442076
-0.023252774	0.026967015	-0.05358775	0.065313295	-0.06597142	0.043671384	-0.039741497	0.04698045	-0.09648338	0.06321164	-0.05934992	0.06541893	-0.08336794	0.09144158	-0.09687193	0.07806758	-0.07723987	0.10466991	-0.116726205	0.09980748	-0.104746506	0.10762178	-0.12863036	0.17378625	-0.16760471	0.10356433	-0.13924381	0.17181718	-0.54672337	0.31523013	-0.07324173	0.15089911	-0.39914736	0.9999986	-0.5564792	0.078855485	-0.12436468	0.1896071	-0.17958486	0.16466346	-0.12323536	0.09335746	-0.1951119	0.12938498	-0.15272437
0.026850667	-0.031287916	0.060771145	-0.07433638	0.07357694	-0.050576475	0.04552766	-0.053650368	0.10611499	-0.06995896	0.06741389	-0.07426612	0.091386534	-0.10290207	0.10498593	-0.090712085	0.086240485	-0.11736942	0.114131965	-0.10469169	0.11619251	-0.11908186	0.13019471	-0.1757458	0.15624125	-0.12087935	0.14906253	-0.17835216	0.28089103	-0.4664014	0.083808646	-0.17111441	0.26094857	-0.5564792	0.99999857	-0.09387942	0.1350356	-0.21358766	0.21980909	-0.3258788	0.13647184	-0.10613778	0.20662607	-0.17684002	0.1964589
-0.0155258905	0.017756011	-0.034402013	0.03842067	-0.039186664	0.02911918	-0.026515186	0.029832838	-0.05772966	0.035558946	-0.043799948	0.047384202	-0.052139275	0.05318985	-0.053782012	0.058757827	-0.058084864	0.06550842	-0.04154224	0.03648081	-0.13698326	0.091181904	-0.08168844	0.046390656	-0.043828487	0.15403022	-0.14294517	0.09865404	-0.05339026	0.06455871	-0.88908577	0.2399054	-0.1396875	0.078855485	-0.09387942	0.99999845	-0.2451877	0.111209564	-0.06756269	0.05389701	-0.19230069	0.13535209	-0.12411918	0.05696337	-0.058580033
0.018993458	-0.021927154	0.042147454	-0.04848928	0.04865174	-0.03574503	0.03225443	-0.03693573	0.071036495	-0.044514313	0.05092827	-0.056103628	0.06375096	-0.067240596	0.06676883	-0.069483705	0.06660487	-0.08206373	0.05462754	-0.048500486	0.10789118	-0.10172519	0.09850296	-0.06498581	0.06017618	-0.12444549	0.14668165	-0.13355294	0.0793626	-0.09869053	0.19298315	-0.6370574	0.21527088	-0.12436468	0.1350356	-0.2451877	0.9999983	-0.2669569	0.11346217	-0.089964375	0.30926934	-0.5274745	0.21429504	-0.09897204	0.09399648
-0.02084003	0.024095649	-0.046879638	0.054646306	-0.05492894	0.039176773	-0.0354788	0.041099954	-0.08058089	0.050775763	-0.054856114	0.060465336	-0.072475046	0.076286666	-0.07647898	0.073573805	-0.07180729	0.09307885	-0.067282476	0.059668824	-0.104520015	0.10498672	-0.11866221	0.0849847	-0.0786379	0.10891915	-0.14048551	0.16705255	-0.11683517	0.14189132	-0.100569375	0.22512934	-0.46146068	0.1896071	-0.21358766	0.111209564	-0.2669569	0.9999981	-0.32491195	0.19414635	-0.19558135	0.17597306	-0.660975	0.2274172	-0.20955084
0.015183534	-0.017642027	0.034095217	-0.04064053	0.040425185	-0.028581453	0.02574024	-0.030018253	0.058562655	-0.037675727	0.038845606	-0.042745426	0.051307697	-0.056206275	0.056455016	-0.052508567	0.049977276	-0.06623397	0.05336591	-0.048228305	0.070166506	-0.070818745	0.07622709	-0.07317304	0.06608866	-0.07428714	0.09095472	-0.106967755	0.103391886	-0.14657477	0.05948174	-0.12832005	0.17777833	-0.17958486	0.21980909	-0.06756269	0.11346217	-0.32491195	0.9999983	-0.63766074	0.10524639	-0.092673086	0.25176784	-0.5355863	0.32404023
-0.01269562	0.014750727	-0.028615247	0.034255475	-0.034137573	0.023887184	-0.021540968	0.025173679	-0.049469076	0.031940944	-0.032397784	0.03562429	-0.043119933	0.047346517	-0.04799254	0.043619785	-0.041686174	0.055359256	-0.04689867	0.04232246	-0.05826618	0.058709506	-0.06386604	0.06549926	-0.059726965	0.061023552	-0.07567487	0.08789918	-0.09732798	0.13771494	-0.047922608	0.10113272	-0.14881666	0.16466346	-0.3258788	0.05389701	-0.089964375	0.19414635	-0.63766074	0.99999833	-0.086456686	0.07322901	-0.21017313	0.3113431	-0.5831085
0.020244537	-0.023439301	0.044869613	-0.05199363	0.05198907	-0.03809203	0.034274306	-0.039350595	0.075331315	-0.047402028	0.053146616	-0.05826996	0.06645102	-0.0712776	0.070913896	-0.07274214	0.068582155	-0.08551305	0.057160165	-0.050935365	0.10732053	-0.101269245	0.098246045	-0.06742714	0.062365774	-0.123566106	0.14029041	-0.13170804	0.07986175	-0.101344824	0.15141645	-0.3879225	0.19022635	-0.12323536	0.13647184	-0.19230069	0.30926934	-0.19558135	0.10524639	-0.086456686	0.9999981	-0.7462835	0.20296782	-0.095953055	0.09094285
-0.014217073	0.016427629	-0.031661738	0.036573857	-0.03675914	0.026726173	-0.024134934	0.027708411	-0.05355503	0.033599973	-0.03766389	0.04130956	-0.047511354	0.05038288	-0.050465204	0.051130004	-0.048987053	0.06082573	-0.041305345	0.036676064	-0.077665634	0.07282502	-0.07236527	0.049183983	-0.04569674	0.08667607	-0.10409744	0.09658071	-0.060252067	0.07532202	-0.118263826	0.27244428	-0.15705703	0.09335746	-0.10613778	0.13535209	-0.5274745	0.17597306	-0.092673086	0.07322901	-0.7462835	0.999998	-0.22615021	0.08631312	-0.08008823
0.024092933	-0.02797316	0.053698022	-0.063139886	0.06277128	-0.04537158	0.04079009	-0.047283094	0.090986066	-0.057813775	0.06215849	-0.06842403	0.08052681	-0.08733447	0.08632782	-0.08462867	0.08002109	-0.104847856	0.07429723	-0.06667517	0.11461347	-0.115081705	0.120692596	-0.0936605	0.08519057	-0.12424062	0.14823386	-0.17416938	0.118936785	-0.1565484	0.106883384	-0.23987119	0.2756969	-0.1951119	0.20662607	-0.12411918	0.21429504	-0.660975	0.25176784	-0.21017313	0.20296782	-0.22615021	0.999998	-0.36552042	0.22142059
-0.012272229	0.014248042	-0.027553273	0.03268842	-0.03259388	0.02309076	-0.020812448	0.024228506	-0.04727578	0.030273164	-0.031507872	0.034639075	-0.0414708	0.045166746	-0.045410637	0.04255335	-0.040589232	0.053427547	-0.04194354	0.03771847	-0.05754039	0.057685144	-0.062049586	0.055997565	-0.051095806	0.060886156	-0.07483061	0.08636822	-0.077894315	0.106590495	-0.050251853	0.10795839	-0.14743645	0.12938498	-0.17684002	0.05696337	-0.09897204	0.2274172	-0.5355863	0.3113431	-0.095953055	0.08631312	-0.36552042	0.99999815	-0.66963696
0.013420421	-0.015602383	0.030109819	-0.035937615	0.03570934	-0.025264027	0.022734078	-0.026516395	0.051636625	-0.033256117	0.034208346	-0.03761052	0.045071695	-0.04958039	0.04978863	-0.046305437	0.04388997	-0.058190122	0.04691027	-0.04246023	0.061480097	-0.061897215	0.0660567	-0.06423099	0.057984468	-0.06529183	0.07925986	-0.09207466	0.08956991	-0.12904583	0.051399376	-0.10939864	0.1442076	-0.15272437	0.1964589	-0.058580033	0.09399648	-0.20955084	0.32404023	-0.5831085	0.09094285	-0.08008823	0.22142059	-0.66963696	0.99999815
