1.0000001	-0.49273458	0.26676714	-0.2549669	0.12928066	-0.66891986	0.30274355	-0.29248583	0.20742805	-0.14104182	0.19453119	-0.20720775	0.12414694	-0.10763119	0.113405995	-0.14599971	0.12111139	-0.116204366	0.10159749	-0.10227116	0.09435636	-0.09269407	0.09616395	-0.08913866	0.07750455	-0.067267075	0.06814391	-0.072107084	0.07562832	-0.08530474	0.065701455	-0.07057502	0.059946746	-0.07184591	0.09543352	-0.043540232	0.05477761	-0.047010407	0.029799465	-0.025470193	0.048882827	-0.05861261	0.04634903	-0.028472688	0.029058069
-0.49273458	1.0	-0.6650972	0.22253534	-0.12491652	0.27174592	-0.39157182	0.28295487	-0.22072282	0.12192188	-0.16741504	0.16825338	-0.108940825	0.09004314	-0.09812058	0.11228367	-0.10183233	0.093364514	-0.08498214	0.08371101	-0.07752747	0.074498035	-0.0794174	0.07238366	-0.06357646	0.053918496	-0.055179745	0.05792894	-0.061527804	0.06828159	-0.05371981	0.056339126	-0.048345998	0.057309862	-0.07656364	0.035042055	-0.0440549	0.037645515	-0.023940997	0.020393724	-0.0397705	0.046470482	-0.0373539	0.02282791	-0.023389613
0.26676714	-0.6650972	1.0	-0.3693673	0.15499534	-0.24268	0.26958686	-0.48636317	0.25810125	-0.1578627	0.14277193	-0.15567717	0.111042246	-0.096418664	0.109286994	-0.11065279	0.09783794	-0.0960896	0.08801618	-0.09511576	0.07575129	-0.07479776	0.08028193	-0.07541862	0.06915138	-0.05439486	0.056207824	-0.059914537	0.06368884	-0.07557042	0.053659115	-0.057990953	0.04982325	-0.059786323	0.081689626	-0.03568007	0.045200806	-0.038909078	0.024734149	-0.021125384	0.04022582	-0.04815526	0.03844379	-0.023598302	0.02412679
-0.2549669	0.22253534	-0.3693673	1.0	-0.5041939	0.18595834	-0.22795165	0.27375793	-0.5678358	0.29172134	-0.15145472	0.14791833	-0.14870515	0.12958097	-0.19041029	0.12766986	-0.12001291	0.12135446	-0.1218114	0.14438781	-0.09492947	0.09397957	-0.10680374	0.10096299	-0.10346245	0.06941167	-0.073876806	0.07915683	-0.08616258	0.108539514	-0.0697374	0.07563983	-0.06637751	0.07925617	-0.11881414	0.04683412	-0.05994115	0.051657632	-0.033099204	0.02824313	-0.05334749	0.063233666	-0.05143649	0.031506807	-0.032390065
0.12928066	-0.12491652	0.15499534	-0.5041939	0.9999999	-0.11017598	0.12349728	-0.16512778	0.2684727	-0.74832267	0.093689114	-0.09654092	0.110284425	-0.1086381	0.20759858	-0.09697985	0.089180626	-0.10128046	0.10397344	-0.17736086	0.0717635	-0.07459923	0.08589769	-0.08760643	0.101660796	-0.0549151	0.059897844	-0.066713944	0.07299502	-0.11414056	0.054089088	-0.0624736	0.05490744	-0.0677157	0.09979745	-0.037235335	0.048474997	-0.042608723	0.027172606	-0.023279142	0.04173081	-0.05210542	0.041855805	-0.025863834	0.026402479
-0.66891986	0.27174592	-0.24268	0.18595834	-0.11017598	0.9999999	-0.5302615	0.24766678	-0.20365366	0.11392851	-0.29543057	0.23541984	-0.1270729	0.10282555	-0.10277548	0.149062	-0.13062853	0.112521924	-0.09921252	0.08949413	-0.099115126	0.0923917	-0.09581215	0.08512366	-0.07016279	0.06612604	-0.0664031	0.06872019	-0.07240426	0.07511476	-0.06593633	0.0673237	-0.057285447	0.06736107	-0.08544774	0.04206425	-0.052380968	0.0444862	-0.02821979	0.023988467	-0.047818553	0.054933723	-0.04416491	0.026906287	-0.027564388
0.30274355	-0.39157182	0.26958686	-0.22795165	0.12349728	-0.5302615	0.9999997	-0.49435657	0.2323036	-0.13513619	0.24566562	-0.37827823	0.13615304	-0.1135764	0.11023834	-0.15397628	0.13615988	-0.121345304	0.10418763	-0.09795266	0.09930979	-0.095976666	0.098308854	-0.08950582	0.07422375	-0.06760598	0.0681254	-0.07134679	0.07498254	-0.08052881	0.06650698	-0.06956982	0.05901054	-0.07013078	0.08796576	-0.042839505	0.05358497	-0.04581202	0.028990135	-0.024679754	0.048333768	-0.05663215	0.045240756	-0.027648402	0.028243896
-0.29248583	0.28295487	-0.48636317	0.27375793	-0.16512778	0.24766678	-0.49435657	0.99999976	-0.52641755	0.17324948	-0.18475026	0.18968712	-0.14836119	0.1196912	-0.12602396	0.1279253	-0.11852709	0.11233547	-0.10488082	0.10585199	-0.08964078	0.08713483	-0.09433949	0.08757859	-0.07804107	0.06281436	-0.065003514	0.068811834	-0.07352938	0.08375407	-0.06255782	0.06640854	-0.057220872	0.06816399	-0.09102423	0.040975686	-0.051783502	0.044431407	-0.02825618	0.024070127	-0.046446722	0.0546703	-0.044026554	0.026925469	-0.02757382
0.20742805	-0.22072282	0.25810125	-0.5678358	0.2684727	-0.20365366	0.2323036	-0.52641755	0.99999934	-0.38743502	0.14749378	-0.16200124	0.15268789	-0.15281287	0.18102615	-0.13520421	0.12099028	-0.12993287	0.12615846	-0.15871084	0.09550414	-0.0972754	0.10796208	-0.10618075	0.10529173	-0.07119018	0.07542251	-0.08224433	0.088411994	-0.117039	0.06993843	-0.0784538	0.068029456	-0.082854785	0.11692068	-0.047517996	0.06100075	-0.053074647	0.033769246	-0.028904743	0.053306613	-0.06548764	0.052238226	-0.032202013	0.032873213
-0.14104182	0.12192188	-0.1578627	0.29172134	-0.74832267	0.11392851	-0.13513619	0.17324948	-0.38743502	0.9999994	-0.100995384	0.10184003	-0.123950906	0.11923187	-0.33978322	0.100931205	-0.0953257	0.1062852	-0.11462555	0.18862803	-0.07612093	0.078456394	-0.09205331	0.09285687	-0.11279194	0.057504684	-0.063069955	0.0698239	-0.07736283	0.11688494	-0.057112023	0.0651138	-0.057629053	0.07043862	-0.10583	0.038966436	-0.05073193	0.04447374	-0.028435132	0.024306677	-0.043913696	0.054028694	-0.04388442	0.027022313	-0.027664045
0.19453119	-0.16741504	0.14277193	-0.15145472	0.093689114	-0.29543057	0.24566562	-0.18475026	0.14749378	-0.100995384	0.99999964	-0.7460949	0.17366174	-0.14501067	0.11529845	-0.399002	0.2254125	-0.18063281	0.13906766	-0.10620131	0.17204292	-0.15740344	0.14221813	-0.12370279	0.08628048	-0.10559566	0.09876973	-0.10029208	0.10221565	-0.09266014	0.10033778	-0.099821165	0.0816712	-0.09590822	0.10082835	-0.060926303	0.07421512	-0.06276325	0.039259072	-0.033261273	0.0682116	-0.07772465	0.061616883	-0.037430603	0.038077217
-0.20720775	0.16825338	-0.15567717	0.14791833	-0.09654092	0.23541984	-0.37827823	0.18968712	-0.16200124	0.10184003	-0.7460949	0.99999946	-0.22203049	0.15381008	-0.12073369	0.25170645	-0.2760874	0.18103161	-0.1478137	0.107608534	-0.1640588	0.14860834	-0.14569923	0.123643756	-0.08762511	0.09901585	-0.097408675	0.09833246	-0.10269168	0.09221117	-0.09906244	0.09640394	-0.08081293	0.093701504	-0.10141396	0.059684824	-0.07318387	0.06168148	-0.03883247	0.03279157	-0.06798884	0.07548685	-0.06113464	0.036942486	-0.037791885
0.12414694	-0.108940825	0.111042246	-0.14870515	0.110284425	-0.1270729	0.13615304	-0.14836119	0.15268789	-0.123950906	0.17366174	-0.22203049	0.99999934	-0.76077247	0.19709577	-0.22254328	0.21071675	-0.3308724	0.2824787	-0.19340767	0.15400633	-0.17194201	0.19522682	-0.21852337	0.13914107	-0.11494776	0.12529829	-0.14232637	0.15196723	-0.1513056	0.10997164	-0.130858	0.112326965	-0.14104138	0.1431239	-0.073761605	0.09610763	-0.08537614	0.053419	-0.045478947	0.08121498	-0.10364459	0.08239975	-0.050797082	0.05125645
-0.10763119	0.09004314	-0.096418664	0.12958097	-0.1086381	0.10282555	-0.1135764	0.1196912	-0.15281287	0.11923187	-0.14501067	0.15381008	-0.76077247	0.99999946	-0.2469355	0.17160669	-0.1867647	0.24603689	-0.4403758	0.19491947	-0.13551515	0.14651538	-0.19373731	0.20712595	-0.13859804	0.098246865	-0.11218606	0.12638345	-0.14673898	0.13821584	-0.097385064	0.11239176	-0.10072599	0.12254966	-0.12962335	0.06400185	-0.084221885	0.07458261	-0.04713167	0.039772965	-0.07179442	0.08807742	-0.07314095	0.044535864	-0.04537626
0.113405995	-0.09812058	0.109286994	-0.19041029	0.20759858	-0.10277548	0.11023834	-0.12602396	0.18102615	-0.33978322	0.11529845	-0.12073369	0.19709577	-0.2469355	0.9999994	-0.15495054	0.14700235	-0.19326161	0.22343057	-0.70699835	0.118717894	-0.130359	0.15790913	-0.17954959	0.24687432	-0.0937699	0.10693887	-0.124850206	0.14050508	-0.2778257	0.09136181	-0.112047635	0.09989149	-0.12701614	0.17879817	-0.063496724	0.084511206	-0.07603506	0.048292015	-0.041351896	0.070369214	-0.09121743	0.07380679	-0.045787092	0.046494167
-0.14599971	0.11228367	-0.11065279	0.12766986	-0.09697985	0.149062	-0.15397628	0.1279253	-0.13520421	0.100931205	-0.399002	0.25170645	-0.22254328	0.17160669	-0.15495054	0.9999996	-0.5000999	0.26334283	-0.21950819	0.13893344	-0.50357646	0.28743026	-0.25978407	0.19194736	-0.12258461	0.19903915	-0.17462447	0.1629695	-0.16658968	0.12616935	-0.2029326	0.16534859	-0.13465974	0.14913589	-0.14139858	0.10672911	-0.124315195	0.10127932	-0.0633423	0.052990757	-0.12322621	0.12376114	-0.10110215	0.06014227	-0.061703004
0.12111139	-0.10183233	0.09783794	-0.12001291	0.089180626	-0.13062853	0.13615988	-0.11852709	0.12099028	-0.0953257	0.2254125	-0.2760874	0.21071675	-0.1867647	0.14700235	-0.5000999	0.9999997	-0.5847344	0.23960552	-0.14406511	0.26427996	-0.38215128	0.25230736	-0.2150952	0.12044864	-0.16128352	0.16256613	-0.16479075	0.16234058	-0.12736355	0.14897922	-0.16009031	0.12703982	-0.15040503	0.12993343	-0.089490704	0.110972084	-0.09515503	0.05869528	-0.04949992	0.098615386	-0.11580885	0.09198939	-0.055771027	0.05632268
-0.116204366	0.093364514	-0.0960896	0.12135446	-0.10128046	0.112521924	-0.121345304	0.11233547	-0.12993287	0.1062852	-0.18063281	0.18103161	-0.3308724	0.24603689	-0.19326161	0.26334283	-0.5847344	0.9999997	-0.48088044	0.18118379	-0.22099927	0.24392669	-0.34519938	0.25948682	-0.14864612	0.14154974	-0.16052414	0.17166935	-0.19049945	0.14628202	-0.14203526	0.15270829	-0.13474698	0.15682581	-0.14723152	0.08746468	-0.112871364	0.09805431	-0.061654206	0.051588565	-0.09911091	0.114779525	-0.09680765	0.058146972	-0.059440564
0.10159749	-0.08498214	0.08801618	-0.1218114	0.10397344	-0.09921252	0.10418763	-0.10488082	0.12615846	-0.11462555	0.13906766	-0.1478137	0.2824787	-0.4403758	0.22343057	-0.21950819	0.23960552	-0.48088044	0.99999976	-0.30257455	0.17024007	-0.20454198	0.2713099	-0.5012641	0.17849867	-0.12592584	0.14848831	-0.1818098	0.21019787	-0.17824738	0.121434554	-0.15073846	0.13480592	-0.17464319	0.14738426	-0.07989344	0.10675401	-0.097365536	0.06067719	-0.051085826	0.088071756	-0.11239888	0.0932528	-0.057070527	0.05749177
-0.10227116	0.08371101	-0.09511576	0.14438781	-0.17736086	0.08949413	-0.09795266	0.10585199	-0.15871084	0.18862803	-0.10620131	0.107608534	-0.19340767	0.19491947	-0.70699835	0.13893344	-0.14406511	0.18118379	-0.30257455	0.99999994	-0.11395948	0.12365422	-0.16410586	0.18424991	-0.42873815	0.08733905	-0.10294854	0.11893558	-0.14309844	0.25839874	-0.086983494	0.1041816	-0.09574372	0.11859821	-0.1827341	0.05915887	-0.07934899	0.071172975	-0.04559097	0.038771544	-0.06642127	0.08340003	-0.06994699	0.042954396	-0.0439778
0.09435636	-0.07752747	0.07575129	-0.09492947	0.0717635	-0.099115126	0.09930979	-0.08964078	0.09550414	-0.07612093	0.17204292	-0.1640588	0.15400633	-0.13551515	0.118717894	-0.50357646	0.26427996	-0.22099927	0.17024007	-0.11395948	0.9999999	-0.602744	0.24933103	-0.19358155	0.10388791	-0.38023278	0.19959117	-0.1799758	0.16175018	-0.11163	0.23424694	-0.19708116	0.13795826	-0.15642567	0.11669526	-0.11713623	0.12729058	-0.10373087	0.06255833	-0.052536823	0.12361482	-0.1305848	0.099346966	-0.0596113	0.059818916
-0.09269407	0.074498035	-0.07479776	0.09397957	-0.07459923	0.0923917	-0.095976666	0.08713483	-0.0972754	0.078456394	-0.15740344	0.14860834	-0.17194201	0.14651538	-0.130359	0.28743026	-0.38215128	0.24392669	-0.20454198	0.12365422	-0.602744	0.9999998	-0.46933267	0.22875106	-0.115565084	0.21677157	-0.28044346	0.20729953	-0.19162111	0.11994482	-0.2095465	0.20310687	-0.15316679	0.16638482	-0.12359941	0.10771473	-0.13201952	0.10888927	-0.06629575	0.055068094	-0.12003809	0.12984605	-0.105633296	0.06257842	-0.063355885
0.09616395	-0.0794174	0.08028193	-0.10680374	0.08589769	-0.09581215	0.098308854	-0.09433949	0.10796208	-0.09205331	0.14221813	-0.14569923	0.19522682	-0.19373731	0.15790913	-0.25978407	0.25230736	-0.34519938	0.2713099	-0.16410586	0.24933103	-0.46933267	0.99999964	-0.5590019	0.15440471	-0.17931682	0.22117217	-0.3178549	0.26314518	-0.1655663	0.16338176	-0.21414427	0.18305597	-0.22780943	0.14649826	-0.10367238	0.13845706	-0.12765315	0.07730626	-0.064677104	0.11192797	-0.14445655	0.119370155	-0.072599575	0.07241889
-0.08913866	0.07238366	-0.07541862	0.10096299	-0.08760643	0.08512366	-0.08950582	0.08757859	-0.10618075	0.09285687	-0.12370279	0.123643756	-0.21852337	0.20712595	-0.17954959	0.19194736	-0.2150952	0.25948682	-0.5012641	0.18424991	-0.19358155	0.22875106	-0.5590019	0.99999994	-0.20531423	0.13826206	-0.18738365	0.23970938	-0.42375892	0.1802606	-0.13830395	0.17383079	-0.1730935	0.21466497	-0.14848468	0.088309206	-0.12257538	0.11406749	-0.0716237	0.05892657	-0.09845976	0.12351288	-0.11052146	0.06618552	-0.06710407
0.07750455	-0.06357646	0.06915138	-0.10346245	0.101660796	-0.07016279	0.07422375	-0.07804107	0.10529173	-0.11279194	0.08628048	-0.08762511	0.13914107	-0.13859804	0.24687432	-0.12258461	0.12044864	-0.14864612	0.17849867	-0.42873815	0.10388791	-0.115565084	0.15440471	-0.20531423	1.0000002	-0.08468355	0.10432151	-0.1305568	0.16385588	-0.767873	0.08359432	-0.10754029	0.10112614	-0.13278067	0.21800236	-0.058469288	0.08017441	-0.07415824	0.047526877	-0.040637434	0.06496897	-0.08516149	0.07178775	-0.044576816	0.045406956
-0.067267075	0.053918496	-0.05439486	0.06941167	-0.0549151	0.06612604	-0.06760598	0.06281436	-0.07119018	0.057504684	-0.10559566	0.09901585	-0.11494776	0.098246865	-0.0937699	0.19903915	-0.16128352	0.14154974	-0.12592584	0.08733905	-0.38023278	0.21677157	-0.17931682	0.13826206	-0.08468355	1.0000004	-0.25228447	0.16782273	-0.15238263	0.09021405	-0.7704114	0.22977097	-0.14892869	0.14654638	-0.1011719	0.19403325	-0.1629852	0.11298247	-0.067429535	0.05572514	-0.21670651	0.1508688	-0.11155779	0.06436317	-0.065207355
0.06814391	-0.055179745	0.056207824	-0.073876806	0.059897844	-0.0664031	0.0681254	-0.065003514	0.07542251	-0.063069955	0.09876973	-0.097408675	0.12529829	-0.11218606	0.10693887	-0.17462447	0.16256613	-0.16052414	0.14848831	-0.10294854	0.19959117	-0.28044346	0.22117217	-0.18738365	0.10432151	-0.25228447	1.0000001	-0.523597	0.24909799	-0.115332715	0.21830226	-0.63084584	0.25348252	-0.2507334	0.11645571	-0.1315424	0.19913909	-0.16720591	0.09261858	-0.07630568	0.13484739	-0.19417983	0.14830029	-0.087144874	0.085583724
-0.072107084	0.05792894	-0.059914537	0.07915683	-0.066713944	0.06872019	-0.07134679	0.068811834	-0.08224433	0.0698239	-0.10029208	0.09833246	-0.14232637	0.12638345	-0.124850206	0.1629695	-0.16479075	0.17166935	-0.1818098	0.11893558	-0.1799758	0.20729953	-0.3178549	0.23970938	-0.1305568	0.16782273	-0.523597	1.0000002	-0.5405557	0.14032142	-0.17308033	0.28757215	-0.38745108	0.29264688	-0.13308543	0.11157173	-0.1802967	0.17902926	-0.10490856	0.08293984	-0.122775465	0.16599944	-0.16931167	0.095140785	-0.09623416
0.07562832	-0.061527804	0.06368884	-0.08616258	0.07299502	-0.07240426	0.07498254	-0.07352938	0.088411994	-0.07736283	0.10221565	-0.10269168	0.15196723	-0.14673898	0.14050508	-0.16658968	0.16234058	-0.19049945	0.21019787	-0.14309844	0.16175018	-0.19162111	0.26314518	-0.42375892	0.16385588	-0.15238263	0.24909799	-0.5405557	0.99999994	-0.20929563	0.1484766	-0.25323132	0.27453983	-0.5133116	0.14811502	-0.102750234	0.15685457	-0.16612476	0.10201372	-0.0830591	0.110726774	-0.16035168	0.1493665	-0.09172086	0.09007754
-0.08530474	0.06828159	-0.07557042	0.108539514	-0.11414056	0.07511476	-0.08052881	0.08375407	-0.117039	0.11688494	-0.09266014	0.09221117	-0.1513056	0.13821584	-0.2778257	0.12616935	-0.12736355	0.14628202	-0.17824738	0.25839874	-0.11163	0.11994482	-0.1655663	0.1802606	-0.767873	0.09021405	-0.115332715	0.14032142	-0.20929563	1.0	-0.09122711	0.11481156	-0.11283817	0.14252217	-0.35526899	0.06336215	-0.087973386	0.08100651	-0.052984215	0.045236364	-0.07137701	0.09133302	-0.07987514	0.049252428	-0.050841086
0.065701455	-0.05371981	0.053659115	-0.0697374	0.054089088	-0.06593633	0.06650698	-0.06255782	0.06993843	-0.057112023	0.10033778	-0.09906244	0.10997164	-0.097385064	0.09136181	-0.2029326	0.14897922	-0.14203526	0.121434554	-0.086983494	0.23424694	-0.2095465	0.16338176	-0.13830395	0.08359432	-0.7704114	0.21830226	-0.17308033	0.1484766	-0.09122711	1.0	-0.31770974	0.15502572	-0.1594007	0.100862294	-0.2980246	0.17682317	-0.12316587	0.070735015	-0.059223525	0.2175502	-0.17521204	0.11599654	-0.06820904	0.0675456
-0.07057502	0.056339126	-0.057990953	0.07563983	-0.0624736	0.0673237	-0.06956982	0.06640854	-0.0784538	0.0651138	-0.099821165	0.09640394	-0.130858	0.11239176	-0.112047635	0.16534859	-0.16009031	0.15270829	-0.15073846	0.1041816	-0.19708116	0.20310687	-0.21414427	0.17383079	-0.10754029	0.22977097	-0.63084584	0.28757215	-0.25323132	0.11481156	-0.31770974	1.0000001	-0.37997463	0.2489118	-0.12567587	0.16287535	-0.33523592	0.20286344	-0.11325175	0.09022257	-0.17283025	0.22875686	-0.19133507	0.10520467	-0.10588544
0.059946746	-0.048345998	0.04982325	-0.06637751	0.05490744	-0.057285447	0.05901054	-0.057220872	0.068029456	-0.057629053	0.0816712	-0.08081293	0.112326965	-0.10072599	0.09989149	-0.13465974	0.12703982	-0.13474698	0.13480592	-0.09574372	0.13795826	-0.15316679	0.18305597	-0.1730935	0.10112614	-0.14892869	0.25348252	-0.38745108	0.27453983	-0.11283817	0.15502572	-0.37997463	1.0000002	-0.6186008	0.11812271	-0.116982065	0.21034594	-0.40917245	0.1530532	-0.12073383	0.12373316	-0.20529208	0.23381837	-0.13692802	0.12786202
-0.07184591	0.057309862	-0.059786323	0.07925617	-0.0677157	0.06736107	-0.07013078	0.06816399	-0.082854785	0.07043862	-0.09590822	0.093701504	-0.14104138	0.12254966	-0.12701614	0.14913589	-0.15040503	0.15682581	-0.17464319	0.11859821	-0.15642567	0.16638482	-0.22780943	0.21466497	-0.13278067	0.14654638	-0.2507334	0.29264688	-0.5133116	0.14252217	-0.1594007	0.2489118	-0.6186008	1.0	-0.15529618	0.11528541	-0.20086458	0.23826686	-0.17190458	0.12212209	-0.13020615	0.18430004	-0.23801592	0.13620335	-0.13911794
0.09543352	-0.07656364	0.081689626	-0.11881414	0.09979745	-0.08544774	0.08796576	-0.09102423	0.11692068	-0.10583	0.10082835	-0.10141396	0.1431239	-0.12962335	0.17879817	-0.14139858	0.12993343	-0.14723152	0.14738426	-0.1827341	0.11669526	-0.12359941	0.14649826	-0.14848468	0.21800236	-0.1011719	0.11645571	-0.13308543	0.14811502	-0.35526899	0.100862294	-0.12567587	0.11812271	-0.15529618	1.0000001	-0.07695048	0.10435746	-0.096013434	0.06654426	-0.06181225	0.08635888	-0.115392484	0.094643265	-0.062237248	0.065393254
-0.043540232	0.035042055	-0.03568007	0.04683412	-0.037235335	0.04206425	-0.042839505	0.040975686	-0.047517996	0.038966436	-0.060926303	0.059684824	-0.073761605	0.06400185	-0.063496724	0.10672911	-0.089490704	0.08746468	-0.07989344	0.05915887	-0.11713623	0.10771473	-0.10367238	0.088309206	-0.058469288	0.19403325	-0.1315424	0.11157173	-0.102750234	0.06336215	-0.2980246	0.16287535	-0.116982065	0.11528541	-0.07695048	1.0000002	-0.310678	0.12612075	-0.07054593	0.058513876	-0.8434312	0.23635392	-0.1253381	0.069524765	-0.06882758
0.05477761	-0.0440549	0.045200806	-0.05994115	0.048474997	-0.052380968	0.05358497	-0.051783502	0.06100075	-0.05073193	0.07421512	-0.07318387	0.09610763	-0.084221885	0.084511206	-0.124315195	0.110972084	-0.112871364	0.10675401	-0.07934899	0.12729058	-0.13201952	0.13845706	-0.12257538	0.08017441	-0.1629852	0.19913909	-0.1802967	0.15685457	-0.087973386	0.17682317	-0.33523592	0.21034594	-0.20086458	0.10435746	-0.310678	1.0000001	-0.34488875	0.14040852	-0.118056424	0.24495342	-0.7153963	0.25378492	-0.14148211	0.13028638
-0.047010407	0.037645515	-0.038909078	0.051657632	-0.042608723	0.0444862	-0.04581202	0.044431407	-0.053074647	0.04447374	-0.06276325	0.06168148	-0.08537614	0.07458261	-0.07603506	0.10127932	-0.09515503	0.09805431	-0.097365536	0.071172975	-0.10373087	0.10888927	-0.12765315	0.11406749	-0.07415824	0.11298247	-0.16720591	0.17902926	-0.16612476	0.08100651	-0.12316587	0.20286344	-0.40917245	0.23826686	-0.096013434	0.12612075	-0.34488875	0.99999994	-0.32797948	0.19927168	-0.13772075	0.26423225	-0.64455	0.24605143	-0.23480622
0.029799465	-0.023940997	0.024734149	-0.033099204	0.027172606	-0.02821979	0.028990135	-0.02825618	0.033769246	-0.028435132	0.039259072	-0.03883247	0.053419	-0.04713167	0.048292015	-0.0633423	0.05869528	-0.061654206	0.06067719	-0.04559097	0.06255833	-0.06629575	0.07730626	-0.0716237	0.047526877	-0.067429535	0.09261858	-0.10490856	0.10201372	-0.052984215	0.070735015	-0.11325175	0.1530532	-0.17190458	0.06654426	-0.07054593	0.14040852	-0.32797948	0.99999976	-0.68965083	0.07593388	-0.16015288	0.2509453	-0.50364316	0.32409436
-0.025470193	0.020393724	-0.021125384	0.02824313	-0.023279142	0.023988467	-0.024679754	0.024070127	-0.028904743	0.024306677	-0.033261273	0.03279157	-0.045478947	0.039772965	-0.041351896	0.052990757	-0.04949992	0.051588565	-0.051085826	0.038771544	-0.052536823	0.055068094	-0.064677104	0.05892657	-0.040637434	0.05572514	-0.07630568	0.08293984	-0.0830591	0.045236364	-0.059223525	0.09022257	-0.12073383	0.12212209	-0.06181225	0.058513876	-0.118056424	0.19927168	-0.68965083	0.9999998	-0.0648561	0.12691617	-0.22099414	0.3108303	-0.60782623
0.048882827	-0.0397705	0.04022582	-0.05334749	0.04173081	-0.047818553	0.048333768	-0.046446722	0.053306613	-0.043913696	0.0682116	-0.06798884	0.08121498	-0.07179442	0.070369214	-0.12322621	0.098615386	-0.09911091	0.088071756	-0.06642127	0.12361482	-0.12003809	0.11192797	-0.09845976	0.06496897	-0.21670651	0.13484739	-0.122775465	0.110726774	-0.07137701	0.2175502	-0.17283025	0.12373316	-0.13020615	0.08635888	-0.8434312	0.24495342	-0.13772075	0.07593388	-0.0648561	0.99999964	-0.32600838	0.13350882	-0.076902345	0.07381507
-0.05861261	0.046470482	-0.04815526	0.063233666	-0.05210542	0.054933723	-0.05663215	0.0546703	-0.06548764	0.054028694	-0.07772465	0.07548685	-0.10364459	0.08807742	-0.09121743	0.12376114	-0.11580885	0.114779525	-0.11239888	0.08340003	-0.1305848	0.12984605	-0.14445655	0.12351288	-0.08516149	0.1508688	-0.19417983	0.16599944	-0.16035168	0.09133302	-0.17521204	0.22875686	-0.20529208	0.18430004	-0.115392484	0.23635392	-0.7153963	0.26423225	-0.16015288	0.12691617	-0.32600838	0.9999992	-0.38095278	0.16317345	-0.16583787
0.04634903	-0.0373539	0.03844379	-0.05143649	0.041855805	-0.04416491	0.045240756	-0.044026554	0.052238226	-0.04388442	0.061616883	-0.06113464	0.08239975	-0.07314095	0.07380679	-0.10110215	0.09198939	-0.09680765	0.0932528	-0.06994699	0.099346966	-0.105633296	0.119370155	-0.11052146	0.07178775	-0.11155779	0.14830029	-0.16931167	0.1493665	-0.07987514	0.11599654	-0.19133507	0.23381837	-0.23801592	0.094643265	-0.1253381	0.25378492	-0.64455	0.2509453	-0.22099414	0.13350882	-0.38095278	0.99999946	-0.43270105	0.2388603
-0.028472688	0.02282791	-0.023598302	0.031506807	-0.025863834	0.026906287	-0.027648402	0.026925469	-0.032202013	0.027022313	-0.037430603	0.036942486	-0.050797082	0.044535864	-0.045787092	0.06014227	-0.055771027	0.058146972	-0.057070527	0.042954396	-0.0596113	0.06257842	-0.072599575	0.06618552	-0.044576816	0.06436317	-0.087144874	0.095140785	-0.09172086	0.049252428	-0.06820904	0.10520467	-0.13692802	0.13620335	-0.062237248	0.069524765	-0.14148211	0.24605143	-0.50364316	0.3108303	-0.076902345	0.16317345	-0.43270105	0.99999934	-0.64909023
0.029058069	-0.023389613	0.02412679	-0.032390065	0.026402479	-0.027564388	0.028243896	-0.02757382	0.032873213	-0.027664045	0.038077217	-0.037791885	0.05125645	-0.04537626	0.046494167	-0.061703004	0.05632268	-0.059440564	0.05749177	-0.0439778	0.059818916	-0.063355885	0.07241889	-0.06710407	0.045406956	-0.065207355	0.085583724	-0.09623416	0.09007754	-0.050841086	0.0675456	-0.10588544	0.12786202	-0.13911794	0.065393254	-0.06882758	0.13028638	-0.23480622	0.32409436	-0.60782623	0.07381507	-0.16583787	0.2388603	-0.64909023	0.99999934
