1.0000001	-0.2178332	0.09393794	-0.06341029	0.07959306	-0.9057154	0.15996757	-0.112215064	0.07745573	-0.076856285	0.20362742	-0.19764856	0.09625331	-0.080260135	0.062796816	-0.18866876	0.11345031	-0.08562392	0.07954825	-0.06572814	0.07504958	-0.10964613	0.08930526	-0.061562244	0.06736043	-0.06401835	0.096290804	-0.073013455	0.06574472	-0.058281895	0.07727552	-0.062139418	0.0821158	-0.056166526	0.052276354	-0.0379788	0.04717464	-0.059705216	0.05074303	-0.05085451	0.047122426	-0.047860503	0.05558616	-0.059727658	0.07022735
-0.2178332	1.0000001	-0.23764077	0.12356912	-0.144052	0.16701922	-0.84209806	0.21794263	-0.13803187	0.12043447	-0.2084408	0.22557108	-0.1443235	0.11846405	-0.09139338	0.16256103	-0.143929	0.11273157	-0.10924292	0.09142996	-0.08366835	0.12304955	-0.112157054	0.07967734	-0.08807	0.06961314	-0.11676022	0.089052044	-0.08328261	0.0731469	-0.09203723	0.07346304	-0.099367455	0.06919409	-0.06515259	0.04511572	-0.056361225	0.07151675	-0.062180515	0.062335175	-0.056411117	0.056887485	-0.06702247	0.071930684	-0.08592402
0.09393794	-0.23764077	1.0000001	-0.5444994	0.2849246	-0.09287118	0.18352488	-0.6396592	0.28314978	-0.2736713	0.11602738	-0.13900736	0.20842543	-0.22179961	0.15286097	-0.1570022	0.12960483	-0.15239163	0.15088505	-0.15482423	0.07936195	-0.13082539	0.1249575	-0.10542319	0.11469765	-0.0702382	0.11788118	-0.102164835	0.102657795	-0.09425903	0.09309998	-0.077356696	0.1084676	-0.08550347	0.08007791	-0.049655933	0.06178715	-0.08229761	0.07465576	-0.076573655	0.062430277	-0.06452748	0.076632924	-0.086730324	0.101271965
-0.06341029	0.12356912	-0.5444994	0.99999994	-0.57128495	0.06198898	-0.108540446	0.29060626	-0.49486133	0.28336617	-0.081839934	0.096127205	-0.1767604	0.20683692	-0.14827874	0.11603519	-0.10049211	0.12372018	-0.13345353	0.13764007	-0.06097388	0.10109068	-0.101014934	0.088785544	-0.09780937	0.054167975	-0.0926584	0.08188188	-0.085011154	0.077626765	-0.07289279	0.060789768	-0.08611448	0.06945693	-0.06552972	0.039185755	-0.04882228	0.06544966	-0.06033013	0.061931346	-0.049369592	0.051053442	-0.06103325	0.06938447	-0.08151137
0.07959306	-0.144052	0.2849246	-0.57128495	0.9999998	-0.08024214	0.12225326	-0.34155357	0.314598	-0.57866406	0.10515787	-0.124968044	0.20411026	-0.24817117	0.20884141	-0.16055585	0.13126194	-0.16176397	0.16969465	-0.207394	0.082125194	-0.13685	0.1339411	-0.119542286	0.1312336	-0.073538356	0.12394005	-0.11055809	0.11410483	-0.10677594	0.09811381	-0.082184374	0.11646685	-0.09517305	0.08917507	-0.053408254	0.06641416	-0.08959911	0.082388215	-0.08511866	0.067270294	-0.06994585	0.08333593	-0.09568868	0.11110958
-0.9057154	0.16701922	-0.09287118	0.06198898	-0.08024214	0.99999976	-0.16128889	0.10495201	-0.07712048	0.07486082	-0.267389	0.18202434	-0.0969717	0.0786693	-0.062665984	0.1707574	-0.11425427	0.08430691	-0.07999848	0.064749144	-0.07596611	0.10470468	-0.0913957	0.061773747	-0.06821548	0.06311598	-0.09895448	0.07358448	-0.06658445	0.05843828	-0.07961744	0.06316042	-0.084302664	0.05645272	-0.052899417	0.038576383	-0.048105568	0.060321957	-0.05129763	0.051203713	-0.04811655	0.048376963	-0.05653836	0.059947047	-0.071543455
0.15996757	-0.84209806	0.18352488	-0.108540446	0.12225326	-0.16128889	0.9999997	-0.26387298	0.1220039	-0.109527074	0.19340308	-0.31997982	0.1328118	-0.1098532	0.08226892	-0.1622593	0.13594165	-0.10664745	0.09894369	-0.08370451	0.07557765	-0.11928538	0.09993448	-0.072028495	0.078711115	-0.06365372	0.10383922	-0.08023973	0.0744678	-0.06583202	0.08141467	-0.06559922	0.087860204	-0.062107716	0.05813782	-0.04016583	0.05004481	-0.06388164	0.055511143	-0.055785663	0.049986813	-0.0507662	0.059538703	-0.06447911	0.07612438
-0.112215064	0.21794263	-0.6396592	0.29060626	-0.34155357	0.10495201	-0.26387298	0.9999993	-0.3809034	0.25500542	-0.14213516	0.16311581	-0.33958194	0.24687922	-0.17754807	0.17577524	-0.16237843	0.18862145	-0.19101611	0.1686119	-0.09603268	0.15439795	-0.15698159	0.1274532	-0.14112239	0.08395182	-0.14587446	0.12426331	-0.1260866	0.112279885	-0.11456189	0.09437057	-0.1333972	0.10241337	-0.097228505	0.06016943	-0.07518968	0.09904226	-0.09019859	0.09170323	-0.07597524	0.077617034	-0.0929481	0.103243984	-0.12361461
0.07745573	-0.13803187	0.28314978	-0.49486133	0.314598	-0.07712048	0.1220039	-0.3809034	0.9999992	-0.49332896	0.104510516	-0.124531046	0.24996035	-0.46114168	0.22347903	-0.15526262	0.1362389	-0.18090557	0.19537695	-0.21018028	0.081140056	-0.13877818	0.13724817	-0.12722707	0.13704573	-0.07253809	0.12407419	-0.11217277	0.11764369	-0.10833734	0.0971087	-0.081542104	0.115373805	-0.095752105	0.089878455	-0.05261515	0.06547938	-0.08855867	0.08229872	-0.084793806	0.06613091	-0.06879075	0.08222432	-0.09453184	0.10986705
-0.076856285	0.12043447	-0.2736713	0.28336617	-0.57866406	0.07486082	-0.109527074	0.25500542	-0.49332896	0.99999934	-0.104313836	0.12077767	-0.24725161	0.2715124	-0.4019046	0.15539151	-0.14250207	0.17824814	-0.21527494	0.24567808	-0.086971775	0.142392	-0.15339167	0.13985035	-0.16289775	0.07740628	-0.1364006	0.122298464	-0.13323909	0.12055171	-0.10701743	0.08935041	-0.12880671	0.105857626	-0.10193845	0.057895795	-0.07236081	0.097411536	-0.09188106	0.09424597	-0.07331627	0.07551666	-0.091415435	0.10375585	-0.12461538
0.20362742	-0.2084408	0.11602738	-0.081839934	0.10515787	-0.267389	0.19340308	-0.14213516	0.104510516	-0.104313836	0.99999917	-0.704567	0.15014942	-0.118264645	0.09153346	-0.49061897	0.22012147	-0.14278702	0.12375493	-0.09669999	0.13670239	-0.1948758	0.14099605	-0.09420896	0.1017803	-0.112403385	0.15774013	-0.11502918	0.10015028	-0.08762692	0.12516938	-0.0997008	0.12625648	-0.08460897	0.078299426	-0.058650903	0.07271124	-0.090834156	0.07622564	-0.075832635	0.07169266	-0.07285364	0.083807305	-0.08933013	0.10379631
-0.19764856	0.22557108	-0.13900736	0.096127205	-0.124968044	0.18202434	-0.31997982	0.16311581	-0.124531046	0.12077767	-0.704567	0.99999917	-0.19702902	0.13991652	-0.10876226	0.28684437	-0.3466652	0.17298649	-0.15134843	0.11306737	-0.13844581	0.21556126	-0.16712351	0.110301375	-0.119806156	0.110975675	-0.18339907	0.13193253	-0.11668362	0.10084856	-0.14094894	0.11151666	-0.1446127	0.09678408	-0.09024209	0.06600539	-0.082323104	0.102693774	-0.08720423	0.08660397	-0.0813786	0.082021944	-0.09538663	0.10109718	-0.11907093
0.09625331	-0.1443235	0.20842543	-0.1767604	0.20411026	-0.0969717	0.1328118	-0.33958194	0.24996035	-0.24725161	0.15014942	-0.19702902	0.9999994	-0.55657375	0.22493796	-0.22599311	0.2283146	-0.51256114	0.29121798	-0.24902318	0.11284285	-0.22794823	0.19776256	-0.17993657	0.1792959	-0.1016338	0.17265275	-0.1623497	0.15932703	-0.14517398	0.13084567	-0.111647785	0.15306799	-0.12886347	0.11835746	-0.07030283	0.08712439	-0.11846952	0.109122954	-0.11215145	0.08711514	-0.09164228	0.108303115	-0.12568237	0.14184074
-0.080260135	0.11846405	-0.22179961	0.20683692	-0.24817117	0.0786693	-0.1098532	0.24687922	-0.46114168	0.2715124	-0.118264645	0.13991652	-0.55657375	0.9999992	-0.37013412	0.17364997	-0.179525	0.26843005	-0.37281406	0.2621856	-0.09556574	0.17056893	-0.17917241	0.17775379	-0.19147989	0.08542556	-0.151379	0.14128631	-0.15778477	0.13781387	-0.11566992	0.09777379	-0.13877411	0.11951108	-0.11350636	0.062426664	-0.077842996	0.10606277	-0.101514086	0.10375916	-0.07823129	0.08147571	-0.09828105	0.11335305	-0.13270342
0.062796816	-0.09139338	0.15286097	-0.14827874	0.20884141	-0.062665984	0.08226892	-0.17754807	0.22347903	-0.4019046	0.09153346	-0.10876226	0.22493796	-0.37013412	0.99999934	-0.14608905	0.13614787	-0.20245335	0.24862999	-0.72866786	0.07861909	-0.14042988	0.14437158	-0.16396643	0.18379219	-0.07111199	0.123962626	-0.11983027	0.13582751	-0.13357061	0.09575417	-0.081701055	0.11656657	-0.10778422	0.10164472	-0.05301701	0.06594169	-0.091759145	0.0892501	-0.09359425	0.06639647	-0.069984026	0.084489234	-0.10044771	0.114626944
-0.18866876	0.16256103	-0.1570022	0.11603519	-0.16055585	0.1707574	-0.1622593	0.17577524	-0.15526262	0.15539151	-0.49061897	0.28684437	-0.22599311	0.17364997	-0.14608905	0.9999995	-0.3318587	0.20646435	-0.20070714	0.15100305	-0.3504775	0.2638015	-0.26038545	0.16038786	-0.1786581	0.22632456	-0.3151285	0.20839362	-0.17989366	0.15378821	-0.26487955	0.19671924	-0.2485276	0.15201731	-0.14221103	0.11398317	-0.14230746	0.17084862	-0.14021374	0.13747743	-0.13998283	0.13843551	-0.15972981	0.16313326	-0.19455193
0.11345031	-0.143929	0.12960483	-0.10049211	0.13126194	-0.11425427	0.13594165	-0.16237843	0.1362389	-0.14250207	0.22012147	-0.3466652	0.2283146	-0.179525	0.13614787	-0.3318587	0.99999964	-0.40620053	0.2196539	-0.15258068	0.15259364	-0.6577572	0.22003478	-0.15204169	0.15203975	-0.13489711	0.23316889	-0.18055922	0.14848039	-0.13003293	0.15823565	-0.13725825	0.16739464	-0.12243488	0.11080835	-0.07813548	0.096388474	-0.12469025	0.10650033	-0.106776945	0.09378562	-0.09824886	0.112171665	-0.12454356	0.13872729
-0.08562392	0.11273157	-0.15239163	0.12372018	-0.16176397	0.08430691	-0.10664745	0.18862145	-0.18090557	0.17824814	-0.14278702	0.17298649	-0.51256114	0.26843005	-0.20245335	0.20646435	-0.40620053	0.9999998	-0.560184	0.21849658	-0.113879	0.24888487	-0.2633337	0.21042989	-0.20561253	0.10165802	-0.1866029	0.18022138	-0.18142636	0.15050301	-0.13338026	0.11455509	-0.15651688	0.1326843	-0.12288276	0.07016135	-0.087271705	0.118568994	-0.111526	0.11261116	-0.0864011	0.09068253	-0.107981145	0.124293834	-0.14141539
0.07954825	-0.10924292	0.15088505	-0.13345353	0.16969465	-0.07999848	0.09894369	-0.19101611	0.19537695	-0.21527494	0.12375493	-0.15134843	0.29121798	-0.37281406	0.24862999	-0.20070714	0.2196539	-0.560184	0.9999999	-0.39632657	0.10691756	-0.21991344	0.21559986	-0.39217037	0.25202605	-0.09752882	0.17190829	-0.18044654	0.21203563	-0.18592353	0.12837027	-0.11161605	0.1563644	-0.15559582	0.13944393	-0.07103545	0.0881279	-0.12452636	0.123289496	-0.12731056	0.08793429	-0.093723394	0.11289856	-0.13640553	0.15105747
-0.06572814	0.09142996	-0.15482423	0.13764007	-0.207394	0.064749144	-0.08370451	0.1686119	-0.21018028	0.24567808	-0.09669999	0.11306737	-0.24902318	0.2621856	-0.72866786	0.15100305	-0.15258068	0.21849658	-0.39632657	0.9999998	-0.08578197	0.14959042	-0.16918182	0.20323135	-0.27989623	0.0773061	-0.13902348	0.13554588	-0.16737713	0.15663445	-0.10640205	0.09068208	-0.1311568	0.12367723	-0.1210455	0.05872287	-0.07330496	0.10214874	-0.10249582	0.10646693	-0.07375568	0.07736016	-0.09463667	0.11186198	-0.13124919
0.07504958	-0.08366835	0.07936195	-0.06097388	0.082125194	-0.07596611	0.07557765	-0.09603268	0.081140056	-0.086971775	0.13670239	-0.13844581	0.11284285	-0.09556574	0.07861909	-0.3504775	0.15259364	-0.113879	0.10691756	-0.08578197	0.9999998	-0.20560251	0.15156469	-0.09561983	0.10201853	-0.8167781	0.23004985	-0.15169372	0.10974146	-0.097266406	0.23180497	-0.19061294	0.16231975	-0.10038811	0.08771464	-0.09080189	0.105158865	-0.124990344	0.091175854	-0.08883603	0.095942035	-0.10442053	0.10586493	-0.11331357	0.11695354
-0.10964613	0.12304955	-0.13082539	0.10109068	-0.13685	0.10470468	-0.11928538	0.15439795	-0.13877818	0.142392	-0.1948758	0.21556126	-0.22794823	0.17056893	-0.14042988	0.2638015	-0.6577572	0.24888487	-0.21991344	0.14959042	-0.20560251	0.9999995	-0.32529762	0.16461597	-0.17282136	0.17045306	-0.409596	0.23340864	-0.17654975	0.14752874	-0.21655466	0.18530542	-0.21611044	0.14251131	-0.12950538	0.09836905	-0.122704364	0.15230006	-0.12625337	0.12406739	-0.11643037	0.12036832	-0.13654158	0.14631084	-0.16407554
0.08930526	-0.112157054	0.1249575	-0.101014934	0.1339411	-0.0913957	0.09993448	-0.15698159	0.13724817	-0.15339167	0.14099605	-0.16712351	0.19776256	-0.17917241	0.14437158	-0.26038545	0.22003478	-0.2633337	0.21559986	-0.16918182	0.15156469	-0.32529762	0.99999946	-0.2753753	0.21802625	-0.14866984	0.28693885	-0.67264533	0.2539986	-0.2139547	0.18807872	-0.18034165	0.24052346	-0.20078716	0.1671183	-0.10527951	0.12868087	-0.18818304	0.16119364	-0.16276805	0.12461348	-0.13751876	0.15803006	-0.18812998	0.19223149
-0.061562244	0.07967734	-0.10542319	0.088785544	-0.119542286	0.061773747	-0.072028495	0.1274532	-0.12722707	0.13985035	-0.09420896	0.110301375	-0.17993657	0.17775379	-0.16396643	0.16038786	-0.15204169	0.21042989	-0.39217037	0.20323135	-0.09561983	0.16461597	-0.2753753	0.99999934	-0.62174785	0.08883418	-0.16836305	0.2105314	-0.49102005	0.27117187	-0.123873726	0.11012711	-0.1649243	0.21124776	-0.19433925	0.07195963	-0.08988961	0.13460769	-0.15834597	0.15689972	-0.08964786	0.0967586	-0.1223794	0.15439273	-0.17371045
0.06736043	-0.08807	0.11469765	-0.09780937	0.1312336	-0.06821548	0.078711115	-0.14112239	0.13704573	-0.16289775	0.1017803	-0.119806156	0.1792959	-0.19147989	0.18379219	-0.1786581	0.15203975	-0.20561253	0.25202605	-0.27989623	0.10201853	-0.17282136	0.21802625	-0.62174785	0.9999995	-0.094978735	0.17039053	-0.2012952	0.30108887	-0.48622158	0.13167097	-0.11673168	0.17401685	-0.23531397	0.23056123	-0.0791475	0.098361105	-0.15044363	0.17068355	-0.19627464	0.09885285	-0.10829755	0.13577752	-0.18046488	0.19505396
-0.06401835	0.06961314	-0.0702382	0.054167975	-0.073538356	0.06311598	-0.06365372	0.08395182	-0.07253809	0.07740628	-0.112403385	0.110975675	-0.1016338	0.08542556	-0.07111199	0.22632456	-0.13489711	0.10165802	-0.09752882	0.0773061	-0.8167781	0.17045306	-0.14866984	0.08883418	-0.094978735	0.9999994	-0.30096027	0.14824718	-0.10425532	0.09019954	-0.3479247	0.20481353	-0.16777067	0.09398492	-0.08197797	0.09141766	-0.10792763	0.12026105	-0.08598282	0.08254942	-0.09533955	0.10063596	-0.10187173	0.10563532	-0.10896649
0.096290804	-0.11676022	0.11788118	-0.0926584	0.12394005	-0.09895448	0.10383922	-0.14587446	0.12407419	-0.1364006	0.15774013	-0.18339907	0.17265275	-0.151379	0.123962626	-0.3151285	0.23316889	-0.1866029	0.17190829	-0.13902348	0.23004985	-0.409596	0.28693885	-0.16836305	0.17039053	-0.30096027	0.99999934	-0.44806424	0.19955836	-0.17017914	0.28960308	-0.42850894	0.27202854	-0.17500837	0.14698707	-0.1416887	0.16935007	-0.20822236	0.15214853	-0.14821787	0.14803635	-0.16663119	0.1697135	-0.18687922	0.18633497
-0.073013455	0.089052044	-0.102164835	0.08188188	-0.11055809	0.07358448	-0.08023973	0.12426331	-0.11217277	0.122298464	-0.11502918	0.13193253	-0.1623497	0.14128631	-0.11983027	0.20839362	-0.18055922	0.18022138	-0.18044654	0.13554588	-0.15169372	0.23340864	-0.67264533	0.2105314	-0.2012952	0.14824718	-0.44806424	0.99999934	-0.33519852	0.19168396	-0.20365927	0.19895695	-0.30727386	0.19062875	-0.15966639	0.10347742	-0.12941866	0.1844424	-0.15699942	0.14791821	-0.12039196	0.13056228	-0.15364188	0.1710961	-0.1790966
0.06574472	-0.08328261	0.102657795	-0.085011154	0.11410483	-0.06658445	0.0744678	-0.1260866	0.11764369	-0.13323909	0.10015028	-0.11668362	0.15932703	-0.15778477	0.13582751	-0.17989366	0.14848039	-0.18142636	0.21203563	-0.16737713	0.10974146	-0.17654975	0.2539986	-0.49102005	0.30108887	-0.10425532	0.19955836	-0.33519852	0.99999917	-0.44637373	0.14689028	-0.13495906	0.20609699	-0.46076232	0.26128003	-0.09017537	0.1124306	-0.18209536	0.23351449	-0.22613338	0.11174018	-0.12404476	0.16035494	-0.22265494	0.22067422
-0.058281895	0.0731469	-0.09425903	0.077626765	-0.10677594	0.05843828	-0.06583202	0.112279885	-0.10833734	0.12055171	-0.08762692	0.10084856	-0.14517398	0.13781387	-0.13357061	0.15378821	-0.13003293	0.15050301	-0.18592353	0.15663445	-0.097266406	0.14752874	-0.2139547	0.27117187	-0.48622158	0.09019954	-0.17017914	0.19168396	-0.44637373	0.99999905	-0.13324767	0.11737551	-0.1871263	0.2696139	-0.5637579	0.081708625	-0.10300918	0.15947782	-0.21761605	0.25479794	-0.10418357	0.112324424	-0.15017116	0.19549099	-0.2678066
0.07727552	-0.09203723	0.09309998	-0.07289279	0.09811381	-0.07961744	0.08141467	-0.11456189	0.0971087	-0.10701743	0.12516938	-0.14094894	0.13084567	-0.11566992	0.09575417	-0.26487955	0.15823565	-0.13338026	0.12837027	-0.10640205	0.23180497	-0.21655466	0.18807872	-0.123873726	0.13167097	-0.3479247	0.28960308	-0.20365927	0.14689028	-0.13324767	0.9999991	-0.68601304	0.2694691	-0.14668673	0.12235635	-0.20677036	0.21009518	-0.21936141	0.13586442	-0.12849496	0.16946754	-0.19188033	0.1687701	-0.1765322	0.16413231
-0.062139418	0.07346304	-0.077356696	0.060789768	-0.082184374	0.06316042	-0.06559922	0.09437057	-0.081542104	0.08935041	-0.0997008	0.11151666	-0.111647785	0.09777379	-0.081701055	0.19671924	-0.13725825	0.11455509	-0.11161605	0.09068208	-0.19061294	0.18530542	-0.18034165	0.11012711	-0.11673168	0.20481353	-0.42850894	0.19895695	-0.13495906	0.11737551	-0.68601304	0.9999992	-0.39727917	0.13186085	-0.1091558	0.17776078	-0.2660198	0.20972118	-0.1241142	0.113081716	-0.16101196	0.17538226	-0.16111843	0.15509814	-0.14485534
0.0821158	-0.099367455	0.1084676	-0.08611448	0.11646685	-0.084302664	0.087860204	-0.1333972	0.115373805	-0.12880671	0.12625648	-0.1446127	0.15306799	-0.13877411	0.11656657	-0.2485276	0.16739464	-0.15651688	0.1563644	-0.1311568	0.16231975	-0.21611044	0.24052346	-0.1649243	0.17401685	-0.16777067	0.27202854	-0.30727386	0.20609699	-0.1871263	0.2694691	-0.39727917	0.9999992	-0.24138786	0.17780112	-0.17755261	0.21571603	-0.54030025	0.21922377	-0.19244878	0.19018696	-0.23150909	0.26672554	-0.27588946	0.23133089
-0.056166526	0.06919409	-0.08550347	0.06945693	-0.09517305	0.05645272	-0.062107716	0.10241337	-0.095752105	0.105857626	-0.08460897	0.09678408	-0.12886347	0.11951108	-0.10778422	0.15201731	-0.12243488	0.1326843	-0.15559582	0.12367723	-0.10038811	0.14251131	-0.20078716	0.21124776	-0.23531397	0.09398492	-0.17500837	0.19062875	-0.46076232	0.2696139	-0.14668673	0.13186085	-0.24138786	0.9999993	-0.4172897	0.09638201	-0.12387011	0.21296166	-0.5820029	0.2804079	-0.124449745	0.13516308	-0.20250261	0.2662259	-0.28626028
0.052276354	-0.06515259	0.08007791	-0.06552972	0.08917507	-0.052899417	0.05813782	-0.097228505	0.089878455	-0.10193845	0.078299426	-0.09024209	0.11835746	-0.11350636	0.10164472	-0.14221103	0.11080835	-0.12288276	0.13944393	-0.1210455	0.08771464	-0.12950538	0.1671183	-0.19433925	0.23056123	-0.08197797	0.14698707	-0.15966639	0.26128003	-0.5637579	0.12235635	-0.1091558	0.17780112	-0.4172897	0.9999993	-0.08116154	0.10193588	-0.17334643	0.263341	-0.5433007	0.10332439	-0.11592188	0.1576605	-0.23627076	0.27718082
-0.0379788	0.04511572	-0.049655933	0.039185755	-0.053408254	0.038576383	-0.04016583	0.06016943	-0.05261515	0.057895795	-0.058650903	0.06600539	-0.07030283	0.062426664	-0.05301701	0.11398317	-0.07813548	0.07016135	-0.07103545	0.05872287	-0.09080189	0.09836905	-0.10527951	0.07195963	-0.0791475	0.09141766	-0.1416887	0.10347742	-0.09017537	0.081708625	-0.20677036	0.17776078	-0.17755261	0.09638201	-0.08116154	0.9999995	-0.68101186	0.18642613	-0.101611435	0.08733447	-0.5998142	0.2977682	-0.17718033	0.13741846	-0.11662668
0.04717464	-0.056361225	0.06178715	-0.04882228	0.06641416	-0.048105568	0.05004481	-0.07518968	0.06547938	-0.07236081	0.07271124	-0.082323104	0.08712439	-0.077842996	0.06594169	-0.14230746	0.096388474	-0.087271705	0.0881279	-0.07330496	0.105158865	-0.122704364	0.12868087	-0.08988961	0.098361105	-0.10792763	0.16935007	-0.12941866	0.1124306	-0.10300918	0.21009518	-0.2660198	0.21571603	-0.12387011	0.10193588	-0.68101186	0.99999934	-0.29118684	0.13063414	-0.111402415	0.32098308	-0.46948087	0.22216734	-0.18048698	0.14456877
-0.059705216	0.07151675	-0.08229761	0.06544966	-0.08959911	0.060321957	-0.06388164	0.09904226	-0.08855867	0.097411536	-0.090834156	0.102693774	-0.11846952	0.10606277	-0.091759145	0.17084862	-0.12469025	0.118568994	-0.12452636	0.10214874	-0.124990344	0.15230006	-0.18818304	0.13460769	-0.15044363	0.12026105	-0.20822236	0.1844424	-0.18209536	0.15947782	-0.21936141	0.20972118	-0.54030025	0.21296166	-0.17334643	0.18642613	-0.29118684	0.99999946	-0.31012398	0.18813695	-0.23151763	0.25459424	-0.55103624	0.2872597	-0.24588636
0.05074303	-0.062180515	0.07465576	-0.06033013	0.082388215	-0.05129763	0.055511143	-0.09019859	0.08229872	-0.09188106	0.07622564	-0.08720423	0.109122954	-0.101514086	0.0892501	-0.14021374	0.10650033	-0.111526	0.123289496	-0.10249582	0.091175854	-0.12625337	0.16119364	-0.15834597	0.17068355	-0.08598282	0.15214853	-0.15699942	0.23351449	-0.21761605	0.13586442	-0.1241142	0.21922377	-0.5820029	0.263341	-0.101611435	0.13063414	-0.31012398	0.9999994	-0.42085075	0.12959331	-0.15073039	0.2380327	-0.49473646	0.28545466
-0.05085451	0.062335175	-0.076573655	0.061931346	-0.08511866	0.051203713	-0.055785663	0.09170323	-0.084793806	0.09424597	-0.075832635	0.08660397	-0.11215145	0.10375916	-0.09359425	0.13747743	-0.106776945	0.11261116	-0.12731056	0.10646693	-0.08883603	0.12406739	-0.16276805	0.15689972	-0.19627464	0.08254942	-0.14821787	0.14791821	-0.22613338	0.25479794	-0.12849496	0.113081716	-0.19244878	0.2804079	-0.5433007	0.08733447	-0.111402415	0.18813695	-0.42085075	0.99999917	-0.11395734	0.12535995	-0.18355723	0.2633829	-0.5817524
0.047122426	-0.056411117	0.062430277	-0.049369592	0.067270294	-0.04811655	0.049986813	-0.07597524	0.06613091	-0.07331627	0.07169266	-0.0813786	0.08711514	-0.07823129	0.06639647	-0.13998283	0.09378562	-0.0864011	0.08793429	-0.07375568	0.095942035	-0.11643037	0.12461348	-0.08964786	0.09885285	-0.09533955	0.14803635	-0.12039196	0.11174018	-0.10418357	0.16946754	-0.16101196	0.19018696	-0.124449745	0.10332439	-0.5998142	0.32098308	-0.23151763	0.12959331	-0.11395734	0.99999917	-0.61602306	0.23104382	-0.19570513	0.14928947
-0.047860503	0.056887485	-0.06452748	0.051053442	-0.06994585	0.048376963	-0.0507662	0.077617034	-0.06879075	0.07551666	-0.07285364	0.082021944	-0.09164228	0.08147571	-0.069984026	0.13843551	-0.09824886	0.09068253	-0.093723394	0.07736016	-0.10442053	0.12036832	-0.13751876	0.0967586	-0.10829755	0.10063596	-0.16663119	0.13056228	-0.12404476	0.112324424	-0.19188033	0.17538226	-0.23150909	0.13516308	-0.11592188	0.2977682	-0.46948087	0.25459424	-0.15073039	0.12535995	-0.61602306	0.99999887	-0.44109538	0.21540113	-0.17595032
0.05558616	-0.06702247	0.076632924	-0.06103325	0.08333593	-0.05653836	0.059538703	-0.0929481	0.08222432	-0.091415435	0.083807305	-0.09538663	0.108303115	-0.09828105	0.084489234	-0.15972981	0.112171665	-0.107981145	0.11289856	-0.09463667	0.10586493	-0.13654158	0.15803006	-0.1223794	0.13577752	-0.10187173	0.1697135	-0.15364188	0.16035494	-0.15017116	0.1687701	-0.16111843	0.26672554	-0.20250261	0.1576605	-0.17718033	0.22216734	-0.55103624	0.2380327	-0.18355723	0.23104382	-0.44109538	0.999999	-0.5153609	0.23175797
-0.059727658	0.071930684	-0.086730324	0.06938447	-0.09568868	0.059947047	-0.06447911	0.103243984	-0.09453184	0.10375585	-0.08933013	0.10109718	-0.12568237	0.11335305	-0.10044771	0.16313326	-0.12454356	0.124293834	-0.13640553	0.11186198	-0.11331357	0.14631084	-0.18812998	0.15439273	-0.18046488	0.10563532	-0.18687922	0.1710961	-0.22265494	0.19549099	-0.1765322	0.15509814	-0.27588946	0.2662259	-0.23627076	0.13741846	-0.18048698	0.2872597	-0.49473646	0.2633829	-0.19570513	0.21540113	-0.5153609	0.9999989	-0.4412313
0.07022735	-0.08592402	0.101271965	-0.08151137	0.11110958	-0.071543455	0.07612438	-0.12361461	0.10986705	-0.12461538	0.10379631	-0.11907093	0.14184074	-0.13270342	0.114626944	-0.19455193	0.13872729	-0.14141539	0.15105747	-0.13124919	0.11695354	-0.16407554	0.19223149	-0.17371045	0.19505396	-0.10896649	0.18633497	-0.1790966	0.22067422	-0.2678066	0.16413231	-0.14485534	0.23133089	-0.28626028	0.27718082	-0.11662668	0.14456877	-0.24588636	0.28545466	-0.5817524	0.14928947	-0.17595032	0.23175797	-0.4412313	0.9999989
