1.0	-0.40793493	0.24942781	-0.15035406	0.1286627	-0.73466027	0.2894564	-0.20765783	0.17549628	-0.11028392	0.106085375	-0.10619459	0.080067866	-0.06129862	0.09517924	-0.07505503	0.07015733	-0.08300169	0.08316726	-0.059492387	0.06288417	-0.05788659	0.05786661	-0.06900254	0.074490406	-0.04603026	0.053469468	-0.06015726	0.05283828	-0.05785419	0.037486196	-0.049161043	0.0653596	-0.049691655	0.045442834	-0.036134653	0.035370216	-0.034823738	0.049717687	-0.06907889	0.03551771	-0.031080276	0.028559525	-0.03223443	0.034580864
-0.40793493	0.99999994	-0.78959835	0.17122449	-0.15757787	0.23337632	-0.28295907	0.19838387	-0.18689123	0.10257423	-0.08165805	0.07962766	-0.065450184	0.049924117	-0.0914455	0.05573582	-0.053963557	0.06389303	-0.06627819	0.052924328	-0.047937658	0.043757636	-0.04461314	0.052998982	-0.06755985	0.03452882	-0.040642723	0.045919325	-0.040613417	0.044347014	-0.028281435	0.03704279	-0.05002702	0.037814528	-0.034820154	0.027105618	-0.0266603	0.026184129	-0.037770897	0.05188996	-0.026734488	0.023327207	-0.02149435	0.024272043	-0.026092732
0.24942781	-0.78959835	0.99999994	-0.26123235	0.18224163	-0.23231451	0.23529756	-0.27157474	0.2067115	-0.12693925	0.08489562	-0.084778614	0.07689309	-0.059445057	0.10729446	-0.06347032	0.06041217	-0.07696857	0.079070166	-0.06421808	0.055767376	-0.051075794	0.053762723	-0.064618744	0.08027356	-0.041378763	0.048225332	-0.055957723	0.049569156	-0.05459113	0.03388151	-0.0444421	0.06090542	-0.04648188	0.04279115	-0.03291355	0.032324124	-0.03188318	0.04648816	-0.06450787	0.03247022	-0.028478863	0.026235396	-0.029951671	0.03217693
-0.15035406	0.17122449	-0.26123235	0.9999997	-0.80959404	0.12496815	-0.18980464	0.19214638	-0.31896913	0.22060388	-0.07265513	0.069813475	-0.074899115	0.059936427	-0.19587144	0.05491418	-0.05328494	0.07156082	-0.07929688	0.098389976	-0.05037278	0.045762442	-0.051312093	0.06225878	-0.12721011	0.037316415	-0.044173826	0.053175222	-0.048464518	0.054150745	-0.030873511	0.0405538	-0.0586132	0.04467821	-0.042263657	0.030025762	-0.029788613	0.029371228	-0.04459995	0.06059184	-0.029839024	0.026172787	-0.024269192	0.028105622	-0.03035547
0.1286627	-0.15757787	0.18224163	-0.80959404	0.9999997	-0.114398524	0.16022986	-0.17429568	0.22496256	-0.3323775	0.07119535	-0.06915178	0.076946594	-0.0621844	0.1999552	-0.057644412	0.055258054	-0.07751147	0.083797894	-0.109822154	0.053843193	-0.04902151	0.055788457	-0.06852414	0.1284395	-0.04095013	0.04796466	-0.05867114	0.053363256	-0.060309444	0.033836227	-0.044476666	0.06454495	-0.049808465	0.046890307	-0.033329587	0.03297021	-0.03264929	0.049783178	-0.068759866	0.03310002	-0.029188514	0.02703019	-0.031601157	0.034065895
-0.73466027	0.23337632	-0.23231451	0.12496815	-0.114398524	0.9999997	-0.51734084	0.20403586	-0.18905719	0.095168196	-0.12445507	0.11496674	-0.07368241	0.0553434	-0.08468717	0.07239974	-0.06973554	0.07277889	-0.0731085	0.050672047	-0.05811774	0.05330231	-0.050429277	0.05893645	-0.064382106	0.040410466	-0.047732946	0.05138461	-0.044921916	0.04848825	-0.032899674	0.04308276	-0.055725656	0.04176	-0.03814152	0.030997517	-0.030410504	0.029737838	-0.041639615	0.057040486	-0.03042981	0.026422195	-0.024276588	0.02690798	-0.028875861
0.2894564	-0.28295907	0.23529756	-0.18980464	0.16022986	-0.51734084	0.9999998	-0.5015723	0.2757739	-0.15347683	0.16339983	-0.20197934	0.11717399	-0.08932594	0.1275865	-0.1102549	0.107518196	-0.11766107	0.11478945	-0.07952426	0.08960191	-0.08354133	0.08051688	-0.09496425	0.098447174	-0.06382395	0.074780084	-0.08257854	0.07206602	-0.07825394	0.05187403	-0.0681281	0.08888916	-0.06728342	0.06136609	-0.04937865	0.04834989	-0.04747259	0.06700236	-0.09272765	0.04840505	-0.042251673	0.03879137	-0.043399677	0.04649919
-0.20765783	0.19838387	-0.27157474	0.19214638	-0.17429568	0.20403586	-0.5015723	0.9999998	-0.7018033	0.16364387	-0.10580385	0.107711434	-0.11633623	0.084386274	-0.14258526	0.073203415	-0.0724579	0.09316825	-0.09698546	0.07662116	-0.06306069	0.058112614	-0.062557645	0.07403976	-0.097275384	0.045280054	-0.053673144	0.06301593	-0.05565991	0.06024612	-0.037135147	0.04887158	-0.067345425	0.051020496	-0.04704284	0.03551861	-0.03506552	0.03447479	-0.050478876	0.06914533	-0.03500326	0.030635295	-0.02826589	0.032136373	-0.034498636
0.17549628	-0.18689123	0.2067115	-0.31896913	0.22496256	-0.18905719	0.2757739	-0.7018033	0.99999976	-0.2804009	0.10330377	-0.10650702	0.11611985	-0.09691125	0.18465818	-0.08145426	0.07793761	-0.1084728	0.11305648	-0.10421195	0.07265744	-0.0669948	0.07434045	-0.090036556	0.12455191	-0.054433543	0.06357489	-0.07681838	0.06833468	-0.07548756	0.04465209	-0.058808047	0.08260258	-0.06349619	0.058753807	-0.043537576	0.042893637	-0.042412788	0.063063845	-0.0875448	0.042960774	-0.037844054	0.034916785	-0.040304776	0.04326421
-0.11028392	0.10257423	-0.12693925	0.22060388	-0.3323775	0.095168196	-0.15347683	0.16364387	-0.2804009	0.99999964	-0.06907952	0.06645725	-0.088410154	0.07699205	-0.7543596	0.05633431	-0.05501475	0.08153399	-0.097205974	0.2308885	-0.054	0.049174845	-0.061014015	0.075996205	-0.29411522	0.040619466	-0.04874485	0.063129045	-0.06060861	0.07030833	-0.03396052	0.044947762	-0.07035001	0.054291204	-0.054132123	0.033250727	-0.033436272	0.03308479	-0.05378092	0.0710899	-0.033253103	0.029355781	-0.027457347	0.03271452	-0.035556063
0.106085375	-0.08165805	0.08489562	-0.07265513	0.07119535	-0.12445507	0.16339983	-0.10580385	0.10330377	-0.06907952	0.99999934	-0.79820013	0.15664345	-0.11378835	0.06646347	-0.39567447	0.27613294	-0.17594513	0.13921964	-0.046737455	0.18776903	-0.1837835	0.11628918	-0.124306805	0.059701916	-0.11375619	0.13221003	-0.11195795	0.09173903	-0.09306867	0.08801581	-0.11725162	0.11698362	-0.083559036	0.073480584	-0.075822525	0.07322181	-0.07023253	0.08169651	-0.108711064	0.0717044	-0.061141524	0.055050887	-0.05428273	0.057481
-0.10619459	0.07962766	-0.084778614	0.069813475	-0.06915178	0.11496674	-0.20197934	0.107711434	-0.10650702	0.06645725	-0.79820013	0.9999992	-0.18999611	0.117314614	-0.06457924	0.27198696	-0.39101154	0.1684955	-0.14646384	0.044451628	-0.18636477	0.17397006	-0.11351929	0.11567669	-0.057027575	0.10219329	-0.13148086	0.10419963	-0.086246505	0.08530009	-0.08251672	0.1071687	-0.11144309	0.0771829	-0.068080746	0.0692366	-0.06793994	0.06410056	-0.07596227	0.0984374	-0.06694376	0.055794816	-0.050829258	0.049859438	-0.053257044
0.080067866	-0.065450184	0.07689309	-0.074899115	0.076946594	-0.07368241	0.11717399	-0.11633623	0.11611985	-0.088410154	0.15664345	-0.18999611	0.999999	-0.6832744	0.09032122	-0.15329245	0.15545496	-0.4553861	0.32427484	-0.06540779	0.13267864	-0.13201179	0.20668975	-0.23759417	0.08006055	-0.09697956	0.11761735	-0.18411504	0.15161042	-0.14880444	0.07946486	-0.10842757	0.16564159	-0.12772001	0.112691656	-0.07554017	0.07585911	-0.07537698	0.11770449	-0.16279921	0.07341611	-0.06593649	0.060988743	-0.072004564	0.075780764
-0.06129862	0.049924117	-0.059445057	0.059936427	-0.0621844	0.0553434	-0.08932594	0.084386274	-0.09691125	0.07699205	-0.11378835	0.117314614	-0.6832744	0.99999905	-0.08615879	0.10386024	-0.10733939	0.2455591	-0.6257317	0.05547997	-0.09562304	0.091981255	-0.14851138	0.17095283	-0.06617436	0.0690373	-0.08522133	0.12776753	-0.112267315	0.10613828	-0.057280306	0.077582136	-0.12314471	0.09182792	-0.08196381	0.054320835	-0.05495375	0.054312788	-0.0860097	0.1152811	-0.053351715	0.047492936	-0.04418765	0.05197994	-0.055228498
0.09517924	-0.0914455	0.10729446	-0.19587144	0.1999552	-0.08468717	0.1275865	-0.14258526	0.18465818	-0.7543596	0.06646347	-0.06457924	0.09032122	-0.08615879	0.9999992	-0.057415817	0.055543512	-0.086436875	0.10024142	-0.41044503	0.055489436	-0.050813716	0.063846104	-0.080962256	0.2676087	-0.04261995	0.05059946	-0.066875	0.06347406	-0.07494169	0.035516024	-0.047098465	0.07324225	-0.057672504	0.056622192	-0.035106856	0.03517406	-0.034964494	0.056739416	-0.077080935	0.034997795	-0.031100214	0.029009413	-0.034870252	0.037686627
-0.07505503	0.05573582	-0.06347032	0.05491418	-0.057644412	0.07239974	-0.1102549	0.073203415	-0.08145426	0.05633431	-0.39567447	0.27198696	-0.15329245	0.10386024	-0.057415817	0.99999917	-0.6615019	0.19275865	-0.15919007	0.042121373	-0.4614608	0.28397256	-0.14315958	0.13405077	-0.05489002	0.1641802	-0.20650685	0.12782753	-0.104035564	0.10001986	-0.13311645	0.15927982	-0.14348747	0.09354132	-0.08158048	0.10043319	-0.097451024	0.0891152	-0.09347851	0.11583843	-0.097818725	0.077343784	-0.07049558	0.06303346	-0.06767197
0.07015733	-0.053963557	0.06041217	-0.05328494	0.055258054	-0.06973554	0.107518196	-0.0724579	0.07793761	-0.05501475	0.27613294	-0.39101154	0.15545496	-0.10733939	0.055543512	-0.6615019	0.9999991	-0.26198792	0.15437837	-0.04152449	0.288288	-0.4303589	0.1578107	-0.14488602	0.053709738	-0.15454668	0.20111164	-0.13658743	0.10767567	-0.10302962	0.11949768	-0.16633277	0.14211817	-0.09518696	0.08264363	-0.09647319	0.094317645	-0.08857582	0.09298984	-0.11771344	0.090380564	-0.07567182	0.067910686	-0.062196948	0.06596859
-0.08300169	0.06389303	-0.07696857	0.07156082	-0.07751147	0.07277889	-0.11766107	0.09316825	-0.1084728	0.08153399	-0.17594513	0.1684955	-0.4553861	0.2455591	-0.086436875	0.19275865	-0.26198792	0.9999988	-0.41045284	0.066617444	-0.19428588	0.18769558	-0.5420904	0.28152606	-0.08708876	0.124961264	-0.17162102	0.2509185	-0.21219477	0.1708889	-0.107117034	0.14491875	-0.25770494	0.15792371	-0.14135353	0.09654731	-0.100585505	0.09672309	-0.1522373	0.17863512	-0.09683203	0.08317953	-0.07861775	0.0878828	-0.09570892
0.08316726	-0.06627819	0.079070166	-0.07929688	0.083797894	-0.0731085	0.11478945	-0.09698546	0.11305648	-0.097205974	0.13921964	-0.14646384	0.32427484	-0.6257317	0.10024142	-0.15919007	0.15437837	-0.41045284	0.99999875	-0.07916754	0.14566217	-0.14434831	0.2325732	-0.34033963	0.095774114	-0.112756595	0.13406676	-0.22283076	0.19431151	-0.19268878	0.09236897	-0.12666903	0.19931298	-0.1623395	0.14320558	-0.09001456	0.09040843	-0.090835	0.14750439	-0.20942706	0.0873406	-0.07971755	0.07374936	-0.089966945	0.0941238
-0.059492387	0.052924328	-0.06421808	0.098389976	-0.109822154	0.050672047	-0.07952426	0.07662116	-0.10421195	0.2308885	-0.046737455	0.044451628	-0.06540779	0.05547997	-0.41044503	0.042121373	-0.04152449	0.066617444	-0.07916754	0.9999993	-0.0433192	0.039464075	-0.056587663	0.07504472	-0.84855455	0.033199187	-0.040826537	0.05872764	-0.06370709	0.08067704	-0.028264893	0.037851635	-0.06699563	0.05342897	-0.060147047	0.027906375	-0.028722517	0.028558457	-0.052040994	0.06527002	-0.028194925	0.025121566	-0.02384507	0.029666027	-0.032577485
0.06288417	-0.047937658	0.055767376	-0.05037278	0.053843193	-0.05811774	0.08960191	-0.06306069	0.07265744	-0.054	0.18776903	-0.18636477	0.13267864	-0.09562304	0.055489436	-0.4614608	0.288288	-0.19428588	0.14566217	-0.0433192	0.99999934	-0.6033479	0.15965873	-0.15933007	0.05623247	-0.36787882	0.27637196	-0.15877256	0.122712076	-0.12355254	0.21441184	-0.2695147	0.17200413	-0.11622564	0.099062	-0.1580353	0.14321057	-0.13421182	0.11475029	-0.1471714	0.13951746	-0.11473994	0.10015192	-0.08253211	0.086295016
-0.05788659	0.043757636	-0.051075794	0.045762442	-0.04902151	0.05330231	-0.08354133	0.058112614	-0.0669948	0.049174845	-0.1837835	0.17397006	-0.13201179	0.091981255	-0.050813716	0.28397256	-0.4303589	0.18769558	-0.14434831	0.039464075	-0.6033479	0.9999993	-0.19355495	0.15198664	-0.051501464	0.21295707	-0.4877306	0.15276872	-0.118058585	0.11046742	-0.17855333	0.24152304	-0.16785307	0.1053627	-0.09026021	0.1274241	-0.12943475	0.11406472	-0.10427226	0.12725729	-0.12091825	0.096210316	-0.08705999	0.072081394	-0.07665741
0.05786661	-0.04461314	0.053762723	-0.051312093	0.055788457	-0.050429277	0.08051688	-0.062557645	0.07434045	-0.061014015	0.11628918	-0.11351929	0.20668975	-0.14851138	0.063846104	-0.14315958	0.1578107	-0.5420904	0.2325732	-0.056587663	0.15965873	-0.19355495	0.99999917	-0.54502225	0.0731825	-0.10881066	0.15148608	-0.46953905	0.26375216	-0.19272047	0.0929062	-0.13260497	0.25586665	-0.17147198	0.14796673	-0.0848766	0.08940495	-0.08783296	0.14785637	-0.17650802	0.0838534	-0.07429484	0.07030747	-0.08245812	0.08799615
-0.06900254	0.052998982	-0.064618744	0.06225878	-0.06852414	0.05893645	-0.09496425	0.07403976	-0.090036556	0.075996205	-0.124306805	0.11567669	-0.23759417	0.17095283	-0.080962256	0.13405077	-0.14488602	0.28152606	-0.34033963	0.07504472	-0.15933007	0.15198664	-0.54502225	0.9999991	-0.10238626	0.11245088	-0.15539682	0.30403626	-0.53128225	0.23869266	-0.09916423	0.13689642	-0.2994762	0.21257189	-0.20108788	0.09306212	-0.10019675	0.09824229	-0.19497463	0.20519672	-0.09484839	0.08360521	-0.08095109	0.09934734	-0.10910956
0.074490406	-0.06755985	0.08027356	-0.12721011	0.1284395	-0.064382106	0.098447174	-0.097275384	0.12455191	-0.29411522	0.059701916	-0.057027575	0.08006055	-0.06617436	0.2676087	-0.05489002	0.053709738	-0.08708876	0.095774114	-0.84855455	0.05623247	-0.051501464	0.0731825	-0.10238626	0.9999991	-0.04366349	0.053087503	-0.077559195	0.082658105	-0.11385179	0.036985777	-0.049592204	0.08594915	-0.070824936	0.07751087	-0.03675583	0.037631392	-0.037580166	0.067796946	-0.088413246	0.036971726	-0.03313525	0.03132645	-0.03921543	0.042718217
-0.04603026	0.03452882	-0.041378763	0.037316415	-0.04095013	0.040410466	-0.06382395	0.045280054	-0.054433543	0.040619466	-0.11375619	0.10219329	-0.09697956	0.0690373	-0.04261995	0.1641802	-0.15454668	0.124961264	-0.112756595	0.033199187	-0.36787882	0.21295707	-0.10881066	0.11245088	-0.04366349	0.99999905	-0.31125182	0.12174591	-0.09682484	0.09758125	-0.73861015	0.27525106	-0.16283366	0.0983899	-0.0827723	0.2352882	-0.18805456	0.14876685	-0.10507378	0.12184318	-0.24322468	0.13772586	-0.12904562	0.08446585	-0.09198056
0.053469468	-0.040642723	0.048225332	-0.044173826	0.04796466	-0.047732946	0.074780084	-0.053673144	0.06357489	-0.04874485	0.13221003	-0.13148086	0.11761735	-0.08522133	0.05059946	-0.20650685	0.20111164	-0.17162102	0.13406676	-0.040826537	0.27637196	-0.4877306	0.15148608	-0.15539682	0.053087503	-0.31125182	0.99999905	-0.18323496	0.12906659	-0.13089795	0.24204744	-0.63396525	0.20393087	-0.12846449	0.10585575	-0.18975112	0.20105673	-0.18515047	0.12566015	-0.15730062	0.16111962	-0.14447185	0.124085106	-0.09338393	0.0963713
-0.06015726	0.045919325	-0.055957723	0.053175222	-0.05867114	0.05138461	-0.08257854	0.06301593	-0.07681838	0.063129045	-0.11195795	0.10419963	-0.18411504	0.12776753	-0.066875	0.12782753	-0.13658743	0.2509185	-0.22283076	0.05872764	-0.15877256	0.15276872	-0.46953905	0.30403626	-0.077559195	0.12174591	-0.18323496	0.999999	-0.4623093	0.2376853	-0.110295214	0.16531149	-0.5782762	0.23499426	-0.20363204	0.10171376	-0.113688506	0.111496866	-0.2020887	0.2144024	-0.10246033	0.09116596	-0.088582456	0.10421002	-0.11267344
0.05283828	-0.040613417	0.049569156	-0.048464518	0.053363256	-0.044921916	0.07206602	-0.05565991	0.06833468	-0.06060861	0.09173903	-0.086246505	0.15161042	-0.112267315	0.06347406	-0.104035564	0.10767567	-0.21219477	0.19431151	-0.06370709	0.122712076	-0.118058585	0.26375216	-0.53128225	0.082658105	-0.09682484	0.12906659	-0.4623093	0.99999917	-0.47777295	0.08536846	-0.1226423	0.28874755	-0.35059038	0.26187968	-0.0841706	0.09191125	-0.093903445	0.2185338	-0.24982452	0.08498769	-0.07907633	0.07704634	-0.10675095	0.11243087
-0.05785419	0.044347014	-0.05459113	0.054150745	-0.060309444	0.04848825	-0.07825394	0.06024612	-0.07548756	0.07030833	-0.09306867	0.08530009	-0.14880444	0.10613828	-0.07494169	0.10001986	-0.10302962	0.1708889	-0.19268878	0.08067704	-0.12355254	0.11046742	-0.19272047	0.23869266	-0.11385179	0.09758125	-0.13089795	0.2376853	-0.47777295	0.9999993	-0.08849964	0.12293886	-0.30953228	0.29187652	-0.65718544	0.08852772	-0.09905192	0.09979892	-0.26607898	0.27071878	-0.092616774	0.08468791	-0.0848147	0.11928559	-0.13621263
0.037486196	-0.028281435	0.03388151	-0.030873511	0.033836227	-0.032899674	0.05187403	-0.037135147	0.04465209	-0.03396052	0.08801581	-0.08251672	0.07946486	-0.057280306	0.035516024	-0.13311645	0.11949768	-0.107117034	0.09236897	-0.028264893	0.21441184	-0.17855333	0.0929062	-0.09916423	0.036985777	-0.73861015	0.24204744	-0.110295214	0.08536846	-0.08849964	0.9999994	-0.41346827	0.14457397	-0.08978812	0.07403058	-0.35679343	0.1913504	-0.15659204	0.093967415	-0.11191288	0.22060092	-0.13902107	0.121753976	-0.07777673	0.08192538
-0.049161043	0.03704279	-0.0444421	0.0405538	-0.044476666	0.04308276	-0.0681281	0.04887158	-0.058808047	0.044947762	-0.11725162	0.1071687	-0.10842757	0.077582136	-0.047098465	0.15927982	-0.16633277	0.14491875	-0.12666903	0.037851635	-0.2695147	0.24152304	-0.13260497	0.13689642	-0.049592204	0.27525106	-0.63396525	0.16531149	-0.1226423	0.12293886	-0.41346827	0.9999995	-0.2697766	0.12923604	-0.1039745	0.21628381	-0.34257138	0.20799911	-0.13042457	0.14945862	-0.199975	0.15805237	-0.1475483	0.09765344	-0.10331218
0.0653596	-0.05002702	0.06090542	-0.0586132	0.06454495	-0.055725656	0.08888916	-0.067345425	0.08260258	-0.07035001	0.11698362	-0.11144309	0.16564159	-0.12314471	0.07324225	-0.14348747	0.14211817	-0.25770494	0.19931298	-0.06699563	0.17200413	-0.16785307	0.25586665	-0.2994762	0.08594915	-0.16283366	0.20393087	-0.5782762	0.28874755	-0.30953228	0.14457397	-0.2697766	0.9999997	-0.39877746	0.24074593	-0.13999218	0.15561627	-0.16740224	0.25116572	-0.32531402	0.13334455	-0.12749758	0.12061667	-0.14451687	0.1451605
-0.049691655	0.037814528	-0.04648188	0.04467821	-0.049808465	0.04176	-0.06728342	0.051020496	-0.06349619	0.054291204	-0.083559036	0.0771829	-0.12772001	0.09182792	-0.057672504	0.09354132	-0.09518696	0.15792371	-0.1623395	0.05342897	-0.11622564	0.1053627	-0.17147198	0.21257189	-0.070824936	0.0983899	-0.12846449	0.23499426	-0.35059038	0.29187652	-0.08978812	0.12923604	-0.39877746	0.99999934	-0.48485062	0.09373493	-0.110061064	0.11710491	-0.5802874	0.3137856	-0.097026795	0.09478192	-0.09769797	0.15622698	-0.16525581
0.045442834	-0.034820154	0.04279115	-0.042263657	0.046890307	-0.03814152	0.06136609	-0.04704284	0.058753807	-0.054132123	0.073480584	-0.068080746	0.112691656	-0.08196381	0.056622192	-0.08158048	0.08264363	-0.14135353	0.14320558	-0.060147047	0.099062	-0.09026021	0.14796673	-0.20108788	0.07751087	-0.0827723	0.10585575	-0.20363204	0.26187968	-0.65718544	0.07403058	-0.1039745	0.24074593	-0.48485062	0.9999997	-0.07778049	0.08693451	-0.09165775	0.27575433	-0.43525192	0.08018835	-0.07800467	0.07797803	-0.1259158	0.13552064
-0.036134653	0.027105618	-0.03291355	0.030025762	-0.033329587	0.030997517	-0.04937865	0.03551861	-0.043537576	0.033250727	-0.075822525	0.0692366	-0.07554017	0.054320835	-0.035106856	0.10043319	-0.09647319	0.09654731	-0.09001456	0.027906375	-0.1580353	0.1274241	-0.0848766	0.09306212	-0.03675583	0.2352882	-0.18975112	0.10171376	-0.0841706	0.08852772	-0.35679343	0.21628381	-0.13999218	0.09373493	-0.07778049	0.9999994	-0.37791523	0.23496814	-0.11104465	0.12194351	-0.7229491	0.24834263	-0.23027658	0.11144447	-0.12110018
0.035370216	-0.0266603	0.032324124	-0.029788613	0.03297021	-0.030410504	0.04834989	-0.03506552	0.042893637	-0.033436272	0.07322181	-0.06793994	0.07585911	-0.05495375	0.03517406	-0.097451024	0.094317645	-0.100585505	0.09040843	-0.028722517	0.14321057	-0.12943475	0.08940495	-0.10019675	0.037631392	-0.18805456	0.20105673	-0.113688506	0.09191125	-0.09905192	0.1913504	-0.34257138	0.15561627	-0.110061064	0.08693451	-0.37791523	0.9999996	-0.69319236	0.13163306	-0.14117768	0.25833026	-0.33062577	0.2671863	-0.12691663	0.12463234
-0.034823738	0.026184129	-0.03188318	0.029371228	-0.03264929	0.029737838	-0.04747259	0.03447479	-0.042412788	0.03308479	-0.07023253	0.06410056	-0.07537698	0.054312788	-0.034964494	0.0891152	-0.08857582	0.09672309	-0.090835	0.028558457	-0.13421182	0.11406472	-0.08783296	0.09824229	-0.037580166	0.14876685	-0.18515047	0.111496866	-0.093903445	0.09979892	-0.15659204	0.20799911	-0.16740224	0.11710491	-0.09165775	0.23496814	-0.69319236	0.9999996	-0.16467553	0.1465224	-0.27125317	0.2840742	-0.489272	0.15003642	-0.15580021
0.049717687	-0.037770897	0.04648816	-0.04459995	0.049783178	-0.041639615	0.06700236	-0.050478876	0.063063845	-0.05378092	0.08169651	-0.07596227	0.11770449	-0.0860097	0.056739416	-0.09347851	0.09298984	-0.1522373	0.14750439	-0.052040994	0.11475029	-0.10427226	0.14785637	-0.19497463	0.067796946	-0.10507378	0.12566015	-0.2020887	0.2185338	-0.26607898	0.093967415	-0.13042457	0.25116572	-0.5802874	0.27575433	-0.11104465	0.13163306	-0.16467553	0.99999976	-0.58470625	0.113698326	-0.12616798	0.13100663	-0.30067182	0.23208645
-0.06907889	0.05188996	-0.06450787	0.06059184	-0.068759866	0.057040486	-0.09272765	0.06914533	-0.0875448	0.0710899	-0.108711064	0.0984374	-0.16279921	0.1152811	-0.077080935	0.11583843	-0.11771344	0.17863512	-0.20942706	0.06527002	-0.1471714	0.12725729	-0.17650802	0.20519672	-0.088413246	0.12184318	-0.15730062	0.2144024	-0.24982452	0.27071878	-0.11191288	0.14945862	-0.32531402	0.3137856	-0.43525192	0.12194351	-0.14117768	0.1465224	-0.58470625	0.9999995	-0.13226368	0.12740716	-0.13366553	0.22918321	-0.31684753
0.03551771	-0.026734488	0.03247022	-0.029839024	0.03310002	-0.03042981	0.04840505	-0.03500326	0.042960774	-0.033253103	0.0717044	-0.06694376	0.07341611	-0.053351715	0.034997795	-0.097818725	0.090380564	-0.09683203	0.0873406	-0.028194925	0.13951746	-0.12091825	0.0838534	-0.09484839	0.036971726	-0.24322468	0.16111962	-0.10246033	0.08498769	-0.092616774	0.22060092	-0.199975	0.13334455	-0.097026795	0.08018835	-0.7229491	0.25833026	-0.27125317	0.113698326	-0.13226368	0.9999991	-0.44251844	0.2411135	-0.12216803	0.12101889
-0.031080276	0.023327207	-0.028478863	0.026172787	-0.029188514	0.026422195	-0.042251673	0.030635295	-0.037844054	0.029355781	-0.061141524	0.055794816	-0.06593649	0.047492936	-0.031100214	0.077343784	-0.07567182	0.08317953	-0.07971755	0.025121566	-0.11473994	0.096210316	-0.07429484	0.08360521	-0.03313525	0.13772586	-0.14447185	0.09116596	-0.07907633	0.08468791	-0.13902107	0.15805237	-0.12749758	0.09478192	-0.07800467	0.24834263	-0.33062577	0.2840742	-0.12616798	0.12740716	-0.44251844	0.9999988	-0.7144681	0.1723278	-0.18756421
0.028559525	-0.02149435	0.026235396	-0.024269192	0.02703019	-0.024276588	0.03879137	-0.02826589	0.034916785	-0.027457347	0.055050887	-0.050829258	0.060988743	-0.04418765	0.029009413	-0.07049558	0.067910686	-0.07861775	0.07374936	-0.02384507	0.10015192	-0.08705999	0.07030747	-0.08095109	0.03132645	-0.12904562	0.124085106	-0.088582456	0.07704634	-0.0848147	0.121753976	-0.1475483	0.12061667	-0.09769797	0.07797803	-0.23027658	0.2671863	-0.489272	0.13100663	-0.13366553	0.2411135	-0.7144681	0.9999985	-0.24879615	0.18781334
-0.03223443	0.024272043	-0.029951671	0.028105622	-0.031601157	0.02690798	-0.043399677	0.032136373	-0.040304776	0.03271452	-0.05428273	0.049859438	-0.072004564	0.05197994	-0.034870252	0.06303346	-0.062196948	0.0878828	-0.089966945	0.029666027	-0.08253211	0.072081394	-0.08245812	0.09934734	-0.03921543	0.08446585	-0.09338393	0.10421002	-0.10675095	0.11928559	-0.07777673	0.09765344	-0.14451687	0.15622698	-0.1259158	0.11144447	-0.12691663	0.15003642	-0.30067182	0.22918321	-0.12216803	0.1723278	-0.24879615	0.9999986	-0.855664
0.034580864	-0.026092732	0.03217693	-0.03035547	0.034065895	-0.028875861	0.04649919	-0.034498636	0.04326421	-0.035556063	0.057481	-0.053257044	0.075780764	-0.055228498	0.037686627	-0.06767197	0.06596859	-0.09570892	0.0941238	-0.032577485	0.086295016	-0.07665741	0.08799615	-0.10910956	0.042718217	-0.09198056	0.0963713	-0.11267344	0.11243087	-0.13621263	0.08192538	-0.10331218	0.1451605	-0.16525581	0.13552064	-0.12110018	0.12463234	-0.15580021	0.23208645	-0.31684753	0.12101889	-0.18756421	0.18781334	-0.855664	0.9999986
