1.0000001	-0.6066106	0.20866728	-0.13010035	0.05833635	-0.682103	0.32148892	-0.21301597	0.12315453	-0.075420186	0.03522007	-0.033937015	0.04921695	-0.014408641	0.014246674	-0.033506196	0.03179494	-0.039552502	0.0130992625	-0.013110728	0.021712983	-0.022099951	0.02948406	-0.014865215	0.016171992	-0.015961675	0.015495177	-0.018460028	0.015065898	-0.011476564	0.010285337	-0.012965316	0.020964367	-0.011672443	0.0106014	-0.011168949	0.010033748	-0.010456533	0.011858557	-0.010322532	0.012773579	-0.011038667	0.009352356	-0.008065816	0.0069998754
-0.6066106	1.0000001	-0.41444764	0.15298373	-0.07193597	0.31654048	-0.56054527	0.25837398	-0.16254812	0.087339655	-0.040924698	0.04005717	-0.05905428	0.017641725	-0.01751684	0.038175438	-0.037235327	0.0460375	-0.01549278	0.015441853	-0.024931926	0.02529653	-0.034247376	0.017264234	-0.01879736	0.01823955	-0.01777288	0.021278836	-0.01730551	0.01318435	-0.011763103	0.014837563	-0.024173232	0.013397296	-0.012179578	0.012752463	-0.011469013	0.011943141	-0.013561565	0.011782969	-0.014592037	0.012603876	-0.010681372	0.009207732	-0.00799223
0.20866728	-0.41444764	1.0000007	-0.38135153	0.1455044	-0.20970865	0.26201013	-0.6925817	0.27582636	-0.182742	0.059057105	-0.060206752	0.1015772	-0.030603377	0.030143227	-0.060931344	0.057953943	-0.08180074	0.026075799	-0.026148232	0.03999539	-0.041201722	0.056027684	-0.028633853	0.030829515	-0.030022245	0.029068239	-0.03519778	0.028259268	-0.0216751	0.019298527	-0.024369856	0.039254613	-0.02196722	0.019925911	-0.020967556	0.018818231	-0.019632954	0.022230882	-0.019392524	0.023908624	-0.02072018	0.01753315	-0.015143383	0.013130773
-0.13010035	0.15298373	-0.38135153	1.000001	-0.5035677	0.111477494	-0.15961178	0.25582778	-0.64556015	0.30673647	-0.049013127	0.044073496	-0.0724924	0.05170678	-0.05291311	0.048092954	-0.047190603	0.05713437	-0.03220819	0.031668514	-0.036492642	0.035821386	-0.050905127	0.028540341	-0.031880587	0.02705492	-0.026684579	0.031442437	-0.02771498	0.020870088	-0.017731816	0.022238398	-0.03741397	0.020902656	-0.01932566	0.019206354	-0.017431688	0.01824616	-0.02110925	0.018087372	-0.022378776	0.019077016	-0.016433043	0.014132329	-0.012327053
0.05833635	-0.07193597	0.1455044	-0.5035677	1.0000007	-0.053185817	0.07268193	-0.12780973	0.27959323	-0.80015063	0.024211967	-0.021897225	0.035813816	-0.03165872	0.03223853	-0.02417683	0.023501873	-0.02877309	0.01767876	-0.017929891	0.018307656	-0.018073795	0.025558535	-0.014850542	0.016493442	-0.013704861	0.013466066	-0.015866537	0.014039643	-0.010633909	0.008968428	-0.011248899	0.018796565	-0.010590759	0.009801936	-0.009729557	0.008821727	-0.009250095	0.01069123	-0.009183841	0.011315883	-0.009666512	0.008324537	-0.0071705305	0.006250794
-0.682103	0.31654048	-0.20970865	0.111477494	-0.053185817	1.000001	-0.61843365	0.19688961	-0.12755127	0.06613294	-0.0377289	0.035999425	-0.049013425	0.014062647	-0.0139600625	0.03324879	-0.03222238	0.03821612	-0.0126972115	0.012650181	-0.02113889	0.021411138	-0.028647842	0.014350224	-0.015635801	0.015288743	-0.014903909	0.017788472	-0.014454705	0.011004536	-0.009855706	0.012432163	-0.020232972	0.01119555	-0.010173939	0.010680577	-0.009603772	0.009992666	-0.011339891	0.0098526105	-0.012217584	0.01055276	-0.008936608	0.0077008987	-0.006684045
0.32148892	-0.56054527	0.26201013	-0.15961178	0.07268193	-0.61843365	1.0000007	-0.3811216	0.16380736	-0.09419589	0.04875867	-0.050723586	0.06958157	-0.018749744	0.018473586	-0.045023024	0.043719027	-0.05501181	0.017122436	-0.0171285	0.028360838	-0.029026067	0.038759556	-0.019453311	0.021016805	-0.020743439	0.020138409	-0.024219753	0.019431539	-0.014863015	0.013333392	-0.016836884	0.02716631	-0.015109077	0.013699401	-0.014466312	0.012985779	-0.01352034	0.015301598	-0.013334668	0.016497606	-0.014287272	0.012076371	-0.010418674	0.009035137
-0.21301597	0.25837398	-0.6925817	0.25582778	-0.12780973	0.19688961	-0.3811216	1.0000007	-0.43028778	0.15515178	-0.06935548	0.07124376	-0.14264882	0.035308782	-0.034865905	0.06796069	-0.06718634	0.095546834	-0.029349761	0.029081283	-0.043898053	0.04521318	-0.06357497	0.031832676	-0.03416759	0.032551415	-0.031733084	0.039023075	-0.030600434	0.023549527	-0.020903114	0.026466893	-0.043184694	0.02385995	-0.021630196	0.022626186	-0.020325892	0.021151522	-0.023938632	0.020848913	-0.025738688	0.022340802	-0.018859979	0.0162823	-0.014110053
0.12315453	-0.16254812	0.27582636	-0.64556015	0.27959323	-0.12755127	0.16380736	-0.43028778	1.0000006	-0.458189	0.057962403	-0.05459044	0.090005636	-0.07375078	0.067370266	-0.05997608	0.057146575	-0.073866166	0.040416636	-0.04043761	0.0438154	-0.043978896	0.06083976	-0.034966897	0.03838632	-0.033255264	0.032362334	-0.03821568	0.033238895	-0.025332564	0.021638218	-0.027163986	0.044483777	-0.025271697	0.02327071	-0.023552798	0.021267649	-0.022322666	0.025631458	-0.022179348	0.027230795	-0.02337797	0.020048324	-0.017307306	0.015061301
-0.075420186	0.087339655	-0.182742	0.30673647	-0.80015063	0.06613294	-0.09419589	0.15515178	-0.458189	1.0000007	-0.031359274	0.028022865	-0.04590211	0.04423017	-0.046425916	0.030934846	-0.030316154	0.03655602	-0.024148606	0.0242562	-0.023797808	0.023353742	-0.033343676	0.019639542	-0.021902742	0.017750831	-0.017502302	0.02061593	-0.018399265	0.013917261	-0.011643077	0.014598254	-0.02457223	0.013828872	-0.012832787	0.012617648	-0.011459585	0.012017185	-0.013929663	0.011932765	-0.014710419	0.012542892	-0.010823478	0.009317437	-0.008127906
0.03522007	-0.040924698	0.059057105	-0.049013127	0.024211967	-0.0377289	0.04875867	-0.06935548	0.057962403	-0.031359274	1.0000007	-0.7153494	0.25975657	-0.029391568	0.02842783	-0.4908639	0.3068587	-0.25387084	0.054219924	-0.054799717	0.16214854	-0.1682949	0.16276485	-0.07711473	0.08110762	-0.096099034	0.092052385	-0.10566831	0.08010956	-0.061907034	0.060258836	-0.0765275	0.11376399	-0.063758455	0.056936607	-0.06522491	0.05782094	-0.059336502	0.0654929	-0.057804324	0.07292166	-0.06384421	0.052681725	-0.045308895	0.039122213
-0.033937015	0.04005717	-0.060206752	0.044073496	-0.021897225	0.035999425	-0.050723586	0.07124376	-0.05459044	0.028022865	-0.7153494	1.0000008	-0.42476654	0.026028221	-0.02520548	0.29366443	-0.438481	0.25078008	-0.047405448	0.04695569	-0.12623179	0.12807441	-0.14845435	0.06590484	-0.069116615	0.074328154	-0.073266745	0.088943034	-0.06378666	0.049429245	-0.04690585	0.059897125	-0.09467434	0.05088315	-0.045502692	0.050226126	-0.044848174	0.045818444	-0.050890315	0.044489138	-0.056236133	0.049174927	-0.040612683	0.034869842	-0.030113993
0.04921695	-0.05905428	0.1015772	-0.0724924	0.035813816	-0.049013425	0.06958157	-0.14264882	0.090005636	-0.04590211	0.25975657	-0.42476654	1.0000011	-0.045360718	0.042750586	-0.28058216	0.2774771	-0.7018401	0.08059373	-0.08116678	0.14926471	-0.16593646	0.23419048	-0.10889624	0.106742725	-0.11277676	0.10821352	-0.1475151	0.09612749	-0.07694492	0.07049058	-0.090674475	0.14085792	-0.07838199	0.06921497	-0.07621978	0.06764181	-0.07003466	0.07723159	-0.068567485	0.08415733	-0.07474317	0.06162336	-0.053491555	0.045985006
-0.014408641	0.017641725	-0.030603377	0.05170678	-0.03165872	0.014062647	-0.018749744	0.035308782	-0.07375078	0.04423017	-0.029391568	0.026028221	-0.045360718	1.0000011	-0.9336503	0.030753748	-0.031777374	0.044304166	-0.2603575	0.20828842	-0.027877238	0.029482512	-0.05373944	0.08048674	-0.08698266	0.02443053	-0.024152966	0.03188553	-0.033434577	0.029617028	-0.01585937	0.020256367	-0.035120726	0.023687027	-0.024112675	0.017118234	-0.01576961	0.017268414	-0.020739073	0.017808527	-0.019361043	0.017280094	-0.015205732	0.013598299	-0.011751364
0.014246674	-0.01751684	0.030143227	-0.05291311	0.03223853	-0.0139600625	0.018473586	-0.034865905	0.067370266	-0.046425916	0.02842783	-0.02520548	0.042750586	-0.9336503	1.0000011	-0.030186052	0.030697	-0.04256386	0.20479614	-0.26675412	0.027386956	-0.02912353	0.051526446	-0.07861579	0.081659935	-0.024219733	0.023760531	-0.031181652	0.03243249	-0.028959006	0.015687024	-0.020019274	0.0341719	-0.023188679	0.023420407	-0.016983988	0.015603958	-0.017096814	0.020433528	-0.017642813	0.019181043	-0.01713746	0.015050908	-0.0134710185	0.011631943
-0.033506196	0.038175438	-0.060931344	0.048092954	-0.02417683	0.03324879	-0.045023024	0.06796069	-0.05997608	0.030934846	-0.4908639	0.29366443	-0.28058216	0.030753748	-0.030186052	1.0000007	-0.67551076	0.2426725	-0.05854763	0.057322573	-0.3034745	0.21635057	-0.19425906	0.08492775	-0.09308274	0.103266515	-0.105644	0.11603914	-0.088120416	0.06623125	-0.06568172	0.08352031	-0.1323995	0.06898044	-0.06231458	0.06916274	-0.062239688	0.062256943	-0.06957099	0.059529755	-0.07865952	0.06744538	-0.055602178	0.04698428	-0.040795382
0.03179494	-0.037235327	0.057953943	-0.047190603	0.023501873	-0.03222238	0.043719027	-0.06718634	0.057146575	-0.030316154	0.3068587	-0.438481	0.2774771	-0.031777374	0.030697	-0.67551076	1.0000001	-0.38994914	0.061660144	-0.06160177	0.19922334	-0.21968262	0.19261429	-0.087485135	0.09055121	-0.10472003	0.103226125	-0.12035102	0.08557645	-0.066302665	0.06537995	-0.083737716	0.12582162	-0.06843558	0.061044913	-0.06974827	0.06204296	-0.06278252	0.069144815	-0.06049627	0.07774696	-0.06800896	0.055634946	-0.047545925	0.041053254
-0.039552502	0.0460375	-0.08180074	0.05713437	-0.02877309	0.03821612	-0.05501181	0.095546834	-0.073866166	0.03655602	-0.25387084	0.25078008	-0.7018401	0.044304166	-0.04256386	0.2426725	-0.38994914	0.99999994	-0.09733622	0.08838391	-0.1487477	0.15890868	-0.39183554	0.12414272	-0.12513402	0.10717155	-0.1107107	0.1624149	-0.09686023	0.07666708	-0.06800217	0.08836195	-0.16053982	0.07860344	-0.07005096	0.07158473	-0.06461358	0.06590913	-0.07382807	0.06390293	-0.07950048	0.0701701	-0.05793368	0.049926154	-0.043001328
0.0130992625	-0.01549278	0.026075799	-0.03220819	0.01767876	-0.0126972115	0.017122436	-0.029349761	0.040416636	-0.024148606	0.054219924	-0.047405448	0.08059373	-0.2603575	0.20479614	-0.05854763	0.061660144	-0.09733622	0.9999998	-0.86553	0.0556028	-0.061259333	0.11999659	-0.28277102	0.21849598	-0.051178876	0.05036453	-0.070715636	0.071855836	-0.06726292	0.032903537	-0.042382617	0.07289844	-0.051164296	0.05244339	-0.0355023	0.032661606	-0.036013745	0.04317047	-0.03733341	0.03963303	-0.03586533	0.03145186	-0.028376186	0.02441628
-0.013110728	0.015441853	-0.026148232	0.031668514	-0.017929891	0.012650181	-0.0171285	0.029081283	-0.04043761	0.0242562	-0.054799717	0.04695569	-0.08116678	0.20828842	-0.26675412	0.057322573	-0.06160177	0.08838391	-0.86553	0.9999998	-0.055700988	0.059832495	-0.12128269	0.21634383	-0.27662668	0.050498705	-0.050455354	0.06951255	-0.077442005	0.07148824	-0.03278842	0.042158987	-0.07510913	0.05328271	-0.056714356	0.035226632	-0.032705735	0.03626308	-0.044343818	0.037759542	-0.03961344	0.035744257	-0.031736705	0.02865302	-0.024731139
0.021712983	-0.024931926	0.03999539	-0.036492642	0.018307656	-0.02113889	0.028360838	-0.043898053	0.0438154	-0.023797808	0.16214854	-0.12623179	0.14926471	-0.027877238	0.027386956	-0.3034745	0.19922334	-0.1487477	0.0556028	-0.055700988	0.99999946	-0.81908643	0.20732449	-0.092779145	0.0997783	-0.18192677	0.18091244	-0.14577237	0.107848756	-0.081173055	0.106233336	-0.13858914	0.1596731	-0.08661323	0.07682164	-0.109503925	0.0954188	-0.08979253	0.09366065	-0.08137866	0.11827194	-0.10372168	0.079372935	-0.0653664	0.056396704
-0.022099951	0.02529653	-0.041201722	0.035821386	-0.018073795	0.021411138	-0.029026067	0.04521318	-0.043978896	0.023353742	-0.1682949	0.12807441	-0.16593646	0.029482512	-0.02912353	0.21635057	-0.21968262	0.15890868	-0.061259333	0.059832495	-0.81908643	0.9999989	-0.28231883	0.10499638	-0.11639538	0.17496547	-0.2387863	0.16577971	-0.115041934	0.084862016	-0.11049084	0.14294223	-0.18777198	0.09156164	-0.08194923	0.10787487	-0.09849851	0.089119226	-0.09519656	0.07956271	-0.122206666	0.102418035	-0.07971727	0.06428074	-0.05591167
0.02948406	-0.034247376	0.056027684	-0.050905127	0.025558535	-0.028647842	0.038759556	-0.06357497	0.06083976	-0.033343676	0.16276485	-0.14845435	0.23419048	-0.05373944	0.051526446	-0.19425906	0.19261429	-0.39183554	0.11999659	-0.12128269	0.20732449	-0.28231883	0.99999905	-0.31382108	0.22294872	-0.20288718	0.20458601	-0.4980702	0.16795495	-0.1425655	0.124044314	-0.16726741	0.28382054	-0.1462568	0.12433047	-0.1306931	0.1165061	-0.11942729	0.13037522	-0.115457624	0.14011656	-0.12749335	0.10307231	-0.08982926	0.076637365
-0.014865215	0.017264234	-0.028633853	0.028540341	-0.014850542	0.014350224	-0.019453311	0.031832676	-0.034966897	0.019639542	-0.07711473	0.06590484	-0.10889624	0.08048674	-0.07861579	0.08492775	-0.087485135	0.12414272	-0.28277102	0.21634383	-0.092779145	0.10499638	-0.31382108	0.9999989	-0.82784176	0.089406654	-0.09079084	0.14032231	-0.15102845	0.1428552	-0.057512503	0.07504143	-0.13862363	0.100274265	-0.10969033	0.061387233	-0.057105847	0.06370237	-0.07819437	0.06660015	-0.06800034	0.06233065	-0.055141732	0.05026075	-0.04317855
0.016171992	-0.01879736	0.030829515	-0.031880587	0.016493442	-0.015635801	0.021016805	-0.03416759	0.03838632	-0.021902742	0.08110762	-0.069116615	0.106742725	-0.08698266	0.081659935	-0.09308274	0.09055121	-0.12513402	0.21849598	-0.27662668	0.0997783	-0.11639538	0.22294872	-0.82784176	0.999999	-0.10138369	0.097088926	-0.14347367	0.15814848	-0.19757605	0.064459726	-0.0836018	0.13701972	-0.11373365	0.12310826	-0.070266634	0.06462097	-0.0733121	0.08863105	-0.077710755	0.07730421	-0.07154257	0.06325585	-0.058332875	0.04988964
-0.015961675	0.01823955	-0.030022245	0.02705492	-0.013704861	0.015288743	-0.020743439	0.032551415	-0.033255264	0.017750831	-0.096099034	0.074328154	-0.11277676	0.02443053	-0.024219733	0.103266515	-0.10472003	0.10717155	-0.051178876	0.050498705	-0.18192677	0.17496547	-0.20288718	0.089406654	-0.10138369	0.9999987	-0.60810095	0.20584148	-0.14202918	0.099312395	-0.50254	0.31748298	-0.24964295	0.11791174	-0.103074394	0.27086902	-0.2223701	0.15507701	-0.1481865	0.11536106	-0.33753324	0.2051527	-0.14491895	0.10088839	-0.08915651
0.015495177	-0.01777288	0.029068239	-0.026684579	0.013466066	-0.014903909	0.020138409	-0.031733084	0.032362334	-0.017502302	0.092052385	-0.073266745	0.10821352	-0.024152966	0.023760531	-0.105644	0.103226125	-0.1107107	0.05036453	-0.050455354	0.18091244	-0.2387863	0.20458601	-0.09079084	0.097088926	-0.60810095	0.9999987	-0.321923	0.12980446	-0.096033044	0.2791929	-0.52335	0.24742685	-0.11495591	0.09614216	-0.23704378	0.2089361	-0.15311392	0.13297184	-0.10970414	0.22684906	-0.20859319	0.12917544	-0.09438087	0.08057516
-0.018460028	0.021278836	-0.03519778	0.031442437	-0.015866537	0.017788472	-0.024219753	0.039023075	-0.03821568	0.02061593	-0.10566831	0.088943034	-0.1475151	0.03188553	-0.031181652	0.11603914	-0.12035102	0.1624149	-0.070715636	0.06951255	-0.14577237	0.16577971	-0.4980702	0.14032231	-0.14347367	0.20584148	-0.321923	0.9999986	-0.17041709	0.124344654	-0.13268395	0.18857889	-0.6881639	0.16014723	-0.12888284	0.12465772	-0.11816903	0.11112202	-0.124936	0.10115599	-0.13432316	0.12025497	-0.095200986	0.07977586	-0.06832664
0.015065898	-0.01730551	0.028259268	-0.02771498	0.014039643	-0.014454705	0.019431539	-0.030600434	0.033238895	-0.018399265	0.08010956	-0.06378666	0.09612749	-0.033434577	0.03243249	-0.088120416	0.08557645	-0.09686023	0.071855836	-0.077442005	0.107848756	-0.115041934	0.16795495	-0.15102845	0.15814848	-0.14202918	0.12980446	-0.17041709	0.99999887	-0.618115	0.0961583	-0.12491697	0.20633647	-0.5338458	0.3243199	-0.11008146	0.11293538	-0.16748558	0.22533499	-0.20860858	0.12168187	-0.12769918	0.13402158	-0.14598365	0.11884708
-0.011476564	0.01318435	-0.0216751	0.020870088	-0.010633909	0.011004536	-0.014863015	0.023549527	-0.025332564	0.013917261	-0.061907034	0.049429245	-0.07694492	0.029617028	-0.028959006	0.06623125	-0.066302665	0.07666708	-0.06726292	0.07148824	-0.081173055	0.084862016	-0.1425655	0.1428552	-0.19757605	0.099312395	-0.096033044	0.124344654	-0.618115	0.9999983	-0.06870423	0.08874757	-0.16775014	0.31243002	-0.6447324	0.07671757	-0.08016023	0.11368755	-0.1804622	0.13831991	-0.08733595	0.08780915	-0.09608839	0.09749824	-0.08499294
0.010285337	-0.011763103	0.019298527	-0.017731816	0.008968428	-0.009855706	0.013333392	-0.020903114	0.021638218	-0.011643077	0.060258836	-0.04690585	0.07049058	-0.01585937	0.015687024	-0.06568172	0.06537995	-0.06800217	0.032903537	-0.03278842	0.106233336	-0.11049084	0.124044314	-0.057512503	0.064459726	-0.50254	0.2791929	-0.13268395	0.0961583	-0.06870423	0.9999979	-0.5237049	0.15913203	-0.08306188	0.0709407	-0.56868625	0.22586277	-0.1424506	0.1150202	-0.091977336	0.28434643	-0.21411256	0.1223886	-0.0829617	0.071086764
-0.012965316	0.014837563	-0.024369856	0.022238398	-0.011248899	0.012432163	-0.016836884	0.026466893	-0.027163986	0.014598254	-0.0765275	0.059897125	-0.090674475	0.020256367	-0.020019274	0.08352031	-0.083737716	0.08836195	-0.042382617	0.042158987	-0.13858914	0.14294223	-0.16726741	0.07504143	-0.0836018	0.31748298	-0.52335	0.18857889	-0.12491697	0.08874757	-0.5237049	0.9999981	-0.25071102	0.1099327	-0.093146086	0.27749145	-0.40618834	0.17987181	-0.14871551	0.113719024	-0.30616623	0.2480559	-0.15777941	0.10284327	-0.089244254
0.020964367	-0.024173232	0.039254613	-0.03741397	0.018796565	-0.020232972	0.02716631	-0.043184694	0.044483777	-0.02457223	0.11376399	-0.09467434	0.14085792	-0.035120726	0.0341719	-0.1323995	0.12582162	-0.16053982	0.07289844	-0.07510913	0.1596731	-0.18777198	0.28382054	-0.13862363	0.13701972	-0.24964295	0.24742685	-0.6881639	0.20633647	-0.16775014	0.15913203	-0.25071102	0.99999803	-0.27450603	0.1689142	-0.16044527	0.14846194	-0.1526516	0.16697438	-0.14153297	0.16573864	-0.15801644	0.12572956	-0.10976748	0.0925315
-0.011672443	0.013397296	-0.02196722	0.020902656	-0.010590759	0.01119555	-0.015109077	0.02385995	-0.025271697	0.013828872	-0.063758455	0.05088315	-0.07838199	0.023687027	-0.023188679	0.06898044	-0.06843558	0.07860344	-0.051164296	0.05328271	-0.08661323	0.09156164	-0.1462568	0.100274265	-0.11373365	0.11791174	-0.11495591	0.16014723	-0.5338458	0.31243002	-0.08306188	0.1099327	-0.27450603	0.99999815	-0.61715746	0.09246401	-0.101619735	0.1572428	-0.34583753	0.18641567	-0.10411314	0.10949888	-0.12606117	0.13173199	-0.11168717
0.0106014	-0.012179578	0.019925911	-0.01932566	0.009801936	-0.010173939	0.013699401	-0.021630196	0.02327071	-0.012832787	0.056936607	-0.045502692	0.06921497	-0.024112675	0.023420407	-0.06231458	0.061044913	-0.07005096	0.05244339	-0.056714356	0.07682164	-0.08194923	0.12433047	-0.10969033	0.12310826	-0.103074394	0.09614216	-0.12888284	0.3243199	-0.6447324	0.0709407	-0.093146086	0.1689142	-0.61715746	0.9999981	-0.080565825	0.08543206	-0.13190717	0.19821689	-0.17285408	0.08965032	-0.0951058	0.10513362	-0.11450427	0.09655989
-0.011168949	0.012752463	-0.020967556	0.019206354	-0.009729557	0.010680577	-0.014466312	0.022626186	-0.023552798	0.012617648	-0.06522491	0.050226126	-0.07621978	0.017118234	-0.016983988	0.06916274	-0.06974827	0.07158473	-0.0355023	0.035226632	-0.109503925	0.10787487	-0.1306931	0.061387233	-0.070266634	0.27086902	-0.23704378	0.12465772	-0.11008146	0.07671757	-0.56868625	0.27749145	-0.16044527	0.09246401	-0.080565825	0.9999975	-0.31478578	0.16870266	-0.14264132	0.109861836	-0.62468857	0.25891253	-0.15808138	0.10139557	-0.08869603
0.010033748	-0.011469013	0.018818231	-0.017431688	0.008821727	-0.009603772	0.012985779	-0.020325892	0.021267649	-0.011459585	0.05782094	-0.044848174	0.06764181	-0.01576961	0.015603958	-0.062239688	0.06204296	-0.06461358	0.032661606	-0.032705735	0.0954188	-0.09849851	0.1165061	-0.057105847	0.06462097	-0.2223701	0.2089361	-0.11816903	0.11293538	-0.08016023	0.22586277	-0.40618834	0.14846194	-0.101619735	0.08543206	-0.31478578	0.9999974	-0.39981604	0.1870405	-0.14250779	0.28476688	-0.6579564	0.23832509	-0.1411814	0.11555202
-0.010456533	0.011943141	-0.019632954	0.01824616	-0.009250095	0.009992666	-0.01352034	0.021151522	-0.022322666	0.012017185	-0.059336502	0.045818444	-0.07003466	0.017268414	-0.017096814	0.062256943	-0.06278252	0.06590913	-0.036013745	0.03626308	-0.08979253	0.089119226	-0.11942729	0.06370237	-0.0733121	0.15507701	-0.15311392	0.11112202	-0.16748558	0.11368755	-0.1424506	0.17987181	-0.1526516	0.1572428	-0.13190717	0.16870266	-0.39981604	0.99999744	-0.46617332	0.24168663	-0.21017347	0.2674612	-0.620617	0.2545616	-0.2228256
0.011858557	-0.013561565	0.022230882	-0.02110925	0.01069123	-0.011339891	0.015301598	-0.023938632	0.025631458	-0.013929663	0.0654929	-0.050890315	0.07723159	-0.020739073	0.020433528	-0.06957099	0.069144815	-0.07382807	0.04317047	-0.044343818	0.09366065	-0.09519656	0.13037522	-0.07819437	0.08863105	-0.1481865	0.13297184	-0.124936	0.22533499	-0.1804622	0.1150202	-0.14871551	0.16697438	-0.34583753	0.19821689	-0.14264132	0.1870405	-0.46617332	0.99999756	-0.5487379	0.16042715	-0.20631681	0.2813663	-0.36483437	0.26607957
-0.010322532	0.011782969	-0.019392524	0.018087372	-0.009183841	0.0098526105	-0.013334668	0.020848913	-0.022179348	0.011932765	-0.057804324	0.044489138	-0.068567485	0.017808527	-0.017642813	0.059529755	-0.06049627	0.06390293	-0.03733341	0.037759542	-0.08137866	0.07956271	-0.115457624	0.06660015	-0.077710755	0.11536106	-0.10970414	0.10115599	-0.20860858	0.13831991	-0.091977336	0.113719024	-0.14153297	0.18641567	-0.17285408	0.109861836	-0.14250779	0.24168663	-0.5487379	0.99999756	-0.13983078	0.15342881	-0.30406177	0.3070895	-0.6210314
0.012773579	-0.014592037	0.023908624	-0.022378776	0.011315883	-0.012217584	0.016497606	-0.025738688	0.027230795	-0.014710419	0.07292166	-0.056236133	0.08415733	-0.019361043	0.019181043	-0.07865952	0.07774696	-0.07950048	0.03963303	-0.03961344	0.11827194	-0.122206666	0.14011656	-0.06800034	0.07730421	-0.33753324	0.22684906	-0.13432316	0.12168187	-0.08733595	0.28434643	-0.30616623	0.16573864	-0.10411314	0.08965032	-0.62468857	0.28476688	-0.21017347	0.16042715	-0.13983078	0.9999973	-0.4875118	0.18386987	-0.12865397	0.10552515
-0.011038667	0.012603876	-0.02072018	0.019077016	-0.009666512	0.01055276	-0.014287272	0.022340802	-0.02337797	0.012542892	-0.06384421	0.049174927	-0.07474317	0.017280094	-0.01713746	0.06744538	-0.06800896	0.0701701	-0.03586533	0.035744257	-0.10372168	0.102418035	-0.12749335	0.06233065	-0.07154257	0.2051527	-0.20859319	0.12025497	-0.12769918	0.08780915	-0.21411256	0.2480559	-0.15801644	0.10949888	-0.0951058	0.25891253	-0.6579564	0.2674612	-0.20631681	0.15342881	-0.4875118	0.999997	-0.32716447	0.15892096	-0.13694502
0.009352356	-0.010681372	0.01753315	-0.016433043	0.008324537	-0.008936608	0.012076371	-0.018859979	0.020048324	-0.010823478	0.052681725	-0.040612683	0.06162336	-0.015205732	0.015050908	-0.055602178	0.055634946	-0.05793368	0.03145186	-0.031736705	0.079372935	-0.07971727	0.10307231	-0.055141732	0.06325585	-0.14491895	0.12917544	-0.095200986	0.13402158	-0.09608839	0.1223886	-0.15777941	0.12572956	-0.12606117	0.10513362	-0.15808138	0.23832509	-0.620617	0.2813663	-0.30406177	0.18386987	-0.32716447	0.999997	-0.5067044	0.25013793
-0.008065816	0.009207732	-0.015143383	0.014132329	-0.0071705305	0.0077008987	-0.010418674	0.0162823	-0.017307306	0.009317437	-0.045308895	0.034869842	-0.053491555	0.013598299	-0.0134710185	0.04698428	-0.047545925	0.049926154	-0.028376186	0.02865302	-0.0653664	0.06428074	-0.08982926	0.05026075	-0.058332875	0.10088839	-0.09438087	0.07977586	-0.14598365	0.09749824	-0.0829617	0.10284327	-0.10976748	0.13173199	-0.11450427	0.10139557	-0.1411814	0.2545616	-0.36483437	0.3070895	-0.12865397	0.15892096	-0.5067044	0.99999696	-0.66134447
0.0069998754	-0.00799223	0.013130773	-0.012327053	0.006250794	-0.006684045	0.009035137	-0.014110053	0.015061301	-0.008127906	0.039122213	-0.030113993	0.045985006	-0.011751364	0.011631943	-0.040795382	0.041053254	-0.043001328	0.02441628	-0.024731139	0.056396704	-0.05591167	0.076637365	-0.04317855	0.04988964	-0.08915651	0.08057516	-0.06832664	0.11884708	-0.08499294	0.071086764	-0.089244254	0.0925315	-0.11168717	0.09655989	-0.08869603	0.11555202	-0.2228256	0.26607957	-0.6210314	0.10552515	-0.13694502	0.25013793	-0.66134447	0.99999696
