1.0000001	-0.5690781	0.1410333	-0.13528232	0.065804616	-0.7284878	0.32772565	-0.1512499	0.11013751	-0.061451662	0.049213238	-0.05022868	0.048233487	-0.05170813	0.039681204	-0.029998709	0.03532028	-0.04011011	0.03923451	-0.031062681	0.035795737	-0.03224193	0.026744545	-0.02756077	0.018994648	-0.014232962	0.012906691	-0.027661638	0.020554703	-0.019619834	0.009915829	-0.010225706	0.01729229	-0.018017875	0.0152446935	-0.0068945484	0.008685347	-0.010583694	0.011397457	-0.005460987	0.009834117	-0.0084945345	0.008588369	-0.012164877	0.005736096
-0.5690781	1.0000004	-0.24171089	0.16449994	-0.084746085	0.3206198	-0.68875086	0.17772418	-0.14606279	0.074793436	-0.064012215	0.06497177	-0.06090597	0.06323209	-0.049106006	0.03724341	-0.044151936	0.049086705	-0.048670262	0.03791036	-0.044683248	0.039257556	-0.032598797	0.033135913	-0.023034329	0.017195782	-0.015650136	0.03332507	-0.024817102	0.023674484	-0.011952431	0.012307948	-0.020856464	0.021607298	-0.018287526	0.008300871	-0.010452934	0.0126955025	-0.013690121	0.006550165	-0.011851454	0.010211027	-0.010312694	0.014571475	-0.006882772
0.1410333	-0.24171089	1.0000005	-0.78045446	0.1875697	-0.11285415	0.16062856	-0.44389576	0.2627425	-0.17539434	0.07213965	-0.070925556	0.0914402	-0.101660505	0.0808271	-0.048471753	0.05916623	-0.074461766	0.074803285	-0.063064754	0.058908775	-0.055420596	0.04744377	-0.0500437	0.03598951	-0.024914907	0.022578254	-0.049384017	0.037300635	-0.037208088	0.017804466	-0.018354487	0.031058973	-0.032503966	0.027841376	-0.012380292	0.015607044	-0.019048303	0.020552421	-0.009890447	0.017669486	-0.015262307	0.015463151	-0.021912266	0.010388874
-0.13528232	0.16449994	-0.78045446	1.0000007	-0.30951202	0.09919391	-0.14666268	0.28878152	-0.37474644	0.20798942	-0.07917447	0.074322954	-0.095783055	0.1103009	-0.09511576	0.053104885	-0.064839415	0.07974193	-0.084378004	0.071705915	-0.06576443	0.06042863	-0.052173592	0.05511939	-0.040476326	0.02736217	-0.024872676	0.054121457	-0.041312523	0.041594625	-0.019916669	0.020451633	-0.03464925	0.036034703	-0.03149358	0.013830161	-0.01741711	0.021174697	-0.02285687	0.011067043	-0.01978413	0.017019076	-0.017216435	0.024337875	-0.011637218
0.065804616	-0.084746085	0.1875697	-0.30951202	1.0000006	-0.057942454	0.07480041	-0.26123217	0.25646013	-0.8506828	0.07423602	-0.07340556	0.09247947	-0.1194432	0.14044067	-0.055047702	0.06848964	-0.09159846	0.09434749	-0.113087974	0.06604236	-0.06811499	0.059494805	-0.06847342	0.05376677	-0.03159578	0.028384551	-0.06457031	0.050353464	-0.0568714	0.022705005	-0.023610441	0.03987082	-0.042991735	0.035884894	-0.01584416	0.020062037	-0.024832262	0.02692429	-0.012875062	0.022514282	-0.01965027	0.020103179	-0.028692948	0.013477552
-0.7284878	0.3206198	-0.11285415	0.09919391	-0.057942454	1.0000002	-0.5892493	0.12860967	-0.1059821	0.052001704	-0.05327931	0.05390533	-0.04771189	0.04899549	-0.037504517	0.030282343	-0.03550294	0.03858694	-0.037894346	0.029042786	-0.03608876	0.03140615	-0.02586795	0.026138112	-0.017959002	0.013690587	-0.012459894	0.026405461	-0.019573493	0.018460264	-0.009443564	0.009727344	-0.016480954	0.017059388	-0.0143701555	0.0065586576	-0.008258025	0.010027032	-0.0108078355	0.005162537	-0.009361515	0.008067133	-0.008143742	0.01150621	-0.0054242834
0.32772565	-0.68875086	0.16062856	-0.14666268	0.07480041	-0.5892493	1.0000002	-0.20207703	0.13322169	-0.06856935	0.06803815	-0.07647873	0.063126765	-0.06380774	0.04732229	-0.03851947	0.04549233	-0.050019704	0.04828809	-0.03698343	0.045192122	-0.040020708	0.03279178	-0.03304818	0.022659678	-0.017279765	0.015710322	-0.03343581	0.024688462	-0.023327168	0.011766709	-0.012151172	0.020591544	-0.021383578	0.017739717	-0.00817655	0.010303374	-0.012533543	0.013521214	-0.0064242044	0.011654988	-0.010064941	0.0101724025	-0.014383822	0.0067449138
-0.1512499	0.17772418	-0.44389576	0.28878152	-0.26123217	0.12860967	-0.20207703	1.0000002	-0.6722741	0.21631737	-0.15378731	0.14128366	-0.22132884	0.20547546	-0.1564871	0.09960282	-0.122613154	0.15035723	-0.15760727	0.117056966	-0.124458015	0.110331565	-0.09557886	0.096699506	-0.06953322	0.049191285	-0.04498269	0.096502386	-0.0730767	0.070635624	-0.03569648	0.03651987	-0.062059965	0.06360192	-0.055850863	0.024733143	-0.031100152	0.037530873	-0.040516652	0.01960213	-0.035456378	0.030335661	-0.03057065	0.04301417	-0.020638375
0.11013751	-0.14606279	0.2627425	-0.37474644	0.25646013	-0.1059821	0.13322169	-0.6722741	1.0000004	-0.3648092	0.1402333	-0.14234553	0.19037881	-0.28206506	0.16340654	-0.09984875	0.12270388	-0.16255124	0.1621609	-0.13501622	0.118619695	-0.119376555	0.10170813	-0.10999793	0.07706487	-0.05411783	0.048617564	-0.10825819	0.08095415	-0.08065717	0.03820379	-0.039673734	0.066794015	-0.07124914	0.059905704	-0.026667783	0.03369324	-0.04159171	0.04476276	-0.021486169	0.03789072	-0.03305423	0.03364079	-0.04803571	0.022526953
-0.061451662	0.074793436	-0.17539434	0.20798942	-0.8506828	0.052001704	-0.06856935	0.21631737	-0.3648092	1.0000004	-0.07459651	0.071891055	-0.092708915	0.120453075	-0.18147442	0.05444651	-0.06817576	0.09073729	-0.09970607	0.117777385	-0.066083044	0.06644112	-0.058601204	0.06666466	-0.054729465	0.030648358	-0.027683001	0.062665366	-0.04949229	0.05657741	-0.022168629	0.02297769	-0.03896052	0.041608375	-0.034893937	0.0154349925	-0.019532332	0.024032306	-0.026145974	0.012483656	-0.02198173	0.01908732	-0.01949935	0.027701467	-0.013076974
0.049213238	-0.064012215	0.07213965	-0.07917447	0.07423602	-0.05327931	0.06803815	-0.15378731	0.1402333	-0.07459651	1.0000008	-0.73484266	0.25978258	-0.2740448	0.14275427	-0.38876998	0.25896457	-0.24080299	0.18424748	-0.12475037	0.25489935	-0.23497726	0.16090107	-0.15651056	0.0896388	-0.090611696	0.08003655	-0.16852516	0.1126536	-0.094684914	0.048616208	-0.051910996	0.0875284	-0.09385023	0.061567355	-0.034060158	0.043205317	-0.05363865	0.057926957	-0.025530493	0.047579553	-0.042286072	0.04304991	-0.06154396	0.026547763
-0.05022868	0.06497177	-0.070925556	0.074322954	-0.07340556	0.05390533	-0.07647873	0.14128366	-0.14234553	0.071891055	-0.73484266	1.0000007	-0.4274	0.24637961	-0.14581801	0.24051416	-0.31185815	0.23123164	-0.19446431	0.11919749	-0.2527906	0.20076908	-0.14851971	0.12954012	-0.08040664	0.075371526	-0.06930855	0.1394363	-0.096880235	0.082178004	-0.042310365	0.04449943	-0.076096006	0.078414015	-0.053701494	0.02939216	-0.037184432	0.045164242	-0.04912713	0.021752004	-0.041451294	0.036137003	-0.03653948	0.051442806	-0.022706728
0.048233487	-0.06090597	0.0914402	-0.095783055	0.09247947	-0.04771189	0.063126765	-0.22132884	0.19037881	-0.092708915	0.25978258	-0.4274	1.0000006	-0.6279869	0.1831524	-0.16652712	0.21761714	-0.4651146	0.27798808	-0.16093409	0.17452848	-0.18624184	0.15498011	-0.13999927	0.0915715	-0.072004	0.06537655	-0.14836822	0.102832526	-0.093470596	0.04278363	-0.04526962	0.07750177	-0.08132974	0.055674367	-0.029781684	0.037797663	-0.04629138	0.050619803	-0.02241516	0.041955825	-0.036743928	0.03740772	-0.052833416	0.023372212
-0.05170813	0.06323209	-0.101660505	0.1103009	-0.1194432	0.04899549	-0.06380774	0.20547546	-0.28206506	0.120453075	-0.2740448	0.24637961	-0.6279869	1.0000004	-0.28620893	0.16125481	-0.21215779	0.30406207	-0.46929646	0.21358642	-0.19267619	0.17509294	-0.15455611	0.14450125	-0.10970737	0.07253875	-0.06689992	0.14582123	-0.10940742	0.1073395	-0.0468657	0.048791077	-0.0840231	0.0864868	-0.06368479	0.03245467	-0.04108548	0.04968996	-0.054529417	0.024624966	-0.046137888	0.039819933	-0.040416103	0.05660853	-0.025758034
0.039681204	-0.049106006	0.0808271	-0.09511576	0.14044067	-0.037504517	0.04732229	-0.1564871	0.16340654	-0.18147442	0.14275427	-0.14581801	0.1831524	-0.28620893	1.0000001	-0.11969348	0.1570037	-0.2559111	0.2818324	-0.7704937	0.13805851	-0.16350159	0.14956373	-0.19478631	0.19592103	-0.07596456	0.06812127	-0.16725625	0.14116591	-0.21129476	0.052375067	-0.055413272	0.09471836	-0.10623101	0.078148365	-0.036569603	0.046755984	-0.05856814	0.065258704	-0.029713064	0.051626157	-0.04550561	0.047396522	-0.06759592	0.030829666
-0.029998709	0.03724341	-0.048471753	0.053104885	-0.055047702	0.030282343	-0.03851947	0.09960282	-0.09984875	0.05444651	-0.38876998	0.24051416	-0.16652712	0.16125481	-0.11969348	1.0000001	-0.44498515	0.19116421	-0.15421642	0.09992007	-0.72380155	0.25774312	-0.16436693	0.13886857	-0.07819279	0.09721072	-0.08912884	0.15521087	-0.10319545	0.0813206	-0.04446446	0.047234766	-0.08021629	0.08301845	-0.0530377	0.03093873	-0.039118636	0.047620956	-0.051681843	0.022408692	-0.043252174	0.038044743	-0.03837758	0.054180883	-0.023336124
0.03532028	-0.044151936	0.05916623	-0.064839415	0.06848964	-0.03550294	0.04549233	-0.122613154	0.12270388	-0.06817576	0.25896457	-0.31185815	0.21761714	-0.21215779	0.1570037	-0.44498515	0.99999994	-0.3859601	0.21612872	-0.13849422	0.30040684	-0.5862946	0.25196928	-0.20220438	0.10741001	-0.12329935	0.111524	-0.23438932	0.14622208	-0.11251212	0.057937786	-0.0625116	0.10687651	-0.11188482	0.06706941	-0.0404105	0.05134995	-0.06299046	0.06890201	-0.029220091	0.056241296	-0.04985379	0.050622188	-0.071536705	0.030364681
-0.04011011	0.049086705	-0.074461766	0.07974193	-0.09159846	0.03858694	-0.050019704	0.15035723	-0.16255124	0.09073729	-0.24080299	0.23123164	-0.4651146	0.30406207	-0.2559111	0.19116421	-0.3859601	1.0000001	-0.5825879	0.2155042	-0.21477102	0.24179487	-0.26272205	0.17436637	-0.11962776	0.08766701	-0.08221313	0.18927939	-0.13324694	0.11670477	-0.052514505	0.055431448	-0.096758395	0.098320276	-0.06555516	0.036329914	-0.04618044	0.05575546	-0.061717063	0.026801199	-0.05135004	0.04454378	-0.04528581	0.0631396	-0.027979452
0.03923451	-0.048670262	0.074803285	-0.084378004	0.09434749	-0.037894346	0.04828809	-0.15760727	0.1621609	-0.09970607	0.18424748	-0.19446431	0.27798808	-0.46929646	0.2818324	-0.15421642	0.21612872	-0.5825879	1.0	-0.43968585	0.16737087	-0.20551056	0.18075505	-0.18482518	0.14178039	-0.08257964	0.07454593	-0.1807347	0.13212384	-0.14238147	0.050660267	-0.05389647	0.09256997	-0.09950782	0.06685541	-0.03529981	0.04499231	-0.05555762	0.061450593	-0.027005577	0.049668454	-0.04367766	0.044895776	-0.063525125	0.028083915
-0.031062681	0.03791036	-0.063064754	0.071705915	-0.113087974	0.029042786	-0.03698343	0.117056966	-0.13501622	0.117777385	-0.12475037	0.11919749	-0.16093409	0.21358642	-0.7704937	0.09992007	-0.13849422	0.2155042	-0.43968585	0.99999976	-0.12035367	0.13072097	-0.12738201	0.15754804	-0.25423744	0.059502598	-0.054697968	0.13180614	-0.121816315	0.18615428	-0.04295954	0.044818766	-0.077999786	0.084189914	-0.06443527	0.029725399	-0.03795523	0.046468683	-0.052706424	0.023910102	-0.042359676	0.036600143	-0.037992056	0.05315411	-0.024894819
0.035795737	-0.044683248	0.058908775	-0.06576443	0.06604236	-0.03608876	0.045192122	-0.124458015	0.118619695	-0.066083044	0.25489935	-0.2527906	0.17452848	-0.19267619	0.13805851	-0.72380155	0.30040684	-0.21477102	0.16737087	-0.12035367	0.9999998	-0.38374785	0.2108538	-0.2039341	0.1046739	-0.15417722	0.12702504	-0.22976512	0.14500897	-0.11258937	0.06169058	-0.066691615	0.11125211	-0.120229796	0.073121466	-0.043343566	0.05488867	-0.06838233	0.07360351	-0.031741105	0.059863627	-0.05381204	0.054612286	-0.07837774	0.032913893
-0.03224193	0.039257556	-0.055420596	0.06042863	-0.06811499	0.03140615	-0.040020708	0.110331565	-0.119376555	0.06644112	-0.23497726	0.20076908	-0.18624184	0.17509294	-0.16350159	0.25774312	-0.5862946	0.24179487	-0.20551056	0.13072097	-0.38374785	0.9999998	-0.5121242	0.21236444	-0.11758538	0.14181164	-0.15447092	0.25804076	-0.17349249	0.11743619	-0.06727215	0.07108128	-0.12631436	0.120335564	-0.07308149	0.046118792	-0.058518644	0.068761915	-0.076489784	0.031859808	-0.06501718	0.05589595	-0.05605683	0.076768845	-0.03331705
0.026744545	-0.032598797	0.04744377	-0.052173592	0.059494805	-0.02586795	0.03279178	-0.09557886	0.10170813	-0.058601204	0.16090107	-0.14851971	0.15498011	-0.15455611	0.14956373	-0.16436693	0.25196928	-0.26272205	0.18075505	-0.12738201	0.2108538	-0.5121242	1.0000001	-0.38809216	0.14840303	-0.14749086	0.14119822	-0.59641033	0.25816527	-0.15545374	0.07629449	-0.08556432	0.15287825	-0.15493502	0.07586522	-0.05291376	0.06808173	-0.08260454	0.093901426	-0.03658563	0.07338514	-0.06497987	0.06644554	-0.09182845	0.03798049
-0.02756077	0.033135913	-0.0500437	0.05511939	-0.06847342	0.026138112	-0.03304818	0.096699506	-0.10999793	0.06666466	-0.15651056	0.12954012	-0.13999927	0.14450125	-0.19478631	0.13886857	-0.20220438	0.17436637	-0.18482518	0.15754804	-0.2039341	0.21236444	-0.38809216	1.0	-0.3405507	0.10894316	-0.11043877	0.30531132	-0.6509004	0.25921088	-0.103341386	0.10480491	-0.20013364	0.20635775	-0.10504466	0.069318645	-0.090054765	0.10411351	-0.13793375	0.049792353	-0.10158126	0.08293934	-0.08899495	0.11494776	-0.052558575
0.018994648	-0.023034329	0.03598951	-0.040476326	0.05376677	-0.017959002	0.022659678	-0.06953322	0.07706487	-0.054729465	0.0896388	-0.08040664	0.0915715	-0.10970737	0.19592103	-0.07819279	0.10741001	-0.11962776	0.14178039	-0.25423744	0.1046739	-0.11758538	0.14840303	-0.3405507	1.0000004	-0.064600505	0.061262466	-0.17815824	0.24377486	-0.8355892	0.055294253	-0.05777755	0.10431244	-0.12360311	0.09155882	-0.037901234	0.049211413	-0.06062784	0.07488157	-0.03304602	0.05448411	-0.046529498	0.05031497	-0.069231465	0.033904325
-0.014232962	0.017195782	-0.024914907	0.02736217	-0.03159578	0.013690587	-0.017279765	0.049191285	-0.05411783	0.030648358	-0.090611696	0.075371526	-0.072004	0.07253875	-0.07596456	0.09721072	-0.12329935	0.08766701	-0.08257964	0.059502598	-0.15417722	0.14181164	-0.14749086	0.10894316	-0.064600505	1.0000002	-0.93862617	0.17394535	-0.110040806	0.064935915	-0.06254858	0.06371679	-0.092914484	0.079202265	-0.042608656	0.04063418	-0.04758849	0.04820533	-0.051475458	0.020468112	-0.052401047	0.044783548	-0.039171692	0.051651277	-0.02138837
0.012906691	-0.015650136	0.022578254	-0.024872676	0.028384551	-0.012459894	0.015710322	-0.04498269	0.048617564	-0.027683001	0.08003655	-0.06930855	0.06537655	-0.06689992	0.06812127	-0.08912884	0.111524	-0.08221313	0.07454593	-0.054697968	0.12702504	-0.15447092	0.14119822	-0.11043877	0.061262466	-0.93862617	0.99999976	-0.21526577	0.106887564	-0.06346523	0.056899533	-0.06295737	0.08682923	-0.077396296	0.039190233	-0.03808038	0.044880837	-0.046216466	0.04903822	-0.019330129	0.04823079	-0.04254819	0.037133835	-0.049655907	0.020112759
-0.027661638	0.03332507	-0.049384017	0.054121457	-0.06457031	0.026405461	-0.03343581	0.096502386	-0.10825819	0.062665366	-0.16852516	0.1394363	-0.14836822	0.14582123	-0.16725625	0.15521087	-0.23438932	0.18927939	-0.1807347	0.13180614	-0.22976512	0.25804076	-0.59641033	0.30531132	-0.17815824	0.17394535	-0.21526577	0.9999998	-0.47899932	0.17724934	-0.10501495	0.11722715	-0.24664748	0.19554101	-0.09152668	0.07103464	-0.092473306	0.106234126	-0.124578945	0.045888342	-0.09961867	0.08569156	-0.086760506	0.114523195	-0.047992878
0.020554703	-0.024817102	0.037300635	-0.041312523	0.050353464	-0.019573493	0.024688462	-0.0730767	0.08095415	-0.04949229	0.1126536	-0.096880235	0.102832526	-0.10940742	0.14116591	-0.10319545	0.14622208	-0.13324694	0.13212384	-0.121816315	0.14500897	-0.17349249	0.25816527	-0.6509004	0.24377486	-0.110040806	0.106887564	-0.47899932	0.99999964	-0.34594387	0.09181082	-0.09882228	0.1865757	-0.29268473	0.088262945	-0.06252977	0.08279049	-0.10365586	0.14196296	-0.04759044	0.08956314	-0.07671322	0.086054064	-0.11733013	0.04927401
-0.019619834	0.023674484	-0.037208088	0.041594625	-0.0568714	0.018460264	-0.023327168	0.070635624	-0.08065717	0.05657741	-0.094684914	0.082178004	-0.093470596	0.1073395	-0.21129476	0.0813206	-0.11251212	0.11670477	-0.14238147	0.18615428	-0.11258937	0.11743619	-0.15545374	0.25921088	-0.8355892	0.064935915	-0.06346523	0.17724934	-0.34594387	0.9999996	-0.060616747	0.062203895	-0.11508936	0.12877788	-0.109305575	0.041145507	-0.05343545	0.0641631	-0.08221302	0.036026776	-0.059786245	0.049974386	-0.05409067	0.072501786	-0.0371708
0.009915829	-0.011952431	0.017804466	-0.019916669	0.022705005	-0.009443564	0.011766709	-0.03569648	0.03820379	-0.022168629	0.048616208	-0.042310365	0.04278363	-0.0468657	0.052375067	-0.04446446	0.057937786	-0.052514505	0.050660267	-0.04295954	0.06169058	-0.06727215	0.07629449	-0.103341386	0.055294253	-0.06254858	0.056899533	-0.10501495	0.09181082	-0.060616747	0.9999997	-0.5132987	0.24233434	-0.21273252	0.068886906	-0.6401105	0.24524464	-0.18040107	0.13864313	-0.05221684	0.305815	-0.3033339	0.13300653	-0.17424838	0.052728534
-0.010225706	0.012307948	-0.018354487	0.020451633	-0.023610441	0.009727344	-0.012151172	0.03651987	-0.039673734	0.02297769	-0.051910996	0.04449943	-0.04526962	0.048791077	-0.055413272	0.047234766	-0.0625116	0.055431448	-0.05389647	0.044818766	-0.066691615	0.07108128	-0.08556432	0.10480491	-0.05777755	0.06371679	-0.06295737	0.11722715	-0.09882228	0.062203895	-0.5132987	1.0	-0.5246552	0.21436138	-0.067901894	0.24592082	-0.47800502	0.1996076	-0.1537468	0.053000674	-0.30352458	0.27641922	-0.15272188	0.16936709	-0.0545505
0.01729229	-0.020856464	0.031058973	-0.03464925	0.03987082	-0.016480954	0.020591544	-0.062059965	0.066794015	-0.03896052	0.0875284	-0.076096006	0.07750177	-0.0840231	0.09471836	-0.08021629	0.10687651	-0.096758395	0.09256997	-0.077999786	0.11125211	-0.12631436	0.15287825	-0.20013364	0.10431244	-0.092914484	0.08682923	-0.24664748	0.1865757	-0.11508936	0.24233434	-0.5246552	1.0000001	-0.4880854	0.109698184	-0.1846711	0.24661139	-0.32400697	0.25374612	-0.08915195	0.21271694	-0.24116875	0.21113577	-0.29954645	0.089208804
-0.018017875	0.021607298	-0.032503966	0.036034703	-0.042991735	0.017059388	-0.021383578	0.06360192	-0.07124914	0.041608375	-0.09385023	0.078414015	-0.08132974	0.0864868	-0.10623101	0.08301845	-0.11188482	0.098320276	-0.09950782	0.084189914	-0.120229796	0.120335564	-0.15493502	0.20635775	-0.12360311	0.079202265	-0.077396296	0.19554101	-0.29268473	0.12877788	-0.21273252	0.21436138	-0.4880854	1.0000001	-0.12431789	0.13942629	-0.19562885	0.24453187	-0.5872914	0.11362103	-0.2097468	0.1685544	-0.22305748	0.27207348	-0.121302545
0.0152446935	-0.018287526	0.027841376	-0.03149358	0.035884894	-0.0143701555	0.017739717	-0.055850863	0.059905704	-0.034893937	0.061567355	-0.053701494	0.055674367	-0.06368479	0.078148365	-0.0530377	0.06706941	-0.06555516	0.06685541	-0.06443527	0.073121466	-0.07308149	0.07586522	-0.10504466	0.09155882	-0.042608656	0.039190233	-0.09152668	0.088262945	-0.109305575	0.068886906	-0.067901894	0.109698184	-0.12431789	1.0	-0.048272174	0.062083464	-0.08420404	0.09681745	-0.18063602	0.070924625	-0.06159899	0.071423784	-0.10779993	0.15178145
-0.0068945484	0.008300871	-0.012380292	0.013830161	-0.01584416	0.0065586576	-0.00817655	0.024733143	-0.026667783	0.0154349925	-0.034060158	0.02939216	-0.029781684	0.03245467	-0.036569603	0.03093873	-0.0404105	0.036329914	-0.03529981	0.029725399	-0.043343566	0.046118792	-0.05291376	0.069318645	-0.037901234	0.04063418	-0.03808038	0.07103464	-0.06252977	0.041145507	-0.6401105	0.24592082	-0.1846711	0.13942629	-0.048272174	0.99999976	-0.22629783	0.12955344	-0.09937713	0.036517005	-0.6441741	0.24289297	-0.10127143	0.118904315	-0.037356764
0.008685347	-0.010452934	0.015607044	-0.01741711	0.020062037	-0.008258025	0.010303374	-0.031100152	0.03369324	-0.019532332	0.043205317	-0.037184432	0.037797663	-0.04108548	0.046755984	-0.039118636	0.05134995	-0.04618044	0.04499231	-0.03795523	0.05488867	-0.058518644	0.06808173	-0.090054765	0.049211413	-0.04758849	0.044880837	-0.092473306	0.08279049	-0.05343545	0.24524464	-0.47800502	0.24661139	-0.19562885	0.062083464	-0.22629783	0.99999934	-0.30652502	0.1573989	-0.053202502	0.26585436	-0.6890375	0.1868361	-0.18498382	0.054538023
-0.010583694	0.0126955025	-0.019048303	0.021174697	-0.024832262	0.010027032	-0.012533543	0.037530873	-0.04159171	0.024032306	-0.05363865	0.045164242	-0.04629138	0.04968996	-0.05856814	0.047620956	-0.06299046	0.05575546	-0.05555762	0.046468683	-0.06838233	0.068761915	-0.08260454	0.10411351	-0.06062784	0.04820533	-0.046216466	0.106234126	-0.10365586	0.0641631	-0.18040107	0.1996076	-0.32400697	0.24453187	-0.08420404	0.12955344	-0.30652502	0.9999994	-0.39741042	0.09212371	-0.18955077	0.20818107	-0.68720376	0.3173379	-0.09893229
0.011397457	-0.013690121	0.020552421	-0.02285687	0.02692429	-0.0108078355	0.013521214	-0.040516652	0.04476276	-0.026145974	0.057926957	-0.04912713	0.050619803	-0.054529417	0.065258704	-0.051681843	0.06890201	-0.061717063	0.061450593	-0.052706424	0.07360351	-0.076489784	0.093901426	-0.13793375	0.07488157	-0.051475458	0.04903822	-0.124578945	0.14196296	-0.08221302	0.13864313	-0.1537468	0.25374612	-0.5872914	0.09681745	-0.09937713	0.1573989	-0.39741042	0.9999995	-0.17438887	0.1414707	-0.14477707	0.2742598	-0.5583111	0.15093714
-0.005460987	0.006550165	-0.009890447	0.011067043	-0.012875062	0.005162537	-0.0064242044	0.01960213	-0.021486169	0.012483656	-0.025530493	0.021752004	-0.02241516	0.024624966	-0.029713064	0.022408692	-0.029220091	0.026801199	-0.027005577	0.023910102	-0.031741105	0.031859808	-0.03658563	0.049792353	-0.03304602	0.020468112	-0.019330129	0.045888342	-0.04759044	0.036026776	-0.05221684	0.053000674	-0.08915195	0.11362103	-0.18063602	0.036517005	-0.053202502	0.09212371	-0.17438887	0.9999992	-0.053782426	0.04956053	-0.0896488	0.14091739	-0.94202965
0.009834117	-0.011851454	0.017669486	-0.01978413	0.022514282	-0.009361515	0.011654988	-0.035456378	0.03789072	-0.02198173	0.047579553	-0.041451294	0.041955825	-0.046137888	0.051626157	-0.043252174	0.056241296	-0.05135004	0.049668454	-0.042359676	0.059863627	-0.06501718	0.07338514	-0.10158126	0.05448411	-0.052401047	0.04823079	-0.09961867	0.08956314	-0.059786245	0.305815	-0.30352458	0.21271694	-0.2097468	0.070924625	-0.6441741	0.26585436	-0.18955077	0.1414707	-0.053782426	0.99999905	-0.5009934	0.14264293	-0.18206128	0.054345664
-0.0084945345	0.010211027	-0.015262307	0.017019076	-0.01965027	0.008067133	-0.010064941	0.030335661	-0.03305423	0.01908732	-0.042286072	0.036137003	-0.036743928	0.039819933	-0.04550561	0.038044743	-0.04985379	0.04454378	-0.04367766	0.036600143	-0.05381204	0.05589595	-0.06497987	0.08293934	-0.046529498	0.044783548	-0.04254819	0.08569156	-0.07671322	0.049974386	-0.3033339	0.27641922	-0.24116875	0.1685544	-0.06159899	0.24289297	-0.6890375	0.20818107	-0.14477707	0.04956053	-0.5009934	0.99999887	-0.19077753	0.1630889	-0.051749762
0.008588369	-0.010312694	0.015463151	-0.017216435	0.020103179	-0.008143742	0.0101724025	-0.03057065	0.03364079	-0.01949935	0.04304991	-0.03653948	0.03740772	-0.040416103	0.047396522	-0.03837758	0.050622188	-0.04528581	0.044895776	-0.037992056	0.054612286	-0.05605683	0.06644554	-0.08899495	0.05031497	-0.039171692	0.037133835	-0.086760506	0.086054064	-0.05409067	0.13300653	-0.15272188	0.21113577	-0.22305748	0.071423784	-0.10127143	0.1868361	-0.68720376	0.2742598	-0.0896488	0.14264293	-0.19077753	0.9999989	-0.5906243	0.09209134
-0.012164877	0.014571475	-0.021912266	0.024337875	-0.028692948	0.01150621	-0.014383822	0.04301417	-0.04803571	0.027701467	-0.06154396	0.051442806	-0.052833416	0.05660853	-0.06759592	0.054180883	-0.071536705	0.0631396	-0.063525125	0.05315411	-0.07837774	0.076768845	-0.09182845	0.11494776	-0.069231465	0.051651277	-0.049655907	0.114523195	-0.11733013	0.072501786	-0.17424838	0.16936709	-0.29954645	0.27207348	-0.10779993	0.118904315	-0.18498382	0.3173379	-0.5583111	0.14091739	-0.18206128	0.1630889	-0.5906243	0.9999989	-0.16724914
0.005736096	-0.006882772	0.010388874	-0.011637218	0.013477552	-0.0054242834	0.0067449138	-0.020638375	0.022526953	-0.013076974	0.026547763	-0.022706728	0.023372212	-0.025758034	0.030829666	-0.023336124	0.030364681	-0.027979452	0.028083915	-0.024894819	0.032913893	-0.03331705	0.03798049	-0.052558575	0.033904325	-0.02138837	0.020112759	-0.047992878	0.04927401	-0.0371708	0.052728534	-0.0545505	0.089208804	-0.121302545	0.15178145	-0.037356764	0.054538023	-0.09893229	0.15093714	-0.94202965	0.054345664	-0.051749762	0.09209134	-0.16724914	0.9999989
