1.0000001	-0.5749181	0.27722582	-0.34929064	0.083772756	-0.45997062	0.23232554	-0.24006431	0.2052186	-0.07073058	0.27242136	-0.25620335	0.20018436	-0.23584493	0.20633844	-0.22414382	0.19057482	-0.19529635	0.1147735	-0.101103835	0.19772501	-0.14505294	0.16060449	-0.11583301	0.07852528	-0.12446207	0.100434065	-0.1185914	0.08523477	-0.04595281	0.09066634	-0.08710256	0.08648894	-0.0666078	0.053322945	-0.05422283	0.06573546	-0.066662036	0.082023375	-0.04714008	0.06931549	-0.057051934	0.064869665	-0.062864386	0.036355283
-0.5749181	1.0000001	-0.60502887	0.27776924	-0.07809681	0.2095739	-0.29977164	0.26019937	-0.2105908	0.06495602	-0.21681051	0.21957049	-0.19551358	0.19781968	-0.19251402	0.16033135	-0.1640231	0.16064087	-0.0979508	0.083335675	-0.17056216	0.11876101	-0.14004092	0.09322024	-0.06585056	0.09889657	-0.08262668	0.09536467	-0.07119926	0.037966162	-0.07525418	0.07026846	-0.07221589	0.05504481	-0.044513255	0.04471347	-0.05438241	0.054969694	-0.06831267	0.03846491	-0.057720635	0.04692576	-0.053863343	0.051232487	-0.029849214
0.27722582	-0.60502887	1.0000001	-0.4705179	0.08297281	-0.16205342	0.2589143	-0.46791235	0.24797693	-0.07030165	0.15965037	-0.23477527	0.20358402	-0.23544493	0.19328994	-0.1462467	0.15208234	-0.17092489	0.09979142	-0.08614311	0.15425447	-0.113363475	0.13279884	-0.096340284	0.0670624	-0.094311304	0.07835445	-0.09175969	0.06825076	-0.036498107	0.07202527	-0.06763786	0.069170706	-0.052886963	0.042691275	-0.042905565	0.052169632	-0.05280578	0.065552704	-0.037058637	0.055362463	-0.045102697	0.05169487	-0.04936577	0.028723333
-0.34929064	0.27776924	-0.4705179	1.0000001	-0.16935274	0.18219139	-0.2586626	0.2823868	-0.47450343	0.13308637	-0.20870182	0.23422119	-0.24574159	0.30073807	-0.36929128	0.18858261	-0.2067522	0.20465925	-0.13769807	0.11937506	-0.2359316	0.15819664	-0.19754303	0.12871698	-0.09567945	0.13615942	-0.115764365	0.13412422	-0.10579119	0.05620112	-0.11259768	0.10224439	-0.10803398	0.081416	-0.066646285	0.06668163	-0.08138098	0.08177441	-0.10293324	0.05692438	-0.08728419	0.06997701	-0.08098145	0.07575329	-0.044450637
0.083772756	-0.07809681	0.08297281	-0.16935274	0.9999999	-0.05415207	0.07326607	-0.084521934	0.11677666	-0.9207214	0.059233095	-0.082161605	0.08286369	-0.14546691	0.22807321	-0.06723623	0.07172575	-0.08519046	0.06100069	-0.06263101	0.0792508	-0.058798485	0.07023896	-0.064042814	0.04625517	-0.05332927	0.043833237	-0.053361073	0.04089867	-0.02215066	0.043969985	-0.041506674	0.04179542	-0.0320139	0.02588382	-0.026354514	0.032060422	-0.032338846	0.040316354	-0.023025138	0.034212682	-0.027870994	0.03182149	-0.030693572	0.017809207
-0.45997062	0.2095739	-0.16205342	0.18219139	-0.05415207	0.99999964	-0.21535891	0.15714674	-0.13256834	0.045347095	-0.7656412	0.19782732	-0.15057674	0.14517935	-0.1376649	0.2172888	-0.17957279	0.13938372	-0.081731945	0.06912222	-0.1878751	0.11718783	-0.12798396	0.078791164	-0.054364696	0.09518978	-0.078498274	0.08753875	-0.06251808	0.033276796	-0.06598033	0.062452998	-0.06309608	0.048354317	-0.038750492	0.03910084	-0.047405563	0.048034593	-0.059072573	0.03356334	-0.049855404	0.040880803	-0.046689253	0.04473155	-0.025958104
0.23232554	-0.29977164	0.2589143	-0.2586626	0.07326607	-0.21535891	0.9999997	-0.5628058	0.23567818	-0.06259841	0.1927302	-0.60460216	0.26833192	-0.24581428	0.18002622	-0.16531807	0.18080245	-0.20291182	0.11015528	-0.092522785	0.16131498	-0.12512428	0.1420017	-0.10372453	0.07136682	-0.09770915	0.08150038	-0.09444438	0.06871892	-0.036641225	0.071742505	-0.06779217	0.06921635	-0.05313698	0.042701654	-0.04272919	0.05190934	-0.052719846	0.06515334	-0.03692519	0.054863907	-0.044872686	0.05138088	-0.049184784	0.028582301
-0.24006431	0.26019937	-0.46791235	0.2823868	-0.084521934	0.15714674	-0.5628058	0.99999994	-0.42630112	0.072239816	-0.16678607	0.28842482	-0.33091372	0.2645354	-0.20046592	0.1487995	-0.17186244	0.19585522	-0.11246547	0.092139296	-0.16133189	0.12019322	-0.14444745	0.101858474	-0.072139375	0.09577835	-0.0808815	0.09355624	-0.069784634	0.037087683	-0.07286817	0.06798795	-0.070419915	0.05376586	-0.043457754	0.04331927	-0.052714333	0.05342387	-0.06640286	0.037314963	-0.055947904	0.045486398	-0.05229575	0.049680594	-0.028964289
0.2052186	-0.2105908	0.24797693	-0.47450343	0.11677666	-0.13256834	0.23567818	-0.42630112	0.9999999	-0.11098967	0.14203359	-0.23546888	0.2357736	-0.6509834	0.24501823	-0.1415237	0.15668176	-0.18625756	0.111324474	-0.09663008	0.1587966	-0.117554344	0.14083737	-0.10580634	0.0749874	-0.09736105	0.08162753	-0.09574521	0.07233057	-0.038610935	0.076172724	-0.07100406	0.07329987	-0.055923924	0.04528211	-0.045349766	0.05520323	-0.055833478	0.06956158	-0.03913227	0.058747333	-0.047689434	0.054799147	-0.05210957	0.030378362
-0.07073058	0.06495602	-0.07030165	0.13308637	-0.9207214	0.045347095	-0.06259841	0.072239816	-0.11098967	1.0	-0.049819887	0.068922415	-0.07076492	0.12405121	-0.3028648	0.055907242	-0.06023794	0.0713962	-0.053767245	0.056171965	-0.066070065	0.048920985	-0.058744356	0.054621182	-0.041545056	0.043955725	-0.036253408	0.04396601	-0.033759717	0.01824775	-0.036146827	0.03404775	-0.03443154	0.026371708	-0.021332249	0.02165049	-0.026343886	0.02658519	-0.03315718	0.018895183	-0.028112488	0.022885729	-0.026157297	0.025182933	-0.014622504
0.27242136	-0.21681051	0.15965037	-0.20870182	0.059233095	-0.7656412	0.1927302	-0.16678607	0.14203359	-0.049819887	0.99999994	-0.25329584	0.16655567	-0.16523695	0.15034534	-0.3615537	0.2037231	-0.16520356	0.093225345	-0.08001337	0.20377474	-0.13709539	0.1419953	-0.09180173	0.062195946	-0.11071923	0.08908383	-0.10074424	0.07025256	-0.037580036	0.07418715	-0.07124521	0.07084252	-0.054611024	0.043517154	-0.04412305	0.053401366	-0.054232653	0.066339694	-0.03804129	0.055972975	-0.04617543	0.05250489	-0.050725665	0.029337484
-0.25620335	0.21957049	-0.23477527	0.23422119	-0.082161605	0.19782732	-0.60460216	0.28842482	-0.23546888	0.068922415	-0.25329584	0.9999997	-0.49486533	0.23537561	-0.21079446	0.20150173	-0.27704757	0.2529867	-0.14193986	0.11127694	-0.20607065	0.16027412	-0.1882975	0.123742394	-0.08759515	0.118948855	-0.101611584	0.11526339	-0.08427966	0.04457972	-0.08712492	0.08155799	-0.08459236	0.064705804	-0.05212721	0.05172085	-0.06289897	0.06391591	-0.07914514	0.044491723	-0.06649889	0.054216143	-0.062325794	0.059228297	-0.034511868
0.20018436	-0.19551358	0.20358402	-0.24574159	0.08286369	-0.15057674	0.26833192	-0.33091372	0.2357736	-0.07076492	0.16655567	-0.49486533	0.9999999	-0.35161293	0.21588737	-0.19144544	0.23575263	-0.56947064	0.19353998	-0.15698986	0.18823928	-0.16395581	0.18814538	-0.17242499	0.11359948	-0.1188737	0.10025042	-0.11737915	0.08405977	-0.04465232	0.08562052	-0.08141717	0.083554134	-0.06474137	0.051726483	-0.051106	0.06208157	-0.063458756	0.07815668	-0.044387866	0.06543877	-0.053734414	0.06154045	-0.05909304	0.034308888
-0.23584493	0.19781968	-0.23544493	0.30073807	-0.14546691	0.14517935	-0.24581428	0.2645354	-0.6509834	0.12405121	-0.16523695	0.23537561	-0.35161293	1.0000001	-0.40375417	0.16682965	-0.1956238	0.22007126	-0.14542013	0.12291646	-0.2029936	0.14503965	-0.18214591	0.12988424	-0.09729097	0.120246984	-0.10241367	0.11908134	-0.09228631	0.048988987	-0.09693609	0.08896982	-0.09358702	0.07095389	-0.05781253	0.057543065	-0.0701734	0.07083691	-0.088787355	0.049399026	-0.07498723	0.060454756	-0.06982869	0.06573852	-0.038481317
0.20633844	-0.19251402	0.19328994	-0.36929128	0.22807321	-0.1376649	0.18002622	-0.20046592	0.24501823	-0.3028648	0.15034534	-0.21079446	0.21588737	-0.40375417	1.0000002	-0.17842138	0.19024216	-0.23607278	0.18056354	-0.21499984	0.20914653	-0.15786263	0.18764426	-0.1922534	0.14237007	-0.14409119	0.11795495	-0.14471152	0.11069538	-0.0600968	0.11884615	-0.11275912	0.1129268	-0.08680342	0.07003652	-0.07136164	0.08677898	-0.08762263	0.10909946	-0.06257635	0.0925463	-0.07556119	0.086127914	-0.0834281	0.048336875
-0.22414382	0.16033135	-0.1462467	0.18858261	-0.06723623	0.2172888	-0.16531807	0.1487995	-0.1415237	0.055907242	-0.3615537	0.20150173	-0.19144544	0.16682965	-0.17842138	1.0000002	-0.5754771	0.22002743	-0.12498221	0.10113697	-0.5485855	0.247554	-0.24255945	0.11650176	-0.08033287	0.18550152	-0.15335846	0.1560623	-0.10579774	0.055573344	-0.11115924	0.10516323	-0.105815984	0.08116256	-0.064459965	0.065103926	-0.07864493	0.07974677	-0.0969649	0.055057324	-0.081740156	0.06737293	-0.07681484	0.07339244	-0.042542458
0.19057482	-0.1640231	0.15208234	-0.2067522	0.07172575	-0.17957279	0.18080245	-0.17186244	0.15668176	-0.06023794	0.2037231	-0.27704757	0.23575263	-0.1956238	0.19024216	-0.5754771	0.99999994	-0.39812607	0.16377272	-0.13565019	0.29889792	-0.43490383	0.27602997	-0.15580021	0.10200836	-0.19168271	0.1618181	-0.17431773	0.11017039	-0.058377076	0.1127128	-0.11069149	0.10923883	-0.08526134	0.06675264	-0.067022346	0.080893844	-0.083007015	0.09989616	-0.057666905	0.08366382	-0.06983283	0.079151265	-0.07688942	0.04430913
-0.19529635	0.16064087	-0.17092489	0.20465925	-0.08519046	0.13938372	-0.20291182	0.19585522	-0.18625756	0.0713962	-0.16520356	0.2529867	-0.56947064	0.22007126	-0.23607278	0.22002743	-0.39812607	0.9999994	-0.40366954	0.20290096	-0.23230773	0.21234399	-0.2862415	0.2133919	-0.15764272	0.13990246	-0.123066925	0.14068685	-0.10087611	0.052732106	-0.09986755	0.09404139	-0.09910076	0.07657326	-0.061287694	0.05942429	-0.072307646	0.07421318	-0.091566995	0.05144383	-0.07615799	0.062378515	-0.07187424	0.068411544	-0.039855253
0.1147735	-0.0979508	0.09979142	-0.13769807	0.06100069	-0.081731945	0.11015528	-0.11246547	0.111324474	-0.053767245	0.093225345	-0.14193986	0.19353998	-0.14542013	0.18056354	-0.12498221	0.16377272	-0.40366954	0.99999994	-0.6022942	0.13397539	-0.120931	0.1484065	-0.54337126	0.30528924	-0.08832509	0.07554443	-0.091281295	0.07139602	-0.03726064	0.06491088	-0.06216434	0.06577314	-0.053660564	0.042128485	-0.039095957	0.04757844	-0.049630642	0.061207157	-0.034868933	0.050090123	-0.041443888	0.04765737	-0.04626138	0.026846264
-0.101103835	0.083335675	-0.08614311	0.11937506	-0.06263101	0.06912222	-0.092522785	0.092139296	-0.09663008	0.056171965	-0.08001337	0.11127694	-0.15698986	0.12291646	-0.21499984	0.10113697	-0.13565019	0.20290096	-0.6022942	0.9999999	-0.11774395	0.09822713	-0.12787664	0.3304071	-0.6418245	0.07496612	-0.06466448	0.077245265	-0.06166223	0.03234955	-0.057200797	0.054038215	-0.057764694	0.04621803	-0.037022874	0.034354657	-0.04187626	0.0434228	-0.05396243	0.030446507	-0.044290047	0.03637904	-0.041994054	0.040389292	-0.023526702
0.19772501	-0.17056216	0.15425447	-0.2359316	0.0792508	-0.1878751	0.16131498	-0.16133189	0.1587966	-0.066070065	0.20377474	-0.20607065	0.18823928	-0.2029936	0.20914653	-0.5485855	0.29889792	-0.23230773	0.13397539	-0.11774395	0.9999999	-0.3627232	0.27132794	-0.13979635	0.09252525	-0.39043736	0.23279145	-0.24735455	0.14872783	-0.079803936	0.16149494	-0.16175212	0.14916633	-0.116960675	0.09039328	-0.095332205	0.11341662	-0.11535292	0.13627405	-0.080430456	0.1156244	-0.0978785	0.10904217	-0.107550606	0.061433293
-0.14505294	0.11876101	-0.113363475	0.15819664	-0.058798485	0.11718783	-0.12512428	0.12019322	-0.117554344	0.048920985	-0.13709539	0.16027412	-0.16395581	0.14503965	-0.15786263	0.247554	-0.43490383	0.21234399	-0.120931	0.09822713	-0.3627232	0.9999997	-0.6898587	0.1188693	-0.080619395	0.23275335	-0.2929983	0.23029596	-0.13540384	0.068689704	-0.13093293	0.12696919	-0.13156347	0.10147767	-0.0787833	0.07678025	-0.09314581	0.09624174	-0.114955015	0.06513182	-0.095109485	0.07932155	-0.09084698	0.08671212	-0.050195567
0.16060449	-0.14004092	0.13279884	-0.19754303	0.07023896	-0.12798396	0.1420017	-0.14444745	0.14083737	-0.058744356	0.1419953	-0.1882975	0.18814538	-0.18214591	0.18764426	-0.24255945	0.27602997	-0.2862415	0.1484065	-0.12787664	0.27132794	-0.6898587	0.9999994	-0.16323662	0.10291919	-0.25558096	0.23428018	-0.33652928	0.15702347	-0.08240462	0.14533031	-0.14917973	0.15136868	-0.12183885	0.09140401	-0.088018544	0.10631866	-0.11371255	0.13264054	-0.07802896	0.10845862	-0.09280133	0.10497379	-0.10394775	0.05941983
-0.11583301	0.09322024	-0.096340284	0.12871698	-0.064042814	0.078791164	-0.10372453	0.101858474	-0.10580634	0.054621182	-0.09180173	0.123742394	-0.17242499	0.12988424	-0.1922534	0.11650176	-0.15580021	0.2133919	-0.54337126	0.3304071	-0.13979635	0.1188693	-0.16323662	0.9999997	-0.6751031	0.09049219	-0.07897218	0.096362926	-0.0855106	0.042433213	-0.069206595	0.0656957	-0.07260698	0.060958095	-0.047680475	0.04184287	-0.051088747	0.05398656	-0.06717289	0.037822824	-0.053913113	0.044560466	-0.051686913	0.050015897	-0.029149983
0.07852528	-0.06585056	0.0670624	-0.09567945	0.04625517	-0.054364696	0.07136682	-0.072139375	0.0749874	-0.041545056	0.062195946	-0.08759515	0.11359948	-0.09729097	0.14237007	-0.08033287	0.10200836	-0.15764272	0.30528924	-0.6418245	0.09252525	-0.080619395	0.10291919	-0.6751031	0.99999946	-0.06225088	0.05336206	-0.06605287	0.05575005	-0.029151838	0.047103263	-0.04523795	0.048774432	-0.04131066	0.03229733	-0.028547099	0.03478591	-0.03673546	0.045400206	-0.025931792	0.036648456	-0.030441428	0.035089396	-0.0343141	0.01991544
-0.12446207	0.09889657	-0.094311304	0.13615942	-0.05332927	0.09518978	-0.09770915	0.09577835	-0.09736105	0.043955725	-0.11071923	0.118948855	-0.1188737	0.120246984	-0.14409119	0.18550152	-0.19168271	0.13990246	-0.08832509	0.07496612	-0.39043736	0.23275335	-0.25558096	0.09049219	-0.06225088	0.9999991	-0.6895704	0.2966423	-0.20948404	0.10095644	-0.26974168	0.20761333	-0.20640069	0.1510947	-0.119739875	0.1319867	-0.15468915	0.14736061	-0.17559654	0.09563635	-0.15414596	0.124428734	-0.14147064	0.1277731	-0.07471995
0.100434065	-0.08262668	0.07835445	-0.115764365	0.043833237	-0.078498274	0.08150038	-0.0808815	0.08162753	-0.036253408	0.08908383	-0.101611584	0.10025042	-0.10241367	0.11795495	-0.15335846	0.1618181	-0.123066925	0.07554443	-0.06466448	0.23279145	-0.2929983	0.23428018	-0.07897218	0.05336206	-0.6895704	0.9999991	-0.5236511	0.18546423	-0.09084476	0.18358505	-0.20052606	0.17577137	-0.1392645	0.10052412	-0.104188174	0.124773666	-0.12686442	0.14238977	-0.08146259	0.11972425	-0.102051936	0.11449587	-0.10876279	0.062387116
-0.1185914	0.09536467	-0.09175969	0.13412422	-0.053361073	0.08753875	-0.09444438	0.09355624	-0.09574521	0.04396601	-0.10074424	0.11526339	-0.11737915	0.11908134	-0.14471152	0.1560623	-0.17431773	0.14068685	-0.091281295	0.077245265	-0.24735455	0.23029596	-0.33652928	0.096362926	-0.06605287	0.2966423	-0.5236511	0.9999987	-0.42400572	0.15722708	-0.21777946	0.2068519	-0.3460033	0.24507976	-0.18123502	0.13405035	-0.16788717	0.19802904	-0.23563741	0.124043524	-0.17186962	0.1447939	-0.17881976	0.16316365	-0.09627829
0.08523477	-0.07119926	0.06825076	-0.10579119	0.04089867	-0.06251808	0.06871892	-0.069784634	0.07233057	-0.033759717	0.07025256	-0.08427966	0.08405977	-0.09228631	0.11069538	-0.10579774	0.11017039	-0.10087611	0.07139602	-0.06166223	0.14872783	-0.13540384	0.15702347	-0.0855106	0.05575005	-0.20948404	0.18546423	-0.42400572	0.9999983	-0.35962847	0.16127497	-0.18848906	0.28274968	-0.62778	0.2569977	-0.11413158	0.14018144	-0.20705879	0.23581058	-0.1486225	0.14014858	-0.13656048	0.15992132	-0.18858895	0.105827756
-0.04595281	0.037966162	-0.036498107	0.05620112	-0.02215066	0.033276796	-0.036641225	0.037087683	-0.038610935	0.01824775	-0.037580036	0.04457972	-0.04465232	0.048988987	-0.0600968	0.055573344	-0.058377076	0.052732106	-0.03726064	0.03234955	-0.079803936	0.068689704	-0.08240462	0.042433213	-0.029151838	0.10095644	-0.09084476	0.15722708	-0.35962847	0.99999785	-0.09214755	0.101246335	-0.16230074	0.21694349	-0.87726766	0.065141715	-0.081265	0.11245485	-0.151853	0.10514929	-0.08367121	0.07812186	-0.0963237	0.11155871	-0.077948235
0.09066634	-0.07525418	0.07202527	-0.11259768	0.043969985	-0.06598033	0.071742505	-0.07286817	0.076172724	-0.036146827	0.07418715	-0.08712492	0.08562052	-0.09693609	0.11884615	-0.11115924	0.1127128	-0.09986755	0.06491088	-0.057200797	0.16149494	-0.13093293	0.14533031	-0.069206595	0.047103263	-0.26974168	0.18358505	-0.21777946	0.16127497	-0.09214755	0.9999979	-0.66513485	0.20539935	-0.15077889	0.10284929	-0.4645096	0.30693793	-0.21051262	0.19047488	-0.1289276	0.25440156	-0.23524587	0.19077563	-0.18285541	0.09683257
-0.08710256	0.07026846	-0.06763786	0.10224439	-0.041506674	0.062452998	-0.06779217	0.06798795	-0.07100406	0.03404775	-0.07124521	0.08155799	-0.08141717	0.08896982	-0.11275912	0.10516323	-0.11069149	0.09404139	-0.06216434	0.054038215	-0.16175212	0.12696919	-0.14917973	0.0656957	-0.04523795	0.20761333	-0.20052606	0.2068519	-0.18848906	0.101246335	-0.66513485	0.9999978	-0.2764558	0.1696146	-0.11842116	0.29628375	-0.4707374	0.22977519	-0.22229019	0.12694475	-0.2866721	0.21916308	-0.21798196	0.17721376	-0.09974741
0.08648894	-0.07221589	0.069170706	-0.10803398	0.04179542	-0.06309608	0.06921635	-0.070419915	0.07329987	-0.03443154	0.07084252	-0.08459236	0.083554134	-0.09358702	0.1129268	-0.105815984	0.10923883	-0.09910076	0.06577314	-0.057764694	0.14916633	-0.13156347	0.15136868	-0.07260698	0.048774432	-0.20640069	0.17577137	-0.3460033	0.28274968	-0.16230074	0.20539935	-0.2764558	0.9999977	-0.5222094	0.16763951	-0.16234978	0.20598157	-0.5200639	0.2784177	-0.17025568	0.18878613	-0.2003605	0.24375218	-0.23567486	0.12495172
-0.0666078	0.05504481	-0.052886963	0.081416	-0.0320139	0.048354317	-0.05313698	0.05376586	-0.055923924	0.026371708	-0.054611024	0.064705804	-0.06474137	0.07095389	-0.08680342	0.08116256	-0.08526134	0.07657326	-0.053660564	0.04621803	-0.116960675	0.10147767	-0.12183885	0.060958095	-0.04131066	0.1510947	-0.1392645	0.24507976	-0.62778	0.21694349	-0.15077889	0.1696146	-0.5222094	0.99999756	-0.27010328	0.11153525	-0.14342166	0.23319414	-0.35336664	0.1495494	-0.14160068	0.13547505	-0.17738116	0.18910177	-0.10992404
0.053322945	-0.044513255	0.042691275	-0.066646285	0.02588382	-0.038750492	0.042701654	-0.043457754	0.04528211	-0.021332249	0.043517154	-0.05212721	0.051726483	-0.05781253	0.07003652	-0.064459965	0.06675264	-0.061287694	0.042128485	-0.037022874	0.09039328	-0.0787833	0.09140401	-0.047680475	0.03229733	-0.119739875	0.10052412	-0.18123502	0.2569977	-0.87726766	0.10284929	-0.11842116	0.16763951	-0.27010328	0.9999975	-0.0734464	0.090358146	-0.12723362	0.16024593	-0.13229258	0.09237151	-0.08916443	0.10620853	-0.13323511	0.08961251
-0.05422283	0.04471347	-0.042905565	0.06668163	-0.026354514	0.03910084	-0.04272919	0.04331927	-0.045349766	0.02165049	-0.04412305	0.05172085	-0.051106	0.057543065	-0.07136164	0.065103926	-0.067022346	0.05942429	-0.039095957	0.034354657	-0.095332205	0.07678025	-0.088018544	0.04184287	-0.028547099	0.1319867	-0.104188174	0.13405035	-0.11413158	0.065141715	-0.4645096	0.29628375	-0.16234978	0.11153525	-0.0734464	0.99999774	-0.6442156	0.19980322	-0.1562707	0.099652216	-0.48489213	0.2524347	-0.19290735	0.14579347	-0.07753581
0.06573546	-0.05438241	0.052169632	-0.08138098	0.032060422	-0.047405563	0.05190934	-0.052714333	0.05520323	-0.026343886	0.053401366	-0.06289897	0.06208157	-0.0701734	0.08677898	-0.07864493	0.080893844	-0.072307646	0.04757844	-0.04187626	0.11341662	-0.09314581	0.10631866	-0.051088747	0.03478591	-0.15468915	0.124773666	-0.16788717	0.14018144	-0.081265	0.30693793	-0.4707374	0.20598157	-0.14342166	0.090358146	-0.6442156	0.99999744	-0.33256644	0.19187514	-0.12636344	0.29122442	-0.3158866	0.22635402	-0.18486713	0.096266635
-0.066662036	0.054969694	-0.05280578	0.08177441	-0.032338846	0.048034593	-0.052719846	0.05342387	-0.055833478	0.02658519	-0.054232653	0.06391591	-0.063458756	0.07083691	-0.08762263	0.07974677	-0.083007015	0.07421318	-0.049630642	0.0434228	-0.11535292	0.09624174	-0.11371255	0.05398656	-0.03673546	0.14736061	-0.12686442	0.19802904	-0.20705879	0.11245485	-0.21051262	0.22977519	-0.5200639	0.23319414	-0.12723362	0.19980322	-0.33256644	0.9999973	-0.3914269	0.17240489	-0.25406995	0.2538146	-0.53067905	0.25162038	-0.1395461
0.082023375	-0.06831267	0.065552704	-0.10293324	0.040316354	-0.059072573	0.06515334	-0.06640286	0.06956158	-0.03315718	0.066339694	-0.07914514	0.07815668	-0.088787355	0.10909946	-0.0969649	0.09989616	-0.091566995	0.061207157	-0.05396243	0.13627405	-0.114955015	0.13264054	-0.06717289	0.045400206	-0.17559654	0.14238977	-0.23563741	0.23581058	-0.151853	0.19047488	-0.22229019	0.2784177	-0.35336664	0.16024593	-0.1562707	0.19187514	-0.3914269	0.99999744	-0.4309783	0.19624911	-0.20991567	0.2666722	-0.5171245	0.2597188
-0.04714008	0.03846491	-0.037058637	0.05692438	-0.023025138	0.03356334	-0.03692519	0.037314963	-0.03913227	0.018895183	-0.03804129	0.044491723	-0.044387866	0.049399026	-0.06257635	0.055057324	-0.057666905	0.05144383	-0.034868933	0.030446507	-0.080430456	0.06513182	-0.07802896	0.037822824	-0.025931792	0.09563635	-0.08146259	0.124043524	-0.1486225	0.10514929	-0.1289276	0.12694475	-0.17025568	0.1495494	-0.13229258	0.099652216	-0.12636344	0.17240489	-0.4309783	0.99999756	-0.14767796	0.13277341	-0.20130749	0.31071246	-0.7717521
0.06931549	-0.057720635	0.055362463	-0.08728419	0.034212682	-0.049855404	0.054863907	-0.055947904	0.058747333	-0.028112488	0.055972975	-0.06649889	0.06543877	-0.07498723	0.0925463	-0.081740156	0.08366382	-0.07615799	0.050090123	-0.044290047	0.1156244	-0.095109485	0.10845862	-0.053913113	0.036648456	-0.15414596	0.11972425	-0.17186962	0.14014858	-0.08367121	0.25440156	-0.2866721	0.18878613	-0.14160068	0.09237151	-0.48489213	0.29122442	-0.25406995	0.19624911	-0.14767796	0.99999756	-0.6451908	0.27077997	-0.22533219	0.11178546
-0.057051934	0.04692576	-0.045102697	0.06997701	-0.027870994	0.040880803	-0.044872686	0.045486398	-0.047689434	0.022885729	-0.04617543	0.054216143	-0.053734414	0.060454756	-0.07556119	0.06737293	-0.06983283	0.062378515	-0.041443888	0.03637904	-0.0978785	0.07932155	-0.09280133	0.044560466	-0.030441428	0.124428734	-0.102051936	0.1447939	-0.13656048	0.07812186	-0.23524587	0.21916308	-0.2003605	0.13547505	-0.08916443	0.2524347	-0.3158866	0.2538146	-0.20991567	0.13277341	-0.6451908	0.9999973	-0.5422759	0.21037686	-0.113059126
0.064869665	-0.053863343	0.05169487	-0.08098145	0.03182149	-0.046689253	0.05138088	-0.05229575	0.054799147	-0.026157297	0.05250489	-0.062325794	0.06154045	-0.06982869	0.086127914	-0.07681484	0.079151265	-0.07187424	0.04765737	-0.041994054	0.10904217	-0.09084698	0.10497379	-0.051686913	0.035089396	-0.14147064	0.11449587	-0.17881976	0.15992132	-0.0963237	0.19077563	-0.21798196	0.24375218	-0.17738116	0.10620853	-0.19290735	0.22635402	-0.53067905	0.2666722	-0.20130749	0.27077997	-0.5422759	0.9999975	-0.40936226	0.16667974
-0.062864386	0.051232487	-0.04936577	0.07575329	-0.030693572	0.04473155	-0.049184784	0.049680594	-0.05210957	0.025182933	-0.050725665	0.059228297	-0.05909304	0.06573852	-0.0834281	0.07339244	-0.07688942	0.068411544	-0.04626138	0.040389292	-0.107550606	0.08671212	-0.10394775	0.050015897	-0.0343141	0.1277731	-0.10876279	0.16316365	-0.18858895	0.11155871	-0.18285541	0.17721376	-0.23567486	0.18910177	-0.13323511	0.14579347	-0.18486713	0.25162038	-0.5171245	0.31071246	-0.22533219	0.21037686	-0.40936226	0.9999976	-0.5304908
0.036355283	-0.029849214	0.028723333	-0.044450637	0.017809207	-0.025958104	0.028582301	-0.028964289	0.030378362	-0.014622504	0.029337484	-0.034511868	0.034308888	-0.038481317	0.048336875	-0.042542458	0.04430913	-0.039855253	0.026846264	-0.023526702	0.061433293	-0.050195567	0.05941983	-0.029149983	0.01991544	-0.07471995	0.062387116	-0.09627829	0.105827756	-0.077948235	0.09683257	-0.09974741	0.12495172	-0.10992404	0.08961251	-0.07753581	0.096266635	-0.1395461	0.2597188	-0.7717521	0.11178546	-0.113059126	0.16667974	-0.5304908	0.9999976
