1.2257865872234106
1.128230594098568
1.7798518985509872
0.971125390380621
1.561116050928831
0.6668115500360727
0.684911422431469
1.9423325583338737
1.4589483961462975
0.8777655400335789
0.6690776720643044
0.47612757980823517
1.1898898370563984
1.8745794035494328
0.6204330921173096
1.6991914343088865
0.9861739352345467
0.40623024106025696
1.0215207915753126
1.0477385837584734
1.0801807567477226
1.6715508922934532
0.09236996434628963
1.1814353968948126
1.1642013937234879
1.3626328147947788
1.4622511472553015
0.23029817640781403
1.139645081013441
1.6222368478775024
1.1703135315328836
1.711664004251361
0.7909568436443806
0.3223981261253357
0.9583354443311691
0.18296574614942074
0.24036654829978943
0.5221423152834177
1.6276517268270254
1.5223817359656096
0.4581144470721483
1.0625778026878834
1.3635163120925426
0.9449707269668579
0.9389206878840923
1.2539802771061659
0.8953622952103615
1.511476293206215
1.099951509386301
0.11070163175463676
0.7317233216017485
1.7044139709323645
0.8157725296914577
0.36482048593461514
1.523991420865059
0.9203032907098532
0.6798245348036289
1.8288189731538296
0.7519746702164412
0.1327056773006916
0.3428414389491081
1.7874249778687954
0.9428393263369799
1.566938104107976
0.5233922433108091
1.875215983018279
1.2121280431747437
0.8523710649460554
1.2538783699274063
1.8225888535380363
1.194025743752718
0.5344489309936762
1.3048814721405506
1.8680403251200914
0.2806858569383621
1.0749704409390688
