1.0000001	-0.70450896	0.32429585	-0.14913206	0.14770593	-0.25276336	0.23985422	-0.29179004	0.154517	-0.1961135	0.18191469	-0.22894183	0.19440778	-0.18566592	0.12263647	-0.25770018	0.14440618	-0.14297847	0.15990594	-0.1736995	0.15325502	-0.13985547	0.12452096	-0.13083135	0.103098236	-0.120339096	0.15991949	-0.12548988	0.122506715	-0.09581637	0.12796217	-0.119452946	0.11800536	-0.10256868	0.092422664	-0.09071569	0.10006547	-0.08490628	0.10018854	-0.08920742	0.12719208	-0.065004334	0.08652526	-0.054235168	0.053557564
-0.70450896	0.9999999	-0.5543083	0.10842162	-0.10858591	0.1832172	-0.29947215	0.20782937	-0.11296206	0.13015515	-0.1433942	0.19194037	-0.15360804	0.13281742	-0.08312669	0.17377298	-0.104324386	0.10395763	-0.11588923	0.11514288	-0.10776587	0.0985619	-0.08863516	0.091914356	-0.07059743	0.08323371	-0.11177621	0.08696326	-0.08498899	0.06527963	-0.08863578	0.081985705	-0.08125328	0.070368566	-0.063408844	0.06245155	-0.06872214	0.058234125	-0.06877438	0.06090854	-0.087655485	0.044615604	-0.05938332	0.036950342	-0.036568422
0.32429585	-0.5543083	1.0000005	-0.20891638	0.19198817	-0.22362587	0.23197335	-0.40711722	0.19837949	-0.24050318	0.18069063	-0.23201764	0.22691531	-0.22711453	0.14915507	-0.28054062	0.16546035	-0.16594383	0.18857504	-0.20902708	0.17600453	-0.16118813	0.14552663	-0.15327163	0.1224704	-0.13942523	0.18703578	-0.1471898	0.1443365	-0.113628805	0.14953943	-0.14018051	0.13896391	-0.120946005	0.10924293	-0.106330335	0.1180254	-0.1000752	0.11829669	-0.105346605	0.14947943	-0.07662023	0.102110185	-0.06406501	0.06330652
-0.14913206	0.10842162	-0.20891638	1.0000001	-0.77327067	0.10309288	-0.11757058	0.23920158	-0.453136	0.2187088	-0.097074196	0.11966908	-0.17875978	0.2467603	-0.14195679	0.14293642	-0.11533012	0.12180573	-0.15706944	0.14801803	-0.11720442	0.1086373	-0.10662117	0.110575505	-0.09014583	0.09157405	-0.1321663	0.10214565	-0.10401427	0.07998293	-0.10145004	0.09418161	-0.096341595	0.083689354	-0.0770576	0.07168542	-0.08169106	0.06872352	-0.08262913	0.072115734	-0.10197185	0.052582588	-0.07048709	0.043399427	-0.04349413
0.14770593	-0.10858591	0.19198817	-0.77327067	0.99999994	-0.11344072	0.122809425	-0.2877919	0.28260842	-0.33348188	0.10486918	-0.13029598	0.18260811	-0.28237435	0.17035168	-0.1628907	0.12374259	-0.13213609	0.16272628	-0.19347455	0.12681758	-0.11962611	0.1153728	-0.12295432	0.10348028	-0.10053502	0.14297347	-0.11377709	0.11465811	-0.093274914	0.11010896	-0.104280874	0.105554104	-0.09343466	0.085889705	-0.07827182	0.08927601	-0.07571055	0.09109831	-0.08104477	0.110509634	-0.057456225	0.0767958	-0.04851294	0.048306827
-0.25276336	0.1832172	-0.22362587	0.10309288	-0.11344072	0.99999976	-0.4827194	0.19435328	-0.12070429	0.12846644	-0.69703966	0.2854635	-0.2098399	0.14789838	-0.08862062	0.27622372	-0.15444121	0.1375769	-0.15270357	0.12004794	-0.16550191	0.13464248	-0.11737229	0.11638229	-0.08453139	0.11452001	-0.15157221	0.11049913	-0.107982785	0.077428296	-0.12124563	0.104600124	-0.10380688	0.087351054	-0.07834699	0.08234881	-0.08724115	0.07339102	-0.08595674	0.07453184	-0.115857996	0.056882616	-0.075448066	0.045065988	-0.04483819
0.23985422	-0.29947215	0.23197335	-0.11757058	0.122809425	-0.4827194	0.99999917	-0.2599434	0.14086676	-0.1415071	0.27941796	-0.6572451	0.2508769	-0.18470936	0.09449796	-0.25390902	0.14988343	-0.15518564	0.15764049	-0.12832198	0.14258309	-0.1362689	0.119122714	-0.12211444	0.08463049	-0.10620563	0.14140932	-0.11006364	0.105606005	-0.07809654	0.10971554	-0.10023405	0.098569	-0.08540199	0.076329045	-0.07622025	0.08238551	-0.07007082	0.08265276	-0.07292399	0.10587908	-0.053449497	0.07081828	-0.04387782	0.04344209
-0.29179004	0.20782937	-0.40711722	0.23920158	-0.2877919	0.19435328	-0.2599434	0.9999991	-0.43982622	0.23390564	-0.18859242	0.24018972	-0.4507269	0.30816194	-0.16771115	0.24505904	-0.2089372	0.22345655	-0.2719496	0.1984496	-0.20249766	0.18779074	-0.18655016	0.18472682	-0.13697754	0.15439503	-0.22245187	0.1685385	-0.16920954	0.12278557	-0.17045563	0.15478672	-0.1580103	0.13485137	-0.12289082	0.11915855	-0.13350703	0.111935146	-0.13354631	0.11525371	-0.16985443	0.08622582	-0.11548213	0.06965836	-0.06986345
0.154517	-0.11296206	0.19837949	-0.453136	0.28260842	-0.12070429	0.14086676	-0.43982622	0.9999989	-0.2692385	0.114097655	-0.15279734	0.24647142	-0.63334817	0.15245591	-0.16468735	0.13658276	-0.15843159	0.19785142	-0.16321775	0.1301243	-0.12836382	0.1266016	-0.13489822	0.0985443	-0.101458296	0.14530453	-0.11576961	0.11526552	-0.088269584	0.109688886	-0.10301147	0.104169115	-0.091687225	0.083609864	-0.077363275	0.08746943	-0.074162416	0.08912954	-0.07845759	0.10888071	-0.05626852	0.07510705	-0.046890568	0.04680059
-0.1961135	0.13015515	-0.24050318	0.2187088	-0.33348188	0.12846644	-0.1415071	0.23390564	-0.2692385	0.99999887	-0.122734755	0.14147209	-0.19684517	0.21793829	-0.6410075	0.18881428	-0.16006759	0.15661527	-0.20711266	0.30864578	-0.1792024	0.15442339	-0.15368384	0.15781814	-0.1761432	0.14253536	-0.21525799	0.16139407	-0.17659374	0.14337415	-0.16604385	0.15332273	-0.16324374	0.14151667	-0.13604456	0.1184069	-0.14078233	0.11681593	-0.14334998	0.12302987	-0.17162031	0.08987551	-0.12178836	0.07377076	-0.07519753
0.18191469	-0.1433942	0.18069063	-0.097074196	0.10486918	-0.69703966	0.27941796	-0.18859242	0.114097655	-0.122734755	0.999999	-0.3609976	0.19696178	-0.14613657	0.08381101	-0.48700207	0.15563782	-0.13780381	0.14465587	-0.11490875	0.16186991	-0.13739385	0.113052376	-0.11348287	0.079677545	-0.11340418	0.14246999	-0.106026515	0.101746276	-0.07348796	0.11338271	-0.09922298	0.09692095	-0.082401626	0.073440656	-0.077308506	0.08098904	-0.06861683	0.08021649	-0.07017334	0.106836945	-0.05277625	0.06971104	-0.042282403	0.041896082
-0.22894183	0.19194037	-0.23201764	0.11966908	-0.13029598	0.2854635	-0.6572451	0.24018972	-0.15279734	0.14147209	-0.3609976	0.99999887	-0.4556278	0.19633631	-0.09761666	0.24056861	-0.18291165	0.18402122	-0.18616274	0.13016564	-0.15539032	0.15020499	-0.13618298	0.13403605	-0.08976034	0.11293943	-0.15434551	0.11849244	-0.11410466	0.0822533	-0.11750776	0.10619406	-0.10502593	0.09059188	-0.08100242	0.08097511	-0.08742817	0.074238814	-0.087727554	0.07686335	-0.11276899	0.056661353	-0.07508184	0.046115294	-0.04578472
0.19440778	-0.15360804	0.22691531	-0.17875978	0.18260811	-0.2098399	0.2508769	-0.4507269	0.24647142	-0.19684517	0.19696178	-0.4556278	0.9999986	-0.43536	0.13372894	-0.26412705	0.2242689	-0.403592	0.27250722	-0.17691407	0.17749506	-0.20428295	0.19366804	-0.19995156	0.11759305	-0.1368789	0.18954143	-0.15949845	0.14830753	-0.108575374	0.13882126	-0.13255645	0.12988369	-0.11601407	0.10285852	-0.09730899	0.10690872	-0.09200288	0.10964214	-0.09766723	0.13355249	-0.06887996	0.09102214	-0.05795876	0.057292618
-0.18566592	0.13281742	-0.22711453	0.2467603	-0.28237435	0.14789838	-0.18470936	0.30816194	-0.63334817	0.21793829	-0.14613657	0.19633631	-0.43536	0.99999887	-0.16072214	0.19843169	-0.18466344	0.2215685	-0.33362943	0.1757568	-0.16329494	0.16507475	-0.17122068	0.17689107	-0.11743141	0.12516679	-0.18176694	0.14433917	-0.14363107	0.10474489	-0.13424264	0.12538505	-0.12684375	0.11134824	-0.10100873	0.0940263	-0.10573232	0.089730635	-0.10789771	0.09432085	-0.13194788	0.0679523	-0.09056797	0.056251254	-0.056211017
0.12263647	-0.08312669	0.14915507	-0.14195679	0.17035168	-0.08862062	0.09449796	-0.16771115	0.15245591	-0.6410075	0.08381101	-0.09761666	0.13372894	-0.16072214	0.99999875	-0.13452147	0.11193016	-0.1147529	0.15110597	-0.6443164	0.121167816	-0.11058694	0.11236885	-0.12185906	0.1677073	-0.09835029	0.1475239	-0.12279742	0.1328794	-0.14452301	0.11107635	-0.10877832	0.11352925	-0.10754032	0.104278214	-0.0799199	0.09602003	-0.082254745	0.102597766	-0.09542185	0.113117576	-0.06092597	0.08165719	-0.0543197	0.05434718
-0.25770018	0.17377298	-0.28054062	0.14293642	-0.1628907	0.27622372	-0.25390902	0.24505904	-0.16468735	0.18881428	-0.48700207	0.24056861	-0.26412705	0.19843169	-0.13452147	0.9999988	-0.3349867	0.22003263	-0.24904783	0.18438107	-0.38554636	0.2515796	-0.20066682	0.19205543	-0.13966674	0.22312893	-0.2770266	0.18949132	-0.18460539	0.12784593	-0.2280793	0.18417051	-0.18108234	0.1488147	-0.13282752	0.14956728	-0.15176891	0.12712684	-0.14717287	0.12627262	-0.20903309	0.099507116	-0.13131928	0.07631668	-0.0759782
0.14440618	-0.104324386	0.16546035	-0.11533012	0.12374259	-0.15444121	0.14988343	-0.2089372	0.13658276	-0.16006759	0.15563782	-0.18291165	0.2242689	-0.18466344	0.11193016	-0.3349867	0.9999986	-0.4722537	0.26669744	-0.16347615	0.23775704	-0.6582425	0.24677943	-0.23767672	0.11900525	-0.17858136	0.23434655	-0.19101211	0.16164893	-0.11275998	0.15248516	-0.15019433	0.13753092	-0.12393727	0.10622093	-0.10535836	0.109080315	-0.09601288	0.11273327	-0.10181114	0.13632518	-0.07025143	0.09119828	-0.059514243	0.05815925
-0.14297847	0.10395763	-0.16594383	0.12180573	-0.13213609	0.1375769	-0.15518564	0.22345655	-0.15843159	0.15661527	-0.13780381	0.18402122	-0.403592	0.2215685	-0.1147529	0.22003263	-0.4722537	0.9999985	-0.57971215	0.16214786	-0.18669774	0.26973322	-0.36595193	0.2717003	-0.12146344	0.13972226	-0.20806512	0.1849747	-0.1664978	0.111529194	-0.13430233	0.1323816	-0.1288515	0.11837232	-0.103123784	0.09316515	-0.10217282	0.089511216	-0.10787159	0.096403904	-0.124616146	0.0652167	-0.08545584	0.055919077	-0.0551387
0.15990594	-0.11588923	0.18857504	-0.15706944	0.16272628	-0.15270357	0.15764049	-0.2719496	0.19785142	-0.20711266	0.14465587	-0.18616274	0.27250722	-0.33362943	0.15110597	-0.24904783	0.26669744	-0.57971215	0.9999984	-0.23465544	0.19397265	-0.27116507	0.2906682	-0.45556164	0.15188257	-0.15521717	0.22066431	-0.2129354	0.19406947	-0.14132152	0.15075688	-0.153996	0.14876972	-0.14261216	0.12333497	-0.106721066	0.118964344	-0.105142675	0.12726706	-0.11646798	0.14252172	-0.07590886	0.09940834	-0.06709019	0.06578855
-0.1736995	0.11514288	-0.20902708	0.14801803	-0.19347455	0.12004794	-0.12832198	0.1984496	-0.16321775	0.30864578	-0.11490875	0.13016564	-0.17691407	0.1757568	-0.6443164	0.18438107	-0.16347615	0.16214786	-0.23465544	0.9999982	-0.18045914	0.15983991	-0.16749682	0.17706949	-0.34640855	0.14619823	-0.22783704	0.1823536	-0.2130723	0.2161729	-0.16869421	0.16313712	-0.17559023	0.16404396	-0.16670911	0.12128694	-0.14907748	0.12613462	-0.16025025	0.14363286	-0.17326334	0.09384604	-0.12664476	0.082026675	-0.08362729
0.15325502	-0.10776587	0.17600453	-0.11720442	0.12681758	-0.16550191	0.14258309	-0.20249766	0.1301243	-0.1792024	0.16186991	-0.15539032	0.17749506	-0.16329494	0.121167816	-0.38554636	0.23775704	-0.18669774	0.19397265	-0.18045914	0.99999815	-0.38223505	0.18637882	-0.18765959	0.12721524	-0.6299255	0.2774473	-0.19852118	0.17014356	-0.12279238	0.26573485	-0.21206054	0.17413065	-0.14599124	0.123587035	-0.17975399	0.14197199	-0.12478448	0.13638262	-0.12348835	0.19487017	-0.0940704	0.11787297	-0.07374917	0.07095193
-0.13985547	0.0985619	-0.16118813	0.1086373	-0.11962611	0.13464248	-0.1362689	0.18779074	-0.12836382	0.15442339	-0.13739385	0.15020499	-0.20428295	0.16507475	-0.11058694	0.2515796	-0.6582425	0.26973322	-0.27116507	0.15983991	-0.38223505	0.9999982	-0.34068564	0.23659831	-0.12701425	0.2164188	-0.3504936	0.21305983	-0.18255958	0.11886398	-0.18029563	0.16896537	-0.15439609	0.13428073	-0.11522624	0.11893692	-0.119913526	0.10518407	-0.12294595	0.10919454	-0.15257221	0.07705655	-0.09961833	0.06363546	-0.06237526
0.12452096	-0.08863516	0.14552663	-0.10662117	0.1153728	-0.11737229	0.119122714	-0.18655016	0.1266016	-0.15368384	0.113052376	-0.13618298	0.19366804	-0.17122068	0.11236885	-0.20066682	0.24677943	-0.36595193	0.2906682	-0.16749682	0.18637882	-0.34068564	0.99999833	-0.6839178	0.1522057	-0.15088418	0.239739	-0.36908224	0.23729043	-0.14578106	0.14014882	-0.15256043	0.14865752	-0.14972764	0.12394442	-0.09876866	0.11189896	-0.101703905	0.12523973	-0.11450621	0.12857737	-0.07040106	0.091337144	-0.06389486	0.06251008
-0.13083135	0.091914356	-0.15327163	0.110575505	-0.12295432	0.11638229	-0.12211444	0.18472682	-0.13489822	0.15781814	-0.11348287	0.13403605	-0.19995156	0.17689107	-0.12185906	0.19205543	-0.23767672	0.2717003	-0.45556164	0.17706949	-0.18765959	0.23659831	-0.6839178	0.99999833	-0.1987957	0.14738327	-0.24488081	0.26096547	-0.30279315	0.16581061	-0.14671975	0.15472142	-0.15841971	0.1615231	-0.13989861	0.103128135	-0.121091925	0.10874486	-0.13860662	0.1238362	-0.1371099	0.07553365	-0.098766565	0.06866381	-0.06803267
0.103098236	-0.07059743	0.1224704	-0.09014583	0.10348028	-0.08453139	0.08463049	-0.13697754	0.0985443	-0.1761432	0.079677545	-0.08976034	0.11759305	-0.11743141	0.1677073	-0.13966674	0.11900525	-0.12146344	0.15188257	-0.34640855	0.12721524	-0.12701425	0.1522057	-0.1987957	0.9999983	-0.11125404	0.17328085	-0.20804782	0.23951751	-0.7924364	0.11925675	-0.14113225	0.14521572	-0.19424172	0.20211169	-0.08887622	0.11560946	-0.11019065	0.14921714	-0.18043563	0.11765676	-0.0711153	0.09228746	-0.08142926	0.0784699
-0.120339096	0.08323371	-0.13942523	0.09157405	-0.10053502	0.11452001	-0.10620563	0.15439503	-0.101458296	0.14253536	-0.11340418	0.11293943	-0.1368789	0.12516679	-0.09835029	0.22312893	-0.17858136	0.13972226	-0.15521717	0.14619823	-0.6299255	0.2164188	-0.15088418	0.14738327	-0.11125404	0.99999845	-0.36625752	0.1819338	-0.15760536	0.10718405	-0.51943487	0.21541373	-0.17797723	0.13560812	-0.11406552	0.2126509	-0.14646469	0.12382823	-0.13006593	0.113821864	-0.24267757	0.098454826	-0.12149324	0.06784177	-0.065404184
0.15991949	-0.11177621	0.18703578	-0.1321663	0.14297347	-0.15157221	0.14140932	-0.22245187	0.14530453	-0.21525799	0.14246999	-0.15434551	0.18954143	-0.18176694	0.1475239	-0.2770266	0.23434655	-0.20806512	0.22066431	-0.22783704	0.2774473	-0.3504936	0.239739	-0.24488081	0.17328085	-0.36625752	0.9999984	-0.4871561	0.2681462	-0.17763321	0.24793191	-0.3716856	0.25059697	-0.21730824	0.17114194	-0.17130174	0.17500353	-0.16279922	0.18256569	-0.16921847	0.20365147	-0.11090966	0.14016135	-0.09669546	0.09245538
-0.12548988	0.08696326	-0.1471898	0.10214565	-0.11377709	0.11049913	-0.11006364	0.1685385	-0.11576961	0.16139407	-0.106026515	0.11849244	-0.15949845	0.14433917	-0.12279742	0.18949132	-0.19101211	0.1849747	-0.2129354	0.1823536	-0.19852118	0.21305983	-0.36908224	0.26096547	-0.20804782	0.1819338	-0.4871561	0.9999985	-0.6045736	0.20114549	-0.17705709	0.21725458	-0.24298564	0.23266107	-0.18912056	0.12460326	-0.15463723	0.14520074	-0.18799877	0.1620774	-0.16028966	0.09368497	-0.121071994	0.08748859	-0.086504765
0.122506715	-0.08498899	0.1443365	-0.10401427	0.11465811	-0.107982785	0.105606005	-0.16920954	0.11526552	-0.17659374	0.101746276	-0.11410466	0.14830753	-0.14363107	0.1328794	-0.18460539	0.16164893	-0.1664978	0.19406947	-0.2130723	0.17014356	-0.18255958	0.23729043	-0.30279315	0.23951751	-0.15760536	0.2681462	-0.6045736	0.99999845	-0.3501585	0.15867847	-0.20906632	0.21495642	-0.41448662	0.22922106	-0.11804798	0.15398902	-0.15437268	0.20988487	-0.20239593	0.15029664	-0.09349641	0.11920302	-0.09998957	0.09614713
-0.09581637	0.06527963	-0.113628805	0.07998293	-0.093274914	0.077428296	-0.07809654	0.12278557	-0.088269584	0.14337415	-0.07348796	0.0822533	-0.108575374	0.10474489	-0.14452301	0.12784593	-0.11275998	0.111529194	-0.14132152	0.2161729	-0.12279238	0.11886398	-0.14578106	0.16581061	-0.7924364	0.10718405	-0.17763321	0.20114549	-0.3501585	0.9999984	-0.1171205	0.13820677	-0.15095392	0.20632386	-0.28860873	0.08730795	-0.11895365	0.11208799	-0.16173437	0.1820143	-0.11609559	0.07162084	-0.09364087	0.081182785	-0.081113815
0.12796217	-0.08863578	0.14953943	-0.10145004	0.11010896	-0.12124563	0.10971554	-0.17045563	0.109688886	-0.16604385	0.11338271	-0.11750776	0.13882126	-0.13424264	0.11107635	-0.2280793	0.15248516	-0.13430233	0.15075688	-0.16869421	0.26573485	-0.18029563	0.14014882	-0.14671975	0.11925675	-0.51943487	0.24793191	-0.17705709	0.15867847	-0.1171205	0.99999845	-0.3503813	0.21707152	-0.15820396	0.12948139	-0.52163476	0.18645778	-0.16200003	0.15228982	-0.13650183	0.29648298	-0.12708557	0.14507045	-0.08206469	0.07722905
-0.119452946	0.081985705	-0.14018051	0.09418161	-0.104280874	0.104600124	-0.10023405	0.15478672	-0.10301147	0.15332273	-0.09922298	0.10619406	-0.13255645	0.12538505	-0.10877832	0.18417051	-0.15019433	0.1323816	-0.153996	0.16313712	-0.21206054	0.16896537	-0.15256043	0.15472142	-0.14113225	0.21541373	-0.3716856	0.21725458	-0.20906632	0.13820677	-0.3503813	0.9999984	-0.6774053	0.2281566	-0.18301551	0.19815163	-0.2622325	0.23245272	-0.22460447	0.17638415	-0.24048059	0.14474133	-0.18521027	0.101794794	-0.09943387
0.11800536	-0.08125328	0.13896391	-0.096341595	0.105554104	-0.10380688	0.098569	-0.1580103	0.104169115	-0.16324374	0.09692095	-0.10502593	0.12988369	-0.12684375	0.11352925	-0.18108234	0.13753092	-0.1288515	0.14876972	-0.17559023	0.17413065	-0.15439609	0.14865752	-0.15841971	0.14521572	-0.17797723	0.25059697	-0.24298564	0.21495642	-0.15095392	0.21707152	-0.6774053	0.9999985	-0.34978127	0.20392029	-0.16754395	0.24358478	-0.36233914	0.2487739	-0.21613558	0.19000174	-0.14069997	0.16599342	-0.11580915	0.10748704
-0.10256868	0.070368566	-0.120946005	0.083689354	-0.09343466	0.087351054	-0.08540199	0.13485137	-0.091687225	0.14151667	-0.082401626	0.09059188	-0.11601407	0.11134824	-0.10754032	0.1488147	-0.12393727	0.11837232	-0.14261216	0.16404396	-0.14599124	0.13428073	-0.14972764	0.1615231	-0.19424172	0.13560812	-0.21730824	0.23266107	-0.41448662	0.20632386	-0.15820396	0.2281566	-0.34978127	0.99999833	-0.5328744	0.1255155	-0.21543565	0.22553694	-0.47071335	0.30258346	-0.1581458	0.11771815	-0.1508218	0.13815108	-0.13984783
0.092422664	-0.063408844	0.10924293	-0.0770576	0.085889705	-0.07834699	0.076329045	-0.12289082	0.083609864	-0.13604456	0.073440656	-0.08100242	0.10285852	-0.10100873	0.104278214	-0.13282752	0.10622093	-0.103123784	0.12333497	-0.16670911	0.123587035	-0.11522624	0.12394442	-0.13989861	0.20211169	-0.11406552	0.17114194	-0.18912056	0.22922106	-0.28860873	0.12948139	-0.18301551	0.20392029	-0.5328744	0.9999985	-0.1036545	0.16325289	-0.17705648	0.2898744	-0.6464492	0.13062711	-0.09499591	0.12001581	-0.15798281	0.15095638
-0.09071569	0.06245155	-0.106330335	0.07168542	-0.07827182	0.08234881	-0.07622025	0.11915855	-0.077363275	0.1184069	-0.077308506	0.08097511	-0.09730899	0.0940263	-0.0799199	0.14956728	-0.10535836	0.09316515	-0.106721066	0.12128694	-0.17975399	0.11893692	-0.09876866	0.103128135	-0.08887622	0.2126509	-0.17130174	0.12460326	-0.11804798	0.08730795	-0.52163476	0.19815163	-0.16754395	0.1255155	-0.1036545	0.99999857	-0.24946736	0.16259475	-0.13523868	0.1138571	-0.7159971	0.16103263	-0.1731878	0.06950962	-0.06490128
0.10006547	-0.06872214	0.1180254	-0.08169106	0.08927601	-0.08724115	0.08238551	-0.13350703	0.08746943	-0.14078233	0.08098904	-0.08742817	0.10690872	-0.10573232	0.09602003	-0.15176891	0.109080315	-0.10217282	0.118964344	-0.14907748	0.14197199	-0.119913526	0.11189896	-0.121091925	0.11560946	-0.14646469	0.17500353	-0.15463723	0.15398902	-0.11895365	0.18645778	-0.2622325	0.24358478	-0.21543565	0.16325289	-0.24946736	0.99999845	-0.654062	0.25565535	-0.2150147	0.22223203	-0.4081656	0.27449095	-0.12237321	0.10695731
-0.08490628	0.058234125	-0.1000752	0.06872352	-0.07571055	0.07339102	-0.07007082	0.111935146	-0.074162416	0.11681593	-0.06861683	0.074238814	-0.09200288	0.089730635	-0.082254745	0.12712684	-0.09601288	0.089511216	-0.105142675	0.12613462	-0.12478448	0.10518407	-0.101703905	0.10874486	-0.11019065	0.12382823	-0.16279922	0.14520074	-0.15437268	0.11208799	-0.16200003	0.23245272	-0.36233914	0.22553694	-0.17705648	0.16259475	-0.654062	0.9999982	-0.47144675	0.21402448	-0.18705148	0.21459833	-0.26379135	0.11940578	-0.1113117
0.10018854	-0.06877438	0.11829669	-0.08262913	0.09109831	-0.08595674	0.08265276	-0.13354631	0.08912954	-0.14334998	0.08021649	-0.087727554	0.10964214	-0.10789771	0.102597766	-0.14717287	0.11273327	-0.10787159	0.12726706	-0.16025025	0.13638262	-0.12294595	0.12523973	-0.13860662	0.14921714	-0.13006593	0.18256569	-0.18799877	0.20988487	-0.16173437	0.15228982	-0.22460447	0.2487739	-0.47071335	0.2898744	-0.13523868	0.25565535	-0.47144675	0.9999982	-0.5107972	0.15947554	-0.14365272	0.16560256	-0.22685117	0.18442453
-0.08920742	0.06090854	-0.105346605	0.072115734	-0.08104477	0.07453184	-0.07292399	0.11525371	-0.07845759	0.12302987	-0.07017334	0.07686335	-0.09766723	0.09432085	-0.09542185	0.12627262	-0.10181114	0.096403904	-0.11646798	0.14363286	-0.12348835	0.10919454	-0.11450621	0.1238362	-0.18043563	0.113821864	-0.16921847	0.1620774	-0.20239593	0.1820143	-0.13650183	0.17638415	-0.21613558	0.30258346	-0.6464492	0.1138571	-0.2150147	0.21402448	-0.5107972	0.99999774	-0.14556113	0.115741335	-0.1513912	0.20192769	-0.2581936
0.12719208	-0.087655485	0.14947943	-0.10197185	0.110509634	-0.115857996	0.10587908	-0.16985443	0.10888071	-0.17162031	0.106836945	-0.11276899	0.13355249	-0.13194788	0.113117576	-0.20903309	0.13632518	-0.124616146	0.14252172	-0.17326334	0.19487017	-0.15257221	0.12857737	-0.1371099	0.11765676	-0.24267757	0.20365147	-0.16028966	0.15029664	-0.11609559	0.29648298	-0.24048059	0.19000174	-0.1581458	0.13062711	-0.7159971	0.22223203	-0.18705148	0.15947554	-0.14556113	0.99999774	-0.23315068	0.19989547	-0.090508536	0.08310142
-0.065004334	0.044615604	-0.07662023	0.052582588	-0.057456225	0.056882616	-0.053449497	0.08622582	-0.05626852	0.08987551	-0.05277625	0.056661353	-0.06887996	0.0679523	-0.06092597	0.099507116	-0.07025143	0.0652167	-0.07590886	0.09384604	-0.0940704	0.07705655	-0.07040106	0.07553365	-0.0711153	0.098454826	-0.11090966	0.09368497	-0.09349641	0.07162084	-0.12708557	0.14474133	-0.14069997	0.11771815	-0.09499591	0.16103263	-0.4081656	0.21459833	-0.14365272	0.115741335	-0.23315068	0.9999981	-0.8270046	0.07815477	-0.07064098
0.08652526	-0.05938332	0.102110185	-0.07048709	0.0767958	-0.075448066	0.07081828	-0.11548213	0.07510705	-0.12178836	0.06971104	-0.07508184	0.09102214	-0.09056797	0.08165719	-0.13131928	0.09119828	-0.08545584	0.09940834	-0.12664476	0.11787297	-0.09961833	0.091337144	-0.098766565	0.09228746	-0.12149324	0.14016135	-0.121071994	0.11920302	-0.09364087	0.14507045	-0.18521027	0.16599342	-0.1508218	0.12001581	-0.1731878	0.27449095	-0.26379135	0.16560256	-0.1513912	0.19989547	-0.8270046	0.99999815	-0.10588576	0.09050958
-0.054235168	0.036950342	-0.06406501	0.043399427	-0.04851294	0.045065988	-0.04387782	0.06965836	-0.046890568	0.07377076	-0.042282403	0.046115294	-0.05795876	0.056251254	-0.0543197	0.07631668	-0.059514243	0.055919077	-0.06709019	0.082026675	-0.07374917	0.06363546	-0.06389486	0.06866381	-0.08142926	0.06784177	-0.09669546	0.08748859	-0.09998957	0.081182785	-0.08206469	0.101794794	-0.11580915	0.13815108	-0.15798281	0.06950962	-0.12237321	0.11940578	-0.22685117	0.20192769	-0.090508536	0.07815477	-0.10588576	0.9999982	-0.92171043
0.053557564	-0.036568422	0.06330652	-0.04349413	0.048306827	-0.04483819	0.04344209	-0.06986345	0.04680059	-0.07519753	0.041896082	-0.04578472	0.057292618	-0.056211017	0.05434718	-0.0759782	0.05815925	-0.0551387	0.06578855	-0.08362729	0.07095193	-0.06237526	0.06251008	-0.06803267	0.0784699	-0.065404184	0.09245538	-0.086504765	0.09614713	-0.081113815	0.07722905	-0.09943387	0.10748704	-0.13984783	0.15095638	-0.06490128	0.10695731	-0.1113117	0.18442453	-0.2581936	0.08310142	-0.07064098	0.09050958	-0.92171043	0.9999982
