0.9699070304632187
1.2540404181927443
1.2003156878054142
1.4593675453215837
1.0423030126839876
1.345783980563283
0.3622635807842016
0.7596617396920919
0.6607074253261089
0.27014750242233276
0.19117894396185875
1.3560611568391323
1.3662657476961613
0.463251568377018
1.6080999802798033
0.14619696512818336
1.1806929167360067
1.4745755027979612
1.7173443790525198
0.16416065394878387
1.1972888726741076
1.0848745536059141
1.7097914051264524
1.836012052372098
1.836257068440318
0.4049027692526579
1.24222357198596
0.4083510432392359
1.8722240533679724
0.6213147304952145
0.1150780189782381
1.7952550984919071
0.4697174411267042
1.6537577118724585
0.4607425220310688
1.7489197831600904
0.5635718498378992
0.5173849388957024
1.0928250644356012
1.6318772919476032
0.7602037377655506
0.1034166980534792
0.8047621510922909
1.0626310743391514
0.8083334527909756
0.7431966383010149
1.6415507942438126
1.153900245204568
1.018032182008028
1.561420988291502
1.0973229799419641
0.32963703759014606
0.4278088007122278
1.0564609691500664
1.1264988835901022
1.379424525424838
0.40295624174177647
1.8001037016510963
1.0519855879247189
0.09872548654675484
0.6149445939809084
0.49281856045126915
0.6477908175438643
0.816230146214366
1.5884137954562902
0.6270571537315845
1.2481929324567318
1.9397729821503162
1.3109021056443453
0.9983304627239704
1.8547350112348795
0.08926930092275143
1.3158952798694372
1.8237783517688513
0.44730435498058796
1.453493108972907
