1.0	-0.73429286	0.27017957	-0.14196107	0.17027827	-0.4390433	0.200208	-0.16851345	0.17167133	-0.10528834	0.19477876	-0.17200331	0.1850207	-0.11421561	0.082514845	-0.16543588	0.13601805	-0.16730073	0.096124984	-0.13059269	0.13874498	-0.12204029	0.1159293	-0.10833794	0.10720616	-0.16447507	0.14409968	-0.11018977	0.10504491	-0.08415516	0.11027572	-0.062068515	0.07457008	-0.07105888	0.079285875	-0.15023148	0.066499	-0.06686806	0.08032383	-0.25070024
-0.73429286	1.0	-0.47701925	0.15939432	-0.18562572	0.24400425	-0.24726437	0.20191553	-0.19597904	0.099517465	-0.15673754	0.17278744	-0.2132874	0.10816706	-0.07858298	0.12687269	-0.12929046	0.15554024	-0.09131328	0.119490616	-0.11544244	0.11134407	-0.10725478	0.098811895	-0.098944515	0.13063028	-0.12981896	0.09822177	-0.09541565	0.0752763	-0.09197306	0.05381357	-0.0655884	0.0632941	-0.07125659	0.12171592	-0.058201466	0.058642264	-0.07173109	0.215579
0.27017957	-0.47701925	1.0	-0.3280071	0.2592652	-0.2802529	0.28233686	-0.46681955	0.28857952	-0.15901087	0.17020303	-0.25739437	0.28864667	-0.17036079	0.12102152	-0.1669773	0.1823092	-0.24058123	0.13872188	-0.18835631	0.14830452	-0.16407652	0.15590723	-0.14984244	0.1481817	-0.18698838	0.18320201	-0.14552678	0.14039311	-0.11369222	0.13099504	-0.07894612	0.09603124	-0.09450999	0.106063	-0.18378697	0.085142165	-0.08704131	0.10623424	-0.36252514
-0.14196107	0.15939432	-0.3280071	0.99999994	-0.6465796	0.1537182	-0.19642569	0.22398144	-0.59178865	0.14265285	-0.10310896	0.16230042	-0.2116894	0.12521592	-0.107862785	0.10183951	-0.121356286	0.1583489	-0.10313917	0.14188652	-0.09403337	0.109641835	-0.10699942	0.10704609	-0.109701805	0.11814795	-0.12721948	0.101095505	-0.09988367	0.08085011	-0.085833654	0.054122582	-0.06663037	0.0667697	-0.075629	0.119487844	-0.05887962	0.06052401	-0.075208604	0.2649123
0.17027827	-0.18562572	0.2592652	-0.6465796	1.0000002	-0.21446742	0.21463095	-0.2088261	0.3134063	-0.21444768	0.1436177	-0.20102738	0.22595266	-0.17372596	0.14927404	-0.14531432	0.16201086	-0.21825714	0.14178677	-0.21583818	0.13514107	-0.1541291	0.15058371	-0.15759055	0.15981616	-0.1751942	0.18605359	-0.15013486	0.14723128	-0.12328522	0.1290928	-0.08197364	0.10058937	-0.10160933	0.11462935	-0.18370913	0.08913683	-0.09221867	0.11429131	-0.46283117
-0.4390433	0.24400425	-0.2802529	0.1537182	-0.21446742	1.0000002	-0.25755072	0.18180203	-0.20882805	0.11480907	-0.60178316	0.19755132	-0.23067561	0.12713666	-0.09393973	0.2652256	-0.17921624	0.19029006	-0.111455545	0.14377154	-0.24780469	0.15183417	-0.14704102	0.127625	-0.12865098	0.20977256	-0.1953164	0.13506839	-0.13060328	0.09947702	-0.1474086	0.07772342	-0.093983784	0.08594065	-0.0964483	0.16900913	-0.083914146	0.081696026	-0.098783635	0.23071161
0.200208	-0.24726437	0.28233686	-0.19642569	0.21463095	-0.25755072	1.0	-0.47153378	0.25313297	-0.15107857	0.17094989	-0.5828899	0.3218429	-0.17711641	0.117622465	-0.16992578	0.25223002	-0.29837188	0.14732611	-0.18734142	0.15098421	-0.20327559	0.18143708	-0.15704635	0.15259463	-0.18089856	0.18947016	-0.15023445	0.14482622	-0.11384745	0.12634993	-0.077779494	0.095393434	-0.09427888	0.10610812	-0.17212893	0.083994254	-0.085959315	0.105670124	-0.32215878
-0.16851345	0.20191553	-0.46681955	0.22398144	-0.2088261	0.18180203	-0.47153378	1.0000001	-0.42021865	0.13047804	-0.12302299	0.26619855	-0.55160475	0.15042822	-0.101075135	0.1209244	-0.1668831	0.20960595	-0.12262866	0.1497178	-0.10987645	0.13760231	-0.13133089	0.12063438	-0.119915485	0.13371785	-0.14327127	0.11342719	-0.11125779	0.08772808	-0.09503701	0.05925524	-0.07292415	0.07253464	-0.08199212	0.1302029	-0.06424542	0.06582229	-0.081486225	0.25648445
0.17167133	-0.19597904	0.28857952	-0.59178865	0.3134063	-0.20882805	0.25313297	-0.42021865	1.0	-0.22431953	0.14003669	-0.23347473	0.27133697	-0.19002746	0.15345326	-0.14103758	0.16962439	-0.22848591	0.1489761	-0.20815893	0.12989344	-0.15575966	0.15086283	-0.15356912	0.15578815	-0.16479738	0.17722377	-0.14292453	0.14087765	-0.11451952	0.11950945	-0.07589567	0.0934213	-0.094120994	0.10646641	-0.16733813	0.082461745	-0.08507623	0.105623744	-0.37602383
-0.10528834	0.099517465	-0.15901087	0.14265285	-0.21444768	0.11480907	-0.15107857	0.13047804	-0.22431953	1.0	-0.0891996	0.12800334	-0.1695258	0.16301788	-0.8289434	0.08713759	-0.11756462	0.14844939	-0.1557134	0.2666582	-0.08774263	0.114264086	-0.12689099	0.15050603	-0.21842277	0.1055145	-0.16323888	0.12344959	-0.14204477	0.10346725	-0.08174473	0.061025556	-0.07975276	0.08346689	-0.101373754	0.10365178	-0.06921112	0.07056262	-0.09612127	0.18500322
0.19477876	-0.15673754	0.17020303	-0.10310896	0.1436177	-0.60178316	0.17094989	-0.12302299	0.14003669	-0.0891996	0.99999976	-0.17360048	0.16129595	-0.10246082	0.07247554	-0.6001119	0.16600303	-0.17105673	0.08966591	-0.11664498	0.26383176	-0.14203414	0.1266807	-0.10622147	0.10308996	-0.26525885	0.15917972	-0.1152861	0.10603139	-0.08162269	0.14118503	-0.06839234	0.07932152	-0.07067789	0.07750446	-0.17519039	0.07123269	-0.069360964	0.0799697	-0.18527974
-0.17200331	0.17278744	-0.25739437	0.16230042	-0.20102738	0.19755132	-0.5828899	0.26619855	-0.23347473	0.12800334	-0.17360048	0.9999999	-0.43171787	0.16121103	-0.105071455	0.16497228	-0.49283665	0.28844184	-0.14368324	0.16383053	-0.15056312	0.22172171	-0.2090783	0.14967717	-0.14703405	0.15981647	-0.19111867	0.14299922	-0.14089067	0.10426319	-0.112946525	0.070896216	-0.08836722	0.08694088	-0.09892904	0.14441635	-0.07719611	0.07830986	-0.09819327	0.24367814
0.1850207	-0.2132874	0.28864667	-0.2116894	0.22595266	-0.23067561	0.3218429	-0.55160475	0.27133697	-0.1695258	0.16129595	-0.43171787	0.99999994	-0.25520307	0.13309698	-0.16432843	0.24300286	-0.35330305	0.18712194	-0.2132705	0.14921147	-0.20271347	0.19200775	-0.17470263	0.16970925	-0.1821903	0.19880196	-0.16007438	0.15690102	-0.12261458	0.12919275	-0.08165511	0.10073862	-0.10082572	0.11391977	-0.1769006	0.088451475	-0.09096251	0.11274154	-0.34174567
-0.11421561	0.10816706	-0.17036079	0.12521592	-0.17372596	0.12713666	-0.17711641	0.15042822	-0.19002746	0.16301788	-0.10246082	0.16121103	-0.25520307	1.0	-0.18449755	0.10155882	-0.16562332	0.22170654	-0.8131795	0.24729505	-0.10203001	0.1482627	-0.17523552	0.21551117	-0.23029283	0.119122125	-0.1876926	0.14756095	-0.1805075	0.117771424	-0.0908514	0.06823423	-0.08941608	0.0951593	-0.113277644	0.113865905	-0.07664122	0.078820564	-0.107463896	0.18977341
0.082514845	-0.07858298	0.12102152	-0.107862785	0.14927404	-0.09393973	0.117622465	-0.101075135	0.15345326	-0.8289434	0.07247554	-0.105071455	0.13309698	-0.18449755	1.0	-0.07209313	0.09856567	-0.13085566	0.15639867	-0.41058823	0.07199933	-0.09842117	0.10822571	-0.14253923	0.19340886	-0.08760095	0.13078919	-0.10567931	0.11963468	-0.08957589	0.067180686	-0.05038665	0.065444246	-0.06989282	0.083839394	-0.08648157	0.05649511	-0.058480203	0.07848479	-0.15735571
-0.16543588	0.12687269	-0.1669773	0.10183951	-0.14531432	0.2652256	-0.16992578	0.1209244	-0.14103758	0.08713759	-0.6001119	0.16497228	-0.16432843	0.10155882	-0.07209313	0.9999999	-0.22492954	0.17610776	-0.091157936	0.114861324	-0.5881739	0.16011041	-0.14297143	0.109113775	-0.10650012	0.2660344	-0.17632762	0.119319275	-0.11121334	0.08292728	-0.1569938	0.07116124	-0.0830916	0.07251794	-0.07982469	0.1622697	-0.0744488	0.07107602	-0.08267187	0.16949907
0.13601805	-0.12929046	0.1823092	-0.121356286	0.16201086	-0.17921624	0.25223002	-0.1668831	0.16962439	-0.11756462	0.16600303	-0.49283665	0.24300286	-0.16562332	0.09856567	-0.22492954	1.0	-0.55962914	0.15368012	-0.16491483	0.17036653	-0.47503158	0.28080383	-0.16966158	0.1531037	-0.17037018	0.19936639	-0.15723577	0.14843643	-0.10620605	0.112215824	-0.070950285	0.08839902	-0.08758967	0.09881726	-0.14035778	0.076315165	-0.07809188	0.0972548	-0.2107824
-0.16730073	0.15554024	-0.24058123	0.1583489	-0.21825714	0.19029006	-0.29837188	0.20960595	-0.22848591	0.14844939	-0.17105673	0.28844184	-0.35330305	0.22170654	-0.13085566	0.17610776	-0.55962914	1.0000001	-0.26446426	0.20929718	-0.17172644	0.30044067	-0.42274812	0.21700744	-0.21146978	0.17776202	-0.25447774	0.1918561	-0.19784081	0.1351152	-0.12914093	0.087333374	-0.11176108	0.11211517	-0.12948798	0.15847537	-0.09612954	0.09778238	-0.12667464	0.24808696
0.096124984	-0.09131328	0.13872188	-0.10313917	0.14178677	-0.111455545	0.14732611	-0.12262866	0.1489761	-0.1557134	0.08966591	-0.14368324	0.18712194	-0.8131795	0.15639867	-0.091157936	0.15368012	-0.26446426	1.0000004	-0.3295485	0.09059847	-0.14381786	0.16686337	-0.2759655	0.2228137	-0.106653295	0.1626978	-0.14018637	0.16690908	-0.11117339	0.08030438	-0.061001588	0.07953646	-0.08695546	0.10167448	-0.101759724	0.067684285	-0.0707658	0.09503483	-0.16935554
-0.13059269	0.119490616	-0.18835631	0.14188652	-0.21583818	0.14377154	-0.18734142	0.1497178	-0.20815893	0.2666582	-0.11664498	0.16383053	-0.2132705	0.24729505	-0.41058823	0.114861324	-0.16491483	0.20929718	-0.3295485	1.0000004	-0.11847907	0.16799718	-0.19960915	0.27587304	-0.5818921	0.14104153	-0.23984677	0.18898167	-0.23723623	0.16577336	-0.11055402	0.0880625	-0.11719116	0.1276632	-0.16009642	0.13678265	-0.10028708	0.1032381	-0.14512582	0.22335006
0.13874498	-0.11544244	0.14830452	-0.09403337	0.13514107	-0.24780469	0.15098421	-0.10987645	0.12989344	-0.08774263	0.26383176	-0.15056312	0.14921147	-0.10203001	0.07199933	-0.5881739	0.17036653	-0.17172644	0.09059847	-0.11847907	1.0000004	-0.18881094	0.14748801	-0.11461842	0.10829844	-0.6083997	0.18917656	-0.13263002	0.11593555	-0.08791323	0.20163408	-0.083946496	0.09256335	-0.07769449	0.08317872	-0.22490469	0.08371068	-0.07954299	0.087388046	-0.1741146
-0.12204029	0.11134407	-0.16407652	0.109641835	-0.1541291	0.15183417	-0.20327559	0.13760231	-0.15575966	0.114264086	-0.14203414	0.22172171	-0.20271347	0.1482627	-0.09842117	0.16011041	-0.47503158	0.30044067	-0.14381786	0.16799718	-0.18881094	1.0000004	-0.6919791	0.21307959	-0.1865928	0.16870388	-0.28096852	0.19686258	-0.18708338	0.11996415	-0.11307849	0.07705285	-0.09850447	0.09883874	-0.112132356	0.13617165	-0.08291907	0.085487574	-0.10908418	0.1930721
0.1159293	-0.10725478	0.15590723	-0.10699942	0.15058371	-0.14704102	0.18143708	-0.13133089	0.15086283	-0.12689099	0.1266807	-0.2090783	0.19200775	-0.17523552	0.10822571	-0.14297143	0.28080383	-0.42274812	0.16686337	-0.19960915	0.14748801	-0.6919791	1.0000005	-0.3448489	0.20904416	-0.16085163	0.23777537	-0.24746977	0.20999719	-0.1352551	0.109611936	-0.08042874	0.10335802	-0.10800369	0.12028717	-0.13733412	0.08566677	-0.09077331	0.11496856	-0.20139332
-0.10833794	0.098811895	-0.14984244	0.10704609	-0.15759055	0.127625	-0.15704635	0.12063438	-0.15356912	0.15050603	-0.10622147	0.14967717	-0.17470263	0.21551117	-0.14253923	0.109113775	-0.16966158	0.21700744	-0.2759655	0.27587304	-0.11461842	0.21307959	-0.3448489	1.0000006	-0.58280826	0.13685833	-0.25378135	0.24682884	-0.49004853	0.19624406	-0.105492845	0.091682516	-0.124427475	0.15078738	-0.17540449	0.13013259	-0.1016319	0.10912817	-0.15736325	0.19935383
0.10720616	-0.098944515	0.1481817	-0.109701805	0.15981616	-0.12865098	0.15259463	-0.119915485	0.15578815	-0.21842277	0.10308996	-0.14703405	0.16970925	-0.23029283	0.19340886	-0.10650012	0.1531037	-0.21146978	0.2228137	-0.5818921	0.10829844	-0.1865928	0.20904416	-0.58280826	1.0000005	-0.1335859	0.21033274	-0.21657634	0.25558347	-0.2199576	0.10228563	-0.08593757	0.11286308	-0.13593252	0.16530065	-0.1308341	0.09430856	-0.10273435	0.13835384	-0.21429761
-0.16447507	0.13063028	-0.18698838	0.11814795	-0.1751942	0.20977256	-0.18089856	0.13371785	-0.16479738	0.1055145	-0.26525885	0.15981647	-0.1821903	0.119122125	-0.08760095	0.2660344	-0.17037018	0.17776202	-0.106653295	0.14104153	-0.6083997	0.16870388	-0.16085163	0.13685833	-0.1335859	1.0000001	-0.3096222	0.17411706	-0.15211211	0.11320796	-0.43520138	0.12617199	-0.13649373	0.104050756	-0.10997441	0.27583575	-0.124404	0.110735014	-0.11898784	0.20281932
0.14409968	-0.12981896	0.18320201	-0.12721948	0.18605359	-0.1953164	0.18947016	-0.14327127	0.17722377	-0.16323888	0.15917972	-0.19111867	0.19880196	-0.1876926	0.13078919	-0.17632762	0.19936639	-0.25447774	0.1626978	-0.23984677	0.18917656	-0.28096852	0.23777537	-0.25378135	0.21033274	-0.3096222	1.0	-0.6257905	0.28183562	-0.20076507	0.18074909	-0.14174035	0.17196256	-0.16395752	0.17031966	-0.2322432	0.13762629	-0.15163764	0.16849191	-0.3103172
-0.11018977	0.09822177	-0.14552678	0.101095505	-0.15013486	0.13506839	-0.15023445	0.11342719	-0.14292453	0.12344959	-0.1152861	0.14299922	-0.16007438	0.14756095	-0.10567931	0.119319275	-0.15723577	0.1918561	-0.14018637	0.18898167	-0.13263002	0.19686258	-0.24746977	0.24682884	-0.21657634	0.17411706	-0.6257905	1.0000001	-0.54748875	0.20578273	-0.13499595	0.13796857	-0.21481644	0.1819041	-0.19657852	0.15832984	-0.14055207	0.15245682	-0.19381753	0.21195725
0.10504491	-0.09541565	0.14039311	-0.09988367	0.14723128	-0.13060328	0.14482622	-0.11125779	0.14087765	-0.14204477	0.10603139	-0.14089067	0.15690102	-0.1805075	0.11963468	-0.11121334	0.14843643	-0.19784081	0.16690908	-0.23723623	0.11593555	-0.18708338	0.20999719	-0.49004853	0.25558347	-0.15211211	0.28183562	-0.54748875	1.0000002	-0.36006343	0.1193306	-0.12232792	0.16652168	-0.26940528	0.23903699	-0.15065345	0.12849793	-0.15017399	0.20903593	-0.22580907
-0.08415516	0.0752763	-0.11369222	0.08085011	-0.12328522	0.09947702	-0.11384745	0.08772808	-0.11451952	0.10346725	-0.08162269	0.10426319	-0.12261458	0.117771424	-0.08957589	0.08292728	-0.10620605	0.1351152	-0.11117339	0.16577336	-0.08791323	0.11996415	-0.1352551	0.19624406	-0.2199576	0.11320796	-0.20076507	0.20578273	-0.36006343	1.0000002	-0.1010721	0.11780957	-0.17281117	0.2665562	-0.7714158	0.12143926	-0.14110085	0.15450594	-0.28095108	0.1838383
0.11027572	-0.09197306	0.13099504	-0.085833654	0.1290928	-0.1474086	0.12634993	-0.09503701	0.11950945	-0.08174473	0.14118503	-0.112946525	0.12919275	-0.0908514	0.067180686	-0.1569938	0.112215824	-0.12914093	0.08030438	-0.11055402	0.20163408	-0.11307849	0.109611936	-0.105492845	0.10228563	-0.43520138	0.18074909	-0.13499595	0.1193306	-0.1010721	1.0000001	-0.24295606	0.17529936	-0.10565749	0.096973956	-0.7695836	0.17024992	-0.14344777	0.118228845	-0.16669455
-0.062068515	0.05381357	-0.07894612	0.054122582	-0.08197364	0.07772342	-0.077779494	0.05925524	-0.07589567	0.061025556	-0.06839234	0.070896216	-0.08165511	0.06823423	-0.05038665	0.07116124	-0.070950285	0.087333374	-0.061001588	0.0880625	-0.083946496	0.07705285	-0.08042874	0.091682516	-0.08593757	0.12617199	-0.14174035	0.13796857	-0.12232792	0.11780957	-0.24295606	1.0000001	-0.64334166	0.17022353	-0.11802953	0.19166785	-0.61373967	0.3050264	-0.19088326	0.1231489
0.07457008	-0.0655884	0.09603124	-0.06663037	0.10058937	-0.093983784	0.095393434	-0.07292415	0.0934213	-0.07975276	0.07932152	-0.08836722	0.10073862	-0.08941608	0.065444246	-0.0830916	0.08839902	-0.11176108	0.07953646	-0.11719116	0.09256335	-0.09850447	0.10335802	-0.124427475	0.11286308	-0.13649373	0.17196256	-0.21481644	0.16652168	-0.17281117	0.17529936	-0.64334166	1.0000001	-0.2967078	0.16160463	-0.19916841	0.32332227	-0.51057166	0.24639735	-0.16178744
-0.07105888	0.0632941	-0.09450999	0.0667697	-0.10160933	0.08594065	-0.09427888	0.07253464	-0.094120994	0.08346689	-0.07067789	0.08694088	-0.10082572	0.0951593	-0.06989282	0.07251794	-0.08758967	0.11211517	-0.08695546	0.1276632	-0.07769449	0.09883874	-0.10800369	0.15078738	-0.13593252	0.104050756	-0.16395752	0.1819041	-0.26940528	0.2665562	-0.10565749	0.17022353	-0.2967078	0.99999994	-0.42722887	0.12359528	-0.1985745	0.24163583	-0.7145269	0.165214
0.079285875	-0.07125659	0.106063	-0.075629	0.11462935	-0.0964483	0.10610812	-0.08199212	0.10646641	-0.101373754	0.07750446	-0.09892904	0.11391977	-0.113277644	0.083839394	-0.07982469	0.09881726	-0.12948798	0.10167448	-0.16009642	0.08317872	-0.112132356	0.12028717	-0.17540449	0.16530065	-0.10997441	0.17031966	-0.19657852	0.23903699	-0.7714158	0.096973956	-0.11802953	0.16160463	-0.42722887	0.9999999	-0.12201634	0.12927149	-0.16129647	0.2510973	-0.20298551
-0.15023148	0.12171592	-0.18378697	0.119487844	-0.18370913	0.16900913	-0.17212893	0.1302029	-0.16733813	0.10365178	-0.17519039	0.14441635	-0.1769006	0.113865905	-0.08648157	0.1622697	-0.14035778	0.15847537	-0.101759724	0.13678265	-0.22490469	0.13617165	-0.13733412	0.13013259	-0.1308341	0.27583575	-0.2322432	0.15832984	-0.15065345	0.12143926	-0.7695836	0.19166785	-0.19916841	0.12359528	-0.12201634	1.0000001	-0.20012997	0.15278305	-0.14613043	0.20105004
0.066499	-0.058201466	0.085142165	-0.05887962	0.08913683	-0.083914146	0.083994254	-0.06424542	0.082461745	-0.06921112	0.07123269	-0.07719611	0.088451475	-0.07664122	0.05649511	-0.0744488	0.076315165	-0.09612954	0.067684285	-0.10028708	0.08371068	-0.08291907	0.08566677	-0.1016319	0.09430856	-0.124404	0.13762629	-0.14055207	0.12849793	-0.14110085	0.17024992	-0.61373967	0.32332227	-0.1985745	0.12927149	-0.20012997	0.99999964	-0.62816685	0.21484676	-0.14453885
-0.06686806	0.058642264	-0.08704131	0.06052401	-0.09221867	0.081696026	-0.085959315	0.06582229	-0.08507623	0.07056262	-0.069360964	0.07830986	-0.09096251	0.078820564	-0.058480203	0.07107602	-0.07809188	0.09778238	-0.0707658	0.1032381	-0.07954299	0.085487574	-0.09077331	0.10912817	-0.10273435	0.110735014	-0.15163764	0.15245682	-0.15017399	0.15450594	-0.14344777	0.3050264	-0.51057166	0.24163583	-0.16129647	0.15278305	-0.62816685	0.99999946	-0.41873246	0.14366962
0.08032383	-0.07173109	0.10623424	-0.075208604	0.11429131	-0.098783635	0.105670124	-0.081486225	0.105623744	-0.09612127	0.0799697	-0.09819327	0.11274154	-0.107463896	0.07848479	-0.08267187	0.0972548	-0.12667464	0.09503483	-0.14512582	0.087388046	-0.10908418	0.11496856	-0.15736325	0.13835384	-0.11898784	0.16849191	-0.19381753	0.20903593	-0.28095108	0.118228845	-0.19088326	0.24639735	-0.7145269	0.2510973	-0.14613043	0.21484676	-0.41873246	0.9999994	-0.21049882
-0.25070024	0.215579	-0.36252514	0.2649123	-0.46283117	0.23071161	-0.32215878	0.25648445	-0.37602383	0.18500322	-0.18527974	0.24367814	-0.34174567	0.18977341	-0.15735571	0.16949907	-0.2107824	0.24808696	-0.16935554	0.22335006	-0.1741146	0.1930721	-0.20139332	0.19935383	-0.21429761	0.20281932	-0.3103172	0.21195725	-0.22580907	0.1838383	-0.16669455	0.1231489	-0.16178744	0.165214	-0.20298551	0.20105004	-0.14453885	0.14366962	-0.21049882	0.9999994
