1.8688286077231169
0.9708627853542566
1.1802025437355042
0.974429389461875
0.2886262685060501
0.8227623086422682
1.7929438017308712
1.318471983075142
1.6775336470454931
0.15424808487296104
1.4988965466618538
0.3396970294415951
0.262680996209383
1.6789574101567268
0.8980730827897787
1.5483538433909416
1.0908315032720566
0.47594075836241245
0.781659571453929
1.6366549525409937
0.7687961831688881
0.9507876522839069
0.681400578469038
0.29012948647141457
0.03594622574746609
0.982355734333396
0.1733947917819023
1.129684716463089
1.7811179868876934
1.0260224509984255
1.3327906038612127
0.47786465287208557
0.5675954204052687
0.2847583945840597
1.6442508026957512
0.056859077885746956
1.3872510436922312
1.806816728785634
1.6874609421938658
1.7942324988543987
0.7521181050688028
1.5986479222774506
0.8350302968174219
0.5998177230358124
1.4214255064725876
1.2926408965140581
0.9190341886132956
0.8749255500733852
1.4590236954391003
0.0575540941208601
1.3284644801169634
0.5017297752201557
1.0323402862995863
1.4992756024003029
1.4522710889577866
0.9964471869170666
0.6983119416981936
0.48901051096618176
1.4786525666713715
0.5189596824347973
0.7351451721042395
1.0330889653414488
1.7730447333306074
1.3423480316996574
1.601819396018982
1.5047106593847275
1.0981498919427395
