1.6083221733570099
1.6835362426936626
1.5286483373492956
0.9684688504785299
0.08463346213102341
0.7020199671387672
0.6204558815807104
0.03740318678319454
1.2874233853071928
0.7484179511666298
0.9431187957525253
0.3515725675970316
0.34657022543251514
1.1767814476042986
0.6095451228320599
1.27653512917459
1.4278412591665983
0.9367230758070946
0.943754443898797
0.7779084127396345
1.178606454282999
0.7203635349869728
0.5732977278530598
0.20313511043787003
0.10821593552827835
0.06052081659436226
1.5534827038645744
1.2820556554943323
0.10760238952934742
0.7775269839912653
0.28090956434607506
0.6965650003403425
1.4765657857060432
1.9013069476932287
1.8245495110750198
0.6092849411070347
0.9716263525187969
0.23271992057561874
1.621910149231553
0.6954773776233196
0.9979296121746302
0.0659822840243578
0.06118476204574108
0.17831159569323063
1.6482976134866476
1.8138921856880188
1.733914878219366
0.11161117069423199
1.4792139772325754
1.397143717855215
0.20625204034149647
1.7664990425109863
1.9393049571663141
0.9790296293795109
0.5865963455289602
1.3091507405042648
0.16558140888810158
1.650746874511242
1.4027168434113264
0.6188679225742817
1.1584374103695154
0.18922163732349873
0.3191629946231842
1.3976071197539568
1.830135891214013
0.06776786968111992
1.7869979068636894
