1.0000001	-0.3879173	0.14180006	-0.07228996	0.05574224	-0.8635103	0.25041348	-0.12302931	0.07582384	-0.057225686	0.08502292	-0.07847648	0.06986042	-0.07000472	0.06728478	-0.0786755	0.062416073	-0.06665827	0.06706985	-0.05753975	0.05171871	-0.077135295	0.058511045	-0.053358946	0.058748383	-0.05137009	0.04214166	-0.044285215	0.032521408	-0.0359915	0.03139636	-0.031261593	0.023521846	-0.021171752	0.019822946	-0.022671305	0.023524601	-0.022765033	0.016772201	-0.018774506
-0.3879173	0.99999976	-0.49759787	0.152303	-0.12481758	0.260798	-0.6095086	0.26777092	-0.17568259	0.12290076	-0.10556921	0.14303088	-0.14079335	0.14450637	-0.14867337	0.09662105	-0.11825697	0.13068883	-0.14225407	0.11975959	-0.08659784	0.14325374	-0.118226625	0.10688237	-0.12513906	0.08340354	-0.081207946	0.08395079	-0.06488201	0.07089702	-0.057851326	0.057235114	-0.045609776	0.041193455	-0.038953114	0.041106284	-0.04421251	0.043706924	-0.032696735	0.036439553
0.14180006	-0.49759787	0.9999994	-0.216765	0.13839428	-0.14718783	0.2693593	-0.7229136	0.22598693	-0.1510087	0.07738016	-0.11955179	0.1270508	-0.15486197	0.14082012	-0.07475147	0.09763991	-0.11995899	0.13023496	-0.11620314	0.06707544	-0.12490108	0.09909532	-0.09517691	0.10634506	-0.066946894	0.06553044	-0.070079304	0.055086896	-0.06157822	0.04585043	-0.04618577	0.037655596	-0.034530055	0.032528613	-0.032902718	0.035110343	-0.036467936	0.027223509	-0.030597594
-0.07228996	0.152303	-0.216765	0.9999995	-0.58504283	0.07582883	-0.20811462	0.22491927	-0.61141706	0.30411455	-0.076612	0.12243153	-0.14231989	0.21840593	-0.25914428	0.07336154	-0.10816598	0.1384812	-0.19133897	0.16745816	-0.07194074	0.1345556	-0.12116842	0.11770564	-0.14803734	0.07055847	-0.07594895	0.08041128	-0.066786185	0.07372444	-0.05129912	0.051454633	-0.04357427	0.040241484	-0.03816084	0.03630532	-0.039603174	0.04171378	-0.031621687	0.03537687
0.05574224	-0.12481758	0.13839428	-0.58504283	0.99999976	-0.061157472	0.14847194	-0.17252937	0.29195562	-0.66371363	0.06854764	-0.113532245	0.122427866	-0.20554455	0.25279763	-0.06795702	0.098360315	-0.1293644	0.1596332	-0.1886503	0.06577736	-0.13263443	0.110968314	-0.118381985	0.13658401	-0.06676306	0.06983724	-0.07672189	0.06442726	-0.07360702	0.047208548	-0.048200727	0.041452296	-0.03888235	0.036698572	-0.03387218	0.036410883	-0.040322084	0.030383214	-0.0343824
-0.8635103	0.260798	-0.14718783	0.07582883	-0.061157472	0.99999964	-0.36573416	0.1199385	-0.08158229	0.061636977	-0.10828418	0.090914525	-0.08070816	0.07735331	-0.07578591	0.08897593	-0.07236106	0.07532654	-0.07611548	0.064130336	-0.060022835	0.0865662	-0.06689115	0.059996434	-0.06705899	0.058126185	-0.048251253	0.050175186	-0.036833897	0.040485	-0.03594699	0.035561714	-0.026698275	0.023951035	-0.022454206	0.025804244	-0.02692125	0.025726909	-0.018993968	0.02120421
0.25041348	-0.6095086	0.2693593	-0.20811462	0.14847194	-0.36573416	0.99999946	-0.335847	0.19806142	-0.16019097	0.14651647	-0.24616961	0.19032222	-0.1997975	0.17727809	-0.14760685	0.1740829	-0.19284545	0.18060192	-0.16282788	0.12221593	-0.23538043	0.16086306	-0.15399769	0.15719658	-0.12677069	0.11253057	-0.12249419	0.09141034	-0.10369453	0.08146916	-0.08304095	0.065371774	-0.059693277	0.055819426	-0.059691872	0.06197153	-0.06434048	0.04720569	-0.05341387
-0.12302931	0.26777092	-0.7229136	0.22491927	-0.17252937	0.1199385	-0.335847	0.99999875	-0.40665373	0.1725964	-0.08552218	0.1354205	-0.16465004	0.18086542	-0.17674416	0.0806487	-0.11287237	0.13827196	-0.16188195	0.13281469	-0.07521168	0.13621965	-0.1157003	0.1074395	-0.12742665	0.07332822	-0.07496872	0.07871165	-0.06265816	0.06885774	-0.051841468	0.051738624	-0.0424538	0.038770854	-0.036669653	0.03680152	-0.039809614	0.04068609	-0.030600289	0.03418507
0.07582384	-0.17568259	0.22598693	-0.61141706	0.29195562	-0.08158229	0.19806142	-0.40665373	0.9999991	-0.39816266	0.08262086	-0.14019522	0.16173077	-0.34506038	0.24397375	-0.080740325	0.11850931	-0.15881369	0.20643196	-0.18347636	0.07630583	-0.15140237	0.12679347	-0.12756002	0.14705206	-0.07632115	0.07931813	-0.08587515	0.07043511	-0.07922051	0.05377489	-0.054487605	0.04597684	-0.04272193	0.040299922	-0.03839797	0.041371703	-0.04443477	0.033455417	-0.03767085
-0.057225686	0.12290076	-0.1510087	0.30411455	-0.66371363	0.061636977	-0.16019097	0.1725964	-0.39816266	0.99999887	-0.06977899	0.11433554	-0.13024835	0.2159827	-0.47516143	0.06792556	-0.1009205	0.13277297	-0.18055384	0.2045123	-0.06672915	0.13018368	-0.11751788	0.121197104	-0.15884444	0.066470325	-0.07203196	0.07772434	-0.06652338	0.074391924	-0.048090987	0.048695832	-0.04208199	0.039348856	-0.037297856	0.034164462	-0.037147157	0.04046664	-0.030754369	0.0345643
0.08502292	-0.10556921	0.07738016	-0.076612	0.06854764	-0.10828418	0.14651647	-0.08552218	0.08262086	-0.06977899	0.99999905	-0.30732754	0.17290752	-0.119676106	0.10209518	-0.8397454	0.18463501	-0.15353516	0.1233286	-0.09462246	0.2217309	-0.19131252	0.12647332	-0.10348716	0.10547203	-0.22286344	0.10922752	-0.113119684	0.06721827	-0.07324406	0.095455766	-0.09331628	0.054309823	-0.04694948	0.04242621	-0.070037894	0.065945715	-0.052285004	0.036916308	-0.040940173
-0.07847648	0.14303088	-0.11955179	0.12243153	-0.113532245	0.090914525	-0.24616961	0.1354205	-0.14019522	0.11433554	-0.30732754	0.9999989	-0.58236814	0.21656318	-0.17603333	0.2116344	-0.5285494	0.29148743	-0.23250477	0.15321112	-0.15190902	0.28355348	-0.20852347	0.15598257	-0.17128095	0.13515222	-0.12715727	0.12738487	-0.0910363	0.096032076	-0.08750182	0.08521082	-0.063360214	0.056336228	-0.052485738	0.06065359	-0.06521396	0.059343364	-0.04421736	0.048717484
0.06986042	-0.14079335	0.1270508	-0.14231989	0.122427866	-0.08070816	0.19032222	-0.16465004	0.16173077	-0.13024835	0.17290752	-0.58236814	0.99999857	-0.37505162	0.19030654	-0.16957703	0.28354344	-0.54024565	0.27443513	-0.17574593	0.12661237	-0.28217077	0.2105086	-0.1720294	0.17119515	-0.12406674	0.11920802	-0.12928934	0.09291322	-0.10078411	0.080337316	-0.080878645	0.062857985	-0.056986578	0.05285794	-0.056930095	0.06058845	-0.059783228	0.04439822	-0.04943322
-0.07000472	0.14450637	-0.15486197	0.21840593	-0.20554455	0.07735331	-0.1997975	0.18086542	-0.34506038	0.2159827	-0.119676106	0.21656318	-0.37505162	0.99999857	-0.40670788	0.111991264	-0.1917165	0.27602667	-0.61438525	0.25546905	-0.10568728	0.20673718	-0.19328818	0.17725587	-0.21681158	0.101873726	-0.111328594	0.11798319	-0.096496694	0.10497168	-0.0733897	0.073517084	-0.061656773	0.05687997	-0.053658675	0.051502824	-0.056350272	0.058502175	-0.044409867	0.049498145
0.06728478	-0.14867337	0.14082012	-0.25914428	0.25279763	-0.07578591	0.17727809	-0.17674416	0.24397375	-0.47516143	0.10209518	-0.17603333	0.19030654	-0.40670788	0.9999985	-0.102409676	0.15238538	-0.2106745	0.26857474	-0.5387896	0.09956942	-0.2093024	0.18008131	-0.2096009	0.25285408	-0.102029875	0.10909767	-0.122257836	0.10709119	-0.12428734	0.07237062	-0.07449793	0.0656972	-0.0626193	0.059058167	-0.051916447	0.055858288	-0.06396388	0.048501704	-0.055094134
-0.0786755	0.09662105	-0.07475147	0.07336154	-0.06795702	0.08897593	-0.14760685	0.0806487	-0.080740325	0.06792556	-0.8397454	0.2116344	-0.16957703	0.111991264	-0.102409676	0.9999987	-0.19306448	0.14072138	-0.12239387	0.091828525	-0.33352986	0.17228441	-0.12580454	0.09926747	-0.106324844	0.20694004	-0.10924648	0.10629015	-0.06500193	0.06946683	-0.09579231	0.08848088	-0.05199907	0.044608314	-0.040606912	0.066373214	-0.06490868	0.04919	-0.035166353	0.038694337
0.062416073	-0.11825697	0.09763991	-0.10816598	0.098360315	-0.07236106	0.1740829	-0.11287237	0.11850931	-0.1009205	0.18463501	-0.5285494	0.28354344	-0.1917165	0.15238538	-0.19306448	0.9999987	-0.39966264	0.21045296	-0.14628352	0.14603284	-0.6281335	0.22171429	-0.16566887	0.16144618	-0.13430987	0.1296211	-0.13424978	0.09148301	-0.097298905	0.08532435	-0.0851084	0.06337346	-0.056559768	0.05224158	-0.059660956	0.06381338	-0.05958635	0.044093937	-0.04873779
-0.06665827	0.13068883	-0.11995899	0.1384812	-0.1293644	0.07532654	-0.19284545	0.13827196	-0.15881369	0.13277297	-0.15353516	0.29148743	-0.54024565	0.27602667	-0.2106745	0.14072138	-0.39966264	0.99999857	-0.46888077	0.2041549	-0.13284448	0.28293607	-0.36439493	0.21669169	-0.2226733	0.12354826	-0.14651836	0.154523	-0.11400306	0.11839563	-0.09067596	0.09030326	-0.07365395	0.06644071	-0.061929632	0.062456064	-0.06941632	0.06829674	-0.051607125	0.056834906
0.06706985	-0.14225407	0.13023496	-0.19133897	0.1596332	-0.07611548	0.18060192	-0.16188195	0.20643196	-0.18055384	0.1233286	-0.23250477	0.27443513	-0.61438525	0.26857474	-0.12239387	0.21045296	-0.46888077	0.99999857	-0.36863354	0.11420236	-0.25502056	0.22145388	-0.22918613	0.23393315	-0.1143045	0.12306782	-0.1372467	0.112146504	-0.12576495	0.08040127	-0.08218743	0.070044	-0.06571106	0.061496045	-0.05715072	0.061760925	-0.067344464	0.05083063	-0.057239216
-0.05753975	0.11975959	-0.11620314	0.16745816	-0.1886503	0.064130336	-0.16282788	0.13281469	-0.18347636	0.2045123	-0.09462246	0.15321112	-0.17574593	0.25546905	-0.5387896	0.091828525	-0.14628352	0.2041549	-0.36863354	0.99999845	-0.09661316	0.18787844	-0.21837804	0.24192804	-0.59004295	0.09532816	-0.117304094	0.12647931	-0.12532614	0.13589224	-0.07355735	0.07458621	-0.06912916	0.06626209	-0.06360951	0.05137028	-0.057269424	0.065086246	-0.051079623	0.056934033
0.05171871	-0.08659784	0.06707544	-0.07194074	0.06577736	-0.060022835	0.12221593	-0.07521168	0.07630583	-0.06672915	0.2217309	-0.15190902	0.12661237	-0.10568728	0.09956942	-0.33352986	0.14603284	-0.13284448	0.11420236	-0.09661316	0.9999984	-0.22261253	0.1440358	-0.11872454	0.11370477	-0.7939458	0.18588056	-0.18759245	0.08908124	-0.097920924	0.19991662	-0.18820764	0.083876215	-0.06964365	0.06065069	-0.1458049	0.12386473	-0.0810303	0.05450202	-0.060183045
-0.077135295	0.14325374	-0.12490108	0.1345556	-0.13263443	0.0865662	-0.23538043	0.13621965	-0.15140237	0.13018368	-0.19131252	0.28355348	-0.28217077	0.20673718	-0.2093024	0.17228441	-0.6281335	0.28293607	-0.25502056	0.18787844	-0.22261253	0.99999833	-0.38170746	0.2242048	-0.24366349	0.17500249	-0.20952262	0.19118483	-0.13182263	0.1336027	-0.12620614	0.12198941	-0.09112876	0.07972627	-0.07423588	0.08466341	-0.09500141	0.08323125	-0.062491965	0.06801456
0.058511045	-0.118226625	0.09909532	-0.12116842	0.110968314	-0.06689115	0.16086306	-0.1157003	0.12679347	-0.11751788	0.12647332	-0.20852347	0.2105086	-0.19328818	0.18008131	-0.12580454	0.22171429	-0.36439493	0.22145388	-0.21837804	0.1440358	-0.38170746	0.9999988	-0.6092308	0.26701394	-0.14687742	0.21773486	-0.34046054	0.18738258	-0.19523755	0.1163193	-0.12484479	0.11132058	-0.10299593	0.09202351	-0.080753244	0.09078647	-0.10280367	0.076563545	-0.08483698
-0.053358946	0.10688237	-0.09517691	0.11770564	-0.118381985	0.059996434	-0.15399769	0.1074395	-0.12756002	0.121197104	-0.10348716	0.15598257	-0.1720294	0.17725587	-0.2096009	0.09926747	-0.16566887	0.21669169	-0.22918613	0.24192804	-0.11872454	0.2242048	-0.6092308	0.99999887	-0.5332014	0.11544107	-0.18180652	0.20232202	-0.29046375	0.22113025	-0.09937881	0.10169844	-0.10625693	0.106351815	-0.09907607	0.06745746	-0.0782992	0.09519313	-0.07830838	0.085050054
0.058748383	-0.12513906	0.10634506	-0.14803734	0.13658401	-0.06705899	0.15719658	-0.12742665	0.14705206	-0.15884444	0.10547203	-0.17128095	0.17119515	-0.21681158	0.25285408	-0.106324844	0.16144618	-0.2226733	0.23393315	-0.59004295	0.11370477	-0.24366349	0.26701394	-0.5332014	0.99999875	-0.117546976	0.1436351	-0.17039408	0.18989822	-0.2372328	0.089174405	-0.0934268	0.09334927	-0.09507605	0.09030788	-0.06330538	0.069561385	-0.08987308	0.07106088	-0.08117097
-0.05137009	0.08340354	-0.066946894	0.07055847	-0.06676306	0.058126185	-0.12677069	0.07332822	-0.07632115	0.066470325	-0.22286344	0.13515222	-0.12406674	0.101873726	-0.102029875	0.20694004	-0.13430987	0.12354826	-0.1143045	0.09532816	-0.7939458	0.17500249	-0.14687742	0.11544107	-0.117546976	0.99999857	-0.24760742	0.18339132	-0.089381404	0.094149955	-0.31606364	0.20127967	-0.08592823	0.068680726	-0.060396157	0.15611653	-0.14833313	0.078639	-0.05402357	0.058421742
0.04214166	-0.081207946	0.06553044	-0.07594895	0.06983724	-0.048251253	0.11253057	-0.07496872	0.07931813	-0.07203196	0.10922752	-0.12715727	0.11920802	-0.111328594	0.10909767	-0.10924648	0.1296211	-0.14651836	0.12306782	-0.117304094	0.18588056	-0.20952262	0.21773486	-0.18180652	0.1436351	-0.24760742	0.9999981	-0.74844503	0.16282795	-0.17577666	0.21934594	-0.36603358	0.1593472	-0.12688167	0.10343014	-0.15227254	0.17465152	-0.1458933	0.09440435	-0.10263291
-0.044285215	0.08395079	-0.070079304	0.08041128	-0.07672189	0.050175186	-0.12249419	0.07871165	-0.08587515	0.07772434	-0.113119684	0.12738487	-0.12928934	0.11798319	-0.122257836	0.10629015	-0.13424978	0.154523	-0.1372467	0.12647931	-0.18759245	0.19118483	-0.34046054	0.20232202	-0.17039408	0.18339132	-0.74844503	0.9999983	-0.22393426	0.18542312	-0.21017276	0.2221396	-0.20906048	0.1391934	-0.116649084	0.13001737	-0.1681354	0.15018223	-0.104430415	0.10740769
0.032521408	-0.06488201	0.055086896	-0.066786185	0.06442726	-0.036833897	0.09141034	-0.06265816	0.07043511	-0.06652338	0.06721827	-0.0910363	0.09291322	-0.096496694	0.10709119	-0.06500193	0.09148301	-0.11400306	0.112146504	-0.12532614	0.08908124	-0.13182263	0.18738258	-0.29046375	0.18989822	-0.089381404	0.16282795	-0.22393426	0.9999981	-0.8237165	0.08841824	-0.09523401	0.16787541	-0.2626416	0.20018274	-0.05982345	0.07119966	-0.15516979	0.14427185	-0.16413398
-0.0359915	0.07089702	-0.06157822	0.07372444	-0.07360702	0.040485	-0.10369453	0.06885774	-0.07922051	0.074391924	-0.07324406	0.096032076	-0.10078411	0.10497168	-0.12428734	0.06946683	-0.097298905	0.11839563	-0.12576495	0.13589224	-0.097920924	0.1336027	-0.19523755	0.22113025	-0.2372328	0.094149955	-0.17577666	0.18542312	-0.8237165	0.99999815	-0.09724164	0.09954207	-0.17661096	0.2106429	-0.2647067	0.064236194	-0.078393035	0.1495942	-0.15347482	0.16434869
0.03139636	-0.057851326	0.04585043	-0.05129912	0.047208548	-0.03594699	0.08146916	-0.051841468	0.05377489	-0.048090987	0.095455766	-0.08750182	0.080337316	-0.0733897	0.07237062	-0.09579231	0.08532435	-0.09067596	0.08040127	-0.07355735	0.19991662	-0.12620614	0.1163193	-0.09937881	0.089174405	-0.31606364	0.21934594	-0.21017276	0.08841824	-0.09724164	0.9999981	-0.6361981	0.1141744	-0.08657725	0.06985552	-0.5349491	0.31372955	-0.10660563	0.0663409	-0.07152147
-0.031261593	0.057235114	-0.04618577	0.051454633	-0.048200727	0.035561714	-0.08304095	0.051738624	-0.054487605	0.048695832	-0.09331628	0.08521082	-0.080878645	0.073517084	-0.07449793	0.08848088	-0.0851084	0.09030326	-0.08218743	0.07458621	-0.18820764	0.12198941	-0.12484479	0.10169844	-0.0934268	0.20127967	-0.36603358	0.2221396	-0.09523401	0.09954207	-0.6361981	0.99999803	-0.15039548	0.09621684	-0.07725084	0.30430895	-0.51164925	0.11587432	-0.073657714	0.076232046
0.023521846	-0.045609776	0.037655596	-0.04357427	0.041452296	-0.026698275	0.065371774	-0.0424538	0.04597684	-0.04208199	0.054309823	-0.063360214	0.062857985	-0.061656773	0.0656972	-0.05199907	0.06337346	-0.07365395	0.070044	-0.06912916	0.083876215	-0.09112876	0.11132058	-0.10625693	0.09334927	-0.08592823	0.1593472	-0.20906048	0.16787541	-0.17661096	0.1141744	-0.15039548	0.99999803	-0.5361113	0.25845218	-0.07626785	0.09486111	-0.67468	0.29485622	-0.28171378
-0.021171752	0.041193455	-0.034530055	0.040241484	-0.03888235	0.023951035	-0.059693277	0.038770854	-0.04272193	0.039348856	-0.04694948	0.056336228	-0.056986578	0.05687997	-0.0626193	0.044608314	-0.056559768	0.06644071	-0.06571106	0.06626209	-0.06964365	0.07972627	-0.10299593	0.106351815	-0.09507605	0.068680726	-0.12688167	0.1391934	-0.2626416	0.2106429	-0.08657725	0.09621684	-0.5361113	0.99999803	-0.54728144	0.056513146	-0.07134173	0.30681407	-0.4573766	0.3035827
0.019822946	-0.038953114	0.032528613	-0.03816084	0.036698572	-0.022454206	0.055819426	-0.036669653	0.040299922	-0.037297856	0.04242621	-0.052485738	0.05285794	-0.053658675	0.059058167	-0.040606912	0.05224158	-0.061929632	0.061496045	-0.06360951	0.06065069	-0.07423588	0.09202351	-0.09907607	0.09030788	-0.060396157	0.10343014	-0.116649084	0.20018274	-0.2647067	0.06985552	-0.07725084	0.25845218	-0.54728144	0.9999981	-0.047306105	0.057639264	-0.30284518	0.3079202	-0.6581357
-0.022671305	0.041106284	-0.032902718	0.03630532	-0.03387218	0.025804244	-0.059691872	0.03680152	-0.03839797	0.034164462	-0.070037894	0.06065359	-0.056930095	0.051502824	-0.051916447	0.066373214	-0.059660956	0.062456064	-0.05715072	0.05137028	-0.1458049	0.08466341	-0.080753244	0.06745746	-0.06330538	0.15611653	-0.15227254	0.13001737	-0.05982345	0.064236194	-0.5349491	0.30430895	-0.07626785	0.056513146	-0.047306105	0.99999815	-0.7576455	0.06878869	-0.044439137	0.047161795
0.023524601	-0.04421251	0.035110343	-0.039603174	0.036410883	-0.02692125	0.06197153	-0.039809614	0.041371703	-0.037147157	0.065945715	-0.06521396	0.06058845	-0.056350272	0.055858288	-0.06490868	0.06381338	-0.06941632	0.061760925	-0.057269424	0.12386473	-0.09500141	0.09078647	-0.0782992	0.069561385	-0.14833313	0.17465152	-0.1681354	0.07119966	-0.078393035	0.31372955	-0.51164925	0.09486111	-0.07134173	0.057639264	-0.7576455	0.99999815	-0.08903012	0.055116102	-0.05908253
-0.022765033	0.043706924	-0.036467936	0.04171378	-0.040322084	0.025726909	-0.06434048	0.04068609	-0.04443477	0.04046664	-0.052285004	0.059343364	-0.059783228	0.058502175	-0.06396388	0.04919	-0.05958635	0.06829674	-0.067344464	0.065086246	-0.0810303	0.08323125	-0.10280367	0.09519313	-0.08987308	0.078639	-0.1458933	0.15018223	-0.15516979	0.1495942	-0.10660563	0.11587432	-0.67468	0.30681407	-0.30284518	0.06878869	-0.08903012	0.9999979	-0.54715157	0.26534227
0.016772201	-0.032696735	0.027223509	-0.031621687	0.030383214	-0.018993968	0.04720569	-0.030600289	0.033455417	-0.030754369	0.036916308	-0.04421736	0.04439822	-0.044409867	0.048501704	-0.035166353	0.044093937	-0.051607125	0.05083063	-0.051079623	0.05450202	-0.062491965	0.076563545	-0.07830838	0.07106088	-0.05402357	0.09440435	-0.104430415	0.14427185	-0.15347482	0.0663409	-0.073657714	0.29485622	-0.4573766	0.3079202	-0.044439137	0.055116102	-0.54715157	0.9999979	-0.5983132
-0.018774506	0.036439553	-0.030597594	0.03537687	-0.0343824	0.02120421	-0.05341387	0.03418507	-0.03767085	0.0345643	-0.040940173	0.048717484	-0.04943322	0.049498145	-0.055094134	0.038694337	-0.04873779	0.056834906	-0.057239216	0.056934033	-0.060183045	0.06801456	-0.08483698	0.085050054	-0.08117097	0.058421742	-0.10263291	0.10740769	-0.16413398	0.16434869	-0.07152147	0.076232046	-0.28171378	0.3035827	-0.6581357	0.047161795	-0.05908253	0.26534227	-0.5983132	0.9999979
