1.0000001	-0.51399374	0.24465135	-0.0512188	0.049219117	-0.7002734	0.30090976	-0.28381127	0.05554915	-0.048481748	0.20815252	-0.21209806	0.12544504	-0.09426889	0.067401536	-0.12312198	0.12083983	-0.13627386	0.07439452	-0.07186027	0.06936472	-0.068795785	0.07753951	-0.053208217	0.049822547	-0.055344112	0.057262115	-0.06286824	0.039997213	-0.0339592	0.03228378	-0.035421602	0.047342055	-0.037337147	0.033726	-0.027886573	0.032229025	-0.06936918	0.026971994	-0.033506844
-0.51399374	1.0000001	-0.60469735	0.06900493	-0.060538296	0.28265697	-0.46260473	0.31116658	-0.07122761	0.05427287	-0.17722411	0.17248169	-0.11656887	0.08287434	-0.06400129	0.09610983	-0.109835535	0.113389224	-0.06639705	0.06456718	-0.060840636	0.05899928	-0.06798155	0.04613775	-0.044018783	0.046943527	-0.049952894	0.052893568	-0.034304913	0.02905987	-0.027725913	0.030229919	-0.040242672	0.03166397	-0.029100383	0.02370081	-0.027615601	0.05741417	-0.022543816	0.027849915
0.24465135	-0.60469735	0.99999994	-0.10480043	0.076418504	-0.23730609	0.30044693	-0.6582027	0.093294546	-0.06928229	0.14870627	-0.1706108	0.12974136	-0.09552653	0.0719592	-0.0879406	0.09834923	-0.13004486	0.07429634	-0.07376065	0.058025602	-0.057365876	0.06821096	-0.048968624	0.046263345	-0.04633336	0.04892011	-0.054158747	0.03515596	-0.030250678	0.027569847	-0.030248454	0.040956125	-0.0325675	0.030092502	-0.023767244	0.027628671	-0.059302766	0.02325066	-0.02879963
-0.0512188	0.06900493	-0.10480043	0.9999997	-0.5545611	0.047291234	-0.059654936	0.08352843	-0.7523957	0.3066655	-0.053970728	0.059403602	-0.06558445	0.1131882	-0.13059661	0.03367444	-0.04164625	0.07139921	-0.08011124	0.1091414	-0.0292365	0.02915155	-0.040734455	0.041078854	-0.039635293	0.024133934	-0.026604157	0.03194832	-0.023056833	0.021814276	-0.0153550375	0.017004058	-0.02465147	0.02088098	-0.021457262	0.013318023	-0.015717098	0.0350884	-0.014249447	0.017523514
0.049219117	-0.060538296	0.076418504	-0.5545611	0.9999998	-0.0465	0.055879317	-0.07229873	0.321686	-0.7139919	0.061234802	-0.069824435	0.07980853	-0.1558697	0.19043155	-0.039618667	0.04928814	-0.09380008	0.10675694	-0.17820014	0.03631397	-0.036615312	0.05272043	-0.058068343	0.05496336	-0.030549955	0.03369431	-0.042139366	0.030776178	-0.029882923	0.019708382	-0.021952432	0.03245048	-0.027949112	0.029030079	-0.01721291	0.020313874	-0.04670772	0.01900513	-0.023414172
-0.7002734	0.28265697	-0.23730609	0.047291234	-0.0465	0.9999999	-0.48837227	0.23900749	-0.052305557	0.044895623	-0.32535508	0.21453868	-0.12465498	0.08735522	-0.06384813	0.13785274	-0.14095126	0.12649016	-0.0701801	0.06651641	-0.073468424	0.07126164	-0.077501245	0.050666053	-0.047933586	0.055732395	-0.05828905	0.060884878	-0.038745042	0.03246829	-0.032208364	0.035080146	-0.046037782	0.03594864	-0.032475732	0.027520245	-0.031917673	0.06604128	-0.025774762	0.03189235
0.30090976	-0.46260473	0.30044693	-0.059654936	0.055879317	-0.48837227	0.9999996	-0.5687589	0.06513505	-0.054732665	0.21452686	-0.29036662	0.15701362	-0.10409858	0.07453817	-0.122065544	0.13347197	-0.15160356	0.08245635	-0.077546455	0.07252275	-0.071340375	0.08159338	-0.055709157	0.052688718	-0.056493595	0.059477348	-0.064084865	0.04115111	-0.03493552	0.033166036	-0.036257777	0.048391923	-0.03812347	0.034868017	-0.028455898	0.033059012	-0.06961506	0.027244808	-0.033718243
-0.28381127	0.31116658	-0.6582027	0.08352843	-0.07229873	0.23900749	-0.5687589	0.9999996	-0.09164914	0.0666862	-0.18042937	0.19081984	-0.17684892	0.102404	-0.078154266	0.099640526	-0.11838765	0.14194116	-0.08223586	0.07754228	-0.06647528	0.06460214	-0.076713696	0.053244133	-0.05110382	0.05133465	-0.0551454	0.058800027	-0.03850189	0.032842293	-0.030595295	0.033362057	-0.044751305	0.03536506	-0.032944936	0.026121177	-0.030531542	0.063314505	-0.024988132	0.030808054
0.05554915	-0.07122761	0.093294546	-0.7523957	0.321686	-0.052305557	0.06513505	-0.09164914	0.99999994	-0.50882304	0.06400498	-0.07256333	0.08273793	-0.16656306	0.16850808	-0.04068543	0.05046938	-0.09310913	0.10683125	-0.15514882	0.036074262	-0.03623189	0.051422182	-0.05448689	0.05193471	-0.030054621	0.033102877	-0.04070541	0.029525792	-0.028338006	0.01924179	-0.021380404	0.031328097	-0.026781978	0.027686002	-0.01675504	0.019768002	-0.04487677	0.01824058	-0.022455385
-0.048481748	0.05427287	-0.06928229	0.3066655	-0.7139919	0.044895623	-0.054732665	0.0666862	-0.50882304	0.99999994	-0.0635433	0.06991482	-0.08424501	0.161546	-0.30992678	0.04052092	-0.051218297	0.09477564	-0.11812837	0.18258257	-0.037397865	0.03746474	-0.054525465	0.059685018	-0.05817756	0.031086912	-0.034626372	0.042587034	-0.031641725	0.030689439	-0.02011556	0.022336643	-0.033013616	0.028470932	-0.030104533	0.017472371	-0.020708237	0.04668716	-0.019166427	0.023513442
0.20815252	-0.17722411	0.14870627	-0.053970728	0.061234802	-0.32535508	0.21452686	-0.18042937	0.06400498	-0.0635433	0.9999996	-0.5765671	0.22915818	-0.16751075	0.11122914	-0.50645703	0.30011544	-0.26378927	0.13244718	-0.122840405	0.15720445	-0.15672188	0.15068895	-0.09682395	0.08955789	-0.1194158	0.11714165	-0.123683736	0.07544531	-0.062748715	0.06509668	-0.071148686	0.091513224	-0.071020775	0.062237706	-0.056020573	0.06398374	-0.13452336	0.05176688	-0.06441169
-0.21209806	0.17248169	-0.1706108	0.059403602	-0.069824435	0.21453868	-0.29036662	0.19081984	-0.07256333	0.06991482	-0.5765671	0.9999999	-0.46361274	0.1788615	-0.12961057	0.26003626	-0.3798497	0.26933452	-0.15209809	0.12764698	-0.15405709	0.14860709	-0.16077192	0.09853616	-0.09550289	0.109284416	-0.11906676	0.116071574	-0.07462237	0.06164935	-0.063523576	0.06841096	-0.08824996	0.068059325	-0.06255978	0.053221297	-0.062460575	0.12041725	-0.047636636	0.058362883
0.12544504	-0.11656887	0.12974136	-0.06558445	0.07980853	-0.12465498	0.15701362	-0.17684892	0.08273793	-0.08424501	0.22915818	-0.46361274	1.0000001	-0.35617223	0.17609903	-0.14481167	0.18407007	-0.68721414	0.24468313	-0.18788202	0.10544238	-0.110297166	0.14941694	-0.11234838	0.10410067	-0.0835009	0.08981754	-0.10935297	0.06930195	-0.06117684	0.05047027	-0.05580274	0.078707375	-0.063406155	0.060797837	-0.043501902	0.05095617	-0.11062014	0.04390624	-0.0540677
-0.09426889	0.08287434	-0.09552653	0.1131882	-0.1558697	0.08735522	-0.10409858	0.102404	-0.16656306	0.161546	-0.16751075	0.1788615	-0.35617223	1.0000004	-0.47707036	0.10134467	-0.13571413	0.27965915	-0.6396762	0.31173068	-0.08969443	0.08974901	-0.13370447	0.14804046	-0.14927785	0.07106525	-0.07984757	0.09553967	-0.072553664	0.07007805	-0.045220584	0.04989632	-0.0734341	0.0636078	-0.0708138	0.038705412	-0.046210974	0.098777205	-0.04152706	0.050336853
0.067401536	-0.06400129	0.0719592	-0.13059661	0.19043155	-0.06384813	0.07453817	-0.078154266	0.16850808	-0.30992678	0.11122914	-0.12961057	0.17609903	-0.47707036	1.0000002	-0.07310954	0.093585305	-0.21399686	0.29633415	-0.70048887	0.06951868	-0.07119602	0.106890775	-0.13982332	0.13263974	-0.0582192	0.06438716	-0.083505	0.063068785	-0.06507777	0.037597537	-0.04201385	0.063645504	-0.056779288	0.062048536	-0.032775126	0.03887725	-0.09010716	0.03739871	-0.045853704
-0.12312198	0.09610983	-0.0879406	0.03367444	-0.039618667	0.13785274	-0.122065544	0.099640526	-0.04068543	0.04052092	-0.50645703	0.26003626	-0.14481167	0.10134467	-0.07310954	1.0000002	-0.73661107	0.16028683	-0.08602047	0.077881224	-0.24803734	0.19848508	-0.1471954	0.0760695	-0.07090002	0.13250676	-0.13110578	0.11054937	-0.06448222	0.050869316	-0.06663859	0.07061482	-0.08149014	0.060292166	-0.05105082	0.05489881	-0.06283753	0.11255568	-0.04330617	0.053301416
0.12083983	-0.109835535	0.09834923	-0.04164625	0.04928814	-0.14095126	0.13347197	-0.11838765	0.05046938	-0.051218297	0.30011544	-0.3798497	0.18407007	-0.13571413	0.093585305	-0.73661107	1.0000007	-0.23173572	0.113072604	-0.10285237	0.2177007	-0.28522503	0.17500828	-0.09625662	0.08788994	-0.1517301	0.14653136	-0.13845094	0.07917877	-0.06359209	0.07668567	-0.083192796	0.09950176	-0.074811704	0.06318964	-0.0649268	0.07335259	-0.14228956	0.054311734	-0.06732908
-0.13627386	0.113389224	-0.13004486	0.07139921	-0.09380008	0.12649016	-0.15160356	0.14194116	-0.09310913	0.09477564	-0.26378927	0.26933452	-0.68721414	0.27965915	-0.21399686	0.16028683	-0.23173572	1.0000005	-0.40181932	0.20782994	-0.13089737	0.13462058	-0.21896298	0.13720007	-0.13304044	0.09972766	-0.11101931	0.13145605	-0.08507339	0.07382431	-0.06119393	0.06724617	-0.095607236	0.07617704	-0.0748308	0.052038588	-0.06175772	0.12717277	-0.05139276	0.062599
0.07439452	-0.06639705	0.07429634	-0.08011124	0.10675694	-0.0701801	0.08245635	-0.08223586	0.10683125	-0.11812837	0.13244718	-0.15209809	0.24468313	-0.6396762	0.29633415	-0.08602047	0.113072604	-0.40181932	1.0000004	-0.51457804	0.07927506	-0.082349226	0.12825581	-0.19421425	0.1584091	-0.06443091	0.071572006	-0.092432395	0.07005348	-0.07060276	0.04104532	-0.045736913	0.06900703	-0.06159292	0.069298066	-0.035420086	0.042145837	-0.09380976	0.039544858	-0.048041597
-0.07186027	0.06456718	-0.07376065	0.1091414	-0.17820014	0.06651641	-0.077546455	0.07754228	-0.15514882	0.18258257	-0.122840405	0.12764698	-0.18788202	0.31173068	-0.70048887	0.077881224	-0.10285237	0.20782994	-0.51457804	1.0000005	-0.07552855	0.076153405	-0.11823168	0.15939312	-0.1839867	0.061518442	-0.06935178	0.08697157	-0.06990171	0.07388862	-0.039957173	0.044406366	-0.0674572	0.061260127	-0.072220735	0.034435872	-0.04121606	0.091296494	-0.039168917	0.047420852
0.06936472	-0.060840636	0.058025602	-0.0292365	0.03631397	-0.073468424	0.07252275	-0.06647528	0.036074262	-0.037397865	0.15720445	-0.15405709	0.10544238	-0.08969443	0.06951868	-0.24803734	0.2177007	-0.13089737	0.07927506	-0.07552855	1.0000004	-0.668912	0.256125	-0.11674621	0.1030502	-0.4944412	0.2867375	-0.22283556	0.11284115	-0.08511189	0.15395752	-0.1587333	0.15376653	-0.109309584	0.084147	-0.12618333	0.13206111	-0.217108	0.08024339	-0.099351324
-0.068795785	0.05899928	-0.057365876	0.02915155	-0.036615312	0.07126164	-0.071340375	0.06460214	-0.03623189	0.03746474	-0.15672188	0.14860709	-0.110297166	0.08974901	-0.07119602	0.19848508	-0.28522503	0.13462058	-0.082349226	0.076153405	-0.668912	1.0000002	-0.44743466	0.12557395	-0.11468189	0.2759536	-0.35965428	0.22042453	-0.11416	0.08366635	-0.13920175	0.14789829	-0.15435942	0.10608414	-0.084493935	0.10928967	-0.12753662	0.19286446	-0.07370173	0.089430675
0.07753951	-0.06798155	0.06821096	-0.040734455	0.05272043	-0.077501245	0.08159338	-0.076713696	0.051422182	-0.054525465	0.15068895	-0.16077192	0.14941694	-0.13370447	0.106890775	-0.1471954	0.17500828	-0.21896298	0.12825581	-0.11823168	0.256125	-0.44743466	1.0000002	-0.28634694	0.20329955	-0.23066075	0.23815802	-0.5518626	0.19574325	-0.15093997	0.1369006	-0.16053128	0.25810024	-0.18911359	0.14532858	-0.121163964	0.13957754	-0.3494516	0.1290963	-0.16024198
-0.053208217	0.04613775	-0.048968624	0.041078854	-0.058068343	0.050666053	-0.055709157	0.053244133	-0.05448689	0.059685018	-0.09682395	0.09853616	-0.11234838	0.14804046	-0.13982332	0.0760695	-0.09625662	0.13720007	-0.19421425	0.15939312	-0.11674621	0.12557395	-0.28634694	1.0	-0.830783	0.09845103	-0.1138798	0.17268743	-0.19238545	0.20658764	-0.06780368	0.07719941	-0.1344341	0.14862578	-0.21406594	0.058568973	-0.07126317	0.1658935	-0.08105811	0.09504075
0.049822547	-0.044018783	0.046263345	-0.039635293	0.05496336	-0.047933586	0.052688718	-0.05110382	0.05193471	-0.05817756	0.08955789	-0.09550289	0.10410067	-0.14927785	0.13263974	-0.07090002	0.08788994	-0.13304044	0.1584091	-0.1839867	0.1030502	-0.11468189	0.20329955	-0.830783	1.0000006	-0.09470812	0.10509658	-0.17297435	0.16533981	-0.3052083	0.06517795	-0.07544184	0.1306148	-0.15094444	0.20623349	-0.057779588	0.06914403	-0.18144596	0.0842823	-0.10295849
-0.055344112	0.046943527	-0.04633336	0.024133934	-0.030549955	0.055732395	-0.056493595	0.05133465	-0.030054621	0.031086912	-0.1194158	0.109284416	-0.0835009	0.07106525	-0.0582192	0.13250676	-0.1517301	0.09972766	-0.06443091	0.061518442	-0.4944412	0.2759536	-0.23066075	0.09845103	-0.09470812	1.0000007	-0.6605072	0.19580622	-0.11265162	0.07726768	-0.32944784	0.24588983	-0.16598755	0.10531551	-0.080046274	0.19278379	-0.21781738	0.19369179	-0.07366995	0.087522924
0.057262115	-0.049952894	0.04892011	-0.026604157	0.03369431	-0.05828905	0.059477348	-0.0551454	0.033102877	-0.034626372	0.11714165	-0.11906676	0.08981754	-0.07984757	0.06438716	-0.13110578	0.14653136	-0.11101931	0.071572006	-0.06935178	0.2867375	-0.35965428	0.23815802	-0.1138798	0.10509658	-0.6605072	1.0000006	-0.28089347	0.13504049	-0.094305255	0.24875575	-0.37896279	0.20345658	-0.13307953	0.09505276	-0.2125549	0.2190526	-0.26350743	0.095398374	-0.116296574
-0.06286824	0.052893568	-0.054158747	0.03194832	-0.042139366	0.060884878	-0.064084865	0.058800027	-0.04070541	0.042587034	-0.123683736	0.116071574	-0.10935297	0.09553967	-0.083505	0.11054937	-0.13845094	0.13145605	-0.092432395	0.08697157	-0.22283556	0.22042453	-0.5518626	0.17268743	-0.17297435	0.19580622	-0.28089347	1.0000007	-0.31312555	0.14474042	-0.15462829	0.18282153	-0.5529289	0.23789458	-0.15629216	0.12469432	-0.16220814	0.30026415	-0.12589659	0.13799715
0.039997213	-0.034304913	0.03515596	-0.023056833	0.030776178	-0.038745042	0.04115111	-0.03850189	0.029525792	-0.031641725	0.07544531	-0.07462237	0.06930195	-0.072553664	0.063068785	-0.06448222	0.07917877	-0.08507339	0.07005348	-0.06990171	0.11284115	-0.11416	0.19574325	-0.19238545	0.16533981	-0.11265162	0.13504049	-0.31312555	1.0000011	-0.2855954	0.09315466	-0.11536896	0.2639582	-0.782614	0.23929581	-0.08199414	0.10185213	-0.28505337	0.14684749	-0.17189127
-0.0339592	0.02905987	-0.030250678	0.021814276	-0.029882923	0.03246829	-0.03493552	0.032842293	-0.028338006	0.030689439	-0.062748715	0.06164935	-0.06117684	0.07007805	-0.06507777	0.050869316	-0.06359209	0.07382431	-0.07060276	0.07388862	-0.08511189	0.08366635	-0.15093997	0.20658764	-0.3052083	0.07726768	-0.094305255	0.14474042	-0.2855954	1.0000011	-0.061166693	0.070722565	-0.14410213	0.22486748	-0.8385459	0.05251372	-0.066469	0.16154748	-0.12059772	0.13351382
0.03228378	-0.027725913	0.027569847	-0.0153550375	0.019708382	-0.032208364	0.033166036	-0.030595295	0.01924179	-0.02011556	0.06509668	-0.063523576	0.05047027	-0.045220584	0.037597537	-0.06663859	0.07668567	-0.06119393	0.04104532	-0.039957173	0.15395752	-0.13920175	0.1369006	-0.06780368	0.06517795	-0.32944784	0.24875575	-0.15462829	0.09315466	-0.061166693	1.0000008	-0.57953274	0.16411401	-0.09449121	0.063692205	-0.6246941	0.32660455	-0.19000043	0.06673871	-0.07845749
-0.035421602	0.030229919	-0.030248454	0.017004058	-0.021952432	0.035080146	-0.036257777	0.033362057	-0.021380404	0.022336643	-0.071148686	0.06841096	-0.05580274	0.04989632	-0.04201385	0.07061482	-0.083192796	0.06724617	-0.045736913	0.044406366	-0.1587333	0.14789829	-0.16053128	0.07719941	-0.07544184	0.24588983	-0.37896279	0.18282153	-0.11536896	0.070722565	-0.57953274	1.000001	-0.2638159	0.11516628	-0.07536366	0.3149974	-0.5652421	0.21242858	-0.076414384	0.08685393
0.047342055	-0.040242672	0.040956125	-0.02465147	0.03245048	-0.046037782	0.048391923	-0.044751305	0.031328097	-0.033013616	0.091513224	-0.08824996	0.078707375	-0.0734341	0.063645504	-0.08149014	0.09950176	-0.095607236	0.06900703	-0.0674572	0.15376653	-0.15435942	0.25810024	-0.1344341	0.1306148	-0.16598755	0.20345658	-0.5529289	0.2639582	-0.14410213	0.16411401	-0.2638159	1.0000007	-0.37003213	0.1548056	-0.14029577	0.17931494	-0.57143503	0.16253091	-0.18117668
-0.037337147	0.03166397	-0.0325675	0.02088098	-0.027949112	0.03594864	-0.03812347	0.03536506	-0.026781978	0.028470932	-0.071020775	0.068059325	-0.063406155	0.0636078	-0.056779288	0.060292166	-0.074811704	0.07617704	-0.06159292	0.061260127	-0.109309584	0.10608414	-0.18911359	0.14862578	-0.15094444	0.10531551	-0.13307953	0.23789458	-0.782614	0.22486748	-0.09449121	0.11516628	-0.37003213	1.0000008	-0.3122898	0.0788876	-0.1030527	0.24121596	-0.1603921	0.15590867
0.033726	-0.029100383	0.030092502	-0.021457262	0.029030079	-0.032475732	0.034868017	-0.032944936	0.027686002	-0.030104533	0.062237706	-0.06255978	0.060797837	-0.0708138	0.062048536	-0.05105082	0.06318964	-0.0748308	0.069298066	-0.072220735	0.084147	-0.084493935	0.14532858	-0.21406594	0.20623349	-0.080046274	0.09505276	-0.15629216	0.23929581	-0.8385459	0.063692205	-0.07536366	0.1548056	-0.3122898	1.000001	-0.05591371	0.06976428	-0.19320069	0.13678464	-0.18030448
-0.027886573	0.02370081	-0.023767244	0.013318023	-0.01721291	0.027520245	-0.028455898	0.026121177	-0.01675504	0.017472371	-0.056020573	0.053221297	-0.043501902	0.038705412	-0.032775126	0.05489881	-0.0649268	0.052038588	-0.035420086	0.034435872	-0.12618333	0.10928967	-0.121163964	0.058568973	-0.057779588	0.19278379	-0.2125549	0.12469432	-0.08199414	0.05251372	-0.6246941	0.3149974	-0.14029577	0.0788876	-0.05591371	1.0000007	-0.67228466	0.15872571	-0.05777814	0.06547431
0.032229025	-0.027615601	0.027628671	-0.015717098	0.020313874	-0.031917673	0.033059012	-0.030531542	0.019768002	-0.020708237	0.06398374	-0.062460575	0.05095617	-0.046210974	0.03887725	-0.06283753	0.07335259	-0.06175772	0.042145837	-0.04121606	0.13206111	-0.12753662	0.13957754	-0.07126317	0.06914403	-0.21781738	0.2190526	-0.16220814	0.10185213	-0.066469	0.32660455	-0.5652421	0.17931494	-0.1030527	0.06976428	-0.67228466	1.0000007	-0.24076574	0.07836096	-0.090431124
-0.06936918	0.05741417	-0.059302766	0.0350884	-0.04670772	0.06604128	-0.06961506	0.063314505	-0.04487677	0.04668716	-0.13452336	0.12041725	-0.11062014	0.098777205	-0.09010716	0.11255568	-0.14228956	0.12717277	-0.09380976	0.091296494	-0.217108	0.19286446	-0.3494516	0.1658935	-0.18144596	0.19369179	-0.26350743	0.30026415	-0.28505337	0.16154748	-0.19000043	0.21242858	-0.57143503	0.24121596	-0.19320069	0.15872571	-0.24076574	1.0000006	-0.3311115	0.2389106
0.026971994	-0.022543816	0.02325066	-0.014249447	0.01900513	-0.025774762	0.027244808	-0.024988132	0.01824058	-0.019166427	0.05176688	-0.047636636	0.04390624	-0.04152706	0.03739871	-0.04330617	0.054311734	-0.05139276	0.039544858	-0.039168917	0.08024339	-0.07370173	0.1290963	-0.08105811	0.0842823	-0.07366995	0.095398374	-0.12589659	0.14684749	-0.12059772	0.06673871	-0.076414384	0.16253091	-0.1603921	0.13678464	-0.05777814	0.07836096	-0.3311115	1.0000005	-0.8915503
-0.033506844	0.027849915	-0.02879963	0.017523514	-0.023414172	0.03189235	-0.033718243	0.030808054	-0.022455385	0.023513442	-0.06441169	0.058362883	-0.0540677	0.050336853	-0.045853704	0.053301416	-0.06732908	0.062599	-0.048041597	0.047420852	-0.099351324	0.089430675	-0.16024198	0.09504075	-0.10295849	0.087522924	-0.116296574	0.13799715	-0.17189127	0.13351382	-0.07845749	0.08685393	-0.18117668	0.15590867	-0.18030448	0.06547431	-0.090431124	0.2389106	-0.8915503	1.0000005
