1.0000001	-0.14197257	0.08560898	-0.101317495	0.1274748	-0.7620524	0.14476767	-0.10985423	0.101138756	-0.09694252	0.31217396	-0.20990126	0.16151918	-0.120359	0.12755153	-0.20623419	0.14894408	-0.13135415	0.09701412	-0.1456518	0.15259828	-0.17684087	0.12816961	-0.06488629	0.06447852	-0.12761675	0.1109512	-0.124563836	0.071784474	-0.05988127	0.11248179	-0.11182324	0.09205929	-0.075698666	0.06242913	-0.11090569	0.12745623	-0.13112815	0.12904389	-0.34866098
-0.14197257	1.0000004	-0.5899364	0.31593797	-0.4089664	0.09752964	-0.44513392	0.29046884	-0.30827132	0.24294111	-0.15936777	0.19042711	-0.22853896	0.18259914	-0.28373587	0.11215513	-0.12128576	0.13028796	-0.14785405	0.20907171	-0.10761228	0.13373113	-0.12914236	0.062423263	-0.06352324	0.08061895	-0.08369985	0.088518314	-0.060327977	0.04838866	-0.081271015	0.07893143	-0.0681099	0.060331095	-0.05086699	0.07279914	-0.0966678	0.08482823	-0.08904481	0.18334028
0.08560898	-0.5899364	1.0000002	-0.6358678	0.24875325	-0.06054805	0.26750207	-0.36470315	0.263623	-0.19072905	0.098268434	-0.13528606	0.15718521	-0.1399969	0.17877467	-0.07339752	0.08143263	-0.09075367	0.10597602	-0.15136603	0.06871354	-0.09140506	0.086395	-0.04269838	0.043094683	-0.052242994	0.054480176	-0.05949914	0.04034734	-0.0326977	0.051972963	-0.05191405	0.045348786	-0.040547162	0.034126997	-0.047113415	0.061565474	-0.05668349	0.058838934	-0.12462245
-0.101317495	0.31593797	-0.6358678	1.0000002	-0.40279403	0.07055422	-0.30305114	0.27931267	-0.46341205	0.25123852	-0.116104625	0.15088227	-0.18207304	0.17126557	-0.23950215	0.08542979	-0.094447605	0.10560041	-0.13445836	0.18414438	-0.08086289	0.10537414	-0.102294974	0.05131655	-0.051994145	0.06122407	-0.0639661	0.06992808	-0.04813009	0.03899569	-0.061239805	0.060751412	-0.053495333	0.048187923	-0.04074287	0.05535393	-0.07277033	0.06662311	-0.06944902	0.14585309
0.1274748	-0.4089664	0.24875325	-0.40279403	1.0000001	-0.08752074	0.25576878	-0.25329843	0.30070534	-0.57280296	0.14856085	-0.19451377	0.20488559	-0.24731609	0.30602646	-0.11493055	0.12416787	-0.14082263	0.18197106	-0.32856718	0.10813087	-0.14529994	0.13432285	-0.078744896	0.07883399	-0.08462869	0.088657886	-0.10540198	0.0723818	-0.061061036	0.08410897	-0.085970774	0.079548314	-0.073911704	0.0626748	-0.07829696	0.101468526	-0.10316637	0.106034294	-0.24646066
-0.7620524	0.09752964	-0.06054805	0.07055422	-0.08752074	1.0000002	-0.11974666	0.08210189	-0.071885146	0.06718189	-0.54166615	0.15212524	-0.11994594	0.08171602	-0.086923726	0.1663956	-0.1144955	0.09252821	-0.066458374	0.09637848	-0.12773974	0.12398101	-0.09113119	0.042205922	-0.042091224	0.09238375	-0.079082206	0.07949218	-0.04633319	0.037764307	-0.083188154	0.077183865	-0.059476048	0.04836973	-0.039543677	0.07613678	-0.08981387	0.08196357	-0.08135677	0.20500651
0.14476767	-0.44513392	0.26750207	-0.30305114	0.25576878	-0.11974666	1.0000001	-0.63900036	0.286582	-0.24512467	0.16634674	-0.29817486	0.25502202	-0.21277075	0.22595426	-0.13003021	0.14754872	-0.15487659	0.15649721	-0.23640192	0.11607353	-0.16608463	0.14345229	-0.068778194	0.06878635	-0.08944548	0.092537984	-0.10095384	0.065937154	-0.05361544	0.08694126	-0.08920319	0.07612058	-0.06694542	0.055737425	-0.07971547	0.10153745	-0.09629911	0.09847074	-0.21623203
-0.10985423	0.29046884	-0.36470315	0.27931267	-0.25329843	0.08210189	-0.63900036	0.99999994	-0.49427417	0.2286766	-0.12716886	0.20188008	-0.2858601	0.18172765	-0.21339463	0.097273394	-0.11312764	0.12803705	-0.13848053	0.1838244	-0.088995926	0.124264166	-0.11836147	0.053831946	-0.054173753	0.06738353	-0.07046309	0.07625815	-0.050884333	0.040861968	-0.066300415	0.06711847	-0.057925656	0.05105922	-0.042698406	0.059956428	-0.07749325	0.071509875	-0.07383354	0.15474571
0.101138756	-0.30827132	0.263623	-0.46341205	0.30070534	-0.071885146	0.286582	-0.49427417	0.9999999	-0.49775577	0.11814939	-0.17100379	0.19760892	-0.28147858	0.26140058	-0.0915617	0.103452526	-0.12172477	0.17529014	-0.23374951	0.08497951	-0.11713289	0.11312132	-0.059378546	0.05962426	-0.06509049	0.068344995	-0.07700005	0.053552832	-0.043794543	0.06445408	-0.065420404	0.058501836	-0.05367367	0.045421686	-0.058768023	0.07634355	-0.07262395	0.07508333	-0.15937841
-0.09694252	0.24294111	-0.19072905	0.25123852	-0.57280296	0.06718189	-0.24512467	0.2286766	-0.49775577	0.9999997	-0.11262103	0.14832309	-0.17203882	0.19874237	-0.51741827	0.085598074	-0.094758466	0.10927285	-0.15645492	0.24929734	-0.08075438	0.10775158	-0.104984246	0.058436833	-0.059161972	0.061996844	-0.06514499	0.07465925	-0.05269306	0.04362484	-0.061823104	0.06239141	-0.05686452	0.052964885	-0.045092024	0.056562666	-0.07390621	0.071311764	-0.07394895	0.16004828
0.31217396	-0.15936777	0.098268434	-0.116104625	0.14856085	-0.54166615	0.16634674	-0.12716886	0.11814939	-0.11262103	0.9999997	-0.3133606	0.21226016	-0.14431934	0.14985679	-0.40796024	0.21934278	-0.17364877	0.11776599	-0.17021091	0.22863887	-0.24202912	0.16727492	-0.07675396	0.076295316	-0.17834334	0.14493285	-0.14741707	0.08462215	-0.0690842	0.1505562	-0.14395814	0.10959555	-0.088675864	0.07225338	-0.1425061	0.16172986	-0.15177697	0.14916906	-0.38081977
-0.20990126	0.19042711	-0.13528606	0.15088227	-0.19451377	0.15212524	-0.29817486	0.20188008	-0.17100379	0.14832309	-0.3133606	0.99999976	-0.62735265	0.19189987	-0.19468074	0.22881939	-0.4191915	0.25183633	-0.1638082	0.19308452	-0.20644097	0.27370885	-0.25553858	0.0798741	-0.08066463	0.1400636	-0.14695813	0.13129395	-0.08193624	0.061641596	-0.13708368	0.13245097	-0.10176358	0.08128519	-0.06576271	0.115967005	-0.15007666	0.11889294	-0.12370288	0.23274587
0.16151918	-0.22853896	0.15718521	-0.18207304	0.20488559	-0.11994594	0.25502202	-0.2858601	0.19760892	-0.17203882	0.21226016	-0.62735265	0.9999999	-0.29087552	0.20853932	-0.19535951	0.25586948	-0.37836105	0.20330013	-0.24448894	0.16501974	-0.28649613	0.25310093	-0.088664964	0.087328	-0.12573916	0.13385956	-0.14215413	0.08623103	-0.06691268	0.11959259	-0.12868108	0.10517247	-0.08691239	0.07018051	-0.107952006	0.1350814	-0.12555401	0.12653367	-0.25432843
-0.120359	0.18259914	-0.1399969	0.17126557	-0.24731609	0.08171602	-0.21277075	0.18172765	-0.28147858	0.19874237	-0.14431934	0.19189987	-0.29087552	0.99999994	-0.31404537	0.113169275	-0.13854168	0.1946275	-0.7346659	0.30442515	-0.107485965	0.14851004	-0.18371868	0.09513568	-0.09650753	0.07993125	-0.0861813	0.09763366	-0.07688995	0.060113955	-0.080290176	0.080614015	-0.075835675	0.07264193	-0.0637656	0.07139421	-0.0946762	0.086700186	-0.091676965	0.16855016
0.12755153	-0.28373587	0.17877467	-0.23950215	0.30602646	-0.086923726	0.22595426	-0.21339463	0.26140058	-0.51741827	0.14985679	-0.19468074	0.20853932	-0.31404537	0.99999994	-0.1172753	0.12858541	-0.15358478	0.23958813	-0.57225347	0.11056708	-0.15026934	0.14519998	-0.09568647	0.09649775	-0.08631544	0.091196105	-0.11054081	0.080972984	-0.06944232	0.08594268	-0.08822202	0.0837542	-0.08218667	0.07028937	-0.07971826	0.1036691	-0.10581273	0.10903714	-0.2423948
-0.20623419	0.11215513	-0.07339752	0.08542979	-0.11493055	0.1663956	-0.13003021	0.097273394	-0.0915617	0.085598074	-0.40796024	0.22881939	-0.19535951	0.113169275	-0.1172753	0.9999998	-0.427174	0.17599443	-0.09852003	0.12589596	-0.62013674	0.25863597	-0.1779245	0.060368806	-0.060703613	0.23624581	-0.1734519	0.11513436	-0.067021504	0.050153077	-0.21188535	0.15297636	-0.08992209	0.06817446	-0.053432047	0.15095659	-0.18455961	0.11177387	-0.112701416	0.21903217
0.14894408	-0.12128576	0.08143263	-0.094447605	0.12416787	-0.1144955	0.14754872	-0.11312764	0.103452526	-0.094758466	0.21934278	-0.4191915	0.25586948	-0.13854168	0.12858541	-0.427174	0.99999976	-0.34526238	0.12418765	-0.14311168	0.2296291	-0.62360656	0.26513752	-0.06745732	0.0669027	-0.15530284	0.16374642	-0.121454574	0.0701167	-0.05125236	0.13731179	-0.14862631	0.09276457	-0.0699815	0.0547044	-0.11417077	0.13918395	-0.10443269	0.10608466	-0.19143139
-0.13135415	0.13028796	-0.09075367	0.10560041	-0.14082263	0.09252821	-0.15487659	0.12803705	-0.12172477	0.10927285	-0.17364877	0.25183633	-0.37836105	0.1946275	-0.15358478	0.17599443	-0.34526238	0.9999997	-0.23524974	0.18181187	-0.15737243	0.28253904	-0.7308612	0.092880435	-0.09146488	0.11026653	-0.12715589	0.1495029	-0.088175274	0.061006617	-0.107992336	0.114711024	-0.11491449	0.08367401	-0.06591864	0.09236128	-0.120120205	0.10946759	-0.115611546	0.17881994
0.09701412	-0.14785405	0.10597602	-0.13445836	0.18197106	-0.066458374	0.15649721	-0.13848053	0.17529014	-0.15645492	0.11776599	-0.1638082	0.20330013	-0.7346659	0.23958813	-0.09852003	0.12418765	-0.23524974	0.9999997	-0.5104091	0.091024965	-0.13624696	0.17113724	-0.10862555	0.10010317	-0.06836999	0.074390195	-0.08915709	0.07340489	-0.058390655	0.067954145	-0.070149824	0.06827249	-0.06924175	0.060503315	-0.060819615	0.07981533	-0.0764899	0.079846665	-0.14419188
-0.1456518	0.20907171	-0.15136603	0.18414438	-0.32856718	0.09637848	-0.23640192	0.1838244	-0.23374951	0.24929734	-0.17021091	0.19308452	-0.24448894	0.30442515	-0.57225347	0.12589596	-0.14311168	0.18181187	-0.5104091	0.99999976	-0.12311559	0.15696287	-0.18329342	0.1223954	-0.14153017	0.092107005	-0.098768495	0.11388463	-0.096425794	0.080174126	-0.09387223	0.092492945	-0.08940917	0.09225406	-0.08318653	0.083834074	-0.112846345	0.103692956	-0.11088546	0.20381248
0.15259828	-0.10761228	0.06871354	-0.08086289	0.10813087	-0.12773974	0.11607353	-0.088995926	0.08497951	-0.08075438	0.22863887	-0.20644097	0.16501974	-0.107485965	0.11056708	-0.62013674	0.2296291	-0.15737243	0.091024965	-0.12311559	0.9999996	-0.25435448	0.15230641	-0.06018304	0.06009937	-0.5193545	0.18498555	-0.122819416	0.06841285	-0.05196759	0.24961412	-0.18359973	0.094528355	-0.07103504	0.054995038	-0.20130657	0.19329317	-0.122420356	0.11851041	-0.24456249
-0.17684087	0.13373113	-0.09140506	0.10537414	-0.14529994	0.12398101	-0.16608463	0.124264166	-0.11713289	0.10775158	-0.24202912	0.27370885	-0.28649613	0.14851004	-0.15026934	0.25863597	-0.62360656	0.28253904	-0.13624696	0.15696287	-0.25435448	0.99999964	-0.43190265	0.08277935	-0.08323143	0.1713639	-0.2748739	0.14962953	-0.08778617	0.061636437	-0.1704394	0.19363913	-0.1187678	0.08582712	-0.066687964	0.13616851	-0.1791345	0.12492958	-0.13047087	0.21162914
0.12816961	-0.12914236	0.086395	-0.102294974	0.13432285	-0.09113119	0.14345229	-0.11836147	0.11312132	-0.104984246	0.16727492	-0.25553858	0.25310093	-0.18371868	0.14519998	-0.1779245	0.26513752	-0.7308612	0.17113724	-0.18329342	0.15230641	-0.43190265	0.9999997	-0.1142836	0.10209794	-0.11624861	0.14210229	-0.21773109	0.10124001	-0.06942741	0.111663565	-0.13371617	0.13830243	-0.098481975	0.07403909	-0.09890633	0.12594391	-0.12948884	0.1296505	-0.19721998
-0.06488629	0.062423263	-0.04269838	0.05131655	-0.078744896	0.042205922	-0.068778194	0.053831946	-0.059378546	0.058436833	-0.07675396	0.0798741	-0.088664964	0.09513568	-0.09568647	0.060368806	-0.06745732	0.092880435	-0.10862555	0.1223954	-0.06018304	0.08277935	-0.1142836	0.99999976	-0.81852925	0.04846512	-0.058460075	0.12496076	-0.37682077	0.2206536	-0.05023712	0.057091676	-0.10551816	0.22943048	-0.24119195	0.04732773	-0.06479859	0.09450909	-0.10014412	0.11775515
0.06447852	-0.06352324	0.043094683	-0.051994145	0.07883399	-0.042091224	0.06878635	-0.054173753	0.05962426	-0.059161972	0.076295316	-0.08066463	0.087328	-0.09650753	0.09649775	-0.060703613	0.0669027	-0.09146488	0.10010317	-0.14153017	0.06009937	-0.08323143	0.10209794	-0.81852925	0.9999999	-0.049045328	0.05897721	-0.13398746	0.2395365	-0.3483329	0.05056151	-0.058513895	0.107388146	-0.25020504	0.23042552	-0.04822339	0.06530153	-0.10019141	0.101149164	-0.12540601
-0.12761675	0.08061895	-0.052242994	0.06122407	-0.08462869	0.09238375	-0.08944548	0.06738353	-0.06509049	0.061996844	-0.17834334	0.1400636	-0.12573916	0.07993125	-0.08631544	0.23624581	-0.15530284	0.11026653	-0.06836999	0.092107005	-0.5193545	0.1713639	-0.11624861	0.04846512	-0.049045328	1.0000001	-0.28508753	0.1064652	-0.05875382	0.0420422	-0.6394362	0.22633307	-0.08720155	0.06069939	-0.045095652	0.24762833	-0.27398884	0.108765356	-0.10673969	0.18006326
0.1109512	-0.08369985	0.054480176	-0.0639661	0.088657886	-0.079082206	0.092537984	-0.07046309	0.068344995	-0.06514499	0.14493285	-0.14695813	0.13385956	-0.0861813	0.091196105	-0.1734519	0.16374642	-0.12715589	0.074390195	-0.098768495	0.18498555	-0.2748739	0.14210229	-0.058460075	0.05897721	-0.28508753	1.0	-0.16519892	0.07618806	-0.050356902	0.22777866	-0.81663245	0.13502488	-0.08044942	0.0544201	-0.19480185	0.21548668	-0.13279246	0.12353416	-0.18806921
-0.124563836	0.088518314	-0.05949914	0.06992808	-0.10540198	0.07949218	-0.10095384	0.07625815	-0.07700005	0.07465925	-0.14741707	0.13129395	-0.14215413	0.09763366	-0.11054081	0.11513436	-0.121454574	0.1495029	-0.08915709	0.11388463	-0.122819416	0.14962953	-0.21773109	0.12496076	-0.13398746	0.1064652	-0.16519892	1.0000001	-0.2563685	0.106418245	-0.115438856	0.1537048	-0.7524211	0.22630121	-0.12614703	0.10912332	-0.15961577	0.27946523	-0.32837033	0.20386745
0.071784474	-0.060327977	0.04034734	-0.04813009	0.0723818	-0.04633319	0.065937154	-0.050884333	0.053552832	-0.05269306	0.08462215	-0.08193624	0.08623103	-0.07688995	0.080972984	-0.067021504	0.0701167	-0.088175274	0.07340489	-0.096425794	0.06841285	-0.08778617	0.10124001	-0.37682077	0.2395365	-0.05875382	0.07618806	-0.2563685	1.0000001	-0.22821651	0.061570115	-0.07809967	0.20480993	-0.77739877	0.21456301	-0.0606853	0.08310313	-0.16499005	0.15755363	-0.14839147
-0.05988127	0.04838866	-0.0326977	0.03899569	-0.061061036	0.037764307	-0.05361544	0.040861968	-0.043794543	0.04362484	-0.0690842	0.061641596	-0.06691268	0.060113955	-0.06944232	0.050153077	-0.05125236	0.061006617	-0.058390655	0.080174126	-0.05196759	0.061636437	-0.06942741	0.2206536	-0.3483329	0.0420422	-0.050356902	0.106418245	-0.22821651	1.0000001	-0.04451415	0.04928198	-0.095691964	0.21360268	-0.8538146	0.042155594	-0.05920112	0.08704044	-0.09756465	0.119664244
0.11248179	-0.081271015	0.051972963	-0.061239805	0.08410897	-0.083188154	0.08694126	-0.066300415	0.06445408	-0.061823104	0.1505562	-0.13708368	0.11959259	-0.080290176	0.08594268	-0.21188535	0.13731179	-0.107992336	0.067954145	-0.09387223	0.24961412	-0.1704394	0.111663565	-0.05023712	0.05056151	-0.6394362	0.22777866	-0.115438856	0.061570115	-0.04451415	1.0000001	-0.2982588	0.09380708	-0.0646865	0.047500785	-0.5127895	0.28512	-0.12059693	0.11250472	-0.20009321
-0.11182324	0.07893143	-0.05191405	0.060751412	-0.085970774	0.077183865	-0.08920319	0.06711847	-0.065420404	0.06239141	-0.14395814	0.13245097	-0.12868108	0.080614015	-0.08822202	0.15297636	-0.14862631	0.114711024	-0.070149824	0.092492945	-0.18359973	0.19363913	-0.13371617	0.057091676	-0.058513895	0.22633307	-0.81663245	0.1537048	-0.07809967	0.04928198	-0.2982588	1.0	-0.15696363	0.080939084	-0.054140594	0.2050914	-0.2982421	0.13330069	-0.12906103	0.1721936
0.09205929	-0.0681099	0.045348786	-0.053495333	0.079548314	-0.059476048	0.07612058	-0.057925656	0.058501836	-0.05686452	0.10959555	-0.10176358	0.10517247	-0.075835675	0.0837542	-0.08992209	0.09276457	-0.11491449	0.06827249	-0.08940917	0.094528355	-0.1187678	0.13830243	-0.10551816	0.107388146	-0.08720155	0.13502488	-0.7524211	0.20480993	-0.095691964	0.09380708	-0.15696363	1.0	-0.29057258	0.109740354	-0.09337017	0.1311741	-0.44262382	0.26112103	-0.17618708
-0.075698666	0.060331095	-0.040547162	0.048187923	-0.073911704	0.04836973	-0.06694542	0.05105922	-0.05367367	0.052964885	-0.088675864	0.08128519	-0.08691239	0.07264193	-0.08218667	0.06817446	-0.0699815	0.08367401	-0.06924175	0.09225406	-0.07103504	0.08582712	-0.098481975	0.22943048	-0.25020504	0.06069939	-0.08044942	0.22630121	-0.77739877	0.21360268	-0.0646865	0.080939084	-0.29057258	1.0000001	-0.31445947	0.06314154	-0.0888619	0.17320487	-0.19643787	0.1482746
0.06242913	-0.05086699	0.034126997	-0.04074287	0.0626748	-0.039543677	0.055737425	-0.042698406	0.045421686	-0.045092024	0.07225338	-0.06576271	0.07018051	-0.0637656	0.07028937	-0.053432047	0.0547044	-0.06591864	0.060503315	-0.08318653	0.054995038	-0.066687964	0.07403909	-0.24119195	0.23042552	-0.045095652	0.0544201	-0.12614703	0.21456301	-0.8538146	0.047500785	-0.054140594	0.109740354	-0.31445947	1.0000001	-0.045528874	0.063254304	-0.10077502	0.1067528	-0.1451613
-0.11090569	0.07279914	-0.047113415	0.05535393	-0.07829696	0.07613678	-0.07971547	0.059956428	-0.058768023	0.056562666	-0.1425061	0.115967005	-0.107952006	0.07139421	-0.07971826	0.15095659	-0.11417077	0.09236128	-0.060819615	0.083834074	-0.20130657	0.13616851	-0.09890633	0.04732773	-0.04822339	0.24762833	-0.19480185	0.10912332	-0.0606853	0.042155594	-0.5127895	0.2050914	-0.09337017	0.06314154	-0.045528874	1.0000002	-0.734476	0.13389337	-0.12743483	0.17763706
0.12745623	-0.0966678	0.061565474	-0.07277033	0.101468526	-0.08981387	0.10153745	-0.07749325	0.07634355	-0.07390621	0.16172986	-0.15007666	0.1350814	-0.0946762	0.1036691	-0.18455961	0.13918395	-0.120120205	0.07981533	-0.112846345	0.19329317	-0.1791345	0.12594391	-0.06479859	0.06530153	-0.27398884	0.21548668	-0.15961577	0.08310313	-0.05920112	0.28512	-0.2982421	0.1311741	-0.0888619	0.063254304	-0.734476	1.0000002	-0.21979912	0.17157973	-0.27105886
-0.13112815	0.08482823	-0.05668349	0.06662311	-0.10316637	0.08196357	-0.09629911	0.071509875	-0.07262395	0.071311764	-0.15177697	0.11889294	-0.12555401	0.086700186	-0.10581273	0.11177387	-0.10443269	0.10946759	-0.0764899	0.103692956	-0.122420356	0.12492958	-0.12948884	0.09450909	-0.10019141	0.108765356	-0.13279246	0.27946523	-0.16499005	0.08704044	-0.12059693	0.13330069	-0.44262382	0.17320487	-0.10077502	0.13389337	-0.21979912	1.0	-0.7339613	0.24973425
0.12904389	-0.08904481	0.058838934	-0.06944902	0.106034294	-0.08135677	0.09847074	-0.07383354	0.07508333	-0.07394895	0.14916906	-0.12370288	0.12653367	-0.091676965	0.10903714	-0.112701416	0.10608466	-0.115611546	0.079846665	-0.11088546	0.11851041	-0.13047087	0.1296505	-0.10014412	0.101149164	-0.10673969	0.12353416	-0.32837033	0.15755363	-0.09756465	0.11250472	-0.12906103	0.26112103	-0.19643787	0.1067528	-0.12743483	0.17157973	-0.7339613	0.99999994	-0.42810217
-0.34866098	0.18334028	-0.12462245	0.14585309	-0.24646066	0.20500651	-0.21623203	0.15474571	-0.15937841	0.16004828	-0.38081977	0.23274587	-0.25432843	0.16855016	-0.2423948	0.21903217	-0.19143139	0.17881994	-0.14419188	0.20381248	-0.24456249	0.21162914	-0.19721998	0.11775515	-0.12540601	0.18006326	-0.18806921	0.20386745	-0.14839147	0.119664244	-0.20009321	0.1721936	-0.17618708	0.1482746	-0.1451613	0.17763706	-0.27105886	0.24973425	-0.42810217	0.99999994
