1.0000001	-0.9112642	0.13847281	-0.052675094	0.05396358	-0.30780858	0.1871995	-0.092753686	0.06427855	-0.055277888	0.14420378	-0.11889589	0.088341966	-0.069084175	0.06475676	-0.077897795	0.05962079	-0.054679077	0.049074937	-0.11140337	0.05947991	-0.053391334	0.0585812	-0.055498503	0.04494521	-0.06178618	0.052926708	-0.055831455	0.05597262	-0.035347868	0.022057304	-0.02164507	0.03501895	-0.035851073	0.027046932	-0.019361194	0.017992279	-0.029648988	0.028625531	-0.03245796
-0.9112642	1.0000002	-0.17637086	0.059780743	-0.061809327	0.22851272	-0.23495647	0.10325927	-0.07291589	0.061623108	-0.16160116	0.12792853	-0.1000534	0.07592681	-0.07251862	0.0837245	-0.065809116	0.059841443	-0.053927507	0.117627144	-0.06576381	0.058230266	-0.06492802	0.060451135	-0.049172625	0.066710055	-0.058253616	0.06048774	-0.061572842	0.038485583	-0.024073916	0.023587339	-0.038220584	0.038962446	-0.029429058	0.021045998	-0.019639632	0.032192364	-0.03124178	0.035144877
0.13847281	-0.17637086	1.0000001	-0.30103043	0.2306008	-0.25236678	0.22660275	-0.38396952	0.24963811	-0.23043028	0.20982128	-0.21777256	0.2574635	-0.25961974	0.2375326	-0.21264704	0.1657557	-0.1775995	0.1802666	-0.5887178	0.1703554	-0.16961226	0.18215913	-0.21409081	0.17441648	-0.21459162	0.168737	-0.20955992	0.20369807	-0.14036939	0.076060936	-0.07576518	0.12854104	-0.13798012	0.10553565	-0.068968095	0.062958725	-0.11321099	0.106787175	-0.13073014
-0.052675094	0.059780743	-0.30103043	0.9999998	-0.7673199	0.10455417	-0.11373525	0.19233468	-0.45589676	0.27901846	-0.099515975	0.1050983	-0.1585834	0.17612289	-0.20255078	0.08864146	-0.07350449	0.0820342	-0.099530175	0.20042905	-0.071722865	0.071308576	-0.08473223	0.11181748	-0.07460942	0.08411409	-0.0708973	0.084026515	-0.08786336	0.05874675	-0.030684175	0.030524913	-0.052644014	0.055999212	-0.04307286	0.02745421	-0.025459992	0.045471147	-0.043710556	0.05226263
0.05396358	-0.061809327	0.2306008	-0.7673199	0.99999946	-0.11353567	0.11657479	-0.19431838	0.29931864	-0.43334493	0.10555919	-0.1120472	0.15686503	-0.20785566	0.21873342	-0.09997232	0.08217422	-0.09270102	0.11371593	-0.24139054	0.08069381	-0.08098761	0.094711624	-0.13303512	0.08605583	-0.09651471	0.080348775	-0.09697585	0.10043019	-0.06824562	0.035085637	-0.03496243	0.060479954	-0.064737834	0.049832415	-0.031508315	0.02914488	-0.052524626	0.050283756	-0.060784843
-0.30780858	0.22851272	-0.25236678	0.10455417	-0.11353567	0.9999992	-0.6022619	0.20262349	-0.14071988	0.116079494	-0.5396673	0.30344227	-0.21525222	0.14829461	-0.14212841	0.19073322	-0.14875872	0.12504426	-0.106660016	0.19505559	-0.14670062	0.123093985	-0.13819692	0.11693911	-0.09526475	0.13558543	-0.12324089	0.11891159	-0.12241299	0.07383206	-0.049099535	0.047808535	-0.07590917	0.07571026	-0.05684757	0.04229551	-0.03981019	0.0627767	-0.061559778	0.06690954
0.1871995	-0.23495647	0.22660275	-0.11373525	0.11657479	-0.6022619	0.9999993	-0.31208822	0.15626185	-0.13345814	0.31472513	-0.5461452	0.25195992	-0.17407063	0.15074179	-0.17819478	0.13564226	-0.12686142	0.113659516	-0.22218452	0.12778537	-0.11942026	0.13016954	-0.1282566	0.09518591	-0.13447721	0.11430757	-0.1202855	0.11846819	-0.07507964	0.04726359	-0.04647848	0.074631274	-0.076289825	0.057277575	-0.04151983	0.0384944	-0.06316565	0.06074215	-0.06876264
-0.092753686	0.10325927	-0.38396952	0.19233468	-0.19431838	0.20262349	-0.31208822	0.9999991	-0.4007774	0.22207971	-0.21155913	0.24642386	-0.64936984	0.24997273	-0.2442195	0.14463975	-0.12346495	0.13689186	-0.14499032	0.24281976	-0.11383078	0.11093434	-0.1400578	0.15281084	-0.10314384	0.12365943	-0.108627915	0.12006385	-0.124845825	0.08051015	-0.04509232	0.044644814	-0.0753665	0.078294046	-0.059669267	0.03980728	-0.03718584	0.06394548	-0.06189671	0.07151356
0.06427855	-0.07291589	0.24963811	-0.45589676	0.29931864	-0.14071988	0.15626185	-0.4007774	0.99999887	-0.58899784	0.13417427	-0.15065016	0.23597352	-0.31104866	0.28005826	-0.11795852	0.098719984	-0.11399603	0.14704551	-0.24900682	0.09409981	-0.09463622	0.11480487	-0.16759475	0.09880609	-0.10914022	0.09316414	-0.109977506	0.11581346	-0.077913284	0.039896935	-0.03973498	0.06882963	-0.07329856	0.05636367	-0.03562434	0.033129822	-0.059308916	0.057075407	-0.068254925
-0.055277888	0.061623108	-0.23043028	0.27901846	-0.43334493	0.116079494	-0.13345814	0.22207971	-0.58899784	0.99999917	-0.11686181	0.123951524	-0.20334318	0.25912434	-0.53350246	0.100555465	-0.08599041	0.09843703	-0.13360335	0.2120801	-0.08179715	0.081639595	-0.10176928	0.14313507	-0.0877362	0.09312445	-0.08119508	0.09458895	-0.10309742	0.06814223	-0.034500856	0.03432507	-0.059928294	0.0635938	-0.049133234	0.030687377	-0.02868751	0.0512943	-0.049796887	0.058972992
0.14420378	-0.16160116	0.20982128	-0.099515975	0.10555919	-0.5396673	0.31472513	-0.21155913	0.13417427	-0.11686181	0.999999	-0.59100187	0.22615828	-0.16315083	0.14000389	-0.34308136	0.1850099	-0.14983864	0.11541781	-0.21217746	0.17169806	-0.1511671	0.15207112	-0.12937807	0.09988056	-0.16601764	0.13904905	-0.13530637	0.12793028	-0.078803964	0.055649735	-0.05435222	0.083102636	-0.08288366	0.061260626	-0.04829838	0.04469882	-0.0694129	0.06667434	-0.07301189
-0.11889589	0.12792853	-0.21777256	0.1050983	-0.1120472	0.30344227	-0.5461452	0.24642386	-0.15065016	0.123951524	-0.59100187	0.9999989	-0.4068422	0.17444746	-0.15273628	0.19563925	-0.16462593	0.1345678	-0.11542202	0.19033132	-0.13906959	0.12510455	-0.14040796	0.1233	-0.0916944	0.13178594	-0.11950016	0.11621119	-0.116256885	0.07147127	-0.046885956	0.04592581	-0.072862	0.07296111	-0.054594424	0.040554937	-0.038059544	0.060507815	-0.058819823	0.06463817
0.088341966	-0.1000534	0.2574635	-0.1585834	0.15686503	-0.21525222	0.25195992	-0.64936984	0.23597352	-0.20334318	0.22615828	-0.4068422	0.9999991	-0.38281977	0.22982535	-0.16602024	0.13994898	-0.1768125	0.17052032	-0.25462362	0.12336076	-0.12503792	0.15702273	-0.18402176	0.11068787	-0.13604937	0.11841579	-0.13216457	0.13338658	-0.087247506	0.048901908	-0.04855237	0.08160777	-0.08489022	0.064282395	-0.04324962	0.040298898	-0.06942439	0.06670983	-0.07737246
-0.069084175	0.07592681	-0.25961974	0.17612289	-0.20785566	0.14829461	-0.17407063	0.24997273	-0.31104866	0.25912434	-0.16315083	0.17444746	-0.38281977	0.9999992	-0.59762233	0.14075321	-0.13079418	0.16275267	-0.41075367	0.24920271	-0.115503885	0.11827953	-0.16687988	0.26266703	-0.13609344	0.12657654	-0.11714624	0.13369474	-0.15825248	0.102116585	-0.04812695	0.04799078	-0.08612454	0.09126458	-0.071057156	0.042450346	-0.040222332	0.072579876	-0.07160251	0.08361237
0.06475676	-0.07251862	0.2375326	-0.20255078	0.21873342	-0.14212841	0.15074179	-0.2442195	0.28005826	-0.53350246	0.14000389	-0.15273628	0.22982535	-0.59762233	0.99999934	-0.13350491	0.11503618	-0.13992566	0.21588685	-0.321567	0.10794065	-0.11077908	0.1391467	-0.24767004	0.12593009	-0.12524739	0.109252095	-0.13092797	0.1440468	-0.09866603	0.04658451	-0.046547428	0.08267352	-0.08895051	0.06904818	-0.04157971	0.03890264	-0.07114549	0.06890741	-0.08321746
-0.077897795	0.0837245	-0.21264704	0.08864146	-0.09997232	0.19073322	-0.17819478	0.14463975	-0.11795852	0.100555465	-0.34308136	0.19563925	-0.16602024	0.14075321	-0.13350491	0.99999946	-0.56974274	0.24048676	-0.13675725	0.19241716	-0.4807127	0.27719966	-0.2740613	0.14376059	-0.12896585	0.2710843	-0.26283726	0.1902612	-0.17922634	0.09956381	-0.09049721	0.086363286	-0.12073219	0.11084373	-0.080163084	0.07436718	-0.07085327	0.09458928	-0.09351011	0.0917131
0.05962079	-0.065809116	0.1657557	-0.07350449	0.08217422	-0.14875872	0.13564226	-0.12346495	0.098719984	-0.08599041	0.1850099	-0.16462593	0.13994898	-0.13079418	0.11503618	-0.56974274	0.999999	-0.44910732	0.14027317	-0.17356846	0.2523518	-0.5010188	0.28698385	-0.14911494	0.11167656	-0.24269623	0.25141707	-0.19774562	0.15324278	-0.08888746	0.08004904	-0.08052103	0.11155561	-0.10315281	0.07233129	-0.06790526	0.06415605	-0.08936988	0.08448618	-0.08465202
-0.054679077	0.059841443	-0.1775995	0.0820342	-0.09270102	0.12504426	-0.12686142	0.13689186	-0.11399603	0.09843703	-0.14983864	0.1345678	-0.1768125	0.16275267	-0.13992566	0.24048676	-0.44910732	0.99999917	-0.25878713	0.18047054	-0.18697463	0.24777	-0.727915	0.20571952	-0.12574549	0.17960525	-0.20430289	0.19343458	-0.16697074	0.097690195	-0.06763886	0.06787232	-0.11376724	0.10492352	-0.0755183	0.05752609	-0.055847403	0.08853459	-0.08594358	0.08733025
0.049074937	-0.053927507	0.1802666	-0.099530175	0.11371593	-0.106660016	0.113659516	-0.14499032	0.14704551	-0.13360335	0.11541781	-0.11542202	0.17052032	-0.41075367	0.21588685	-0.13675725	0.14027317	-0.25878713	0.9999993	-0.22478722	0.10965672	-0.12516683	0.19902496	-0.77434224	0.1576366	-0.12225446	0.117553174	-0.14217398	0.17071113	-0.12391249	0.047189265	-0.04768702	0.08958317	-0.098455384	0.07659515	-0.041777987	0.03990285	-0.07600981	0.07432546	-0.09103974
-0.11140337	0.117627144	-0.5887178	0.20042905	-0.24139054	0.19505559	-0.22218452	0.24281976	-0.24900682	0.2120801	-0.21217746	0.19033132	-0.25462362	0.24920271	-0.321567	0.19241716	-0.17356846	0.18047054	-0.22478722	0.99999934	-0.17676356	0.16819204	-0.21105294	0.2249728	-0.30310157	0.1896889	-0.18463582	0.21056284	-0.31223887	0.19379523	-0.07869713	0.07792096	-0.1499188	0.15914457	-0.13203017	0.068813145	-0.06662553	0.12382081	-0.12964742	0.14679448
0.05947991	-0.06576381	0.1703554	-0.071722865	0.08069381	-0.14670062	0.12778537	-0.11383078	0.09409981	-0.08179715	0.17169806	-0.13906959	0.12336076	-0.115503885	0.10794065	-0.4807127	0.2523518	-0.18697463	0.10965672	-0.17676356	0.99999946	-0.33480397	0.1986756	-0.12298083	0.113744795	-0.6932242	0.26254398	-0.19602646	0.15937096	-0.09037886	0.12634856	-0.11477856	0.11776919	-0.108333856	0.07588991	-0.106971316	0.08836754	-0.09565548	0.090522125	-0.08866127
-0.053391334	0.058230266	-0.16961226	0.071308576	-0.08098761	0.123093985	-0.11942026	0.11093434	-0.09463622	0.081639595	-0.1511671	0.12510455	-0.12503792	0.11827953	-0.11077908	0.27719966	-0.5010188	0.24777	-0.12516683	0.16819204	-0.33480397	0.9999995	-0.33932677	0.13480385	-0.124492586	0.26680687	-0.60333043	0.23943327	-0.18174289	0.098285414	-0.106346644	0.10968961	-0.14061844	0.11944839	-0.08263275	0.084643364	-0.08777197	0.105094984	-0.10170878	0.09403477
0.0585812	-0.06492802	0.18215913	-0.08473223	0.094711624	-0.13819692	0.13016954	-0.1400578	0.11480487	-0.10176928	0.15207112	-0.14040796	0.15702273	-0.16687988	0.1391467	-0.2740613	0.28698385	-0.727915	0.19902496	-0.21105294	0.1986756	-0.33932677	0.9999997	-0.23337017	0.13708185	-0.22233722	0.22971237	-0.28741333	0.18440317	-0.111629725	0.080210716	-0.08201161	0.14015545	-0.12992674	0.089491986	-0.06986468	0.06655019	-0.11214003	0.10329938	-0.106234364
-0.055498503	0.060451135	-0.21409081	0.11181748	-0.13303512	0.11693911	-0.1282566	0.15281084	-0.16759475	0.14313507	-0.12937807	0.1233	-0.18402176	0.26266703	-0.24767004	0.14376059	-0.14911494	0.20571952	-0.77434224	0.2249728	-0.12298083	0.13480385	-0.23337017	0.9999998	-0.24086332	0.13416192	-0.13439058	0.16169542	-0.24754389	0.15965155	-0.05394184	0.054495286	-0.107612334	0.119088024	-0.09540943	0.047523238	-0.045993753	0.08967373	-0.09068775	0.10913018
0.04494521	-0.049172625	0.17441648	-0.07460942	0.08605583	-0.09526475	0.09518591	-0.10314384	0.09880609	-0.0877362	0.09988056	-0.0916944	0.11068787	-0.13609344	0.12593009	-0.12896585	0.11167656	-0.12574549	0.1576366	-0.30310157	0.113744795	-0.124492586	0.13708185	-0.24086332	0.99999964	-0.14517185	0.1349259	-0.2182923	0.29675373	-0.7623924	0.06193003	-0.06475462	0.14940597	-0.1986994	0.2067766	-0.057138313	0.055336423	-0.13648264	0.13533759	-0.2526982
-0.06178618	0.066710055	-0.21459162	0.08411409	-0.09651471	0.13558543	-0.13447721	0.12365943	-0.10914022	0.09312445	-0.16601764	0.13178594	-0.13604937	0.12657654	-0.12524739	0.2710843	-0.24269623	0.17960525	-0.12225446	0.1896889	-0.6932242	0.26680687	-0.22233722	0.13416192	-0.14517185	0.9999995	-0.4085824	0.22217347	-0.21113901	0.111633	-0.20546663	0.14998181	-0.1492973	0.1305998	-0.09322063	0.13625619	-0.12120496	0.11473154	-0.11448346	0.104623996
0.052926708	-0.058253616	0.168737	-0.0708973	0.080348775	-0.12324089	0.11430757	-0.108627915	0.09316414	-0.08119508	0.13904905	-0.11950016	0.11841579	-0.11714624	0.109252095	-0.26283726	0.25141707	-0.20430289	0.117553174	-0.18463582	0.26254398	-0.60333043	0.22971237	-0.13439058	0.1349259	-0.4085824	0.9999994	-0.4500842	0.20313229	-0.11193452	0.14471461	-0.18008654	0.18568751	-0.15626237	0.09991282	-0.1195708	0.12168708	-0.14358257	0.12760381	-0.11662921
-0.055831455	0.06048774	-0.20955992	0.084026515	-0.09697585	0.11891159	-0.1202855	0.12006385	-0.109977506	0.09458895	-0.13530637	0.11621119	-0.13216457	0.13369474	-0.13092797	0.1902612	-0.19774562	0.19343458	-0.14217398	0.21056284	-0.19602646	0.23943327	-0.28741333	0.16169542	-0.2182923	0.22217347	-0.4500842	0.9999988	-0.40454882	0.17797653	-0.1187731	0.12730838	-0.5005755	0.2582873	-0.16455741	0.09907031	-0.10874346	0.23147868	-0.23301522	0.17331313
0.05597262	-0.061572842	0.20369807	-0.08786336	0.10043019	-0.12241299	0.11846819	-0.124845825	0.11581346	-0.10309742	0.12793028	-0.116256885	0.13338658	-0.15825248	0.1440468	-0.17922634	0.15324278	-0.16697074	0.17071113	-0.31223887	0.15937096	-0.18174289	0.18440317	-0.24754389	0.29675373	-0.21113901	0.20313229	-0.40454882	0.99999887	-0.46707863	0.09245286	-0.098789945	0.2496188	-0.40703332	0.22947116	-0.08603495	0.08415367	-0.22628206	0.21674274	-0.27686703
-0.035347868	0.038485583	-0.14036939	0.05874675	-0.06824562	0.07383206	-0.07507964	0.08051015	-0.077913284	0.06814223	-0.078803964	0.07147127	-0.087247506	0.102116585	-0.09866603	0.09956381	-0.08888746	0.097690195	-0.12391249	0.19379523	-0.09037886	0.098285414	-0.111629725	0.15965155	-0.7623924	0.111633	-0.11193452	0.17797653	-0.46707863	0.99999887	-0.050996788	0.05352609	-0.13900872	0.18808888	-0.27601767	0.046506267	-0.046376966	0.11904066	-0.13003431	0.22126068
0.022057304	-0.024073916	0.076060936	-0.030684175	0.035085637	-0.049099535	0.04726359	-0.04509232	0.039896935	-0.034500856	0.055649735	-0.046885956	0.048901908	-0.04812695	0.04658451	-0.09049721	0.08004904	-0.06763886	0.047189265	-0.07869713	0.12634856	-0.106346644	0.080210716	-0.05394184	0.06193003	-0.20546663	0.14471461	-0.1187731	0.09245286	-0.050996788	0.9999989	-0.62242806	0.10200909	-0.081832506	0.050579812	-0.6579282	0.32879943	-0.09198381	0.077726215	-0.058514543
-0.02164507	0.023587339	-0.07576518	0.030524913	-0.03496243	0.047808535	-0.04647848	0.044644814	-0.03973498	0.03432507	-0.05435222	0.04592581	-0.04855237	0.04799078	-0.046547428	0.086363286	-0.08052103	0.06787232	-0.04768702	0.07792096	-0.11477856	0.10968961	-0.08201161	0.054495286	-0.06475462	0.14998181	-0.18008654	0.12730838	-0.098789945	0.05352609	-0.62242806	0.9999988	-0.1313081	0.09128452	-0.054940354	0.3306749	-0.6573236	0.109464586	-0.09293787	0.06221764
0.03501895	-0.038220584	0.12854104	-0.052644014	0.060479954	-0.07590917	0.074631274	-0.0753665	0.06882963	-0.059928294	0.083102636	-0.072862	0.08160777	-0.08612454	0.08267352	-0.12073219	0.11155561	-0.11376724	0.08958317	-0.1499188	0.11776919	-0.14061844	0.14015545	-0.107612334	0.14940597	-0.1492973	0.18568751	-0.5005755	0.2496188	-0.13900872	0.10200909	-0.1313081	0.9999989	-0.501817	0.18119594	-0.094116494	0.10773475	-0.5363041	0.30517694	-0.20864476
-0.035851073	0.038962446	-0.13798012	0.055999212	-0.064737834	0.07571026	-0.076289825	0.078294046	-0.07329856	0.0635938	-0.08288366	0.07296111	-0.08489022	0.09126458	-0.08895051	0.11084373	-0.10315281	0.10492352	-0.098455384	0.15914457	-0.108333856	0.11944839	-0.12992674	0.119088024	-0.1986994	0.1305998	-0.15626237	0.2582873	-0.40703332	0.18808888	-0.081832506	0.09128452	-0.501817	0.99999887	-0.366541	0.07411493	-0.08323694	0.30059668	-0.51726353	0.26423198
0.027046932	-0.029429058	0.10553565	-0.04307286	0.049832415	-0.05684757	0.057277575	-0.059669267	0.05636367	-0.049133234	0.061260626	-0.054594424	0.064282395	-0.071057156	0.06904818	-0.080163084	0.07233129	-0.0755183	0.07659515	-0.13203017	0.07588991	-0.08263275	0.089491986	-0.09540943	0.2067766	-0.09322063	0.09991282	-0.16455741	0.22947116	-0.27601767	0.050579812	-0.054940354	0.18119594	-0.366541	0.9999987	-0.046790473	0.049146708	-0.1612679	0.19672069	-0.82586527
-0.019361194	0.021045998	-0.068968095	0.02745421	-0.031508315	0.04229551	-0.04151983	0.03980728	-0.03562434	0.030687377	-0.04829838	0.040554937	-0.04324962	0.042450346	-0.04157971	0.07436718	-0.06790526	0.05752609	-0.041777987	0.068813145	-0.106971316	0.084643364	-0.06986468	0.047523238	-0.057138313	0.13625619	-0.1195708	0.09907031	-0.08603495	0.046506267	-0.6579282	0.3306749	-0.094116494	0.07411493	-0.046790473	0.9999986	-0.6500406	0.09290294	-0.08129755	0.052853394
0.017992279	-0.019639632	0.062958725	-0.025459992	0.02914488	-0.03981019	0.0384944	-0.03718584	0.033129822	-0.02868751	0.04469882	-0.038059544	0.040298898	-0.040222332	0.03890264	-0.07085327	0.06415605	-0.055847403	0.03990285	-0.06662553	0.08836754	-0.08777197	0.06655019	-0.045993753	0.055336423	-0.12120496	0.12168708	-0.10874346	0.08415367	-0.046376966	0.32879943	-0.6573236	0.10773475	-0.08323694	0.049146708	-0.6500406	0.99999857	-0.12296262	0.09103404	-0.056441613
-0.029648988	0.032192364	-0.11321099	0.045471147	-0.052524626	0.0627767	-0.06316565	0.06394548	-0.059308916	0.0512943	-0.0694129	0.060507815	-0.06942439	0.072579876	-0.07114549	0.09458928	-0.08936988	0.08853459	-0.07600981	0.12382081	-0.09565548	0.105094984	-0.11214003	0.08967373	-0.13648264	0.11473154	-0.14358257	0.23147868	-0.22628206	0.11904066	-0.09198381	0.109464586	-0.5363041	0.30059668	-0.1612679	0.09290294	-0.12296262	0.9999986	-0.7093589	0.17054693
0.028625531	-0.03124178	0.106787175	-0.043710556	0.050283756	-0.061559778	0.06074215	-0.06189671	0.057075407	-0.049796887	0.06667434	-0.058819823	0.06670983	-0.07160251	0.06890741	-0.09351011	0.08448618	-0.08594358	0.07432546	-0.12964742	0.090522125	-0.10170878	0.10329938	-0.09068775	0.13533759	-0.11448346	0.12760381	-0.23301522	0.21674274	-0.13003431	0.077726215	-0.09293787	0.30517694	-0.51726353	0.19672069	-0.08129755	0.09103404	-0.7093589	0.9999985	-0.25026286
-0.03245796	0.035144877	-0.13073014	0.05226263	-0.060784843	0.06690954	-0.06876264	0.07151356	-0.068254925	0.058972992	-0.07301189	0.06463817	-0.07737246	0.08361237	-0.08321746	0.0917131	-0.08465202	0.08733025	-0.09103974	0.14679448	-0.08866127	0.09403477	-0.106234364	0.10913018	-0.2526982	0.104623996	-0.11662921	0.17331313	-0.27686703	0.22126068	-0.058514543	0.06221764	-0.20864476	0.26423198	-0.82586527	0.052853394	-0.056441613	0.17054693	-0.25026286	0.9999985
