1.0	-0.46000433	0.21984251	-0.1309528	0.14992568	-0.613345	0.32128948	-0.28574863	0.12275573	-0.11419272	0.22941788	-0.23179583	0.21436165	-0.13664135	0.09662837	-0.22121939	0.18414396	-0.26333785	0.12679397	-0.10373582	0.14681628	-0.15740553	0.14494035	-0.15751275	0.08964078	-0.20723736	0.09218992	-0.11882734	0.095327795	-0.10201187	0.045144573	-0.08835825	0.103313334	-0.089775234	0.079915926	-0.048942354	0.09074832	-0.07383919	0.124479406	-0.0727918
-0.46000433	1.0000001	-0.5668589	0.19561642	-0.24339616	0.24782005	-0.43604544	0.30801696	-0.16333856	0.122372575	-0.17134283	0.1741864	-0.25909275	0.15507114	-0.10615485	0.14374301	-0.15843664	0.2089548	-0.117384516	0.094885916	-0.11452524	0.12077838	-0.12037273	0.1283479	-0.08140357	0.14660963	-0.07415376	0.09746755	-0.083551675	0.08802704	-0.036731903	0.06971543	-0.08821898	0.077205256	-0.071304254	0.039169822	-0.07838344	0.06261015	-0.11337145	0.06347334
0.21984251	-0.5668589	1.0000001	-0.32056716	0.23518845	-0.15166731	0.22694147	-0.6273217	0.17130622	-0.12313868	0.104965135	-0.11460179	0.23533016	-0.16669337	0.10127447	-0.09545538	0.10093066	-0.20507066	0.100157455	-0.085080355	0.088801466	-0.09877003	0.101654105	-0.110927	0.07042251	-0.120396286	0.06019483	-0.08202985	0.069573835	-0.07584262	0.029908048	-0.057333007	0.07215484	-0.0642313	0.058645744	-0.0321122	0.06324294	-0.05117549	0.09119382	-0.05245525
-0.1309528	0.19561642	-0.32056716	1.0000001	-0.7555638	0.08512084	-0.12190658	0.20269829	-0.43798012	0.18853362	-0.06457439	0.0690194	-0.17055075	0.25286674	-0.14954787	0.06052382	-0.064399384	0.14883526	-0.10270122	0.09395614	-0.068503164	0.077242665	-0.08215252	0.099405244	-0.07353617	0.094566874	-0.04918054	0.06898276	-0.06415251	0.07351091	-0.024870584	0.04699193	-0.061562747	0.058082413	-0.054473035	0.026629038	-0.054129124	0.04387066	-0.083124556	0.04797584
0.14992568	-0.24339616	0.23518845	-0.7555638	0.9999998	-0.10195978	0.13933927	-0.23603635	0.28804964	-0.2760443	0.07817644	-0.084838815	0.19486828	-0.33081916	0.18299511	-0.075524695	0.07911149	-0.20234506	0.13055111	-0.12446023	0.09008912	-0.103212185	0.10840537	-0.13382156	0.09516863	-0.12878841	0.06505468	-0.091653235	0.08355858	-0.09806464	0.032881174	-0.06263626	0.08050691	-0.07638765	0.070570186	-0.03540269	0.07039355	-0.057479277	0.10646882	-0.062867805
-0.613345	0.24782005	-0.15166731	0.08512084	-0.10195978	0.9999997	-0.57435554	0.18750833	-0.08087965	0.07131353	-0.38398388	0.24123167	-0.15004982	0.08670388	-0.0616186	0.21587521	-0.19989035	0.1570247	-0.08102783	0.064520165	-0.10821267	0.10697239	-0.09506546	0.09682313	-0.056570724	0.12991898	-0.0607073	0.07561018	-0.06102338	0.06341156	-0.029041748	0.056682445	-0.06723814	0.05699245	-0.0513057	0.031133171	-0.05937425	0.047643453	-0.0811947	0.04620593
0.32128948	-0.43604544	0.22694147	-0.12190658	0.13933927	-0.57435554	0.99999964	-0.3468867	0.111555874	-0.09690459	0.25018185	-0.36908364	0.20375341	-0.12040571	0.08280777	-0.22311899	0.21684967	-0.21808296	0.10480089	-0.08478678	0.12597464	-0.13355765	0.121154934	-0.12599316	0.07342653	-0.16267283	0.0758594	-0.09690645	0.07801858	-0.08225908	0.03663168	-0.07168484	0.085057765	-0.07291479	0.0654009	-0.03943997	0.07473914	-0.060367383	0.102636404	-0.059045956
-0.28574863	0.30801696	-0.6273217	0.20269829	-0.23603635	0.18750833	-0.3468867	0.99999917	-0.1875068	0.12784737	-0.13492942	0.14436252	-0.4553088	0.17686208	-0.11174599	0.117704116	-0.13019586	0.24205752	-0.117084846	0.095701	-0.10629977	0.116169795	-0.122481346	0.12744911	-0.08098133	0.13827479	-0.07117882	0.09636766	-0.081750676	0.086879686	-0.03527324	0.067181855	-0.0859661	0.075202905	-0.069085136	0.037668448	-0.0755316	0.060637895	-0.10873506	0.061458703
0.12275573	-0.16333856	0.17130622	-0.43798012	0.28804964	-0.08087965	0.111555874	-0.1875068	0.9999994	-0.3665477	0.06421624	-0.06929924	0.19768196	-0.70048356	0.24688426	-0.06206378	0.065993376	-0.17790234	0.1367233	-0.13628322	0.0785511	-0.090390004	0.09816695	-0.12542687	0.1001486	-0.10966793	0.058144327	-0.08353355	0.0807176	-0.096492104	0.029546771	-0.055741034	0.074290834	-0.07230578	0.06826403	-0.031639904	0.06500498	-0.05293014	0.10215025	-0.059739046
-0.11419272	0.122372575	-0.12313868	0.18853362	-0.2760443	0.07131353	-0.09690459	0.12784737	-0.3665477	0.99999946	-0.05969437	0.062604025	-0.16611555	0.28613874	-0.75501555	0.058225133	-0.062284112	0.15301524	-0.23185784	0.2293856	-0.08513372	0.09733737	-0.111097075	0.1605883	-0.17414506	0.11483981	-0.06756474	0.1002905	-0.115138285	0.13829486	-0.035096325	0.064272195	-0.09322263	0.09753927	-0.09812231	0.03712019	-0.08242742	0.066639505	-0.1443834	0.08176944
0.22941788	-0.17134283	0.104965135	-0.06457439	0.07817644	-0.38398388	0.25018185	-0.13492942	0.06421624	-0.05969437	0.99999946	-0.5245428	0.12476266	-0.07059789	0.052199654	-0.6399375	0.315242	-0.14266846	0.07556462	-0.058551338	0.13914305	-0.12761912	0.09826658	-0.09277322	0.05258555	-0.14798349	0.06496876	-0.075852975	0.058853094	-0.05933422	0.029655224	-0.05947626	0.06735129	-0.05495555	0.04900664	-0.03169117	0.0593861	-0.047436208	0.07804797	-0.044044875
-0.23179583	0.1741864	-0.11460179	0.0690194	-0.084838815	0.24123167	-0.36908364	0.14436252	-0.06929924	0.062604025	-0.5245428	0.99999934	-0.14599039	0.07535094	-0.055269893	0.3191807	-0.6496241	0.15063988	-0.07928724	0.06071319	-0.13143611	0.1300232	-0.10481765	0.09446376	-0.054694325	0.13417137	-0.06675975	0.07796854	-0.061258283	0.0611203	-0.030299287	0.060009845	-0.070312634	0.056849465	-0.051088456	0.032143224	-0.06196165	0.049098827	-0.081820525	0.04564612
0.21436165	-0.25909275	0.23533016	-0.17055075	0.19486828	-0.15004982	0.20375341	-0.4553088	0.19768196	-0.16611555	0.12476266	-0.14599039	0.99999934	-0.29280448	0.14906506	-0.12390594	0.1351375	-0.6377423	0.17158717	-0.14172181	0.1517963	-0.18367265	0.20627494	-0.2040479	0.118684374	-0.21034503	0.1077256	-0.15550531	0.12178747	-0.13083087	0.052999865	-0.10333238	0.13022122	-0.11254621	0.1002138	-0.057152957	0.11134697	-0.09117821	0.15442263	-0.09012626
-0.13664135	0.15507114	-0.16669337	0.25286674	-0.33081916	0.08670388	-0.12040571	0.17686208	-0.70048356	0.28613874	-0.07059789	0.07535094	-0.29280448	0.9999991	-0.3894567	0.06767403	-0.072986424	0.19373234	-0.17428786	0.16331409	-0.08802515	0.100360006	-0.11232668	0.14300199	-0.12430905	0.119342454	-0.06604747	0.095280945	-0.09604858	0.1120993	-0.033722922	0.06287251	-0.086405575	0.08449593	-0.0816199	0.035880517	-0.076009326	0.06145662	-0.12297719	0.070165135
0.09662837	-0.10615485	0.10127447	-0.14954787	0.18299511	-0.0616186	0.08280777	-0.11174599	0.24688426	-0.75501555	0.052199654	-0.055269893	0.14906506	-0.3894567	0.99999905	-0.051721707	0.055103127	-0.14563702	0.20673287	-0.35655764	0.07769215	-0.09051943	0.102900155	-0.15884256	0.17374495	-0.106925175	0.061488014	-0.09325124	0.10572083	-0.14696087	0.031754248	-0.058926594	0.08427017	-0.09102866	0.08856073	-0.03379396	0.073295124	-0.05999383	0.12521783	-0.0753659
-0.22121939	0.14374301	-0.09545538	0.06052382	-0.075524695	0.21587521	-0.22311899	0.117704116	-0.06206378	0.058225133	-0.6399375	0.3191807	-0.12390594	0.06767403	-0.051721707	0.9999991	-0.60111386	0.1393467	-0.07913657	0.05958151	-0.20271061	0.14924088	-0.11021729	0.09571033	-0.054591764	0.15894155	-0.07300005	0.08124881	-0.06264058	0.061298158	-0.032188833	0.06471105	-0.073481984	0.058168054	-0.052076884	0.034056704	-0.06491088	0.051232178	-0.08391497	0.046470776
0.18414396	-0.15843664	0.10093066	-0.064399384	0.07911149	-0.19989035	0.21684967	-0.13019586	0.065993376	-0.062284112	0.315242	-0.6496241	0.1351375	-0.072986424	0.055103127	-0.60111386	0.9999989	-0.17054492	0.083944	-0.06358513	0.15811148	-0.17786068	0.11982217	-0.103559844	0.057922486	-0.15960056	0.07688488	-0.08739356	0.06608214	-0.06519092	0.033825163	-0.06907142	0.07736404	-0.061428607	0.054540403	-0.03599894	0.06774037	-0.053909093	0.0871438	-0.04881729
-0.26333785	0.2089548	-0.20507066	0.14883526	-0.20234506	0.1570247	-0.21808296	0.24205752	-0.17790234	0.15301524	-0.14266846	0.15063988	-0.6377423	0.19373234	-0.14563702	0.1393467	-0.17054492	0.99999905	-0.23193058	0.15752456	-0.19851513	0.22324888	-0.38324982	0.23762031	-0.14341569	0.22340688	-0.13938688	0.20136811	-0.16054495	0.15339734	-0.06757816	0.12678419	-0.18265107	0.14351007	-0.13125375	0.07074273	-0.15388449	0.12118802	-0.21133702	0.11468261
0.12679397	-0.117384516	0.100157455	-0.10270122	0.13055111	-0.08102783	0.10480089	-0.117084846	0.1367233	-0.23185784	0.07556462	-0.07928724	0.17158717	-0.17428786	0.20673287	-0.07913657	0.083944	-0.23193058	0.99999887	-0.5485587	0.14691742	-0.18385747	0.21855347	-0.5864285	0.2768121	-0.20589219	0.11707379	-0.1867976	0.19017644	-0.28068078	0.059420586	-0.11347383	0.15776083	-0.16949347	0.15432939	-0.0638939	0.13282914	-0.111031905	0.2114066	-0.1373273
-0.10373582	0.094885916	-0.085080355	0.09395614	-0.12446023	0.064520165	-0.08478678	0.095701	-0.13628322	0.2293856	-0.058551338	0.06071319	-0.14172181	0.16331409	-0.35655764	0.05958151	-0.06358513	0.15752456	-0.5485587	0.9999989	-0.10612452	0.124646835	-0.15127957	0.26812768	-0.56771666	0.1416765	-0.089376695	0.1417929	-0.19254726	0.26747605	-0.046626873	0.085197024	-0.13131621	0.15125953	-0.15652078	0.04921885	-0.11316357	0.09264785	-0.20820582	0.12457497
0.14681628	-0.11452524	0.088801466	-0.068503164	0.09008912	-0.10821267	0.12597464	-0.10629977	0.0785511	-0.08513372	0.13914305	-0.13143611	0.1517963	-0.08802515	0.07769215	-0.20271061	0.15811148	-0.19851513	0.14691742	-0.10612452	0.99999917	-0.5724728	0.24521688	-0.19682595	0.10240982	-0.6644678	0.18817778	-0.18248744	0.12625293	-0.117341	0.074770816	-0.16538455	0.1585633	-0.1181202	0.10273886	-0.07947245	0.13999818	-0.11102068	0.16681753	-0.09175924
-0.15740553	0.12077838	-0.09877003	0.077242665	-0.103212185	0.10697239	-0.13355765	0.116169795	-0.090390004	0.09733737	-0.12761912	0.1300232	-0.18367265	0.100360006	-0.09051943	0.14924088	-0.17786068	0.22324888	-0.18385747	0.124646835	-0.5724728	0.9999992	-0.5248062	0.227196	-0.12424778	0.3073199	-0.28936055	0.23144683	-0.15913506	0.13790093	-0.09063936	0.19800541	-0.21394803	0.14353313	-0.12532021	0.09273182	-0.18108872	0.13866678	-0.20461604	0.109679274
0.14494035	-0.12037273	0.101654105	-0.08215252	0.10840537	-0.09506546	0.121154934	-0.122481346	0.09816695	-0.111097075	0.09826658	-0.10481765	0.20627494	-0.11232668	0.102900155	-0.11021729	0.11982217	-0.38324982	0.21855347	-0.15127957	0.24521688	-0.5248062	0.9999996	-0.416466	0.14996667	-0.28082734	0.18517622	-0.4414812	0.18878138	-0.16854276	0.080649875	-0.17313035	0.23705703	-0.16887285	0.13511969	-0.08637793	0.17512825	-0.15033676	0.20667966	-0.12001268
-0.15751275	0.1283479	-0.110927	0.099405244	-0.13382156	0.09682313	-0.12599316	0.12744911	-0.12542687	0.1605883	-0.09277322	0.09446376	-0.2040479	0.14300199	-0.15884256	0.09571033	-0.103559844	0.23762031	-0.5864285	0.26812768	-0.19682595	0.227196	-0.416466	0.99999946	-0.3164536	0.22277507	-0.15378046	0.23558298	-0.2510082	0.24572033	-0.07654549	0.14014286	-0.21892653	0.201252	-0.19645154	0.07955706	-0.185345	0.1473136	-0.30191955	0.16197902
0.08964078	-0.08140357	0.07042251	-0.07353617	0.09516863	-0.056570724	0.07342653	-0.08098133	0.1001486	-0.17414506	0.05258555	-0.054694325	0.118684374	-0.12430905	0.17374495	-0.054591764	0.057922486	-0.14341569	0.2768121	-0.56771666	0.10240982	-0.12424778	0.14996667	-0.3164536	0.9999991	-0.14062853	0.08760667	-0.15176426	0.21561728	-0.62282103	0.045456648	-0.08488382	0.13181828	-0.17870624	0.16845787	-0.048485853	0.10859685	-0.091953	0.19463131	-0.14180848
-0.20723736	0.14660963	-0.120396286	0.094566874	-0.12878841	0.12991898	-0.16267283	0.13827479	-0.10966793	0.11483981	-0.14798349	0.13417137	-0.21034503	0.119342454	-0.106925175	0.15894155	-0.15960056	0.22340688	-0.20589219	0.1416765	-0.6644678	0.3073199	-0.28082734	0.22277507	-0.14062853	0.9999989	-0.26771	0.21498425	-0.17785402	0.156768	-0.10319277	0.19506972	-0.22659242	0.1644274	-0.15465824	0.10282047	-0.21388543	0.15684542	-0.26773846	0.1343066
0.09218992	-0.07415376	0.06019483	-0.04918054	0.06505468	-0.0607073	0.0758594	-0.07117882	0.058144327	-0.06756474	0.06496876	-0.06675975	0.1077256	-0.06604747	0.061488014	-0.07300005	0.07688488	-0.13938688	0.11707379	-0.089376695	0.18817778	-0.28936055	0.18517622	-0.15378046	0.08760667	-0.26771	0.99999905	-0.22418165	0.12442935	-0.10780002	0.1716061	-0.81182134	0.20243071	-0.12431473	0.09567733	-0.19263326	0.19219683	-0.16167974	0.15272804	-0.08897407
-0.11882734	0.09746755	-0.08202985	0.06898276	-0.091653235	0.07561018	-0.09690645	0.09636766	-0.08353355	0.1002905	-0.075852975	0.07796854	-0.15550531	0.095280945	-0.09325124	0.08124881	-0.08739356	0.20136811	-0.1867976	0.1417929	-0.18248744	0.23144683	-0.4414812	0.23558298	-0.15176426	0.21498425	-0.22418165	0.999999	-0.34794632	0.19060178	-0.09872094	0.19591181	-0.61073154	0.24663642	-0.17025842	0.10150996	-0.28338352	0.23612595	-0.25426662	0.14779656
0.095327795	-0.083551675	0.069573835	-0.06415251	0.08355858	-0.06102338	0.07801858	-0.081750676	0.0807176	-0.115138285	0.058853094	-0.061258283	0.12178747	-0.09604858	0.10572083	-0.06264058	0.06608214	-0.16054495	0.19017644	-0.19254726	0.12625293	-0.15913506	0.18878138	-0.2510082	0.21561728	-0.17785402	0.12442935	-0.34794632	0.9999989	-0.44269904	0.0640905	-0.12452256	0.23684941	-0.6628672	0.23758984	-0.06897947	0.16007006	-0.14862333	0.2666499	-0.20785467
-0.10201187	0.08802704	-0.07584262	0.07351091	-0.09806464	0.06341156	-0.08225908	0.086879686	-0.096492104	0.13829486	-0.05933422	0.0611203	-0.13083087	0.1120993	-0.14696087	0.061298158	-0.06519092	0.15339734	-0.28068078	0.26747605	-0.117341	0.13790093	-0.16854276	0.24572033	-0.62282103	0.156768	-0.10780002	0.19060178	-0.44269904	0.9999988	-0.0569159	0.10334499	-0.17885084	0.2550173	-0.30371326	0.059900433	-0.14602265	0.12221957	-0.29413635	0.1995238
0.045144573	-0.036731903	0.029908048	-0.024870584	0.032881174	-0.029041748	0.03663168	-0.03527324	0.029546771	-0.035096325	0.029655224	-0.030299287	0.052999865	-0.033722922	0.031754248	-0.032188833	0.033825163	-0.06757816	0.059420586	-0.046626873	0.074770816	-0.09063936	0.080649875	-0.07654549	0.045456648	-0.10319277	0.1716061	-0.09872094	0.0640905	-0.0569159	0.9999985	-0.2513132	0.1059207	-0.0660221	0.051904257	-0.9302487	0.14338088	-0.11075049	0.085957795	-0.04972397
-0.08835825	0.06971543	-0.057333007	0.04699193	-0.06263626	0.056682445	-0.07168484	0.067181855	-0.055741034	0.064272195	-0.05947626	0.060009845	-0.10333238	0.06287251	-0.058926594	0.06471105	-0.06907142	0.12678419	-0.11347383	0.085197024	-0.16538455	0.19800541	-0.17313035	0.14014286	-0.08488382	0.19506972	-0.81182134	0.19591181	-0.12452256	0.10334499	-0.2513132	0.99999857	-0.254622	0.123923145	-0.097377755	0.19539951	-0.2577991	0.1762534	-0.16079225	0.08921303
0.103313334	-0.08821898	0.07215484	-0.061562747	0.08050691	-0.06723814	0.085057765	-0.0859661	0.074290834	-0.09322263	0.06735129	-0.070312634	0.13022122	-0.086405575	0.08427017	-0.073481984	0.07736404	-0.18265107	0.15776083	-0.13131621	0.1585633	-0.21394803	0.23705703	-0.21892653	0.13181828	-0.22659242	0.20243071	-0.61073154	0.23684941	-0.17885084	0.1059207	-0.254622	0.9999985	-0.30934018	0.16094758	-0.11679818	0.28916746	-0.4668163	0.23434985	-0.1523919
-0.089775234	0.077205256	-0.0642313	0.058082413	-0.07638765	0.05699245	-0.07291479	0.075202905	-0.07230578	0.09753927	-0.05495555	0.056849465	-0.11254621	0.08449593	-0.09102866	0.058168054	-0.061428607	0.14351007	-0.16949347	0.15125953	-0.1181202	0.14353313	-0.16887285	0.201252	-0.17870624	0.1644274	-0.12431473	0.24663642	-0.6628672	0.2550173	-0.0660221	0.123923145	-0.30934018	0.9999987	-0.39160115	0.06996771	-0.18239556	0.16677627	-0.41222227	0.2486926
0.079915926	-0.071304254	0.058645744	-0.054473035	0.070570186	-0.0513057	0.0654009	-0.069085136	0.06826403	-0.09812231	0.04900664	-0.051088456	0.1002138	-0.0816199	0.08856073	-0.052076884	0.054540403	-0.13125375	0.15432939	-0.15652078	0.10273886	-0.12532021	0.13511969	-0.19645154	0.16845787	-0.15465824	0.09567733	-0.17025842	0.23758984	-0.30371326	0.051904257	-0.097377755	0.16094758	-0.39160115	0.9999985	-0.056474153	0.1278209	-0.11958609	0.308837	-0.7462482
-0.048942354	0.039169822	-0.0321122	0.026629038	-0.03540269	0.031133171	-0.03943997	0.037668448	-0.031639904	0.03712019	-0.03169117	0.032143224	-0.057152957	0.035880517	-0.03379396	0.034056704	-0.03599894	0.07074273	-0.0638939	0.04921885	-0.07947245	0.09273182	-0.08637793	0.07955706	-0.048485853	0.10282047	-0.19263326	0.10150996	-0.06897947	0.059900433	-0.9302487	0.19539951	-0.11679818	0.06996771	-0.056474153	0.99999845	-0.17914648	0.11572586	-0.09590498	0.053215567
0.09074832	-0.07838344	0.06324294	-0.054129124	0.07039355	-0.05937425	0.07473914	-0.0755316	0.06500498	-0.08242742	0.0593861	-0.06196165	0.11134697	-0.076009326	0.073295124	-0.06491088	0.06774037	-0.15388449	0.13282914	-0.11316357	0.13999818	-0.18108872	0.17512825	-0.185345	0.10859685	-0.21388543	0.19219683	-0.28338352	0.16007006	-0.14602265	0.14338088	-0.2577991	0.28916746	-0.18239556	0.1278209	-0.17914648	0.99999845	-0.7728693	0.21236932	-0.13574232
-0.07383919	0.06261015	-0.05117549	0.04387066	-0.057479277	0.047643453	-0.060367383	0.060637895	-0.05293014	0.066639505	-0.047436208	0.049098827	-0.09117821	0.06145662	-0.05999383	0.051232178	-0.053909093	0.12118802	-0.111031905	0.09264785	-0.11102068	0.13866678	-0.15033676	0.1473136	-0.091953	0.15684542	-0.16167974	0.23612595	-0.14862333	0.12221957	-0.11075049	0.1762534	-0.4668163	0.16677627	-0.11958609	0.11572586	-0.7728693	0.9999984	-0.2478842	0.12391021
0.124479406	-0.11337145	0.09119382	-0.083124556	0.10646882	-0.0811947	0.102636404	-0.10873506	0.10215025	-0.1443834	0.07804797	-0.081820525	0.15442263	-0.12297719	0.12521783	-0.08391497	0.0871438	-0.21133702	0.2114066	-0.20820582	0.16681753	-0.20461604	0.20667966	-0.30191955	0.19463131	-0.26773846	0.15272804	-0.25426662	0.2666499	-0.29413635	0.085957795	-0.16079225	0.23434985	-0.41222227	0.308837	-0.09590498	0.21236932	-0.2478842	0.99999833	-0.5336408
-0.0727918	0.06347334	-0.05245525	0.04797584	-0.062867805	0.04620593	-0.059045956	0.061458703	-0.059739046	0.08176944	-0.044044875	0.04564612	-0.09012626	0.070165135	-0.0753659	0.046470776	-0.04881729	0.11468261	-0.1373273	0.12457497	-0.09175924	0.109679274	-0.12001268	0.16197902	-0.14180848	0.1343066	-0.08897407	0.14779656	-0.20785467	0.1995238	-0.04972397	0.08921303	-0.1523919	0.2486926	-0.7462482	0.053215567	-0.13574232	0.12391021	-0.5336408	0.99999833
