1.0000001	-0.8266256	0.13319449	-0.09866607	0.07315088	-0.4027633	0.20207566	-0.13571487	0.11040234	-0.06951251	0.22538176	-0.17778115	0.12605509	-0.123282924	0.08540668	-0.12733845	0.11313299	-0.13423225	0.09990742	-0.07240634	0.07566444	-0.075580284	0.062068842	-0.072190724	0.090900056	-0.05132487	0.051978093	-0.069626756	0.052126702	-0.032149058	0.059493277	-0.046226755	0.043673236	-0.047904372	0.03207606	-0.05136997	0.036976036	-0.04851549	0.04035446	-0.050806876
-0.8266256	1.0000002	-0.17502089	0.11889737	-0.09028662	0.25261238	-0.31660342	0.16519837	-0.13850003	0.08335992	-0.24904267	0.17857721	-0.145615	0.13837384	-0.10111749	0.13066058	-0.12693293	0.14482722	-0.11651743	0.08360686	-0.084697135	0.08280027	-0.0700798	0.08256158	-0.10729315	0.057472702	-0.058800086	0.07748089	-0.05975803	0.036855657	-0.06814704	0.052011598	-0.049419306	0.054360945	-0.03690203	0.05753879	-0.041681007	0.054501034	-0.045807842	0.057150003
0.13319449	-0.17502089	1.0000002	-0.6249887	0.20861013	-0.18030207	0.28111982	-0.43992925	0.31700814	-0.21645959	0.16161776	-0.28405103	0.2407784	-0.30315563	0.17927165	-0.1833653	0.16739644	-0.2757179	0.19665354	-0.15808012	0.122649685	-0.1344313	0.11610781	-0.14307861	0.16839443	-0.09276392	0.09522201	-0.13525411	0.10054172	-0.06271682	0.10675872	-0.088694125	0.08405154	-0.09455693	0.061754677	-0.100627005	0.071259245	-0.09556561	0.07914889	-0.1027803
-0.09866607	0.11889737	-0.6249887	1.0000002	-0.33188045	0.12109128	-0.2545741	0.2666488	-0.5669407	0.24130571	-0.11691293	0.19252284	-0.19277282	0.24571522	-0.16823064	0.12528074	-0.122050844	0.19074884	-0.16809994	0.13351718	-0.08887927	0.09520875	-0.08648773	0.111307666	-0.13936222	0.06681039	-0.0694381	0.09744838	-0.07677989	0.04774357	-0.07856074	0.06396815	-0.06147669	0.07030831	-0.047185075	0.07149682	-0.05138916	0.068720564	-0.058126494	0.07406152
0.07315088	-0.09028662	0.20861013	-0.33188045	1.0000007	-0.09766316	0.15501776	-0.16191792	0.24630523	-0.8467736	0.09186185	-0.15556479	0.14011304	-0.2017673	0.18710954	-0.109946	0.10326889	-0.17286934	0.14613888	-0.15857854	0.07823854	-0.08609735	0.0782366	-0.10364058	0.12406214	-0.060329344	0.06261934	-0.09030015	0.069809884	-0.043955274	0.06996732	-0.05863893	0.05626986	-0.06521085	0.04292218	-0.06594522	0.047092844	-0.06360296	0.053445216	-0.069272146
-0.4027633	0.25261238	-0.18030207	0.12109128	-0.09766316	1.0000004	-0.24088396	0.15351342	-0.1444748	0.08861413	-0.7521721	0.23988639	-0.18230183	0.15298086	-0.11677193	0.1899262	-0.18169296	0.16824785	-0.13722461	0.095379494	-0.1129703	0.10315512	-0.084226355	0.09621899	-0.12650058	0.070178896	-0.07102501	0.09132444	-0.06994824	0.04286737	-0.08231931	0.061288387	-0.05803837	0.06312322	-0.0430598	0.06707607	-0.0489336	0.06338261	-0.053164665	0.06556932
0.20207566	-0.31660342	0.28111982	-0.2545741	0.15501776	-0.24088396	1.0000004	-0.6392573	0.2634222	-0.16167152	0.20220676	-0.35714728	0.27114856	-0.28969485	0.16788352	-0.19390702	0.17816314	-0.27738	0.19209138	-0.14737593	0.12496209	-0.13440986	0.11434587	-0.13859843	0.16478534	-0.09178388	0.09383923	-0.13177447	0.09775239	-0.06071662	0.10557349	-0.08635136	0.08174614	-0.09137014	0.059970085	-0.09741273	0.069260575	-0.09238596	0.07652824	-0.09859355
-0.13571487	0.16519837	-0.43992925	0.2666488	-0.16191792	0.15351342	-0.6392573	1.0000004	-0.41567314	0.15919708	-0.15001969	0.25760484	-0.3533546	0.2612985	-0.15455128	0.14186445	-0.14083694	0.21760099	-0.17020963	0.1273383	-0.09628871	0.10197626	-0.09048761	0.11317949	-0.139248	0.07046257	-0.07277177	0.10156815	-0.07849387	0.048575487	-0.08229855	0.066490695	-0.06359709	0.07199337	-0.048071433	0.074242465	-0.05333248	0.07104053	-0.05971801	0.07597793
0.11040234	-0.13850003	0.31700814	-0.5669407	0.24630523	-0.1444748	0.2634222	-0.41567314	1.0000004	-0.3190043	0.13661921	-0.24667135	0.2430318	-0.45154077	0.19400847	-0.14797843	0.14225815	-0.23468387	0.19652309	-0.16115321	0.10206582	-0.11048672	0.09944541	-0.12975745	0.15460257	-0.07647798	0.07917622	-0.112773836	0.08736349	-0.05427641	0.088847496	-0.07315335	0.070147686	-0.08056812	0.05335467	-0.08180951	0.05866148	-0.07868775	0.06616085	-0.08479272
-0.06951251	0.08335992	-0.21645959	0.24130571	-0.8467736	0.08861413	-0.16167152	0.15919708	-0.3190043	1.0000004	-0.08580025	0.14160903	-0.13741593	0.1931863	-0.24491812	0.09907121	-0.09619248	0.15606707	-0.15042111	0.15757892	-0.0725134	0.07874268	-0.07359302	0.099606045	-0.12570497	0.055582058	-0.0580749	0.08308807	-0.06652226	0.041775227	-0.06520045	0.053984974	-0.052223112	0.061009616	-0.04093265	0.060175776	-0.043347385	0.058408365	-0.049681272	0.063600294
0.22538176	-0.24904267	0.16161776	-0.11691293	0.09186185	-0.7521721	0.20220676	-0.15001969	0.13661921	-0.08580025	1.0000004	-0.38851175	0.19549537	-0.16545673	0.11526006	-0.2830453	0.19777593	-0.18925919	0.1380632	-0.09662352	0.12140552	-0.113681756	0.087482736	-0.09803245	0.12386229	-0.0740445	0.07322523	-0.09609385	0.070591934	-0.04316768	0.083230235	-0.06318532	0.059362084	-0.06430826	0.043173	-0.06917993	0.050200872	-0.06518995	0.0539341	-0.06702214
-0.17778115	0.17857721	-0.28405103	0.19252284	-0.15556479	0.23988639	-0.35714728	0.25760484	-0.24667135	0.14160903	-0.38851175	1.0000002	-0.61065924	0.27911428	-0.19671333	0.21227556	-0.25650904	0.2726444	-0.22827204	0.15485384	-0.1386391	0.13724399	-0.12022462	0.14565454	-0.19117354	0.09365644	-0.09667399	0.12906045	-0.102571085	0.06286301	-0.11108379	0.085244596	-0.081886545	0.0916282	-0.06288269	0.093357764	-0.06821623	0.089432396	-0.07610282	0.0941052
0.12605509	-0.145615	0.2407784	-0.19277282	0.14011304	-0.18230183	0.27114856	-0.3533546	0.2430318	-0.13741593	0.19549537	-0.61065924	1.0000004	-0.48697692	0.1905586	-0.1770126	0.19152445	-0.3783734	0.22551909	-0.1587195	0.115843475	-0.12093154	0.109265134	-0.1382544	0.16812938	-0.08171513	0.08450726	-0.1183923	0.0925695	-0.056700565	0.095314674	-0.07590756	0.0730892	-0.08342391	0.056115832	-0.08342045	0.06064415	-0.080472335	0.06816645	-0.08544954
-0.123282924	0.13837384	-0.30315563	0.24571522	-0.2017673	0.15298086	-0.28969485	0.2612985	-0.45154077	0.1931863	-0.16545673	0.27911428	-0.48697692	1.0000004	-0.36782402	0.16916156	-0.18039064	0.2837384	-0.3810822	0.24038562	-0.12598258	0.13299382	-0.1299855	0.18250553	-0.22791524	0.093342714	-0.098295696	0.13926364	-0.117545605	0.071745746	-0.11075311	0.08960134	-0.0877336	0.1035783	-0.07073124	0.09806464	-0.07176064	0.0961033	-0.08305997	0.10378121
0.08540668	-0.10111749	0.17927165	-0.16823064	0.18710954	-0.11677193	0.16788352	-0.15455128	0.19400847	-0.24491812	0.11526006	-0.19671333	0.1905586	-0.36782402	1.0000004	-0.15232703	0.14700802	-0.27285472	0.29055482	-0.73902744	0.11525392	-0.12970635	0.12676404	-0.19652633	0.22703923	-0.09084163	0.09544526	-0.14479412	0.116576284	-0.07495744	0.104611106	-0.09036304	0.088294	-0.10857618	0.07114551	-0.099842876	0.072200224	-0.09909865	0.08447147	-0.10981969
-0.12733845	0.13066058	-0.1833653	0.12528074	-0.109946	0.1899262	-0.19390702	0.14186445	-0.14797843	0.09907121	-0.2830453	0.21227556	-0.1770126	0.16916156	-0.15232703	1.0	-0.72128713	0.26348478	-0.19843088	0.12744023	-0.37323084	0.24029435	-0.15710048	0.14892508	-0.19051957	0.14726755	-0.13848065	0.16310695	-0.111576304	0.06672954	-0.15600975	0.10832306	-0.09906344	0.10068358	-0.06746131	0.1148501	-0.08478296	0.10598188	-0.08526034	0.10279649
0.11313299	-0.12693293	0.16739644	-0.122050844	0.10326889	-0.18169296	0.17816314	-0.14083694	0.14225815	-0.09619248	0.19777593	-0.25650904	0.19152445	-0.18039064	0.14700802	-0.72128713	0.9999999	-0.44031993	0.20105118	-0.12990393	0.23735416	-0.27030426	0.15680362	-0.15199706	0.17860898	-0.13310896	0.12581953	-0.17030889	0.10897294	-0.065392725	0.13658974	-0.104527585	0.095947556	-0.1000185	0.06532954	-0.11250441	0.08159008	-0.10476822	0.08345642	-0.10300416
-0.13423225	0.14482722	-0.2757179	0.19074884	-0.17286934	0.16824785	-0.27738	0.21760099	-0.23468387	0.15606707	-0.18925919	0.2726444	-0.3783734	0.2837384	-0.27285472	0.26348478	-0.44031993	1.0000001	-0.47703266	0.22774555	-0.19211714	0.19233462	-0.19623816	0.2275336	-0.29056	0.12928267	-0.13618805	0.18755464	-0.15299524	0.09120524	-0.15431385	0.11832523	-0.11569502	0.13166477	-0.09127578	0.12701029	-0.09435483	0.12370294	-0.10692468	0.1296667
0.09990742	-0.11651743	0.19665354	-0.16809994	0.14613888	-0.13722461	0.19209138	-0.17020963	0.19652309	-0.15042111	0.1380632	-0.22827204	0.22551909	-0.3810822	0.29055482	-0.19843088	0.20105118	-0.47703266	0.9999999	-0.4665385	0.15451762	-0.17658998	0.18925251	-0.41500401	0.29324445	-0.1197855	0.12738135	-0.20254135	0.17364505	-0.102112815	0.13755004	-0.11929617	0.1188542	-0.15453051	0.096837886	-0.12817825	0.09449384	-0.13017383	0.1124565	-0.14269425
-0.07240634	0.08360686	-0.15808012	0.13351718	-0.15857854	0.095379494	-0.14737593	0.1273383	-0.16115321	0.15757892	-0.09662352	0.15485384	-0.1587195	0.24038562	-0.73902744	0.12744023	-0.12990393	0.22774555	-0.4665385	0.99999976	-0.10432911	0.11608454	-0.124469645	0.20896041	-0.31356522	0.08238494	-0.08802946	0.13384448	-0.118940845	0.07605015	-0.09629977	0.082800485	-0.082721554	0.10498667	-0.07239651	0.0898154	-0.06609743	0.09087	-0.07961841	0.10123209
0.07566444	-0.084697135	0.122649685	-0.08887927	0.07823854	-0.1129703	0.12496209	-0.09628871	0.10206582	-0.0725134	0.12140552	-0.1386391	0.115843475	-0.12598258	0.11525392	-0.37323084	0.23735416	-0.19211714	0.15451762	-0.10432911	0.99999976	-0.69725573	0.24083915	-0.16972893	0.18416244	-0.35532182	0.2250773	-0.272346	0.13276604	-0.077199206	0.22490767	-0.16499683	0.13819441	-0.12622423	0.07773713	-0.1689812	0.122085296	-0.1493273	0.10722484	-0.12992036
-0.075580284	0.08280027	-0.1344313	0.09520875	-0.08609735	0.10315512	-0.13440986	0.10197626	-0.11048672	0.07874268	-0.113681756	0.13724399	-0.12093154	0.13299382	-0.12970635	0.24029435	-0.27030426	0.19233462	-0.17658998	0.11608454	-0.69725573	0.99999976	-0.42276105	0.19439115	-0.2227015	0.22876462	-0.23902333	0.26837265	-0.14806546	0.0830689	-0.23215236	0.1570864	-0.14169012	0.13092363	-0.084565446	0.15545113	-0.119681686	0.14317743	-0.10982156	0.12786761
0.062068842	-0.0700798	0.11610781	-0.08648773	0.0782366	-0.084226355	0.11434587	-0.09048761	0.09944541	-0.07359302	0.087482736	-0.12022462	0.109265134	-0.1299855	0.12676404	-0.15710048	0.15680362	-0.19623816	0.18925251	-0.124469645	0.24083915	-0.42276105	0.9999994	-0.3790207	0.25066492	-0.17971033	0.2034397	-0.6975923	0.18533318	-0.09931713	0.17958674	-0.16287297	0.16041857	-0.16247861	0.097028814	-0.15693596	0.120198905	-0.16069384	0.1216402	-0.14464633
-0.072190724	0.08256158	-0.14307861	0.111307666	-0.10364058	0.09621899	-0.13859843	0.11317949	-0.12975745	0.099606045	-0.09803245	0.14565454	-0.1382544	0.18250553	-0.19652633	0.14892508	-0.15199706	0.2275336	-0.41500401	0.20896041	-0.16972893	0.19439115	-0.3790207	0.99999946	-0.60358006	0.13583662	-0.15495048	0.25925094	-0.38297325	0.15293571	-0.16044907	0.14320116	-0.15644191	0.22452696	-0.14683487	0.14467858	-0.11291961	0.15752111	-0.14888069	0.17406492
0.090900056	-0.10729315	0.16839443	-0.13936222	0.12406214	-0.12650058	0.16478534	-0.139248	0.15460257	-0.12570497	0.12386229	-0.19117354	0.16812938	-0.22791524	0.22703923	-0.19051957	0.17860898	-0.29056	0.29324445	-0.31356522	0.18416244	-0.2227015	0.25066492	-0.60358006	0.9999996	-0.16339003	0.17592295	-0.29901132	0.25760686	-0.21282354	0.18526813	-0.17642099	0.17816566	-0.2524555	0.17220028	-0.19130561	0.14017385	-0.2018254	0.17637943	-0.23881635
-0.05132487	0.057472702	-0.09276392	0.06681039	-0.060329344	0.070178896	-0.09178388	0.07046257	-0.07647798	0.055582058	-0.0740445	0.09365644	-0.08171513	0.093342714	-0.09084163	0.14726755	-0.13310896	0.12928267	-0.1197855	0.08238494	-0.35532182	0.22876462	-0.17971033	0.13583662	-0.16339003	0.9999997	-0.60395426	0.21323463	-0.1326655	0.07515064	-0.579646	0.24806277	-0.18146949	0.13073222	-0.07822276	0.22832856	-0.17746739	0.18145278	-0.11815097	0.13417059
0.051978093	-0.058800086	0.09522201	-0.0694381	0.06261934	-0.07102501	0.09383923	-0.07277177	0.07917622	-0.0580749	0.07322523	-0.09667399	0.08450726	-0.098295696	0.09544526	-0.13848065	0.12581953	-0.13618805	0.12738135	-0.08802946	0.2250773	-0.23902333	0.2034397	-0.15495048	0.17592295	-0.60395426	0.99999964	-0.32884046	0.15546666	-0.08825123	0.31241682	-0.48219937	0.2342017	-0.16400994	0.091089845	-0.29371533	0.22202352	-0.24472545	0.14289564	-0.16429965
-0.069626756	0.07748089	-0.13525411	0.09744838	-0.09030015	0.09132444	-0.13177447	0.10156815	-0.112773836	0.08308807	-0.09609385	0.12906045	-0.1183923	0.13926364	-0.14479412	0.16310695	-0.17030889	0.18755464	-0.20254135	0.13384448	-0.272346	0.26837265	-0.6975923	0.25925094	-0.29901132	0.21323463	-0.32884046	0.9999997	-0.22592859	0.11258439	-0.23689744	0.20336582	-0.23082696	0.18256792	-0.115343526	0.18170044	-0.15074849	0.18943208	-0.1461358	0.161282
0.052126702	-0.05975803	0.10054172	-0.07677989	0.069809884	-0.06994824	0.09775239	-0.07849387	0.08736349	-0.06652226	0.070591934	-0.102571085	0.0925695	-0.117545605	0.116576284	-0.111576304	0.10897294	-0.15299524	0.17364505	-0.118940845	0.13276604	-0.14806546	0.18533318	-0.38297325	0.25760686	-0.1326655	0.15546666	-0.22592859	0.9999995	-0.30894783	0.16429183	-0.1843237	0.22433119	-0.6820202	0.23463285	-0.16893409	0.1406051	-0.22609086	0.22847001	-0.27837205
-0.032149058	0.036855657	-0.06271682	0.04774357	-0.043955274	0.04286737	-0.06071662	0.048575487	-0.05427641	0.041775227	-0.04316768	0.06286301	-0.056700565	0.071745746	-0.07495744	0.06672954	-0.065392725	0.09120524	-0.102112815	0.07605015	-0.077199206	0.0830689	-0.09931713	0.15293571	-0.21282354	0.07515064	-0.08825123	0.11258439	-0.30894783	0.9999995	-0.09804725	0.09551169	-0.118165225	0.22107488	-0.8811738	0.09272449	-0.07768337	0.11659059	-0.15201017	0.17371228
0.059493277	-0.06814704	0.10675872	-0.07856074	0.06996732	-0.08231931	0.10557349	-0.08229855	0.088847496	-0.06520045	0.083230235	-0.11108379	0.095314674	-0.11075311	0.104611106	-0.15600975	0.13658974	-0.15431385	0.13755004	-0.09629977	0.22490767	-0.23215236	0.17958674	-0.16044907	0.18526813	-0.579646	0.31241682	-0.23689744	0.16429183	-0.09804725	0.9999998	-0.35986102	0.23054065	-0.17542282	0.10073679	-0.47289518	0.25839782	-0.2868792	0.16705732	-0.2039026
-0.046226755	0.052011598	-0.088694125	0.06396815	-0.05863893	0.061288387	-0.08635136	0.066490695	-0.07315335	0.053984974	-0.06318532	0.085244596	-0.07590756	0.08960134	-0.09036304	0.10832306	-0.104527585	0.11832523	-0.11929617	0.082800485	-0.16499683	0.1570864	-0.16287297	0.14320116	-0.17642099	0.24806277	-0.48219937	0.20336582	-0.1843237	0.09551169	-0.35986102	0.99999976	-0.51874334	0.19410652	-0.1037795	0.28896776	-0.45251596	0.30199245	-0.17140573	0.1691307
0.043673236	-0.049419306	0.08405154	-0.06147669	0.05626986	-0.05803837	0.08174614	-0.06359709	0.070147686	-0.052223112	0.059362084	-0.081886545	0.0730892	-0.0877336	0.088294	-0.09906344	0.095947556	-0.11569502	0.1188542	-0.082721554	0.13819441	-0.14169012	0.16041857	-0.15644191	0.17816566	-0.18146949	0.2342017	-0.23082696	0.22433119	-0.118165225	0.23054065	-0.51874334	0.9999995	-0.36288953	0.12584929	-0.26161167	0.26857358	-0.6059079	0.21814147	-0.22025034
-0.047904372	0.054360945	-0.09455693	0.07030831	-0.06521085	0.06312322	-0.09137014	0.07199337	-0.08056812	0.061009616	-0.06430826	0.0916282	-0.08342391	0.1035783	-0.10857618	0.10068358	-0.1000185	0.13166477	-0.15453051	0.10498667	-0.12622423	0.13092363	-0.16247861	0.22452696	-0.2524555	0.13073222	-0.16400994	0.18256792	-0.6820202	0.22107488	-0.17542282	0.19410652	-0.36288953	0.9999994	-0.27938133	0.16454479	-0.15352176	0.2390694	-0.35157838	0.2595673
0.03207606	-0.03690203	0.061754677	-0.047185075	0.04292218	-0.0430598	0.059970085	-0.048071433	0.05335467	-0.04093265	0.043173	-0.06288269	0.056115832	-0.07073124	0.07114551	-0.06746131	0.06532954	-0.09127578	0.096837886	-0.07239651	0.07773713	-0.084565446	0.097028814	-0.14683487	0.17220028	-0.07822276	0.091089845	-0.115343526	0.23463285	-0.8811738	0.10073679	-0.1037795	0.12584929	-0.27938133	0.9999995	-0.10057605	0.08342498	-0.13019045	0.16236892	-0.22678158
-0.05136997	0.05753879	-0.100627005	0.07149682	-0.06594522	0.06707607	-0.09741273	0.074242465	-0.08180951	0.060175776	-0.06917993	0.093357764	-0.08342045	0.09806464	-0.099842876	0.1148501	-0.11250441	0.12701029	-0.12817825	0.0898154	-0.1689812	0.15545113	-0.15693596	0.14467858	-0.19130561	0.22832856	-0.29371533	0.18170044	-0.16893409	0.09272449	-0.47289518	0.28896776	-0.26161167	0.16454479	-0.10057605	0.9999991	-0.6720915	0.27466154	-0.17412557	0.16677809
0.036976036	-0.041681007	0.071259245	-0.05138916	0.047092844	-0.0489336	0.069260575	-0.05333248	0.05866148	-0.043347385	0.050200872	-0.06821623	0.06064415	-0.07176064	0.072200224	-0.08478296	0.08159008	-0.09435483	0.09449384	-0.06609743	0.122085296	-0.119681686	0.120198905	-0.11291961	0.14017385	-0.17746739	0.22202352	-0.15074849	0.1406051	-0.07768337	0.25839782	-0.45251596	0.26857358	-0.15352176	0.08342498	-0.6720915	0.99999917	-0.4581311	0.15960802	-0.15881304
-0.04851549	0.054501034	-0.09556561	0.068720564	-0.06360296	0.06338261	-0.09238596	0.07104053	-0.07868775	0.058408365	-0.06518995	0.089432396	-0.080472335	0.0961033	-0.09909865	0.10598188	-0.10476822	0.12370294	-0.13017383	0.09087	-0.1493273	0.14317743	-0.16069384	0.15752111	-0.2018254	0.18145278	-0.24472545	0.18943208	-0.22609086	0.11659059	-0.2868792	0.30199245	-0.6059079	0.2390694	-0.13019045	0.27466154	-0.4581311	0.99999917	-0.3408332	0.23702529
0.04035446	-0.045807842	0.07914889	-0.058126494	0.053445216	-0.053164665	0.07652824	-0.05971801	0.06616085	-0.049681272	0.0539341	-0.07610282	0.06816645	-0.08305997	0.08447147	-0.08526034	0.08345642	-0.10692468	0.1124565	-0.07961841	0.10722484	-0.10982156	0.1216402	-0.14888069	0.17637943	-0.11815097	0.14289564	-0.1461358	0.22847001	-0.15201017	0.16705732	-0.17140573	0.21814147	-0.35157838	0.16236892	-0.17412557	0.15960802	-0.3408332	0.99999917	-0.79150105
-0.050806876	0.057150003	-0.1027803	0.07406152	-0.069272146	0.06556932	-0.09859355	0.07597793	-0.08479272	0.063600294	-0.06702214	0.0941052	-0.08544954	0.10378121	-0.10981969	0.10279649	-0.10300416	0.1296667	-0.14269425	0.10123209	-0.12992036	0.12786761	-0.14464633	0.17406492	-0.23881635	0.13417059	-0.16429965	0.161282	-0.27837205	0.17371228	-0.2039026	0.1691307	-0.22025034	0.2595673	-0.22678158	0.16677809	-0.15881304	0.23702529	-0.79150105	0.99999917
