1.0	-0.72035384	0.2139044	-0.24146464	0.17898643	-0.2916492	0.31566072	-0.28390667	0.18497796	-0.1564222	0.20421699	-0.24914484	0.1914039	-0.2070095	0.13959269	-0.117381655	0.115680665	-0.15788521	0.14086854	-0.118338265	0.09317113	-0.13104378	0.12990925	-0.13749722	0.10841574	-0.11830234	0.09679551	-0.08740932	0.10714522	-0.1378061	0.08419007	-0.074726634	0.07501229	-0.0827968	0.08166391	-0.08381725	0.07292049	-0.08072384	0.06935236	-0.12618884
-0.72035384	1.0000002	-0.24973725	0.19150124	-0.1299649	0.21565816	-0.5438445	0.22906518	-0.15028684	0.110181145	-0.17879112	0.1698748	-0.14615563	0.14293902	-0.10356922	0.077998735	-0.07944492	0.10826058	-0.10012625	0.0806373	-0.06282823	0.08761583	-0.091232404	0.09337881	-0.07625238	0.07700811	-0.065592244	0.058544222	-0.072482936	0.08913582	-0.055547167	0.048869748	-0.049442723	0.05469859	-0.054166507	0.054334313	-0.047760084	0.052184053	-0.045064744	0.0807579
0.2139044	-0.24973725	1.0	-0.7484899	0.1515641	-0.13297206	0.21560878	-0.4864051	0.2699323	-0.15847647	0.1264022	-0.14644821	0.15771475	-0.20141168	0.14491764	-0.07820543	0.08196989	-0.11979962	0.1247808	-0.09574545	0.06393263	-0.09109469	0.10191257	-0.107772596	0.09001306	-0.07847554	0.06940369	-0.06206814	0.077749506	-0.092969015	0.057201978	-0.050572228	0.051404253	-0.05771453	0.05707758	-0.055834606	0.049350858	-0.053888895	0.04665426	-0.083413556
-0.24146464	0.19150124	-0.7484899	0.9999999	-0.19096927	0.13318422	-0.22182572	0.30793226	-0.42357463	0.1769077	-0.13955644	0.15040383	-0.17694755	0.21725248	-0.1795232	0.08529753	-0.09079096	0.12998039	-0.14639376	0.105971806	-0.070810154	0.09959041	-0.11566006	0.118633784	-0.104025126	0.08598495	-0.07816724	0.0691623	-0.08807192	0.102584615	-0.06351525	0.056023538	-0.05730832	0.0643162	-0.06406585	0.061542798	-0.0548257	0.059538424	-0.05176966	0.091947034
0.17898643	-0.1299649	0.1515641	-0.19096927	0.9999998	-0.1360742	0.16995321	-0.21767554	0.18941593	-0.26621914	0.14556608	-0.19751033	0.19913226	-0.23206005	0.20377895	-0.23569904	0.18716672	-0.20412648	0.18082361	-0.15980321	0.18904023	-0.22990938	0.18528184	-0.19120494	0.15067638	-0.2916374	0.19537857	-0.17966081	0.226891	-0.3953311	0.21077396	-0.1980727	0.19519804	-0.20156717	0.20356403	-0.23602344	0.20037702	-0.24674235	0.21023473	-0.43355048
-0.2916492	0.21565816	-0.13297206	0.13318422	-0.1360742	0.9999996	-0.4605388	0.19211607	-0.13156632	0.10336272	-0.73279023	0.25626653	-0.2116513	0.13874766	-0.10055876	0.09548213	-0.09874478	0.1264842	-0.10768979	0.0849829	-0.076585785	0.101532005	-0.10727967	0.101085864	-0.0833074	0.084568255	-0.07372052	0.06470866	-0.07916131	0.091973	-0.06134763	0.052362006	-0.0533416	0.05837478	-0.057730597	0.057713684	-0.051287614	0.05448551	-0.047287185	0.08219695
0.31566072	-0.5438445	0.21560878	-0.22182572	0.16995321	-0.4605388	0.9999996	-0.4045503	0.20039704	-0.15390185	0.2581351	-0.27797028	0.20723602	-0.2051625	0.13964373	-0.11102401	0.112856135	-0.15539937	0.1392863	-0.11348482	0.08812816	-0.12463796	0.12765707	-0.13204782	0.10550119	-0.10776713	0.090777256	-0.08146855	0.099701785	-0.12294625	0.07698259	-0.06761894	0.06819361	-0.07554599	0.07440095	-0.07527464	0.065911636	-0.071977295	0.062018234	-0.111062266
-0.28390667	0.22906518	-0.4864051	0.30793226	-0.21767554	0.19211607	-0.4045503	0.9999995	-0.49675795	0.2056738	-0.20099637	0.2118765	-0.2795036	0.25859895	-0.21150324	0.10759912	-0.11699246	0.1709745	-0.18172741	0.13065478	-0.08917329	0.126468	-0.14903632	0.14818068	-0.12931821	0.10605189	-0.09746729	0.086112045	-0.10877567	0.12425431	-0.078216314	0.068524525	-0.07017213	0.07885334	-0.07835017	0.07500122	-0.066945255	0.07206368	-0.06270612	0.11017915
0.18497796	-0.15028684	0.2699323	-0.42357463	0.18941593	-0.13156632	0.20039704	-0.49675795	0.99999934	-0.37260658	0.1348061	-0.167351	0.1955712	-0.52087355	0.2652564	-0.0960423	0.10415467	-0.16519631	0.20260368	-0.14685886	0.07898882	-0.11619992	0.13914482	-0.15989472	0.13068539	-0.09557932	0.08771769	-0.07907751	0.099359095	-0.11429962	0.06991833	-0.061898407	0.06309922	-0.072450586	0.07094511	-0.067665264	0.060049634	-0.06520257	0.05651967	-0.10016013
-0.1564222	0.110181145	-0.15847647	0.1769077	-0.26621914	0.10336272	-0.15390185	0.2056738	-0.37260658	0.99999934	-0.11424061	0.13544042	-0.16282916	0.27165204	-0.7984051	0.09161665	-0.09489837	0.13664559	-0.16617203	0.12983808	-0.075960696	0.10651097	-0.12298078	0.1331589	-0.12242535	0.095875785	-0.08455001	0.07563782	-0.09655683	0.11854557	-0.07067043	0.06325258	-0.06433425	0.07211946	-0.07166448	0.070243135	-0.06207446	0.0690614	-0.059809875	0.10947594
0.20421699	-0.17879112	0.1264022	-0.13955644	0.14556608	-0.73279023	0.2581351	-0.20099637	0.1348061	-0.11424061	0.9999991	-0.46798518	0.23070017	-0.15846749	0.10750545	-0.1217516	0.11853545	-0.15055391	0.119880795	-0.09702535	0.09087138	-0.12270528	0.120772175	-0.11666959	0.09249711	-0.10060343	0.084232554	-0.07464386	0.089520976	-0.105804235	0.07114008	-0.060598984	0.061244015	-0.06686567	0.06560319	-0.06720299	0.059110384	-0.06297368	0.05436026	-0.09487364
-0.24914484	0.1698748	-0.14644821	0.15040383	-0.19751033	0.25626653	-0.27797028	0.2118765	-0.167351	0.13544042	-0.46798518	0.99999917	-0.64606416	0.19422704	-0.14068946	0.142662	-0.1966672	0.23224714	-0.17450663	0.12980366	-0.11718261	0.17186515	-0.19431064	0.16030867	-0.13386483	0.12260722	-0.11683423	0.10097571	-0.121084355	0.12970811	-0.090018	0.075658776	-0.07778401	0.08604602	-0.08473122	0.08197447	-0.07386195	0.07647324	-0.06679634	0.112387076
0.1914039	-0.14615563	0.15771475	-0.17694755	0.19913226	-0.2116513	0.20723602	-0.2795036	0.1955712	-0.16282916	0.23070017	-0.64606416	0.99999905	-0.27932113	0.1599112	-0.15520674	0.18737462	-0.43114007	0.21618265	-0.164798	0.122073114	-0.19856095	0.22970349	-0.20873335	0.15589577	-0.13707064	0.12666063	-0.11517117	0.13281511	-0.14665589	0.09720243	-0.083493695	0.08464382	-0.09639655	0.09279732	-0.09088046	0.080332115	-0.084678	0.07315946	-0.12525101
-0.2070095	0.14293902	-0.20141168	0.21725248	-0.23206005	0.13874766	-0.2051625	0.25859895	-0.52087355	0.27165204	-0.15846749	0.19422704	-0.27932113	0.9999991	-0.40038458	0.11786907	-0.13637672	0.22251724	-0.4580501	0.2072358	-0.09910285	0.14758568	-0.20168369	0.22288664	-0.20007427	0.1153228	-0.11389657	0.101616666	-0.1308779	0.13749729	-0.08567003	0.075327	-0.07760762	0.0908211	-0.08898017	0.0809617	-0.07278247	0.07755631	-0.067632295	0.11681157
0.13959269	-0.10356922	0.14491764	-0.1795232	0.20377895	-0.10055876	0.13964373	-0.21150324	0.2652564	-0.7984051	0.10750545	-0.14068946	0.1599112	-0.40038458	0.9999989	-0.095970266	0.099102415	-0.15134895	0.18315294	-0.1597003	0.07855314	-0.11361315	0.12995078	-0.15351889	0.13237186	-0.09975404	0.08701874	-0.0791974	0.099393226	-0.12340652	0.07262822	-0.06525858	0.0660195	-0.07503541	0.07356285	-0.07246542	0.063631035	-0.07100258	0.061234243	-0.11231891
-0.117381655	0.077998735	-0.07820543	0.08529753	-0.23569904	0.09548213	-0.11102401	0.10759912	-0.0960423	0.09161665	-0.1217516	0.142662	-0.15520674	0.11786907	-0.095970266	0.999999	-0.4778346	0.17258525	-0.12565176	0.098470375	-0.6789679	0.27454916	-0.1680461	0.13186036	-0.104825266	0.2683574	-0.17430718	0.131517	-0.15482165	0.14345074	-0.19543758	0.12141249	-0.12694989	0.10879471	-0.1068775	0.13366368	-0.12570198	0.108462594	-0.09684621	0.13590103
0.115680665	-0.07944492	0.08196989	-0.09079096	0.18716672	-0.09874478	0.112856135	-0.11699246	0.10415467	-0.09489837	0.11853545	-0.1966672	0.18737462	-0.13637672	0.099102415	-0.4778346	0.9999989	-0.307626	0.15642926	-0.121056415	0.24993382	-0.6870014	0.23372905	-0.17353919	0.12410119	-0.20351247	0.18169111	-0.15187192	0.14568238	-0.14182314	0.1307868	-0.09884035	0.099157326	-0.103748985	0.09714996	-0.10704977	0.09468832	-0.09036362	0.07816659	-0.120172046
-0.15788521	0.10826058	-0.11979962	0.12998039	-0.20412648	0.1264842	-0.15539937	0.1709745	-0.16519631	0.13664559	-0.15055391	0.23224714	-0.43114007	0.22251724	-0.15134895	0.17258525	-0.307626	0.99999887	-0.39105675	0.20542225	-0.14580978	0.25290948	-0.5869275	0.28871998	-0.2256955	0.14127332	-0.15961128	0.1421091	-0.15961891	0.14691941	-0.10387484	0.08664566	-0.089677036	0.10552039	-0.100279756	0.090907685	-0.08278055	0.083420396	-0.07300412	0.11787059
0.14086854	-0.10012625	0.1247808	-0.14639376	0.18082361	-0.10768979	0.1392863	-0.18172741	0.20260368	-0.16617203	0.119880795	-0.17450663	0.21618265	-0.4580501	0.18315294	-0.12565176	0.15642926	-0.39105675	0.9999988	-0.46514252	0.10339315	-0.17700322	0.27116367	-0.48771498	0.2921813	-0.1157997	0.1218549	-0.115350164	0.14361651	-0.13829096	0.084375925	-0.074609734	0.07659213	-0.09776425	0.089943066	-0.07793818	0.06998077	-0.07329052	0.06361055	-0.106440775
-0.118338265	0.0806373	-0.09574545	0.105971806	-0.15980321	0.0849829	-0.11348482	0.13065478	-0.14685886	0.12983808	-0.09702535	0.12980366	-0.164798	0.2072358	-0.1597003	0.098470375	-0.121056415	0.20542225	-0.46514252	0.99999887	-0.083975546	0.13423817	-0.2174136	0.28788453	-0.76367545	0.09423122	-0.10272313	0.09400189	-0.12292194	0.11598686	-0.07027415	0.062100623	-0.06446129	0.081099115	-0.077479586	0.06459016	-0.058622625	0.06108752	-0.05335686	0.08862162
0.09317113	-0.06282823	0.06393263	-0.070810154	0.18904023	-0.076585785	0.08812816	-0.08917329	0.07898882	-0.075960696	0.09087138	-0.11718261	0.122073114	-0.09910285	0.07855314	-0.6789679	0.24993382	-0.14580978	0.10339315	-0.083975546	0.9999987	-0.28806216	0.13927178	-0.11447041	0.08696607	-0.52909964	0.15563945	-0.12411805	0.13280576	-0.13062023	0.20492828	-0.12803313	0.12080225	-0.09942681	0.0944533	-0.15122415	0.122990415	-0.108994484	0.091708206	-0.133204
-0.13104378	0.08761583	-0.09109469	0.09959041	-0.22990938	0.101532005	-0.12463796	0.126468	-0.11619992	0.10651097	-0.12270528	0.17186515	-0.19856095	0.14758568	-0.11361315	0.27454916	-0.6870014	0.25290948	-0.17700322	0.13423817	-0.28806216	0.9999988	-0.35524005	0.19784771	-0.14833035	0.20136167	-0.2914287	0.19070706	-0.18723755	0.1630186	-0.1486491	0.11169167	-0.11616047	0.12356081	-0.117566906	0.11639018	-0.10845241	0.101300344	-0.08957524	0.13373105
0.12990925	-0.091232404	0.10191257	-0.11566006	0.18528184	-0.10727967	0.12765707	-0.14903632	0.13914482	-0.12298078	0.120772175	-0.19431064	0.22970349	-0.20168369	0.12995078	-0.1680461	0.23372905	-0.5869275	0.27116367	-0.2174136	0.13927178	-0.35524005	0.999999	-0.5378807	0.22013581	-0.14391689	0.17552944	-0.18727253	0.17297016	-0.15415552	0.10234871	-0.08814124	0.09013391	-0.11471838	0.10317857	-0.09095399	0.0817481	-0.08321389	0.07211129	-0.1165875
-0.13749722	0.09337881	-0.107772596	0.118633784	-0.19120494	0.101085864	-0.13204782	0.14818068	-0.15989472	0.1331589	-0.11666959	0.16030867	-0.20873335	0.22288664	-0.15351889	0.13186036	-0.17353919	0.28871998	-0.48771498	0.28788453	-0.11447041	0.19784771	-0.5378807	0.99999917	-0.4626641	0.124208644	-0.15202223	0.14556144	-0.21676317	0.15423559	-0.09292525	0.08315467	-0.08695468	0.120488845	-0.107954435	0.08374668	-0.07651064	0.07884037	-0.068832494	0.11139016
0.10841574	-0.07625238	0.09001306	-0.104025126	0.15067638	-0.0833074	0.10550119	-0.12931821	0.13068539	-0.12242535	0.09249711	-0.13386483	0.15589577	-0.20007427	0.13237186	-0.104825266	0.12410119	-0.2256955	0.2921813	-0.76367545	0.08696607	-0.14833035	0.22013581	-0.4626641	0.999999	-0.10011928	0.10627083	-0.10218008	0.12987155	-0.12826876	0.07307599	-0.06568604	0.06744643	-0.089109376	0.081856176	-0.06792357	0.060962673	-0.06406154	0.055512942	-0.09262952
-0.11830234	0.07700811	-0.07847554	0.08598495	-0.2916374	0.084568255	-0.10776713	0.10605189	-0.09557932	0.095875785	-0.10060343	0.12260722	-0.13707064	0.1153228	-0.09975404	0.2683574	-0.20351247	0.14127332	-0.1157997	0.09423122	-0.52909964	0.20136167	-0.14391689	0.124208644	-0.10011928	0.99999905	-0.233658	0.16075948	-0.19075114	0.17405012	-0.5316544	0.20552692	-0.2079998	0.14095518	-0.13694653	0.23443045	-0.21410029	0.16354105	-0.14408267	0.1847174
0.09679551	-0.065592244	0.06940369	-0.07816724	0.19537857	-0.07372052	0.090777256	-0.09746729	0.08771769	-0.08455001	0.084232554	-0.11683423	0.12666063	-0.11389657	0.08701874	-0.17430718	0.18169111	-0.15961128	0.1218549	-0.10272313	0.15563945	-0.2914287	0.17552944	-0.15202223	0.10627083	-0.233658	0.9999988	-0.77224886	0.27504635	-0.2516314	0.1474113	-0.14767529	0.13898057	-0.20270929	0.15970029	-0.12841232	0.11436961	-0.11523791	0.097395204	-0.14997846
-0.08740932	0.058544222	-0.06206814	0.0691623	-0.17966081	0.06470866	-0.08146855	0.086112045	-0.07907751	0.07563782	-0.07464386	0.10097571	-0.11517117	0.101616666	-0.0791974	0.131517	-0.15187192	0.1421091	-0.115350164	0.09400189	-0.12411805	0.19070706	-0.18727253	0.14556144	-0.10218008	0.16075948	-0.77224886	0.9999984	-0.45843053	0.20409833	-0.12132316	0.11732705	-0.12372085	0.19232154	-0.16156317	0.10221335	-0.096027635	0.095431894	-0.08296017	0.12296009
0.10714522	-0.072482936	0.077749506	-0.08807192	0.226891	-0.07916131	0.099701785	-0.10877567	0.099359095	-0.09655683	0.089520976	-0.121084355	0.13281511	-0.1308779	0.099393226	-0.15482165	0.14568238	-0.15961891	0.14361651	-0.12292194	0.13280576	-0.18723755	0.17297016	-0.21676317	0.12987155	-0.19075114	0.27504635	-0.45843053	0.99999803	-0.4179935	0.14766067	-0.17445771	0.18227112	-0.5474145	0.28260615	-0.1405539	0.12930214	-0.14175797	0.12000293	-0.18467648
-0.1378061	0.08913582	-0.092969015	0.102584615	-0.3953311	0.091973	-0.12294625	0.12425431	-0.11429962	0.11854557	-0.105804235	0.12970811	-0.14665589	0.13749729	-0.12340652	0.14345074	-0.14182314	0.14691941	-0.13829096	0.11598686	-0.13062023	0.1630186	-0.15415552	0.15423559	-0.12826876	0.17405012	-0.2516314	0.20409833	-0.4179935	0.9999982	-0.15331982	0.15689722	-0.18550171	0.30549335	-0.62243897	0.13939285	-0.1384969	0.1423578	-0.13079193	0.19295391
0.08419007	-0.055547167	0.057201978	-0.06351525	0.21077396	-0.06134763	0.07698259	-0.078216314	0.06991833	-0.07067043	0.07114008	-0.090018	0.09720243	-0.08567003	0.07262822	-0.19543758	0.1307868	-0.10387484	0.084375925	-0.07027415	0.20492828	-0.1486491	0.10234871	-0.09292525	0.07307599	-0.5316544	0.1474113	-0.12132316	0.14766067	-0.15331982	0.9999985	-0.3947733	0.24464539	-0.133286	0.12009843	-0.5430276	0.27273852	-0.21669674	0.15796259	-0.21584196
-0.074726634	0.048869748	-0.050572228	0.056023538	-0.1980727	0.052362006	-0.06761894	0.068524525	-0.061898407	0.06325258	-0.060598984	0.075658776	-0.083493695	0.075327	-0.06525858	0.12141249	-0.09884035	0.08664566	-0.074609734	0.062100623	-0.12803313	0.11169167	-0.08814124	0.08315467	-0.06568604	0.20552692	-0.14767529	0.11732705	-0.17445771	0.15689722	-0.3947733	0.9999984	-0.75294715	0.17983752	-0.15685838	0.24094146	-0.31142658	0.23070675	-0.17238674	0.19181734
0.07501229	-0.049442723	0.051404253	-0.05730832	0.19519804	-0.0533416	0.06819361	-0.07017213	0.06309922	-0.06433425	0.061244015	-0.07778401	0.08464382	-0.07760762	0.0660195	-0.12694989	0.099157326	-0.089677036	0.07659213	-0.06446129	0.12080225	-0.11616047	0.09013391	-0.08695468	0.06744643	-0.2079998	0.13898057	-0.12372085	0.18227112	-0.18550171	0.24464539	-0.75294715	0.99999833	-0.27080378	0.17329459	-0.2345388	0.23867816	-0.33775046	0.1922809	-0.24163936
-0.0827968	0.05469859	-0.05771453	0.0643162	-0.20156717	0.05837478	-0.07554599	0.07885334	-0.072450586	0.07211946	-0.06686567	0.08604602	-0.09639655	0.0908211	-0.07503541	0.10879471	-0.103748985	0.10552039	-0.09776425	0.081099115	-0.09942681	0.12356081	-0.11471838	0.120488845	-0.089109376	0.14095518	-0.20270929	0.19232154	-0.5474145	0.30549335	-0.133286	0.17983752	-0.27080378	0.9999981	-0.64507776	0.12102451	-0.1226797	0.13520168	-0.12128712	0.15687355
0.08166391	-0.054166507	0.05707758	-0.06406585	0.20356403	-0.057730597	0.07440095	-0.07835017	0.07094511	-0.07166448	0.06560319	-0.08473122	0.09279732	-0.08898017	0.07356285	-0.1068775	0.09714996	-0.100279756	0.089943066	-0.077479586	0.0944533	-0.117566906	0.10317857	-0.107954435	0.081856176	-0.13694653	0.15970029	-0.16156317	0.28260615	-0.62243897	0.12009843	-0.15685838	0.17329459	-0.64507776	0.999998	-0.11636381	0.11171921	-0.12678973	0.10944689	-0.16717406
-0.08381725	0.054334313	-0.055834606	0.061542798	-0.23602344	0.057713684	-0.07527464	0.07500122	-0.067665264	0.070243135	-0.06720299	0.08197447	-0.09088046	0.0809617	-0.07246542	0.13366368	-0.10704977	0.090907685	-0.07793818	0.06459016	-0.15122415	0.11639018	-0.09095399	0.08374668	-0.06792357	0.23443045	-0.12841232	0.10221335	-0.1405539	0.13939285	-0.5430276	0.24094146	-0.2345388	0.12102451	-0.11636381	0.9999984	-0.65226823	0.24428797	-0.19938548	0.20544532
0.07292049	-0.047760084	0.049350858	-0.0548257	0.20037702	-0.051287614	0.065911636	-0.066945255	0.060049634	-0.06207446	0.059110384	-0.07386195	0.080332115	-0.07278247	0.063631035	-0.12570198	0.09468832	-0.08278055	0.06998077	-0.058622625	0.122990415	-0.10845241	0.0817481	-0.07651064	0.060962673	-0.21410029	0.11436961	-0.096027635	0.12930214	-0.1384969	0.27273852	-0.31142658	0.23867816	-0.1226797	0.11171921	-0.65226823	0.99999845	-0.48427948	0.2362097	-0.28418475
-0.08072384	0.052184053	-0.053888895	0.059538424	-0.24674235	0.05448551	-0.071977295	0.07206368	-0.06520257	0.0690614	-0.06297368	0.07647324	-0.084678	0.07755631	-0.07100258	0.108462594	-0.09036362	0.083420396	-0.07329052	0.06108752	-0.108994484	0.101300344	-0.08321389	0.07884037	-0.06406154	0.16354105	-0.11523791	0.095431894	-0.14175797	0.1423578	-0.21669674	0.23070675	-0.33775046	0.13520168	-0.12678973	0.24428797	-0.48427948	0.9999985	-0.62702495	0.30065104
0.06935236	-0.045064744	0.04665426	-0.05176966	0.21023473	-0.047287185	0.062018234	-0.06270612	0.05651967	-0.059809875	0.05436026	-0.06679634	0.07315946	-0.067632295	0.061234243	-0.09684621	0.07816659	-0.07300412	0.06361055	-0.05335686	0.091708206	-0.08957524	0.07211129	-0.068832494	0.055512942	-0.14408267	0.097395204	-0.08296017	0.12000293	-0.13079193	0.15796259	-0.17238674	0.1922809	-0.12128712	0.10944689	-0.19938548	0.2362097	-0.62702495	0.9999987	-0.6473395
-0.12618884	0.0807579	-0.083413556	0.091947034	-0.43355048	0.08219695	-0.111062266	0.11017915	-0.10016013	0.10947594	-0.09487364	0.112387076	-0.12525101	0.11681157	-0.11231891	0.13590103	-0.120172046	0.11787059	-0.106440775	0.08862162	-0.133204	0.13373105	-0.1165875	0.11139016	-0.09262952	0.1847174	-0.14997846	0.12296009	-0.18467648	0.19295391	-0.21584196	0.19181734	-0.24163936	0.15687355	-0.16717406	0.20544532	-0.28418475	0.30065104	-0.6473395	0.9999987
