1.0000001	-0.15794712	0.13157396	-0.07914367	0.07693474	-0.32734144	0.1487317	-0.145118	0.19514753	-0.19098768	0.2145596	-0.24335898	0.2045736	-0.16009615	0.1519929	-0.58085173	0.23652811	-0.22976172	0.25210714	-0.23032665	0.24953353	-0.2452294	0.23025374	-0.2913245	0.18445326	-0.32231355	0.221937	-0.21596573	0.19088876	-0.25637937	0.11311031	-0.12745182	0.13263455	-0.1930686	0.22994415	-0.100320995	0.09145553	-0.15021865	0.07761145	-0.08676499
-0.15794712	1.0000004	-0.918001	0.123613775	-0.13118362	0.07503198	-0.23215696	0.19305152	-0.10857425	0.076142944	-0.064215824	0.08321332	-0.07618583	0.079051994	-0.06413631	0.10520486	-0.068961	0.068874925	-0.09105277	0.06531518	-0.055545494	0.059995927	-0.05926154	0.07326417	-0.051772103	0.06754649	-0.05415759	0.051792968	-0.047673382	0.06329607	-0.024997821	0.027793068	-0.031255428	0.04632078	-0.060501646	0.0221045	-0.020530742	0.034591332	-0.018596968	0.020501122
0.13157396	-0.918001	1.0000004	-0.14849146	0.1240199	-0.07207482	0.19042067	-0.2379573	0.105467305	-0.0779572	0.060117647	-0.080705404	0.072398365	-0.08042864	0.063193984	-0.106352516	0.06681547	-0.067727074	0.087758675	-0.06593546	0.055292197	-0.05960712	0.058684375	-0.07370691	0.051682863	-0.067862235	0.053664226	-0.051709987	0.047519688	-0.06369685	0.024994701	-0.027844561	0.031214032	-0.046351857	0.059809275	-0.0221544	0.020531217	-0.03465598	0.018573053	-0.020510957
-0.07914367	0.123613775	-0.14849146	1.0000004	-0.94761413	0.039454494	-0.06423579	0.06688925	-0.13687573	0.14484657	-0.03406748	0.0461845	-0.04475999	0.09186705	-0.12623829	0.06858436	-0.047396682	0.048705127	-0.08776183	0.07226362	-0.039675586	0.043929607	-0.047826324	0.06291675	-0.056821458	0.04815711	-0.041541744	0.040733065	-0.04179415	0.057560895	-0.018601948	0.020596834	-0.024975605	0.039325643	-0.057553917	0.016771868	-0.015736436	0.027279798	-0.015807575	0.017239036
0.07693474	-0.13118362	0.1240199	-0.94761413	1.0	-0.039257146	0.06156025	-0.06553921	0.117661335	-0.1795428	0.033626128	-0.04591582	0.043996494	-0.09114033	0.121398754	-0.06953748	0.046868283	-0.04832264	0.08374735	-0.0734767	0.0397908	-0.044010743	0.04763905	-0.063557	0.05615032	-0.048596375	0.04144711	-0.0408586	0.041607425	-0.0580193	0.018680207	-0.020716852	0.025009492	-0.039328795	0.05642843	-0.016862918	0.015787242	-0.027406622	0.015760964	-0.017227026
-0.32734144	0.07503198	-0.07207482	0.039454494	-0.039257146	0.9999999	-0.15568447	0.12445282	-0.12667729	0.08238157	-0.8219773	0.26168266	-0.24581054	0.09884861	-0.07038817	0.19169438	-0.1785756	0.16175358	-0.15748772	0.09642429	-0.11153113	0.123795606	-0.11656053	0.12461781	-0.08049918	0.12460115	-0.10805996	0.09684786	-0.08332501	0.10238256	-0.04650049	0.05102973	-0.056712423	0.07964062	-0.10337455	0.039694127	-0.037297327	0.061749756	-0.032120734	0.035172533
0.1487317	-0.23215696	0.19042067	-0.06423579	0.06156025	-0.15568447	0.9999996	-0.8690698	0.18673605	-0.09499557	0.1270326	-0.20888768	0.1531111	-0.15140368	0.07718757	-0.14050955	0.11761859	-0.12322824	0.13861798	-0.0925625	0.08119386	-0.09341261	0.08908735	-0.10848826	0.07219624	-0.0961438	0.08045669	-0.076453514	0.0679445	-0.089262	0.035708208	-0.039576516	0.044989303	-0.06566403	0.08356384	-0.03127489	0.029152947	-0.04964511	0.026181867	-0.02883576
-0.145118	0.19305152	-0.2379573	0.06688925	-0.06553921	0.12445282	-0.8690698	0.9999995	-0.24953005	0.089716434	-0.11510347	0.16160794	-0.15656689	0.14959835	-0.07499519	0.12697881	-0.11244927	0.11501801	-0.14325765	0.08630111	-0.07531442	0.08613444	-0.08377119	0.10010664	-0.0678012	0.08798659	-0.075340666	0.07083087	-0.063373566	0.08256426	-0.032988314	0.036452673	-0.04172614	0.060847633	-0.07871963	0.028826347	-0.026959365	0.045818087	-0.024316939	0.026716819
0.19514753	-0.10857425	0.105467305	-0.13687573	0.117661335	-0.12667729	0.18673605	-0.24953005	0.99999946	-0.2438719	0.10626837	-0.15927342	0.14898893	-0.73471713	0.19020149	-0.23050556	0.15492804	-0.17576134	0.3023863	-0.20352532	0.13068019	-0.14846645	0.151439	-0.21234933	0.1474786	-0.16252095	0.13274865	-0.13337365	0.12527815	-0.17624359	0.06087145	-0.067960024	0.07976023	-0.1217949	0.15397051	-0.054893102	0.05088503	-0.088875584	0.048110288	-0.05321672
-0.19098768	0.076142944	-0.0779572	0.14484657	-0.1795428	0.08238157	-0.09499557	0.089716434	-0.2438719	0.9999993	-0.07344257	0.09699131	-0.099807784	0.18844502	-0.82102925	0.14953111	-0.113893814	0.11290175	-0.23535232	0.24611126	-0.09471085	0.10565845	-0.12712376	0.16481243	-0.20177256	0.112144575	-0.10596943	0.10345675	-0.118468024	0.16275634	-0.04546554	0.049890533	-0.06468077	0.10676306	-0.17771251	0.041299734	-0.039338857	0.06906377	-0.04334347	0.046553932
0.2145596	-0.064215824	0.060117647	-0.03406748	0.033626128	-0.8219773	0.1270326	-0.11510347	0.10626837	-0.07344257	0.9999993	-0.41049585	0.21640737	-0.08669475	0.06198695	-0.18942545	0.16013029	-0.1591364	0.13326794	-0.08666599	0.10244452	-0.11660441	0.10417446	-0.113775425	0.07188368	-0.11605924	0.096819125	-0.088277474	0.07450389	-0.0921456	0.04236034	-0.046697803	0.05119233	-0.071709424	0.0910011	-0.03608967	0.03375074	-0.056122314	0.028790018	-0.031609792
-0.24335898	0.08321332	-0.080705404	0.0461845	-0.04591582	0.26168266	-0.20888768	0.16160794	-0.15927342	0.09699131	-0.41049585	0.9999993	-0.6631674	0.12935452	-0.08436428	0.20410202	-0.34563744	0.28366387	-0.20992474	0.1147272	-0.14258598	0.1762443	-0.1569381	0.1534049	-0.09716678	0.14961566	-0.14233392	0.1234492	-0.10112077	0.11962715	-0.05623942	0.06125381	-0.069262646	0.09460839	-0.1226276	0.04690285	-0.044448767	0.074470796	-0.037950102	0.041301437
0.2045736	-0.07618583	0.072398365	-0.04475999	0.043996494	-0.24581054	0.1531111	-0.15656689	0.14898893	-0.099807784	0.21640737	-0.6631674	0.99999917	-0.13989586	0.085257776	-0.21403788	0.27665615	-0.5400233	0.20612098	-0.119611695	0.13878621	-0.18036775	0.15789592	-0.16314922	0.09912915	-0.15469068	0.13763094	-0.12729359	0.101659864	-0.12290701	0.056637045	-0.062341947	0.070153676	-0.096412726	0.12059456	-0.047749683	0.04486047	-0.076482736	0.03832251	-0.041917656
-0.16009615	0.079051994	-0.08042864	0.09186705	-0.09114033	0.09884861	-0.15140368	0.14959835	-0.73471713	0.18844502	-0.08669475	0.12935452	-0.13989586	0.99999887	-0.2035133	0.16991408	-0.1362632	0.15845156	-0.5263384	0.16626723	-0.10221287	0.11786898	-0.123499274	0.16509959	-0.12311425	0.122957185	-0.105843335	0.10400294	-0.09885144	0.13505374	-0.04673713	0.05183661	-0.061784532	0.09389325	-0.12428191	0.041717965	-0.038988963	0.067937136	-0.03725319	0.04089373
0.1519929	-0.06413631	0.063193984	-0.12623829	0.121398754	-0.07038817	0.07718757	-0.07499519	0.19020149	-0.82102925	0.06198695	-0.08436428	0.085257776	-0.2035133	0.99999887	-0.13412023	0.09841826	-0.09960935	0.19589937	-0.37866953	0.084295936	-0.09516798	0.114873655	-0.1653076	0.19616559	-0.101626135	0.09419146	-0.09489495	0.10761048	-0.16681607	0.04074736	-0.04494773	0.058440473	-0.097537614	0.14965436	-0.0372163	0.035232246	-0.06299337	0.03868163	-0.041857444
-0.58085173	0.10520486	-0.106352516	0.06858436	-0.06953748	0.19169438	-0.14050955	0.12697881	-0.23050556	0.14953111	-0.18942545	0.20410202	-0.21403788	0.16991408	-0.13412023	0.99999887	-0.30915883	0.22726263	-0.31003186	0.18147059	-0.4398085	0.26677603	-0.24630538	0.23843226	-0.1607343	0.28994343	-0.25088495	0.20293844	-0.18145151	0.20518199	-0.110537015	0.11481595	-0.122898325	0.1680791	-0.24998517	0.087000884	-0.08467816	0.12876615	-0.06975498	0.07489369
0.23652811	-0.068961	0.06681547	-0.047396682	0.046868283	-0.1785756	0.11761859	-0.11244927	0.15492804	-0.113893814	0.16013029	-0.34563744	0.27665615	-0.1362632	0.09841826	-0.30915883	0.99999875	-0.5872693	0.23298976	-0.14574334	0.23063575	-0.48429546	0.23150244	-0.21971752	0.1254773	-0.23905864	0.21881865	-0.19351183	0.13703062	-0.1557241	0.08251892	-0.090603575	0.09860118	-0.12853168	0.1564648	-0.066240676	0.06247534	-0.1069494	0.05066598	-0.05516122
-0.22976172	0.068874925	-0.067727074	0.048705127	-0.04832264	0.16175358	-0.12322824	0.11501801	-0.17576134	0.11290175	-0.1591364	0.28366387	-0.5400233	0.15845156	-0.09960935	0.22726263	-0.5872693	0.99999875	-0.34465322	0.14076537	-0.18074907	0.23947908	-0.23965378	0.19739655	-0.12049853	0.18165046	-0.18595855	0.16198185	-0.1250834	0.14344689	-0.06852654	0.07437212	-0.086220056	0.11475487	-0.14652504	0.05635801	-0.053669162	0.09170661	-0.04566248	0.049497355
0.25210714	-0.09105277	0.087758675	-0.08776183	0.08374735	-0.15748772	0.13861798	-0.14325765	0.3023863	-0.23535232	0.13326794	-0.20992474	0.20612098	-0.5263384	0.19589937	-0.31003186	0.23298976	-0.34465322	0.9999987	-0.30443093	0.18265432	-0.21742311	0.22078851	-0.32707125	0.20838709	-0.22534569	0.18748848	-0.18996544	0.17427857	-0.2425391	0.08408667	-0.09383112	0.110844634	-0.16784373	0.2084278	-0.07529284	0.069898926	-0.123262875	0.065791674	-0.07267429
-0.23032665	0.06531518	-0.06593546	0.07226362	-0.0734767	0.09642429	-0.0925625	0.08630111	-0.20352532	0.24611126	-0.08666599	0.1147272	-0.119611695	0.16626723	-0.37866953	0.18147059	-0.14574334	0.14076537	-0.30443093	0.9999988	-0.12358382	0.14007208	-0.19250754	0.25931433	-0.6783769	0.14415534	-0.14712034	0.14575812	-0.1865406	0.26924193	-0.060367756	0.065920375	-0.09091192	0.1556806	-0.27055496	0.05504859	-0.052928656	0.09514995	-0.06256925	0.06642413
0.24953353	-0.055545494	0.055292197	-0.039675586	0.0397908	-0.11153113	0.08119386	-0.07531442	0.13068019	-0.09471085	0.10244452	-0.14258598	0.13878621	-0.10221287	0.084295936	-0.4398085	0.23063575	-0.18074907	0.18265432	-0.12358382	0.9999987	-0.48570868	0.21861109	-0.19262658	0.11266048	-0.64425004	0.2595989	-0.20072053	0.13638897	-0.14315051	0.12756199	-0.13454674	0.10497475	-0.12566769	0.15779862	-0.08211447	0.07701626	-0.111565426	0.05036429	-0.054213114
-0.2452294	0.059995927	-0.05960712	0.043929607	-0.044010743	0.123795606	-0.09341261	0.08613444	-0.14846645	0.10565845	-0.11660441	0.1762443	-0.18036775	0.11786898	-0.09516798	0.26677603	-0.48429546	0.23947908	-0.21742311	0.14007208	-0.48570868	0.99999887	-0.39124998	0.23262303	-0.13250351	0.29459506	-0.4298992	0.2550178	-0.16122364	0.16025516	-0.10474463	0.110758066	-0.1198938	0.14156504	-0.17435792	0.07593948	-0.07355232	0.12307006	-0.05592157	0.059863247
0.23025374	-0.05926154	0.058684375	-0.047826324	0.04763905	-0.11656053	0.08908735	-0.08377119	0.151439	-0.12712376	0.10417446	-0.1569381	0.15789592	-0.123499274	0.114873655	-0.24630538	0.23150244	-0.23965378	0.22078851	-0.19250754	0.21861109	-0.39124998	0.9999991	-0.5623693	0.19348532	-0.25852898	0.2915548	-0.4923662	0.21742222	-0.21627186	0.099246845	-0.11053422	0.15937135	-0.1915866	0.20956841	-0.08572255	0.081573404	-0.16959983	0.07145334	-0.07694737
-0.2913245	0.07326417	-0.07370691	0.06291675	-0.063557	0.12461781	-0.10848826	0.10010664	-0.21234933	0.16481243	-0.113775425	0.1534049	-0.16314922	0.16509959	-0.1653076	0.23843226	-0.21971752	0.19739655	-0.32707125	0.25931433	-0.19262658	0.23262303	-0.5623693	0.99999905	-0.40365484	0.21108653	-0.25031355	0.2565421	-0.29302716	0.27043858	-0.09004008	0.097364075	-0.14103787	0.21139495	-0.2946886	0.07918006	-0.077218026	0.14126612	-0.08208135	0.08624446
0.18445326	-0.051772103	0.051682863	-0.056821458	0.05615032	-0.08049918	0.07219624	-0.0678012	0.1474786	-0.20177256	0.07188368	-0.09716678	0.09912915	-0.12311425	0.19616559	-0.1607343	0.1254773	-0.12049853	0.20838709	-0.6783769	0.11266048	-0.13250351	0.19348532	-0.40365484	0.9999991	-0.13432722	0.13777046	-0.14798607	0.19355717	-0.4590054	0.05604721	-0.061616406	0.08832013	-0.16000989	0.24256362	-0.051663447	0.04941833	-0.09320914	0.0603231	-0.064615734
-0.32231355	0.06754649	-0.067862235	0.04815711	-0.048596375	0.12460115	-0.0961438	0.08798659	-0.16252095	0.112144575	-0.11605924	0.14961566	-0.15469068	0.122957185	-0.101626135	0.28994343	-0.23905864	0.18165046	-0.22534569	0.14415534	-0.64425004	0.29459506	-0.25852898	0.21108653	-0.13432722	0.99999917	-0.40817893	0.23349504	-0.17134897	0.17006704	-0.2253335	0.18237005	-0.1326922	0.15135314	-0.20259707	0.10875162	-0.10672934	0.13391182	-0.06207348	0.06588967
0.221937	-0.05415759	0.053664226	-0.041541744	0.04144711	-0.10805996	0.08045669	-0.075340666	0.13274865	-0.10596943	0.096819125	-0.14233392	0.13763094	-0.105843335	0.09419146	-0.25088495	0.21881865	-0.18595855	0.18748848	-0.14712034	0.2595989	-0.4298992	0.2915548	-0.25031355	0.13777046	-0.40817893	0.9999991	-0.6135608	0.20405047	-0.18622182	0.14595094	-0.17677073	0.1784528	-0.18826254	0.1897434	-0.10451805	0.10011071	-0.19192414	0.070308276	-0.0758819
-0.21596573	0.051792968	-0.051709987	0.040733065	-0.0408586	0.09684786	-0.076453514	0.07083087	-0.13337365	0.10345675	-0.088277474	0.1234492	-0.12729359	0.10400294	-0.09489495	0.20293844	-0.19351183	0.16198185	-0.18996544	0.14575812	-0.20072053	0.2550178	-0.4923662	0.2565421	-0.14798607	0.23349504	-0.6135608	0.999999	-0.3156847	0.19501218	-0.112432234	0.12199732	-0.2799716	0.21121612	-0.21308152	0.09395495	-0.094186366	0.21011779	-0.07823101	0.08138145
0.19088876	-0.047673382	0.047519688	-0.04179415	0.041607425	-0.08332501	0.0679445	-0.063373566	0.12527815	-0.118468024	0.07450389	-0.10112077	0.101659864	-0.09885144	0.10761048	-0.18145151	0.13703062	-0.1250834	0.17427857	-0.1865406	0.13638897	-0.16122364	0.21742222	-0.29302716	0.19355717	-0.17134897	0.20405047	-0.3156847	0.99999905	-0.4352979	0.079533145	-0.08882846	0.17559582	-0.6771512	0.31305873	-0.07996113	0.07675215	-0.18168664	0.13945444	-0.15224262
-0.25637937	0.06329607	-0.06369685	0.057560895	-0.0580193	0.10238256	-0.089262	0.08256426	-0.17624359	0.16275634	-0.0921456	0.11962715	-0.12290701	0.13505374	-0.16681607	0.20518199	-0.1557241	0.14344689	-0.2425391	0.26924193	-0.14315051	0.16025516	-0.21627186	0.27043858	-0.4590054	0.17006704	-0.18622182	0.19501218	-0.4352979	0.99999917	-0.07559416	0.082624555	-0.13117655	0.27774394	-0.5676182	0.07192331	-0.06962204	0.13415632	-0.106826946	0.111186
0.11311031	-0.024997821	0.024994701	-0.018601948	0.018680207	-0.04650049	0.035708208	-0.032988314	0.06087145	-0.04546554	0.04236034	-0.05623942	0.056637045	-0.04673713	0.04074736	-0.110537015	0.08251892	-0.06852654	0.08408667	-0.060367756	0.12756199	-0.10474463	0.099246845	-0.09004008	0.05604721	-0.2253335	0.14595094	-0.112432234	0.079533145	-0.07559416	0.9999992	-0.8837796	0.114088245	-0.07772677	0.089341536	-0.2812174	0.21168676	-0.119609915	0.033864446	-0.035595383
-0.12745182	0.027793068	-0.027844561	0.020596834	-0.020716852	0.05102973	-0.039576516	0.036452673	-0.067960024	0.049890533	-0.046697803	0.06125381	-0.062341947	0.05183661	-0.04494773	0.11481595	-0.090603575	0.07437212	-0.09383112	0.065920375	-0.13454674	0.110758066	-0.11053422	0.097364075	-0.061616406	0.18237005	-0.17677073	0.12199732	-0.08882846	0.082624555	-0.8837796	0.99999934	-0.13898356	0.08506518	-0.10038341	0.216873	-0.26339185	0.12827082	-0.037270132	0.038792964
0.13263455	-0.031255428	0.031214032	-0.024975605	0.025009492	-0.056712423	0.044989303	-0.04172614	0.07976023	-0.06468077	0.05119233	-0.069262646	0.070153676	-0.061784532	0.058440473	-0.122898325	0.09860118	-0.086220056	0.110844634	-0.09091192	0.10497475	-0.1198938	0.15937135	-0.14103787	0.08832013	-0.1326922	0.1784528	-0.2799716	0.17559582	-0.13117655	0.114088245	-0.13898356	0.9999994	-0.22978106	0.16701241	-0.15848254	0.15389973	-0.861235	0.09595665	-0.09682897
-0.1930686	0.04632078	-0.046351857	0.039325643	-0.039328795	0.07964062	-0.06566403	0.060847633	-0.1217949	0.10676306	-0.071709424	0.09460839	-0.096412726	0.09389325	-0.097537614	0.1680791	-0.12853168	0.11475487	-0.16784373	0.1556806	-0.12566769	0.14156504	-0.1915866	0.21139495	-0.16000989	0.15135314	-0.18826254	0.21121612	-0.6771512	0.27774394	-0.07772677	0.08506518	-0.22978106	0.99999917	-0.5023627	0.08024418	-0.07994859	0.18692699	-0.23049837	0.18581617
0.22994415	-0.060501646	0.059809275	-0.057553917	0.05642843	-0.10337455	0.08356384	-0.07871963	0.15397051	-0.17771251	0.0910011	-0.1226276	0.12059456	-0.12428191	0.14965436	-0.24998517	0.1564648	-0.14652504	0.2084278	-0.27055496	0.15779862	-0.17435792	0.20956841	-0.2946886	0.24256362	-0.20259707	0.1897434	-0.21308152	0.31305873	-0.5676182	0.089341536	-0.10038341	0.16701241	-0.5023627	0.99999934	-0.093617365	0.08708541	-0.18825342	0.16212805	-0.19936116
-0.100320995	0.0221045	-0.0221544	0.016771868	-0.016862918	0.039694127	-0.03127489	0.028826347	-0.054893102	0.041299734	-0.03608967	0.04690285	-0.047749683	0.041717965	-0.0372163	0.087000884	-0.066240676	0.05635801	-0.07529284	0.05504859	-0.08211447	0.07593948	-0.08572255	0.07918006	-0.051663447	0.10875162	-0.10451805	0.09395495	-0.07996113	0.07192331	-0.2812174	0.216873	-0.15848254	0.08024418	-0.093617365	0.99999934	-0.8995746	0.1618367	-0.03852223	0.039061822
0.09145553	-0.020530742	0.020531217	-0.015736436	0.015787242	-0.037297327	0.029152947	-0.026959365	0.05088503	-0.039338857	0.03375074	-0.044448767	0.04486047	-0.038988963	0.035232246	-0.08467816	0.06247534	-0.053669162	0.069898926	-0.052928656	0.07701626	-0.07355232	0.081573404	-0.077218026	0.04941833	-0.10672934	0.10011071	-0.094186366	0.07675215	-0.06962204	0.21168676	-0.26339185	0.15389973	-0.07994859	0.08708541	-0.8995746	0.99999917	-0.2116468	0.038870808	-0.039996058
-0.15021865	0.034591332	-0.03465598	0.027279798	-0.027406622	0.061749756	-0.04964511	0.045818087	-0.088875584	0.06906377	-0.056122314	0.074470796	-0.076482736	0.067937136	-0.06299337	0.12876615	-0.1069494	0.09170661	-0.123262875	0.09514995	-0.111565426	0.12307006	-0.16959983	0.14126612	-0.09320914	0.13391182	-0.19192414	0.21011779	-0.18168664	0.13415632	-0.119609915	0.12827082	-0.861235	0.18692699	-0.18825342	0.1618367	-0.2116468	0.99999934	-0.11059352	0.09984716
0.07761145	-0.018596968	0.018573053	-0.015807575	0.015760964	-0.032120734	0.026181867	-0.024316939	0.048110288	-0.04334347	0.028790018	-0.037950102	0.03832251	-0.03725319	0.03868163	-0.06975498	0.05066598	-0.04566248	0.065791674	-0.06256925	0.05036429	-0.05592157	0.07145334	-0.08208135	0.0603231	-0.06207348	0.070308276	-0.07823101	0.13945444	-0.106826946	0.033864446	-0.037270132	0.09595665	-0.23049837	0.16212805	-0.03852223	0.038870808	-0.11059352	0.9999993	-0.9418178
-0.08676499	0.020501122	-0.020510957	0.017239036	-0.017227026	0.035172533	-0.02883576	0.026716819	-0.05321672	0.046553932	-0.031609792	0.041301437	-0.041917656	0.04089373	-0.041857444	0.07489369	-0.05516122	0.049497355	-0.07267429	0.06642413	-0.054213114	0.059863247	-0.07694737	0.08624446	-0.064615734	0.06588967	-0.0758819	0.08138145	-0.15224262	0.111186	-0.035595383	0.038792964	-0.09682897	0.18581617	-0.19936116	0.039061822	-0.039996058	0.09984716	-0.9418178	0.9999993
