0.959638923406601
1.0414491221308708
1.0555732902139425
0.5552687216550112
0.10472850687801838
0.1271845828741789
1.6381336599588394
0.3099840544164181
1.700754115357995
0.9326013810932636
0.7690199892967939
0.852597726508975
1.705767434090376
1.0209836419671774
1.199303762987256
0.992405615746975
0.20019687712192535
1.336280608549714
1.2604015246033669
1.6177725847810507
1.9350960794836283
1.6872110292315483
1.9782966207712889
1.9178957976400852
0.9616188332438469
1.7954291440546513
1.0547863189131021
1.2846947312355042
0.8475907165557146
1.0818775705993176
0.9023594204336405
0.35011669062078
1.1276026424020529
0.6236869003623724
0.6974550951272249
0.4631272740662098
0.12750693783164024
1.1056811697781086
0.8193095084279776
0.14589150436222553
1.574996480718255
0.19468162581324577
0.3963228762149811
1.0823833923786879
0.19616374373435974
1.5146383214741945
0.7578159235417843
0.4189974181354046
1.0902562383562326
0.4052988290786743
0.6761834248900414
0.6448601968586445
0.7551893871277571
0.10828326642513275
1.6737082470208406
0.8950951937586069
0.11297951638698578
0.49056201800704
1.3184387106448412
0.6781954541802406
1.984306339174509
1.7704493943601847
0.030075740069150925
0.25812071934342384
1.7390635274350643
0.8960027359426022
0.37337430380284786
