1.0372241493314505
1.4121335316449404
1.9162876140326262
1.0568679124116898
1.8746215235441923
0.9617967549711466
1.7844073474407196
1.7854600176215172
0.23130691051483154
1.8072532080113888
1.4903974626213312
0.19985996186733246
0.35723191127181053
1.9853310845792294
0.9740558061748743
0.45075310207903385
1.25750389136374
1.2888528890907764
0.5158779453486204
0.4910866301506758
1.2244107108563185
1.7946683261543512
1.7126363832503557
0.5729942992329597
0.5853666104376316
1.4081234447658062
0.9723731242120266
0.6801877915859222
1.3954585175961256
0.6715224720537663
1.4567787274718285
1.9504109490662813
1.2356519866734743
1.0345354489982128
0.21518407948315144
0.22849735245108604
1.5402436647564173
1.3438666127622128
1.5637348666787148
0.8058786951005459
1.062702028080821
1.1647348757833242
1.9828752037137747
1.8824345711618662
1.535354258492589
0.7566612176597118
1.7453846838325262
1.6275083143264055
1.3392222709953785
0.8178713489323854
0.38264449313282967
1.5980697646737099
1.1937018651515245
1.4629490822553635
1.950126001611352
1.2009794525802135
1.7242259848862886
1.4073617048561573
1.9869477171450853
1.772425089031458
1.167286081239581
1.2293714080005884
0.05171760730445385
0.5806032121181488
1.2131819538772106
0.5002593081444502
0.8996721506118774
