1.0	-0.7536403	0.08761232	-0.07758654	0.1047171	-0.5616889	0.13748765	-0.082051426	0.08445575	-0.04675695	0.16529034	-0.100336455	0.10682117	-0.0798839	0.050829224	-0.11366253	0.17804231	-0.0705815	0.06075303	-0.047969885	0.07593061	-0.06259648	0.06067633	-0.0515725	0.042562887	-0.053011965	0.0642703	-0.05358832	0.041428935	-0.06962881	0.050691586	-0.041884504	0.06248952	-0.046072457	0.045239825	-0.06713089	0.04706405	-0.03907791	0.03109518	-0.07873571
-0.7536403	0.9999998	-0.14574866	0.121813275	-0.17287543	0.31922638	-0.21343899	0.12383869	-0.13603829	0.07478147	-0.2321401	0.14235188	-0.17115845	0.123447455	-0.08213983	0.15199019	-0.28873867	0.111022085	-0.096668065	0.074538104	-0.12376081	0.10017587	-0.096890874	0.08116446	-0.06664292	0.08351965	-0.10313126	0.085104115	-0.064879246	0.10601165	-0.081106395	0.06658109	-0.099924855	0.07170318	-0.069206096	0.10460724	-0.074938565	0.059589587	-0.047591124	0.119192936
0.08761232	-0.14574866	0.9999999	-0.3350101	0.20143703	-0.1303948	0.16244636	-0.8569419	0.22447646	-0.09277199	0.0795326	-0.13428795	0.15900673	-0.1674952	0.090394005	-0.060483355	0.10312958	-0.0724495	0.075461045	-0.07514572	0.05274169	-0.04477386	0.06088987	-0.065546654	0.06369983	-0.05364823	0.061729137	-0.054143086	0.052616198	-0.10594482	0.04976413	-0.043295164	0.064452745	-0.059889294	0.06728657	-0.075689405	0.049093258	-0.056707546	0.044526577	-0.1199283
-0.07758654	0.121813275	-0.3350101	0.9999998	-0.6082625	0.13211498	-0.16798998	0.2433056	-0.54866374	0.17548127	-0.08847453	0.13749523	-0.23881513	0.2485789	-0.17339452	0.068174556	-0.12066163	0.09428519	-0.10594169	0.10960619	-0.06427646	0.054671146	-0.08030532	0.089687765	-0.09420871	0.06753966	-0.07939372	0.06982634	-0.06995888	0.13892455	-0.06304429	0.055332746	-0.082993865	0.07886234	-0.08874243	0.09550955	-0.062660865	0.07276874	-0.057427194	0.1538345
0.1047171	-0.17287543	0.20143703	-0.6082625	0.99999964	-0.19279243	0.16330722	-0.2149252	0.28120387	-0.32646245	0.116889104	-0.14373091	0.20894383	-0.25030422	0.22846848	-0.09274624	0.16192259	-0.12929106	0.14254975	-0.1842381	0.08928151	-0.07651126	0.1099783	-0.12902988	0.14768162	-0.10538694	0.11580604	-0.10269566	0.11002122	-0.2509278	0.09662816	-0.08500338	0.12598379	-0.12652415	0.15659474	-0.15525721	0.0972883	-0.13053909	0.101799555	-0.28299806
-0.5616889	0.31922638	-0.1303948	0.13211498	-0.19279243	0.9999995	-0.2582652	0.12044515	-0.15070954	0.08466871	-0.39938146	0.17034741	-0.1978598	0.14079718	-0.09314363	0.22532633	-0.3759747	0.13563168	-0.11460426	0.087262094	-0.15432033	0.12608819	-0.117550805	0.09660382	-0.07801264	0.100621	-0.12434337	0.1028347	-0.0771706	0.12542352	-0.096891366	0.07974041	-0.119218595	0.08535833	-0.08183223	0.12547141	-0.089345574	0.070735894	-0.056466397	0.14127024
0.13748765	-0.21343899	0.16244636	-0.16798998	0.16330722	-0.2582652	0.9999996	-0.21349652	0.17393622	-0.08826824	0.14269182	-0.78191566	0.27904904	-0.23780316	0.09012671	-0.107582584	0.15600444	-0.10649111	0.09907219	-0.088434055	0.07593671	-0.065255135	0.08577156	-0.086878754	0.07539394	-0.07273038	0.0844193	-0.07456025	0.06821107	-0.13105105	0.06692228	-0.058150902	0.08614668	-0.077855006	0.08335195	-0.100753926	0.06537931	-0.07143904	0.056119714	-0.14941347
-0.082051426	0.12383869	-0.8569419	0.2433056	-0.2149252	0.12044515	-0.21349652	0.9999995	-0.28872764	0.09446944	-0.07990866	0.14631142	-0.1894553	0.17457429	-0.09562249	0.059925098	-0.10387838	0.07261204	-0.07615991	0.07187184	-0.052698888	0.044576388	-0.061323587	0.06469944	-0.061962016	0.051532738	-0.06087328	0.05315979	-0.050583575	0.09721611	-0.04820133	0.041906785	-0.062722124	0.057089582	-0.062199675	0.07163862	-0.047362577	0.05198088	-0.041013155	0.10895421
0.08445575	-0.13603829	0.22447646	-0.54866374	0.28120387	-0.15070954	0.17393622	-0.28872764	0.999999	-0.19545567	0.09478023	-0.16828582	0.26748562	-0.5762903	0.16635595	-0.0744651	0.12728214	-0.10872666	0.12324764	-0.12078987	0.06877064	-0.059141714	0.089765176	-0.1066413	0.100856744	-0.075166315	0.08713233	-0.07801759	0.07956163	-0.15835947	0.06924959	-0.06126235	0.09131981	-0.090819374	0.10022497	-0.10738965	0.06910905	-0.083368555	0.06557816	-0.17647207
-0.04675695	0.07478147	-0.09277199	0.17548127	-0.32646245	0.08466871	-0.08826824	0.09446944	-0.19545567	0.999999	-0.058431353	0.07565795	-0.12707824	0.15051368	-0.8660103	0.045821834	-0.083835185	0.070696235	-0.09424494	0.17229378	-0.04682735	0.03991564	-0.06266003	0.081870355	-0.15555009	0.05096009	-0.061448988	0.054385096	-0.060978726	0.12564555	-0.048255228	0.042800874	-0.06516668	0.06627741	-0.08299063	0.0717272	-0.048477445	0.057499036	-0.046471145	0.12267741
0.16529034	-0.2321401	0.0795326	-0.08847453	0.116889104	-0.39938146	0.14269182	-0.07990866	0.09478023	-0.058431353	0.9999988	-0.13931239	0.12451302	-0.09769828	0.06231802	-0.75677663	0.30081788	-0.120929986	0.08862618	-0.073607594	0.11647737	-0.11233864	0.0943156	-0.07944799	0.06406874	-0.08872487	0.09802791	-0.08611941	0.065318346	-0.11720341	0.07789818	-0.06575512	0.09451028	-0.07431552	0.07519232	-0.113777384	0.07267022	-0.06634152	0.052187145	-0.13543941
-0.100336455	0.14235188	-0.13428795	0.13749523	-0.14373091	0.17034741	-0.78191566	0.14631142	-0.16828582	0.07565795	-0.13931239	0.99999887	-0.4689071	0.21263605	-0.07936615	0.09587016	-0.13843828	0.094273485	-0.08585837	0.07109757	-0.06542402	0.056177773	-0.07647048	0.073072635	-0.06148316	0.059047278	-0.07137566	0.06275494	-0.05559781	0.10111114	-0.054736014	0.0477331	-0.071187824	0.062760025	-0.06472768	0.08038742	-0.053300977	0.05510835	-0.043517295	0.11406732
0.10682117	-0.17115845	0.15900673	-0.23881513	0.20894383	-0.1978598	0.27904904	-0.1894553	0.26748562	-0.12707824	0.12451302	-0.4689071	0.9999988	-0.61354226	0.12788782	-0.09887418	0.15718295	-0.16780056	0.14234632	-0.11894932	0.084128276	-0.073404245	0.12231388	-0.12417586	0.1007419	-0.08851595	0.106845036	-0.0973111	0.090380564	-0.16878016	0.08103444	-0.07243582	0.10790211	-0.103169434	0.10708604	-0.124420956	0.08053532	-0.09108906	0.07169157	-0.19015154
-0.0798839	0.123447455	-0.1674952	0.2485789	-0.25030422	0.14079718	-0.23780316	0.17457429	-0.5762903	0.15051368	-0.09769828	0.21263605	-0.61354226	0.9999986	-0.17084147	0.075337484	-0.13012113	0.12193301	-0.15987687	0.10834726	-0.069864206	0.060114443	-0.101139516	0.11884434	-0.0946891	0.07063295	-0.088444896	0.07933361	-0.07859921	0.13322161	-0.06583685	0.0589545	-0.08903285	0.08783175	-0.0857815	0.09793963	-0.06549243	0.070663385	-0.05629045	0.1453278
0.050829224	-0.08213983	0.090394005	-0.17339452	0.22846848	-0.09314363	0.09012671	-0.09562249	0.16635595	-0.8660103	0.06231802	-0.07936615	0.12788782	-0.17084147	0.9999986	-0.049224693	0.089164935	-0.07679922	0.09990012	-0.25030008	0.05012904	-0.042907216	0.0674341	-0.09051966	0.16564518	-0.056053866	0.06648667	-0.059334543	0.06778451	-0.14930953	0.052623663	-0.046848677	0.07096302	-0.07468106	0.09422695	-0.07974083	0.053014066	-0.06675238	0.053566728	-0.14432776
-0.11366253	0.15199019	-0.060483355	0.068174556	-0.09274624	0.22532633	-0.107582584	0.059925098	-0.0744651	0.045821834	-0.75677663	0.09587016	-0.09887418	0.075337484	-0.049224693	0.99999887	-0.5307296	0.11247948	-0.07671116	0.05784544	-0.13612264	0.12445737	-0.090304196	0.06766905	-0.05097612	0.07465747	-0.09013092	0.07722209	-0.05405304	0.08980075	-0.06630245	0.05630971	-0.08120098	0.060696296	-0.05797185	0.09236931	-0.061077017	0.05118778	-0.040516082	0.10277222
0.17804231	-0.28873867	0.10312958	-0.12066163	0.16192259	-0.3759747	0.15600444	-0.10387838	0.12728214	-0.083835185	0.30081788	-0.13843828	0.15718295	-0.13012113	0.089164935	-0.5307296	0.9999987	-0.2579485	0.14700362	-0.11572961	0.22339308	-0.2904198	0.1763605	-0.13478337	0.10094352	-0.15250686	0.17257951	-0.1559741	0.10808171	-0.18636206	0.12970296	-0.11160001	0.1576783	-0.12307067	0.11955982	-0.19059104	0.120225325	-0.10632139	0.08369512	-0.21508402
-0.0705815	0.111022085	-0.0724495	0.09428519	-0.12929106	0.13563168	-0.10649111	0.07261204	-0.10872666	0.070696235	-0.120929986	0.094273485	-0.16780056	0.12193301	-0.07679922	0.11247948	-0.2579485	0.99999887	-0.31624535	0.10948501	-0.1609621	0.14819363	-0.75627893	0.23900086	-0.10628147	0.13282473	-0.27691194	0.25325423	-0.14294359	0.13778722	-0.12604097	0.13093111	-0.21238413	0.1444721	-0.09273393	0.16566648	-0.12952298	0.08081029	-0.06709796	0.14306396
0.06075303	-0.096668065	0.075461045	-0.10594169	0.14254975	-0.11460426	0.09907219	-0.07615991	0.12324764	-0.09424494	0.08862618	-0.08585837	0.14234632	-0.15987687	0.09990012	-0.07671116	0.14700362	-0.31624535	0.9999989	-0.20339185	0.09703886	-0.089300096	0.24106891	-0.7781286	0.18515372	-0.10628555	0.15610868	-0.16398773	0.22624552	-0.1924144	0.09733308	-0.0978354	0.15045695	-0.26396477	0.12551723	-0.14404984	0.10042709	-0.10267911	0.086663716	-0.17662445
-0.047969885	0.074538104	-0.07514572	0.10960619	-0.1842381	0.087262094	-0.088434055	0.07187184	-0.12078987	0.17229378	-0.073607594	0.07109757	-0.11894932	0.10834726	-0.25030008	0.05784544	-0.11572961	0.10948501	-0.20339185	0.999999	-0.06839986	0.058113758	-0.10756355	0.17952606	-0.8416058	0.07002714	-0.095696524	0.08524132	-0.113730535	0.2215426	-0.06946843	0.06296216	-0.099904135	0.11072436	-0.16165255	0.09323773	-0.07039765	0.073335834	-0.064279795	0.15419783
0.07593061	-0.12376081	0.05274169	-0.06427646	0.08928151	-0.15432033	0.07593671	-0.052698888	0.06877064	-0.04682735	0.11647737	-0.06542402	0.084128276	-0.069864206	0.05012904	-0.13612264	0.22339308	-0.1609621	0.09703886	-0.06839986	0.9999989	-0.8843196	0.13919754	-0.093681335	0.060926672	-0.15532163	0.18155028	-0.15529686	0.075331084	-0.10653795	0.11811921	-0.09934227	0.12788314	-0.08504511	0.069381125	-0.14737348	0.096580006	-0.06314044	0.050386354	-0.12046675
-0.06259648	0.10017587	-0.04477386	0.054671146	-0.07651126	0.12608819	-0.065255135	0.044576388	-0.059141714	0.03991564	-0.11233864	0.056177773	-0.073404245	0.060114443	-0.042907216	0.12445737	-0.2904198	0.14819363	-0.089300096	0.058113758	-0.8843196	0.9999989	-0.1490731	0.084802	-0.052472368	0.12377638	-0.21648683	0.14716418	-0.06745259	0.0883434	-0.10474501	0.09112458	-0.119542725	0.07447423	-0.057962056	0.12504919	-0.08781834	0.052819878	-0.042453643	0.09893788
0.06067633	-0.096890874	0.06088987	-0.08030532	0.1099783	-0.117550805	0.08577156	-0.061323587	0.089765176	-0.06266003	0.0943156	-0.07647048	0.12231388	-0.101139516	0.0674341	-0.090304196	0.1763605	-0.75627893	0.24106891	-0.10756355	0.13919754	-0.1490731	0.9999989	-0.31299207	0.10293835	-0.12555629	0.24261703	-0.38966733	0.14356594	-0.13286008	0.11224087	-0.123610005	0.18959278	-0.15043132	0.08807516	-0.15883967	0.11566358	-0.0773264	0.06394427	-0.13556515
-0.0515725	0.08116446	-0.065546654	0.089687765	-0.12902988	0.09660382	-0.086878754	0.06469944	-0.1066413	0.081870355	-0.07944799	0.073072635	-0.12417586	0.11884434	-0.09051966	0.06766905	-0.13478337	0.23900086	-0.7781286	0.17952606	-0.093681335	0.084802	-0.31299207	0.99999887	-0.22896145	0.094634056	-0.15789655	0.15954596	-0.3142749	0.1654603	-0.08938834	0.09114755	-0.14654005	0.22860724	-0.11280219	0.12499838	-0.09319587	0.085318945	-0.0745029	0.14430833
0.042562887	-0.06664292	0.06369983	-0.09420871	0.14768162	-0.07801264	0.07539394	-0.061962016	0.100856744	-0.15555009	0.06406874	-0.06148316	0.1007419	-0.0946891	0.16564518	-0.05097612	0.10094352	-0.10628147	0.18515372	-0.8416058	0.060926672	-0.052472368	0.10293835	-0.22896145	0.99999887	-0.06426387	0.08784582	-0.081313945	0.11693006	-0.31931075	0.062768176	-0.05804516	0.09154819	-0.11728742	0.1628074	-0.08639455	0.06398197	-0.07558458	0.06539313	-0.1668406
-0.053011965	0.08351965	-0.05364823	0.06753966	-0.10538694	0.100621	-0.07273038	0.051532738	-0.075166315	0.05096009	-0.08872487	0.059047278	-0.08851595	0.07063295	-0.056053866	0.07465747	-0.15250686	0.13282473	-0.10628555	0.07002714	-0.15532163	0.12377638	-0.12555629	0.094634056	-0.06426387	0.99999905	-0.2694854	0.17751247	-0.09066833	0.10729039	-0.8376926	0.22073244	-0.27062625	0.09892974	-0.07279601	0.24730025	-0.22650814	0.07098511	-0.058259733	0.12068737
0.0642703	-0.10313126	0.061729137	-0.07939372	0.11580604	-0.12434337	0.0844193	-0.06087328	0.08713233	-0.061448988	0.09802791	-0.07137566	0.106845036	-0.088444896	0.06648667	-0.09013092	0.17257951	-0.27691194	0.15610868	-0.095696524	0.18155028	-0.21648683	0.24261703	-0.15789655	0.08784582	-0.2694854	0.99999917	-0.69641846	0.14442743	-0.14371592	0.20359132	-0.30483225	0.29639804	-0.16110307	0.09615572	-0.30255836	0.21157584	-0.09266196	0.07550067	-0.15615681
-0.05358832	0.085104115	-0.054143086	0.06982634	-0.10269566	0.1028347	-0.07456025	0.05315979	-0.07801759	0.054385096	-0.08611941	0.06275494	-0.0973111	0.07933361	-0.059334543	0.07722209	-0.1559741	0.25325423	-0.16398773	0.08524132	-0.15529686	0.14716418	-0.38966733	0.15954596	-0.081313945	0.17751247	-0.69641846	0.9999992	-0.17088808	0.12304352	-0.16446005	0.21791235	-0.41946834	0.15863998	-0.084348075	0.22164333	-0.18403657	0.08153058	-0.068213515	0.1297355
0.041428935	-0.064879246	0.052616198	-0.06995888	0.11002122	-0.0771706	0.06821107	-0.050583575	0.07956163	-0.060978726	0.065318346	-0.05559781	0.090380564	-0.07859921	0.06778451	-0.05405304	0.10808171	-0.14294359	0.22624552	-0.113730535	0.075331084	-0.06745259	0.14356594	-0.3142749	0.11693006	-0.09066833	0.14442743	-0.17088808	0.99999917	-0.21336436	0.085121766	-0.095214106	0.15599875	-0.85085493	0.14073993	-0.12476628	0.0922781	-0.12544455	0.11552705	-0.15814522
-0.06962881	0.10601165	-0.10594482	0.13892455	-0.2509278	0.12542352	-0.13105105	0.09721611	-0.15835947	0.12564555	-0.11720341	0.10111114	-0.16878016	0.13322161	-0.14930953	0.08980075	-0.18636206	0.13778722	-0.1924144	0.2215426	-0.10653795	0.0883434	-0.13286008	0.1654603	-0.31931075	0.10729039	-0.14371592	0.12304352	-0.21336436	0.99999905	-0.110880174	0.09816966	-0.15957111	0.1834565	-0.6652224	0.14024346	-0.11255655	0.12941541	-0.1251002	0.306995
0.050691586	-0.081106395	0.04976413	-0.06304429	0.09662816	-0.096891366	0.06692228	-0.04820133	0.06924959	-0.048255228	0.07789818	-0.054736014	0.08103444	-0.06583685	0.052623663	-0.06630245	0.12970296	-0.12604097	0.09733308	-0.06946843	0.11811921	-0.10474501	0.11224087	-0.08938834	0.062768176	-0.8376926	0.20359132	-0.16446005	0.085121766	-0.110880174	0.9999988	-0.27947864	0.22971451	-0.096287794	0.074150704	-0.33195984	0.21796475	-0.072468795	0.058410812	-0.12668437
-0.041884504	0.06658109	-0.043295164	0.055332746	-0.08500338	0.07974041	-0.058150902	0.041906785	-0.06126235	0.042800874	-0.06575512	0.0477331	-0.07243582	0.0589545	-0.046848677	0.05630971	-0.11160001	0.13093111	-0.0978354	0.06296216	-0.09934227	0.09112458	-0.123610005	0.09114755	-0.05804516	0.22073244	-0.30483225	0.21791235	-0.095214106	0.09816966	-0.27947864	0.9999987	-0.5519664	0.10685315	-0.0675919	0.31882626	-0.6472965	0.07402904	-0.060939502	0.11034188
0.06248952	-0.099924855	0.064452745	-0.082993865	0.12598379	-0.119218595	0.08614668	-0.062722124	0.09131981	-0.06516668	0.09451028	-0.071187824	0.10790211	-0.08903285	0.07096302	-0.08120098	0.1576783	-0.21238413	0.15045695	-0.099904135	0.12788314	-0.119542725	0.18959278	-0.14654005	0.09154819	-0.27062625	0.29639804	-0.41946834	0.15599875	-0.15957111	0.22971451	-0.5519664	0.9999987	-0.19593783	0.109183975	-0.45602712	0.29838878	-0.12626651	0.09915881	-0.18008648
-0.046072457	0.07170318	-0.059889294	0.07886234	-0.12652415	0.08535833	-0.077855006	0.057089582	-0.090819374	0.06627741	-0.07431552	0.062760025	-0.103169434	0.08783175	-0.07468106	0.060696296	-0.12307067	0.1444721	-0.26396477	0.11072436	-0.08504511	0.07447423	-0.15043132	0.22860724	-0.11728742	0.09892974	-0.16110307	0.15863998	-0.85085493	0.1834565	-0.096287794	0.10685315	-0.19593783	0.99999875	-0.15616421	0.13460772	-0.10639724	0.13431512	-0.14757448	0.16178754
0.045239825	-0.069206096	0.06728657	-0.08874243	0.15659474	-0.08183223	0.08335195	-0.062199675	0.10022497	-0.08299063	0.07519232	-0.06472768	0.10708604	-0.0857815	0.09422695	-0.05797185	0.11955982	-0.09273393	0.12551723	-0.16165255	0.069381125	-0.057962056	0.08807516	-0.11280219	0.1628074	-0.07279601	0.09615572	-0.084348075	0.14073993	-0.6652224	0.074150704	-0.0675919	0.109183975	-0.15616421	0.9999984	-0.09695267	0.07644493	-0.1566649	0.14376754	-0.6166425
-0.06713089	0.10460724	-0.075689405	0.09550955	-0.15525721	0.12547141	-0.100753926	0.07163862	-0.10738965	0.0717272	-0.113777384	0.08038742	-0.124420956	0.09793963	-0.07974083	0.09236931	-0.19059104	0.16566648	-0.14404984	0.09323773	-0.14737348	0.12504919	-0.15883967	0.12499838	-0.08639455	0.24730025	-0.30255836	0.22164333	-0.12476628	0.14024346	-0.33195984	0.31882626	-0.45602712	0.13460772	-0.09695267	0.9999987	-0.6211997	0.0986629	-0.08235595	0.15734419
0.04706405	-0.074938565	0.049093258	-0.062660865	0.0972883	-0.089345574	0.06537931	-0.047362577	0.06910905	-0.048477445	0.07267022	-0.053300977	0.08053532	-0.06549243	0.053014066	-0.061077017	0.120225325	-0.12952298	0.10042709	-0.07039765	0.096580006	-0.08781834	0.11566358	-0.09319587	0.06398197	-0.22650814	0.21157584	-0.18403657	0.0922781	-0.11255655	0.21796475	-0.6472965	0.29838878	-0.10639724	0.07644493	-0.6211997	0.99999887	-0.08349168	0.06656793	-0.12917395
-0.03907791	0.059589587	-0.056707546	0.07276874	-0.13053909	0.070735894	-0.07143904	0.05198088	-0.083368555	0.057499036	-0.06634152	0.05510835	-0.09108906	0.070663385	-0.06675238	0.05118778	-0.10632139	0.08081029	-0.10267911	0.073335834	-0.06314044	0.052819878	-0.0773264	0.085318945	-0.07558458	0.07098511	-0.09266196	0.08153058	-0.12544455	0.12941541	-0.072468795	0.07402904	-0.12626651	0.13431512	-0.1566649	0.0986629	-0.08349168	0.999999	-0.9061701	0.22277997
0.03109518	-0.047591124	0.044526577	-0.057427194	0.101799555	-0.056466397	0.056119714	-0.041013155	0.06557816	-0.046471145	0.052187145	-0.043517295	0.07169157	-0.05629045	0.053566728	-0.040516082	0.08369512	-0.06709796	0.086663716	-0.064279795	0.050386354	-0.042453643	0.06394427	-0.0745029	0.06539313	-0.058259733	0.07550067	-0.068213515	0.11552705	-0.1251002	0.058410812	-0.060939502	0.09915881	-0.14757448	0.14376754	-0.08235595	0.06656793	-0.9061701	0.9999989	-0.29933828
-0.07873571	0.119192936	-0.1199283	0.1538345	-0.28299806	0.14127024	-0.14941347	0.10895421	-0.17647207	0.12267741	-0.13543941	0.11406732	-0.19015154	0.1453278	-0.14432776	0.10277222	-0.21508402	0.14306396	-0.17662445	0.15419783	-0.12046675	0.09893788	-0.13556515	0.14430833	-0.1668406	0.12068737	-0.15615681	0.1297355	-0.15814522	0.306995	-0.12668437	0.11034188	-0.18008648	0.16178754	-0.6166425	0.15734419	-0.12917395	0.22277997	-0.29933828	0.9999989
