1.0	-0.20533189	0.06984117	-0.05421596	0.089689314	-0.90263504	0.15316719	-0.07997448	0.074281946	-0.041072536	0.20972766	-0.13136944	0.060768552	-0.056012373	0.04266651	-0.17762704	0.10103107	-0.06752094	0.047926277	-0.051687565	0.104932465	-0.07407872	0.052480962	-0.050850015	0.038214497	-0.14359397	0.044068117	-0.04829066	0.04246094	-0.036186464	0.04993158	-0.050347418	0.030302046	-0.023841945	0.02268419	-0.037374146	0.028192747	-0.030843971	0.022235228	-0.021747168
-0.20533189	0.99999976	-0.29846704	0.18972771	-0.16847001	0.15903491	-0.80513203	0.27844495	-0.28623065	0.0998699	-0.1092872	0.109787695	-0.13064888	0.11402979	-0.103014894	0.08321137	-0.09343416	0.110504024	-0.083598346	0.08633085	-0.061425827	0.09656011	-0.0764541	0.080793984	-0.061799914	0.07294999	-0.052052066	0.058417603	-0.06577582	0.056447245	-0.034204155	0.03409519	-0.031748086	0.032947235	-0.032615848	0.026403725	-0.021365868	0.03151549	-0.029826736	0.02981238
0.06984117	-0.29846704	0.9999998	-0.71067023	0.12902597	-0.06782486	0.22163858	-0.5134697	0.32466727	-0.101303674	0.05653259	-0.065677404	0.13027819	-0.12172378	0.09591166	-0.046825923	0.05427162	-0.10728447	0.078636914	-0.080553934	0.037033103	-0.08324267	0.06717991	-0.07440614	0.05530369	-0.04477195	0.04254126	-0.049153462	0.056699805	-0.0501924	0.023371104	-0.023674436	0.025171345	-0.028023295	0.027830768	-0.018632526	0.015382632	-0.025062097	0.025002195	-0.025359232
-0.05421596	0.18972771	-0.71067023	0.9999997	-0.13473831	0.051261466	-0.1789635	0.3011759	-0.59151995	0.113980934	-0.04703274	0.054808415	-0.11736938	0.10927825	-0.11168682	0.038672213	-0.046085294	0.093229696	-0.07216529	0.073162764	-0.03132348	0.07390488	-0.060176194	0.06688081	-0.05061057	0.03749146	-0.03811568	0.044075165	-0.051892146	0.045634028	-0.020302325	0.020563718	-0.022597773	0.025479402	-0.025376206	0.016259268	-0.013506539	0.022460977	-0.022745771	0.023047453
0.089689314	-0.16847001	0.12902597	-0.13473831	0.9999995	-0.082999386	0.13609606	-0.15651917	0.16566633	-0.3339796	0.13596258	-0.18325204	0.2560388	-0.310959	0.24191539	-0.12237375	0.15283953	-0.39113966	0.26664475	-0.35509667	0.11396104	-0.39863217	0.2642229	-0.30624837	0.22172254	-0.14122517	0.19475478	-0.2528164	0.22299871	-0.22192115	0.08898024	-0.09345739	0.1120763	-0.12184711	0.11849214	-0.075975664	0.0635425	-0.11573887	0.10690359	-0.11414252
-0.90263504	0.15903491	-0.06782486	0.051261466	-0.082999386	0.99999934	-0.16490668	0.07666097	-0.072897606	0.038065482	-0.28426942	0.113035895	-0.055703696	0.05053899	-0.039686363	0.15729353	-0.09327373	0.059694257	-0.042841785	0.04569294	-0.09607103	0.06463005	-0.04654155	0.044900775	-0.033943832	0.117707856	-0.038280252	0.041508485	-0.03772152	0.03192186	-0.041938737	0.04149612	-0.025866684	0.02082374	-0.019921947	0.030851504	-0.02348721	0.026138969	-0.019397259	0.018951345
0.15316719	-0.80513203	0.22163858	-0.1789635	0.13609606	-0.16490668	0.99999934	-0.42528114	0.2275611	-0.087016396	0.0992631	-0.11999833	0.12274983	-0.11050716	0.08605674	-0.08034969	0.09119928	-0.10719903	0.077755086	-0.08063604	0.057451945	-0.09192311	0.07167089	-0.07582515	0.056799565	-0.06981688	0.048273224	-0.05453325	0.059751835	-0.052014083	0.031817365	-0.031926215	0.029169701	-0.030115439	0.029712414	-0.024659608	0.019856593	-0.029082121	0.027166998	-0.027270796
-0.07997448	0.27844495	-0.5134697	0.3011759	-0.15651917	0.07666097	-0.42528114	0.99999934	-0.595625	0.12886064	-0.0662033	0.07895761	-0.2146587	0.15593617	-0.12902546	0.053807747	-0.06622168	0.13055173	-0.09778756	0.094131835	-0.042514335	0.09556304	-0.08085572	0.08797974	-0.06591156	0.05042081	-0.04921933	0.05588723	-0.06757014	0.058638714	-0.026597189	0.026821436	-0.029004684	0.032755844	-0.032673586	0.02110788	-0.017504394	0.028702848	-0.029270872	0.029483436
0.074281946	-0.28623065	0.32466727	-0.59151995	0.16566633	-0.072897606	0.2275611	-0.595625	0.9999994	-0.19883408	0.06471473	-0.07689322	0.16599418	-0.17222261	0.15609773	-0.054059148	0.06373814	-0.13546601	0.10337739	-0.1047086	0.04350204	-0.10420968	0.08491145	-0.09557463	0.07122432	-0.052471537	0.05303116	-0.061414994	0.07225689	-0.064123414	0.028150456	-0.028572349	0.031302117	-0.03546607	0.03529315	-0.022567375	0.018727023	-0.03114574	0.031567164	-0.03206129
-0.041072536	0.0998699	-0.101303674	0.113980934	-0.3339796	0.038065482	-0.087016396	0.12886064	-0.19883408	0.99999946	-0.05279672	0.067226216	-0.17815286	0.20066853	-0.86203307	0.045142315	-0.05787285	0.14998879	-0.13379744	0.14093259	-0.040343434	0.12524925	-0.101417355	0.117980175	-0.0946135	0.048010536	-0.063978255	0.0760088	-0.092347816	0.08236888	-0.029818185	0.030580923	-0.037800465	0.044796266	-0.044895917	0.024625633	-0.020857282	0.037705876	-0.03971391	0.040584236
0.20972766	-0.1092872	0.05653259	-0.04703274	0.13596258	-0.28426942	0.0992631	-0.0662033	0.06471473	-0.05279672	0.9999996	-0.33708942	0.08785166	-0.07999017	0.056162436	-0.704182	0.25065538	-0.10845809	0.07466489	-0.07915582	0.26494887	-0.133927	0.091006234	-0.08142563	0.060757257	-0.3530884	0.080757156	-0.08557684	0.06904152	-0.05756121	0.10565275	-0.10563553	0.0561094	-0.04005357	0.037559398	-0.07691943	0.057126094	-0.05726011	0.037852917	-0.036433287
-0.13136944	0.109787695	-0.065677404	0.054808415	-0.18325204	0.113035895	-0.11999833	0.07895761	-0.07689322	0.067226216	-0.33708942	0.99999946	-0.13566962	0.105515026	-0.07336847	0.25411683	-0.83557093	0.14144006	-0.098753124	0.09418061	-0.15960425	0.1678712	-0.12763147	0.100048974	-0.07600646	0.15020995	-0.08684967	0.08409247	-0.08540938	0.06759542	-0.06057958	0.05781112	-0.046136916	0.042298347	-0.041513685	0.043454852	-0.034701094	0.045012947	-0.039109778	0.03772098
0.060768552	-0.13064888	0.13027819	-0.11736938	0.2560388	-0.055703696	0.12274983	-0.2146587	0.16599418	-0.17815286	0.08785166	-0.13566962	0.9999995	-0.69004506	0.18384068	-0.07558674	0.11312435	-0.48505506	0.27481112	-0.22777605	0.06440707	-0.21626577	0.20706755	-0.22678584	0.15548977	-0.073258765	0.102227025	-0.11351033	0.1523394	-0.13206813	0.044291403	-0.04482969	0.056638528	-0.070092015	0.0704238	-0.035671998	0.030534748	-0.05535657	0.06170768	-0.06207837
-0.056012373	0.11402979	-0.12172378	0.10927825	-0.310959	0.05053899	-0.11050716	0.15593617	-0.17222261	0.20066853	-0.07999017	0.105515026	-0.69004506	0.99999934	-0.28622374	0.06669264	-0.095050536	0.29206836	-0.43024096	0.22603673	-0.05917237	0.18307354	-0.19066972	0.22178993	-0.16792765	0.06701928	-0.09640456	0.10401389	-0.16424446	0.13366175	-0.04273829	0.043009035	-0.056338493	0.07217421	-0.07351285	0.034430496	-0.029694773	0.054470867	-0.06411404	0.06338579
0.04266651	-0.103014894	0.09591166	-0.11168682	0.24191539	-0.039686363	0.08605674	-0.12902546	0.15609773	-0.86203307	0.056162436	-0.07336847	0.18384068	-0.28622374	0.9999992	-0.048562184	0.062744506	-0.17126828	0.15049115	-0.17164418	0.04345554	-0.14128463	0.11225595	-0.1354521	0.10575094	-0.051862985	0.070278205	-0.084357984	0.100903995	-0.09268659	0.032220513	-0.033157602	0.041207764	-0.04925207	0.049244396	-0.026714882	0.022633575	-0.041252416	0.043379873	-0.044682007
-0.17762704	0.08321137	-0.046825923	0.038672213	-0.12237375	0.15729353	-0.08034969	0.053807747	-0.054059148	0.045142315	-0.704182	0.25411683	-0.07558674	0.06669264	-0.048562184	0.99999934	-0.36332002	0.091724016	-0.06397232	0.06563234	-0.43988684	0.11677313	-0.081914395	0.06853383	-0.051736053	0.27202693	-0.06886819	0.06930083	-0.05913685	0.048101023	-0.085775554	0.079089634	-0.04472313	0.03296573	-0.03126093	0.057595	-0.043858256	0.044694208	-0.031144397	0.029790686
0.10103107	-0.09343416	0.05427162	-0.046085294	0.15283953	-0.09327373	0.09119928	-0.06622168	0.06373814	-0.05787285	0.25065538	-0.83557093	0.11312435	-0.095050536	0.062744506	-0.36332002	0.9999994	-0.14702742	0.091378815	-0.087090634	0.15635574	-0.19987287	0.12470374	-0.09550509	0.06967363	-0.16179854	0.08347802	-0.08209346	0.07731715	-0.0619973	0.0587474	-0.057014775	0.04321828	-0.03871786	0.037746903	-0.04244101	0.033476364	-0.042488765	0.035697866	-0.034520205
-0.06752094	0.110504024	-0.10728447	0.093229696	-0.39113966	0.059694257	-0.10719903	0.13055173	-0.13546601	0.14998879	-0.10845809	0.14144006	-0.48505506	0.29206836	-0.17126828	0.091724016	-0.14702742	0.9999995	-0.43929204	0.25179076	-0.08237797	0.27715847	-0.4676847	0.28444216	-0.2103889	0.09003702	-0.14625251	0.14523377	-0.21592295	0.16629066	-0.05802662	0.05785689	-0.075983934	0.09321438	-0.09479631	0.045929182	-0.039883167	0.072376825	-0.08366796	0.0811653
0.047926277	-0.083598346	0.078636914	-0.07216529	0.26664475	-0.042841785	0.077755086	-0.09778756	0.10337739	-0.13379744	0.07466489	-0.098753124	0.27481112	-0.43024096	0.15049115	-0.06397232	0.091378815	-0.43929204	0.9999995	-0.4899196	0.058603927	-0.22199637	0.24534307	-0.5022059	0.25700822	-0.06601376	0.10736281	-0.11554327	0.2199532	-0.19423898	0.044566795	-0.045086667	0.06422652	-0.09329569	0.09487445	-0.036298882	0.03181442	-0.06194094	0.07998653	-0.08043668
-0.051687565	0.08633085	-0.080553934	0.073162764	-0.35509667	0.04569294	-0.08063604	0.094131835	-0.1047086	0.14093259	-0.07915582	0.09418061	-0.22777605	0.22603673	-0.17164418	0.06563234	-0.087090634	0.25179076	-0.4899196	0.99999946	-0.062493287	0.20083435	-0.21329421	0.3063175	-0.5854328	0.070699655	-0.114176534	0.12198102	-0.32580724	0.26767746	-0.052274458	0.052613646	-0.08190516	0.12804788	-0.14047444	0.042964637	-0.038250934	0.07751897	-0.11403214	0.10986422
0.104932465	-0.061425827	0.037033103	-0.03132348	0.11396104	-0.09607103	0.057451945	-0.042514335	0.04350204	-0.040343434	0.26494887	-0.15960425	0.06440707	-0.05917237	0.04345554	-0.43988684	0.15635574	-0.08237797	0.058603927	-0.062493287	0.99999946	-0.12080724	0.077841766	-0.06581855	0.04964084	-0.7992446	0.08233032	-0.08310424	0.058462597	-0.04779562	0.14952362	-0.14128962	0.060899608	-0.036798716	0.033589818	-0.09877361	0.071923	-0.06217783	0.03563357	-0.033473387
-0.07407872	0.09656011	-0.08324267	0.07390488	-0.39863217	0.06463005	-0.09192311	0.09556304	-0.10420968	0.12524925	-0.133927	0.1678712	-0.21626577	0.18307354	-0.14128463	0.11677313	-0.19987287	0.27715847	-0.22199637	0.20083435	-0.12080724	0.9999992	-0.6410008	0.25648546	-0.18844287	0.12074596	-0.3352416	0.23407209	-0.21526752	0.1566793	-0.07621614	0.07600592	-0.09554135	0.09588539	-0.09537232	0.058120236	-0.05102818	0.08933986	-0.087965496	0.08336489
0.052480962	-0.0764541	0.06717991	-0.060176194	0.2642229	-0.04654155	0.07167089	-0.08085572	0.08491145	-0.101417355	0.091006234	-0.12763147	0.20706755	-0.19066972	0.11225595	-0.081914395	0.12470374	-0.4676847	0.24534307	-0.21329421	0.077841766	-0.6410008	0.9999992	-0.43718597	0.18784238	-0.08486015	0.17502521	-0.18544729	0.19216366	-0.1551665	0.05367436	-0.05459832	0.07273086	-0.08459155	0.083345555	-0.04268214	0.037315845	-0.06994563	0.07412177	-0.07278536
-0.050850015	0.080793984	-0.07440614	0.06688081	-0.30624837	0.044900775	-0.07582515	0.08797974	-0.09557463	0.117980175	-0.08142563	0.100048974	-0.22678584	0.22178993	-0.1354521	0.06853383	-0.09550509	0.28444216	-0.5022059	0.3063175	-0.06581855	0.25648546	-0.43718597	0.99999917	-0.4225149	0.07311316	-0.13313377	0.1354423	-0.39163852	0.25427088	-0.052682962	0.0531428	-0.081297755	0.1288562	-0.12998073	0.042942204	-0.038224507	0.077136815	-0.10980734	0.10550708
0.038214497	-0.061799914	0.05530369	-0.05061057	0.22172254	-0.033943832	0.056799565	-0.06591156	0.07122432	-0.0946135	0.060757257	-0.07600646	0.15548977	-0.16792765	0.10575094	-0.051736053	0.06967363	-0.2103889	0.25700822	-0.5854328	0.04964084	-0.18844287	0.18784238	-0.4225149	0.9999991	-0.056486696	0.09641377	-0.10694572	0.2967564	-0.5500975	0.042947512	-0.043852758	0.07211141	-0.13240524	0.14617196	-0.036129493	0.032416154	-0.069914296	0.10809148	-0.11917437
-0.14359397	0.07294999	-0.04477195	0.03749146	-0.14122517	0.117707856	-0.06981688	0.05042081	-0.052471537	0.048010536	-0.3530884	0.15020995	-0.073258765	0.06701928	-0.051862985	0.27202693	-0.16179854	0.09003702	-0.06601376	0.070699655	-0.7992446	0.12074596	-0.08486015	0.07311316	-0.056486696	0.99999917	-0.09973421	0.09363509	-0.06741215	0.054465543	-0.23459542	0.15701689	-0.071548365	0.04220262	-0.038738493	0.11036542	-0.085207336	0.070460185	-0.041156292	0.038308065
0.044068117	-0.052052066	0.04254126	-0.03811568	0.19475478	-0.038280252	0.048273224	-0.04921933	0.05303116	-0.063978255	0.080757156	-0.08684967	0.102227025	-0.09640456	0.070278205	-0.06886819	0.08347802	-0.14625251	0.10736281	-0.114176534	0.08233032	-0.3352416	0.17502521	-0.13313377	0.09641377	-0.09973421	0.9999989	-0.8654064	0.12175566	-0.095789865	0.08929794	-0.10278211	0.1372805	-0.075762264	0.06698249	-0.070391715	0.06569811	-0.13352768	0.07171203	-0.067299455
-0.04829066	0.058417603	-0.049153462	0.044075165	-0.2528164	0.041508485	-0.05453325	0.05588723	-0.061414994	0.0760088	-0.08557684	0.08409247	-0.11351033	0.10401389	-0.084357984	0.06930083	-0.08209346	0.14523377	-0.11554327	0.12198102	-0.08310424	0.23407209	-0.18544729	0.1354423	-0.10694572	0.09363509	-0.8654064	0.99999833	-0.14491275	0.105260246	-0.09427062	0.0987036	-0.18463111	0.08460541	-0.07614944	0.071898185	-0.06904502	0.14083017	-0.08176261	0.0740011
0.04246094	-0.06577582	0.056699805	-0.051892146	0.22299871	-0.03772152	0.059751835	-0.06757014	0.07225689	-0.092347816	0.06904152	-0.08540938	0.1523394	-0.16424446	0.100903995	-0.05913685	0.07731715	-0.21592295	0.2199532	-0.32580724	0.058462597	-0.21526752	0.19216366	-0.39163852	0.2967564	-0.06741215	0.12175566	-0.14491275	0.99999845	-0.6363882	0.058111932	-0.060527854	0.11370925	-0.33426103	0.23374009	-0.05118541	0.04686589	-0.113642655	0.19571537	-0.20993821
-0.036186464	0.056447245	-0.0501924	0.045634028	-0.22192115	0.03192186	-0.052014083	0.058638714	-0.064123414	0.08236888	-0.05756121	0.06759542	-0.13206813	0.13366175	-0.09268659	0.048101023	-0.0619973	0.16629066	-0.19423898	0.26767746	-0.04779562	0.1566793	-0.1551665	0.25427088	-0.5500975	0.054465543	-0.095789865	0.105260246	-0.6363882	0.99999845	-0.048175983	0.04920838	-0.09600931	0.2100998	-0.29471442	0.04138967	-0.038384892	0.09055898	-0.17494497	0.18018863
0.04993158	-0.034204155	0.023371104	-0.020302325	0.08898024	-0.041938737	0.031817365	-0.026597189	0.028150456	-0.029818185	0.10565275	-0.06057958	0.044291403	-0.04273829	0.032220513	-0.085775554	0.0587474	-0.05802662	0.044566795	-0.052274458	0.14952362	-0.07621614	0.05367436	-0.052682962	0.042947512	-0.23459542	0.08929794	-0.09427062	0.058111932	-0.048175983	0.9999984	-0.7701828	0.16064711	-0.059330378	0.04777111	-0.44997096	0.28876626	-0.16860631	0.06222898	-0.05440998
-0.050347418	0.03409519	-0.023674436	0.020563718	-0.09345739	0.04149612	-0.031926215	0.026821436	-0.028572349	0.030580923	-0.10563553	0.05781112	-0.04482969	0.043009035	-0.033157602	0.079089634	-0.057014775	0.05785689	-0.045086667	0.052613646	-0.14128962	0.07600592	-0.05459832	0.0531428	-0.043852758	0.15701689	-0.10278211	0.0987036	-0.060527854	0.04920838	-0.7701828	0.9999982	-0.22174257	0.06256439	-0.050536536	0.29967862	-0.44912875	0.17899315	-0.06702227	0.056115977
0.030302046	-0.031748086	0.025171345	-0.022597773	0.1120763	-0.025866684	0.029169701	-0.029004684	0.031302117	-0.037800465	0.0561094	-0.046136916	0.056638528	-0.056338493	0.041207764	-0.04472313	0.04321828	-0.075983934	0.06422652	-0.08190516	0.060899608	-0.09554135	0.07273086	-0.081297755	0.07211141	-0.071548365	0.1372805	-0.18463111	0.11370925	-0.09600931	0.16064711	-0.22174257	0.9999983	-0.19817033	0.12808353	-0.18201253	0.17986518	-0.86188805	0.19236411	-0.16216467
-0.023841945	0.032947235	-0.028023295	0.025479402	-0.12184711	0.02082374	-0.030115439	0.032755844	-0.03546607	0.044796266	-0.04005357	0.042298347	-0.070092015	0.07217421	-0.04925207	0.03296573	-0.03871786	0.09321438	-0.09329569	0.12804788	-0.036798716	0.09588539	-0.08459155	0.1288562	-0.13240524	0.04220262	-0.075762264	0.08460541	-0.33426103	0.2100998	-0.059330378	0.06256439	-0.19817033	0.99999833	-0.55601317	0.055192128	-0.056214467	0.17233846	-0.63707817	0.32408482
0.02268419	-0.032615848	0.027830768	-0.025376206	0.11849214	-0.019921947	0.029712414	-0.032673586	0.03529315	-0.044895917	0.037559398	-0.041513685	0.0704238	-0.07351285	0.049244396	-0.03126093	0.037746903	-0.09479631	0.09487445	-0.14047444	0.033589818	-0.09537232	0.083345555	-0.12998073	0.14617196	-0.038738493	0.06698249	-0.07614944	0.23374009	-0.29471442	0.04777111	-0.050536536	0.12808353	-0.55601317	0.9999987	-0.04516432	0.04403823	-0.13044126	0.31825358	-0.67168397
-0.037374146	0.026403725	-0.018632526	0.016259268	-0.075975664	0.030851504	-0.024659608	0.02110788	-0.022567375	0.024625633	-0.07691943	0.043454852	-0.035671998	0.034430496	-0.026714882	0.057595	-0.04244101	0.045929182	-0.036298882	0.042964637	-0.09877361	0.058120236	-0.04268214	0.042942204	-0.036129493	0.11036542	-0.070391715	0.071898185	-0.05118541	0.04138967	-0.44997096	0.29967862	-0.18201253	0.055192128	-0.04516432	0.9999981	-0.80503565	0.16821021	-0.06262322	0.04980774
0.028192747	-0.021365868	0.015382632	-0.013506539	0.0635425	-0.02348721	0.019856593	-0.017504394	0.018727023	-0.020857282	0.057126094	-0.034701094	0.030534748	-0.029694773	0.022633575	-0.043858256	0.033476364	-0.039883167	0.03181442	-0.038250934	0.071923	-0.05102818	0.037315845	-0.038224507	0.032416154	-0.085207336	0.06569811	-0.06904502	0.04686589	-0.038384892	0.28876626	-0.44912875	0.17986518	-0.056214467	0.04403823	-0.80503565	0.99999803	-0.22574812	0.063992046	-0.051039025
-0.030843971	0.03151549	-0.025062097	0.022460977	-0.11573887	0.026138969	-0.029082121	0.028702848	-0.03114574	0.037705876	-0.05726011	0.045012947	-0.05535657	0.054470867	-0.041252416	0.044694208	-0.042488765	0.072376825	-0.06194094	0.07751897	-0.06217783	0.08933986	-0.06994563	0.077136815	-0.069914296	0.070460185	-0.13352768	0.14083017	-0.113642655	0.09055898	-0.16860631	0.17899315	-0.86188805	0.17233846	-0.13044126	0.16821021	-0.22574812	0.99999815	-0.25307304	0.15067254
0.022235228	-0.029826736	0.025002195	-0.022745771	0.10690359	-0.019397259	0.027166998	-0.029270872	0.031567164	-0.03971391	0.037852917	-0.039109778	0.06170768	-0.06411404	0.043379873	-0.031144397	0.035697866	-0.08366796	0.07998653	-0.11403214	0.03563357	-0.087965496	0.07412177	-0.10980734	0.10809148	-0.041156292	0.07171203	-0.08176261	0.19571537	-0.17494497	0.06222898	-0.06702227	0.19236411	-0.63707817	0.31825358	-0.06262322	0.063992046	-0.25307304	0.9999982	-0.6051549
-0.021747168	0.02981238	-0.025359232	0.023047453	-0.11414252	0.018951345	-0.027270796	0.029483436	-0.03206129	0.040584236	-0.036433287	0.03772098	-0.06207837	0.06338579	-0.044682007	0.029790686	-0.034520205	0.0811653	-0.08043668	0.10986422	-0.033473387	0.08336489	-0.07278536	0.10550708	-0.11917437	0.038308065	-0.067299455	0.0740011	-0.20993821	0.18018863	-0.05440998	0.056115977	-0.16216467	0.32408482	-0.67168397	0.04980774	-0.051039025	0.15067254	-0.6051549	0.9999982
