1.5051485318690538
0.6905959788709879
0.9059789832681417
0.06554107740521431
1.5683817453682423
1.926467388868332
1.6890200451016426
0.2821182385087013
1.314805006608367
0.5476703569293022
0.2669735439121723
1.975192604586482
1.130931831896305
1.7358311954885721
1.3946503102779388
0.7354918755590916
0.5817454345524311
0.6106215547770262
1.0167992524802685
0.8269816096872091
1.6810831036418676
0.9917748384177685
0.20463289506733418
1.97777633741498
1.2153745628893375
1.9854115266352892
1.5543690975755453
1.8771280199289322
1.6761349979788065
1.8089750930666924
0.6081839576363564
1.452773842960596
0.5683062393218279
1.6178817339241505
0.41828733310103416
0.8301089685410261
0.37966519594192505
0.17641630582511425
1.5360300950706005
0.5493490975350142
1.3116097580641508
1.3892316818237305
0.918835811316967
0.9787181485444307
0.0040819477289915085
0.7961960826069117
1.51205893792212
0.9457716606557369
0.23647059313952923
1.7024237997829914
0.4895350933074951
0.44596125185489655
1.6814302317798138
0.641647070646286
1.1056971866637468
1.4306406620889902
0.26280791498720646
1.8776587955653667
1.381235659122467
1.8144943807274103
1.7147773373872042
0.11297746188938618
1.156585730612278
0.036154987290501595
0.26246250607073307
0.6021827626973391
1.6487920712679625
