1.0000001	-0.40951172	0.1603591	-0.123189434	0.1297834	-0.8252911	0.25594205	-0.19579422	0.09159452	-0.08882946	0.21231633	-0.15942158	0.15469627	-0.09079077	0.08499661	-0.09653505	0.080952704	-0.11666297	0.08177223	-0.09260526	0.066631146	-0.08348231	0.093608044	-0.08164208	0.09147192	-0.08955172	0.07778174	-0.09141563	0.06814932	-0.066590555	0.05779515	-0.06677473	0.055908266	-0.061358202	0.07266741	-0.05267568	0.069641024	-0.05998373	0.057481278	-0.11144271
-0.40951172	1.0000002	-0.39236644	0.20302247	-0.22600384	0.27328193	-0.64217293	0.28645143	-0.13843858	0.1299363	-0.27379113	0.22902313	-0.24888007	0.126564	-0.12276519	0.1133711	-0.10225252	0.14530955	-0.109528355	0.12219478	-0.0810015	0.102773994	-0.12238558	0.105643846	-0.122933574	0.1048916	-0.097706504	0.11204145	-0.088252425	0.08562186	-0.07124894	0.08229863	-0.06962107	0.07731838	-0.09344236	0.06380505	-0.08719668	0.07400063	-0.07167511	0.13362424
0.1603591	-0.39236644	1.0000004	-0.61799663	0.29843685	-0.15930012	0.24302292	-0.5148675	0.17625064	-0.1767789	0.18983284	-0.15455993	0.18140471	-0.1493116	0.14247552	-0.10657113	0.098625235	-0.1464217	0.11879223	-0.13885403	0.076909214	-0.10332123	0.1257496	-0.11396535	0.13012347	-0.103787534	0.09854808	-0.11715583	0.09332395	-0.091491796	0.071434304	-0.08596	0.0726302	-0.08162764	0.09793654	-0.06485779	0.08926632	-0.07755765	0.0752348	-0.14360388
-0.123189434	0.20302247	-0.61799663	1.0000004	-0.6392885	0.11527155	-0.17783542	0.2785314	-0.20010272	0.1968476	-0.17226556	0.12430807	-0.16021374	0.14882424	-0.15866236	0.09526632	-0.09074603	0.13352275	-0.11742767	0.13640706	-0.06991176	0.094668	-0.121278666	0.10925558	-0.13029085	0.09295661	-0.091799766	0.107836105	-0.090040356	0.087764196	-0.06607419	0.079563424	-0.06776513	0.07699668	-0.09395912	0.059410922	-0.08355754	0.071946815	-0.07036367	0.13036878
0.1297834	-0.22600384	0.29843685	-0.6392885	1.0000007	-0.1355649	0.18842155	-0.38865757	0.24392988	-0.38265583	0.19830573	-0.14843857	0.18793623	-0.21329871	0.21547048	-0.13348103	0.12610134	-0.19233046	0.16353284	-0.20489465	0.09709904	-0.1351598	0.16577064	-0.15695325	0.17516607	-0.13376132	0.1290244	-0.15743075	0.12597969	-0.124884374	0.092953384	-0.11536389	0.09728595	-0.110290475	0.13105798	-0.08518461	0.11773806	-0.10430102	0.10118136	-0.19723159
-0.8252911	0.27328193	-0.15930012	0.11527155	-0.1355649	1.0000005	-0.33725938	0.18608786	-0.09336666	0.088797	-0.30070356	0.17707099	-0.17790619	0.091795705	-0.086931355	0.09947888	-0.08344352	0.1171109	-0.08291488	0.09255423	-0.06924952	0.083973505	-0.09535026	0.08193331	-0.09322241	0.08927826	-0.0787578	0.090676025	-0.06867057	0.06676801	-0.058425967	0.06641017	-0.05581699	0.06128975	-0.07318653	0.052578215	-0.07015569	0.059623428	-0.057308678	0.1088459
0.25594205	-0.64217293	0.24302292	-0.17783542	0.18842155	-0.33725938	1.0000005	-0.41503727	0.14123984	-0.13123958	0.26192892	-0.39044014	0.25608596	-0.13353246	0.12225263	-0.12115976	0.10789019	-0.15743789	0.11332003	-0.12673594	0.08459822	-0.10920571	0.12504497	-0.10995605	0.123713836	-0.11211058	0.10149694	-0.11791357	0.0906601	-0.088243626	0.07402846	-0.08618482	0.07251114	-0.0802044	0.09570696	-0.06701311	0.09007426	-0.07729896	0.074482776	-0.14144032
-0.19579422	0.28645143	-0.5148675	0.2785314	-0.38865757	0.18608786	-0.41503727	1.0000001	-0.32151875	0.2285261	-0.29270115	0.2257874	-0.31015962	0.21044652	-0.20912312	0.1407538	-0.13416544	0.19349067	-0.16759132	0.18393248	-0.10324534	0.13643913	-0.17594995	0.1535354	-0.18569623	0.13393158	-0.13268717	0.15185471	-0.12788114	0.12337304	-0.0954725	0.11226715	-0.09597608	0.10861664	-0.13387908	0.08490991	-0.1198246	0.10135843	-0.099341884	0.17927629
0.09159452	-0.13843858	0.17625064	-0.20010272	0.24392988	-0.09336666	0.14123984	-0.32151875	0.9999994	-0.6274298	0.16479602	-0.12617245	0.17397653	-0.5475493	0.30516806	-0.11018551	0.11429619	-0.18518151	0.2120244	-0.23464614	0.081041954	-0.118224695	0.15889843	-0.17138493	0.17565854	-0.10723278	0.1121558	-0.13241698	0.12209334	-0.11784228	0.07723697	-0.09725518	0.08342274	-0.09836665	0.11805806	-0.069554925	0.09932581	-0.08737377	0.08619022	-0.15311353
-0.08882946	0.1299363	-0.1767789	0.1968476	-0.38265583	0.088797	-0.13123958	0.2285261	-0.6274298	0.9999992	-0.1639934	0.11687951	-0.16549769	0.3025158	-0.51883817	0.10590547	-0.10997272	0.1681694	-0.19713075	0.23228236	-0.078869864	0.11336758	-0.15905246	0.15581264	-0.18991911	0.10371579	-0.11029759	0.12868285	-0.121829115	0.1172718	-0.0762843	0.0952511	-0.08224362	0.09703305	-0.119709	0.06828483	-0.09879426	0.08601889	-0.085426666	0.14949495
0.21231633	-0.27379113	0.18983284	-0.17226556	0.19830573	-0.30070356	0.26192892	-0.29270115	0.16479602	-0.1639934	0.9999991	-0.51495993	0.31417203	-0.1876232	0.16812716	-0.31553036	0.20901802	-0.2941619	0.18205863	-0.2048919	0.18562578	-0.21327788	0.21573222	-0.18757018	0.20071481	-0.24737102	0.19039324	-0.22343235	0.15635142	-0.15298933	0.14561723	-0.16226904	0.13436186	-0.14463282	0.16762094	-0.13387425	0.16828054	-0.1450153	0.13704076	-0.27123946
-0.15942158	0.22902313	-0.15455993	0.12430807	-0.14843857	0.17707099	-0.39044014	0.2257874	-0.12617245	0.11687951	-0.51495993	0.9999993	-0.6709954	0.14158481	-0.12336044	0.15040553	-0.13819034	0.19049723	-0.1251303	0.13272817	-0.102571055	0.1273921	-0.1383573	0.119180284	-0.13071322	0.12981085	-0.11541765	0.12995535	-0.097798094	0.09440111	-0.08333253	0.09459706	-0.079380155	0.08677141	-0.10282056	0.074941315	-0.099118605	0.084284104	-0.08082714	0.15238772
0.15469627	-0.24888007	0.18140471	-0.16021374	0.18793623	-0.17790619	0.25608596	-0.31015962	0.17397653	-0.16549769	0.31417203	-0.6709954	0.9999992	-0.23017798	0.17386028	-0.19710362	0.18121977	-0.3178945	0.1838337	-0.1965804	0.1335548	-0.18027186	0.19342053	-0.17494844	0.18284307	-0.18244693	0.1603682	-0.18711509	0.13925229	-0.1352482	0.1153654	-0.13547762	0.11312324	-0.12418259	0.14518903	-0.10591633	0.13865365	-0.12063718	0.115299486	-0.222601
-0.09079077	0.126564	-0.1493116	0.14882424	-0.21329871	0.091795705	-0.13353246	0.21044652	-0.5475493	0.3025158	-0.1876232	0.14158481	-0.23017798	0.9999992	-0.5304158	0.12487788	-0.13872612	0.21941555	-0.41671667	0.28204876	-0.09325615	0.13743168	-0.20366986	0.21621785	-0.22597198	0.12030656	-0.13253278	0.15212063	-0.15591593	0.14203003	-0.08909326	0.11222344	-0.09768412	0.11711137	-0.1429498	0.07933709	-0.11574474	0.1009774	-0.10105895	0.17019148
0.08499661	-0.12276519	0.14247552	-0.15866236	0.21547048	-0.086931355	0.12225263	-0.20912312	0.30516806	-0.51883817	0.16812716	-0.12336044	0.17386028	-0.5304158	0.9999994	-0.12277133	0.13045312	-0.2136909	0.26199004	-0.48824036	0.090807684	-0.13560125	0.185985	-0.20674884	0.22857597	-0.1204455	0.12889344	-0.15362291	0.14728808	-0.1468596	0.08784511	-0.11318915	0.097333245	-0.11679275	0.14038283	-0.0792845	0.11427234	-0.10181074	0.10081522	-0.17783783
-0.09653505	0.1133711	-0.10657113	0.09526632	-0.13348103	0.09947888	-0.12115976	0.1407538	-0.11018551	0.10590547	-0.31553036	0.15040553	-0.19710362	0.12487788	-0.12277133	0.99999905	-0.4385082	0.24141291	-0.14907295	0.1466082	-0.63558716	0.2418048	-0.21664935	0.15159068	-0.17591283	0.29648507	-0.22413547	0.18827295	-0.1352327	0.1251903	-0.18834227	0.14150114	-0.12007255	0.121864	-0.14765121	0.13809039	-0.17961219	0.12449678	-0.118269384	0.18500873
0.080952704	-0.10225252	0.098625235	-0.09074603	0.12610134	-0.08344352	0.10789019	-0.13416544	0.11429619	-0.10997272	0.20901802	-0.13819034	0.18121977	-0.13872612	0.13045312	-0.4385082	0.9999993	-0.5108173	0.1856105	-0.16705583	0.21812578	-0.5768687	0.2432801	-0.17853872	0.17867424	-0.22692609	0.2524292	-0.21871257	0.1408821	-0.13010772	0.13444577	-0.14953229	0.12349695	-0.12384254	0.14543189	-0.114013605	0.15017758	-0.119834036	0.11380635	-0.18266219
-0.11666297	0.14530955	-0.1464217	0.13352275	-0.19233046	0.1171109	-0.15743789	0.19349067	-0.18518151	0.1681694	-0.2941619	0.19049723	-0.3178945	0.21941555	-0.2136909	0.24141291	-0.5108173	0.9999994	-0.41583768	0.25073144	-0.18621628	0.27900195	-0.35406387	0.25920787	-0.27622464	0.20099077	-0.2581832	0.23669833	-0.2040203	0.18198857	-0.1484385	0.17003514	-0.14764625	0.16205496	-0.19994754	0.12524721	-0.18190563	0.14700136	-0.14540967	0.23060663
0.08177223	-0.109528355	0.11879223	-0.11742767	0.16353284	-0.08291488	0.11332003	-0.16759132	0.2120244	-0.19713075	0.18205863	-0.1251303	0.1838337	-0.41671667	0.26199004	-0.14907295	0.1856105	-0.41583768	0.9999993	-0.4825018	0.11028811	-0.17905916	0.26397243	-0.5107081	0.26344693	-0.13965705	0.16216126	-0.1879176	0.21085061	-0.18622917	0.10368777	-0.1367608	0.11934045	-0.15064558	0.17213237	-0.09240431	0.13585459	-0.121820204	0.122181036	-0.19779496
-0.09260526	0.12219478	-0.13885403	0.13640706	-0.20489465	0.09255423	-0.12673594	0.18393248	-0.23464614	0.23228236	-0.2048919	0.13272817	-0.1965804	0.28204876	-0.48824036	0.1466082	-0.16705583	0.25073144	-0.4825018	0.9999992	-0.112082876	0.16739857	-0.26457536	0.26762992	-0.4909396	0.14418212	-0.16697307	0.1920769	-0.21846655	0.21416602	-0.11190329	0.14450124	-0.12741736	0.15819746	-0.20319413	0.09928313	-0.14931102	0.1313539	-0.13353689	0.2171303
0.066631146	-0.0810015	0.076909214	-0.06991176	0.09709904	-0.06924952	0.08459822	-0.10324534	0.081041954	-0.078869864	0.18562578	-0.102571055	0.1335548	-0.09325615	0.090807684	-0.63558716	0.21812578	-0.18621628	0.11028811	-0.112082876	0.99999946	-0.20258428	0.16028723	-0.11688395	0.13200797	-0.62859154	0.17420922	-0.15632239	0.10474736	-0.09779008	0.18629739	-0.119542986	0.09858169	-0.098448046	0.11538762	-0.14899428	0.14999823	-0.10604248	0.09663377	-0.15564027
-0.08348231	0.102773994	-0.10332123	0.094668	-0.1351598	0.083973505	-0.10920571	0.13643913	-0.118224695	0.11336758	-0.21327788	0.1273921	-0.18027186	0.13743168	-0.13560125	0.2418048	-0.5768687	0.27900195	-0.17905916	0.16739857	-0.20258428	0.9999997	-0.37364343	0.19397	-0.2034433	0.20407833	-0.5340617	0.27293038	-0.16265805	0.14678608	-0.14445215	0.1835072	-0.15437807	0.14332333	-0.17049617	0.11995297	-0.17411138	0.13760318	-0.13211426	0.20001268
0.093608044	-0.12238558	0.1257496	-0.121278666	0.16577064	-0.09535026	0.12504497	-0.17594995	0.15889843	-0.15905246	0.21573222	-0.1383573	0.19342053	-0.20366986	0.185985	-0.21664935	0.2432801	-0.35406387	0.26397243	-0.26457536	0.16028723	-0.37364343	0.9999998	-0.5013249	0.2677022	-0.21509191	0.27973938	-0.44086468	0.24975275	-0.23144539	0.15409045	-0.2316054	0.19792105	-0.21325794	0.22894584	-0.14075054	0.20303723	-0.1884634	0.17974582	-0.3049032
-0.08164208	0.105643846	-0.11396535	0.10925558	-0.15695325	0.08193331	-0.10995605	0.1535354	-0.17138493	0.15581264	-0.18757018	0.119180284	-0.17494844	0.21621785	-0.20674884	0.15159068	-0.17853872	0.25920787	-0.5107081	0.26762992	-0.11688395	0.19397	-0.5013249	0.99999976	-0.33251452	0.15075	-0.18895818	0.22886759	-0.44146815	0.24635108	-0.11982964	0.16735114	-0.15362488	0.20907962	-0.23398077	0.10704305	-0.16545533	0.15243497	-0.16125043	0.23185211
0.09147192	-0.122933574	0.13012347	-0.13029085	0.17516607	-0.09322241	0.123713836	-0.18569623	0.17565854	-0.18991911	0.20071481	-0.13071322	0.18284307	-0.22597198	0.22857597	-0.17591283	0.17867424	-0.27622464	0.26344693	-0.4909396	0.13200797	-0.2034433	0.2677022	-0.33251452	0.99999976	-0.18354012	0.19958372	-0.26346505	0.27945328	-0.49683565	0.13912742	-0.20218047	0.17245243	-0.22775094	0.2744862	-0.12948164	0.19028115	-0.1853108	0.18345003	-0.34258574
-0.08955172	0.1048916	-0.103787534	0.09295661	-0.13376132	0.08927826	-0.11211058	0.13393158	-0.10723278	0.10371579	-0.24737102	0.12981085	-0.18244693	0.12030656	-0.1204455	0.29648507	-0.22692609	0.20099077	-0.13965705	0.14418212	-0.62859154	0.20407833	-0.21509191	0.15075	-0.18354012	0.9999998	-0.25678587	0.20196043	-0.143934	0.13295636	-0.4065752	0.16273294	-0.1373204	0.13570549	-0.16305207	0.22252417	-0.24560371	0.14971334	-0.13809974	0.204915
0.07778174	-0.097706504	0.09854808	-0.091799766	0.1290244	-0.0787578	0.10149694	-0.13268717	0.1121558	-0.11029759	0.19039324	-0.11541765	0.1603682	-0.13253278	0.12889344	-0.22413547	0.2524292	-0.2581832	0.16216126	-0.16697307	0.17420922	-0.5340617	0.27973938	-0.18895818	0.19958372	-0.25678587	1.0000001	-0.5746012	0.1741437	-0.15912852	0.1590141	-0.33213392	0.23008715	-0.17546752	0.19077823	-0.14190651	0.20262243	-0.17659964	0.16016598	-0.23546207
-0.09141563	0.11204145	-0.11715583	0.107836105	-0.15743075	0.090676025	-0.11791357	0.15185471	-0.13241698	0.12868285	-0.22343235	0.12995535	-0.18711509	0.15212063	-0.15362291	0.18827295	-0.21871257	0.23669833	-0.1879176	0.1920769	-0.15632239	0.27293038	-0.44086468	0.22886759	-0.26346505	0.20196043	-0.5746012	1.0000001	-0.23389871	0.19921207	-0.17533427	0.28323564	-0.36505046	0.21835801	-0.2582447	0.14960428	-0.25241342	0.20897174	-0.20504661	0.2590192
0.06814932	-0.088252425	0.09332395	-0.090040356	0.12597969	-0.06867057	0.0906601	-0.12788114	0.12209334	-0.121829115	0.15635142	-0.097798094	0.13925229	-0.15591593	0.14728808	-0.1352327	0.1408821	-0.2040203	0.21085061	-0.21846655	0.10474736	-0.16265805	0.24975275	-0.44146815	0.27945328	-0.143934	0.1741437	-0.23389871	0.99999994	-0.55081415	0.12127337	-0.21128854	0.1955586	-0.474297	0.310783	-0.11403535	0.1815908	-0.20587158	0.21751416	-0.28327474
-0.066590555	0.08562186	-0.091491796	0.087764196	-0.124884374	0.06676801	-0.088243626	0.12337304	-0.11784228	0.1172718	-0.15298933	0.09440111	-0.1352482	0.14203003	-0.1468596	0.1251903	-0.13010772	0.18198857	-0.18622917	0.21416602	-0.09779008	0.14678608	-0.23144539	0.24635108	-0.49683565	0.13295636	-0.15912852	0.19921207	-0.55081415	0.9999998	-0.11427059	0.17530201	-0.16617264	0.27400383	-0.52777284	0.104661755	-0.17008576	0.17027935	-0.18942669	0.25610173
0.05779515	-0.07124894	0.071434304	-0.06607419	0.092953384	-0.058425967	0.07402846	-0.0954725	0.07723697	-0.0762843	0.14561723	-0.08333253	0.1153654	-0.08909326	0.08784511	-0.18834227	0.13444577	-0.1484385	0.10368777	-0.11190329	0.18629739	-0.14445215	0.15409045	-0.11982964	0.13912742	-0.4065752	0.1590141	-0.17533427	0.12127337	-0.11427059	0.9999999	-0.17603241	0.1353631	-0.1321264	0.1410523	-0.7476089	0.27827093	-0.18169451	0.1406065	-0.22896476
-0.06677473	0.08229863	-0.08596	0.079563424	-0.11536389	0.06641017	-0.08618482	0.11226715	-0.09725518	0.0952511	-0.16226904	0.09459706	-0.13547762	0.11222344	-0.11318915	0.14150114	-0.14953229	0.17003514	-0.1367608	0.14450124	-0.119542986	0.1835072	-0.2316054	0.16735114	-0.20218047	0.16273294	-0.33213392	0.28323564	-0.21128854	0.17530201	-0.17603241	0.9999997	-0.7187529	0.24535474	-0.2580826	0.1579416	-0.33310878	0.25472957	-0.2370183	0.23971081
0.055908266	-0.06962107	0.0726302	-0.06776513	0.09728595	-0.05581699	0.07251114	-0.09597608	0.08342274	-0.08224362	0.13436186	-0.079380155	0.11312324	-0.09768412	0.097333245	-0.12007255	0.12349695	-0.14764625	0.11934045	-0.12741736	0.09858169	-0.15437807	0.19792105	-0.15362488	0.17245243	-0.1373204	0.23008715	-0.36505046	0.1955586	-0.16617264	0.1353631	-0.7187529	0.9999999	-0.34660932	0.22682367	-0.13046865	0.239167	-0.3545747	0.2404739	-0.23526692
-0.061358202	0.07731838	-0.08162764	0.07699668	-0.110290475	0.06128975	-0.0802044	0.10861664	-0.09836665	0.09703305	-0.14463282	0.08677141	-0.12418259	0.11711137	-0.11679275	0.121864	-0.12384254	0.16205496	-0.15064558	0.15819746	-0.098448046	0.14332333	-0.21325794	0.20907962	-0.22775094	0.13570549	-0.17546752	0.21835801	-0.474297	0.27400383	-0.1321264	0.24535474	-0.34660932	0.9999995	-0.5191024	0.12340994	-0.2256321	0.26850814	-0.46377194	0.28341097
0.07266741	-0.09344236	0.09793654	-0.09395912	0.13105798	-0.07318653	0.09570696	-0.13387908	0.11805806	-0.119709	0.16762094	-0.10282056	0.14518903	-0.1429498	0.14038283	-0.14765121	0.14543189	-0.19994754	0.17213237	-0.20319413	0.11538762	-0.17049617	0.22894584	-0.23398077	0.2744862	-0.16305207	0.19077823	-0.2582447	0.310783	-0.52777284	0.1410523	-0.2580826	0.22682367	-0.5191024	0.9999995	-0.135264	0.21513791	-0.25286737	0.25761774	-0.4175937
-0.05267568	0.06380505	-0.06485779	0.059410922	-0.08518461	0.052578215	-0.06701311	0.08490991	-0.069554925	0.06828483	-0.13387425	0.074941315	-0.10591633	0.07933709	-0.0792845	0.13809039	-0.114013605	0.12524721	-0.09240431	0.09928313	-0.14899428	0.11995297	-0.14075054	0.10704305	-0.12948164	0.22252417	-0.14190651	0.14960428	-0.11403535	0.104661755	-0.7476089	0.1579416	-0.13046865	0.12340994	-0.135264	0.99999964	-0.5030772	0.1794454	-0.14499731	0.19089265
0.069641024	-0.08719668	0.08926632	-0.08355754	0.11773806	-0.07015569	0.09007426	-0.1198246	0.09932581	-0.09879426	0.16828054	-0.099118605	0.13865365	-0.11574474	0.11427234	-0.17961219	0.15017758	-0.18190563	0.13585459	-0.14931102	0.14999823	-0.17411138	0.20303723	-0.16545533	0.19028115	-0.24560371	0.20262243	-0.25241342	0.1815908	-0.17008576	0.27827093	-0.33310878	0.239167	-0.2256321	0.21513791	-0.5030772	0.9999996	-0.4687986	0.25873485	-0.3686169
-0.05998373	0.07400063	-0.07755765	0.071946815	-0.10430102	0.059623428	-0.07729896	0.10135843	-0.08737377	0.08601889	-0.1450153	0.084284104	-0.12063718	0.1009774	-0.10181074	0.12449678	-0.119834036	0.14700136	-0.121820204	0.1313539	-0.10604248	0.13760318	-0.1884634	0.15243497	-0.1853108	0.14971334	-0.17659964	0.20897174	-0.20587158	0.17027935	-0.18169451	0.25472957	-0.3545747	0.26850814	-0.25286737	0.1794454	-0.4687986	0.99999946	-0.64951473	0.28262362
0.057481278	-0.07167511	0.0752348	-0.07036367	0.10118136	-0.057308678	0.074482776	-0.099341884	0.08619022	-0.085426666	0.13704076	-0.08082714	0.115299486	-0.10105895	0.10081522	-0.118269384	0.11380635	-0.14540967	0.122181036	-0.13353689	0.09663377	-0.13211426	0.17974582	-0.16125043	0.18345003	-0.13809974	0.16016598	-0.20504661	0.21751416	-0.18942669	0.1406065	-0.2370183	0.2404739	-0.46377194	0.25761774	-0.14499731	0.25873485	-0.64951473	0.99999946	-0.4341974
-0.11144271	0.13362424	-0.14360388	0.13036878	-0.19723159	0.1088459	-0.14144032	0.17927629	-0.15311353	0.14949495	-0.27123946	0.15238772	-0.222601	0.17019148	-0.17783783	0.18500873	-0.18266219	0.23060663	-0.19779496	0.2171303	-0.15564027	0.20001268	-0.3049032	0.23185211	-0.34258574	0.204915	-0.23546207	0.2590192	-0.28327474	0.25610173	-0.22896476	0.23971081	-0.23526692	0.28341097	-0.4175937	0.19089265	-0.3686169	0.28262362	-0.4341974	0.99999946
