0.99999994	-0.68815917	0.2823721	-0.27263108	0.17330626	-0.37534702	0.3022988	-0.3121074	0.21995182	-0.15932785	0.18609758	-0.24207605	0.16752043	-0.17916764	0.12177602	-0.197494	0.15166792	-0.15336247	0.15159735	-0.1427544	0.10182178	-0.10779458	0.09961642	-0.08102048	0.07603562	-0.12001946	0.09172863	-0.08537169	0.058283396	-0.050232336	0.05886343	-0.0700187	0.05713587	-0.06593969	0.06668335	-0.06201221	0.052311394	-0.05507221	0.02080473	-0.019963846
-0.68815917	0.9999998	-0.45073885	0.23130623	-0.13900305	0.23632355	-0.44386506	0.25670117	-0.20065229	0.120124504	-0.12804046	0.15576555	-0.13086846	0.13202412	-0.090972826	0.12635425	-0.10231309	0.11086165	-0.11322755	0.102162324	-0.067157894	0.072312556	-0.06881012	0.056491457	-0.05370685	0.07742817	-0.062276408	0.058096416	-0.040440854	0.035157856	-0.038783025	0.046694756	-0.038671184	0.0452075	-0.046949968	0.040389292	-0.035015155	0.036872525	-0.014361863	0.013740211
0.2823721	-0.45073885	1.0000001	-0.650223	0.18230532	-0.24508163	0.25401804	-0.357556	0.2893998	-0.17464231	0.13382655	-0.17281814	0.16446999	-0.18445766	0.123040825	-0.1502766	0.11893688	-0.14274652	0.14500865	-0.1397918	0.08073828	-0.087930895	0.08423213	-0.07198359	0.068042964	-0.09483408	0.07531064	-0.07188815	0.050988834	-0.04457046	0.047549408	-0.058186643	0.04811498	-0.05745109	0.05877789	-0.049916714	0.04334339	-0.04612219	0.017972775	-0.017232794
-0.27263108	0.23130623	-0.650223	0.9999998	-0.23150578	0.183409	-0.21331532	0.25477588	-0.5740464	0.19437228	-0.10617336	0.13371752	-0.1527477	0.17747685	-0.12913737	0.11992967	-0.09800916	0.12524839	-0.1424419	0.13488825	-0.06683097	0.0738318	-0.07287793	0.065443106	-0.063053936	0.07752594	-0.06406204	0.06148005	-0.046070293	0.040888388	-0.039971538	0.04991783	-0.041952666	0.05140412	-0.054108616	0.04161897	-0.037249263	0.039880287	-0.016166197	0.015460109
0.17330626	-0.13900305	0.18230532	-0.23150578	0.9999996	-0.21772571	0.17334233	-0.23690677	0.26808733	-0.7454962	0.12917091	-0.17163354	0.18143965	-0.24994773	0.26721752	-0.16755784	0.13180512	-0.17279264	0.19862211	-0.33092308	0.09633608	-0.10716735	0.10521253	-0.11248711	0.10839431	-0.11561974	0.09248803	-0.09135376	0.077196814	-0.07105334	0.061237708	-0.08103665	0.067961626	-0.090122	0.0888431	-0.06494836	0.059238527	-0.06585044	0.026701141	-0.025774263
-0.37534702	0.23632355	-0.24508163	0.183409	-0.21772571	0.99999964	-0.47439	0.25836244	-0.24249369	0.15486965	-0.557594	0.2944656	-0.1867583	0.16900975	-0.12626128	0.21498287	-0.19921227	0.15780073	-0.17160152	0.13558571	-0.116143666	0.120587416	-0.115280114	0.08585163	-0.08421563	0.12061782	-0.10798968	0.09300564	-0.06306849	0.05469074	-0.06256254	0.072566174	-0.061412428	0.06840624	-0.075742714	0.06240058	-0.055818565	0.056945078	-0.022818524	0.021637332
0.3022988	-0.44386506	0.25401804	-0.21331532	0.17334233	-0.47439	0.9999995	-0.5660464	0.23256831	-0.14770728	0.21321903	-0.2686842	0.1946581	-0.17932093	0.1182357	-0.19086453	0.15664737	-0.16383249	0.15650894	-0.13312303	0.0970613	-0.10505425	0.09876418	-0.07684638	0.07281636	-0.110096395	0.089692324	-0.082844235	0.05498743	-0.047445577	0.05398324	-0.064137064	0.05309059	-0.06093943	0.06369501	-0.055878956	0.0482633	-0.050327517	0.019469135	-0.018599836
-0.3121074	0.25670117	-0.357556	0.25477588	-0.23690677	0.25836244	-0.5660464	0.99999934	-0.42011377	0.19113363	-0.16033544	0.18836997	-0.36417326	0.23541555	-0.15598139	0.16629544	-0.1466836	0.20828618	-0.21200682	0.16427855	-0.094317086	0.10651816	-0.10920481	0.08939339	-0.08600418	0.105775215	-0.09331237	0.08936121	-0.063081816	0.055264797	-0.054726988	0.06774856	-0.057496622	0.06886428	-0.07438874	0.05608666	-0.050976202	0.05383832	-0.02202141	0.020972274
0.21995182	-0.20065229	0.2893998	-0.5740464	0.26808733	-0.24249369	0.23256831	-0.42011377	0.9999994	-0.36777136	0.13913198	-0.18144865	0.21628198	-0.32541642	0.19421238	-0.16709325	0.1343182	-0.1837803	0.20278043	-0.20620297	0.09214398	-0.1027254	0.10109821	-0.09235696	0.08794396	-0.10823173	0.08821534	-0.08614363	0.06406161	-0.056966044	0.055072382	-0.06928999	0.057971936	-0.07192965	0.07421914	-0.057747997	0.051396348	-0.055362813	0.022226695	-0.02130775
-0.15932785	0.120124504	-0.17464231	0.19437228	-0.7454962	0.15486965	-0.14770728	0.19113363	-0.36777136	0.9999992	-0.09548931	0.1229901	-0.16252343	0.21767147	-0.4000523	0.12042515	-0.099754915	0.14057651	-0.1824972	0.26090947	-0.07122653	0.08069627	-0.08248232	0.08874571	-0.090248846	0.08295846	-0.07081675	0.06971573	-0.06111982	0.05730939	-0.044984367	0.05988152	-0.051580917	0.068757966	-0.073934354	0.04680753	-0.04428235	0.048910946	-0.02124759	0.020330483
0.18609758	-0.12804046	0.13382655	-0.10617336	0.12917091	-0.557594	0.21321903	-0.16033544	0.13913198	-0.09548931	0.9999993	-0.6691044	0.1347385	-0.11747663	0.08366746	-0.32363027	0.24403049	-0.13214032	0.12578097	-0.0921819	0.118612096	-0.123635106	0.10413301	-0.065493375	0.062483788	-0.12265582	0.10200766	-0.08443683	0.048002843	-0.040206067	0.054541796	-0.060348548	0.049554285	-0.051734846	0.055487886	-0.05491371	0.046252616	-0.04600128	0.017086418	-0.016233228
-0.24207605	0.15576555	-0.17281814	0.13371752	-0.17163354	0.2944656	-0.2686842	0.18836997	-0.18144865	0.1229901	-0.6691044	0.999999	-0.18212004	0.14981988	-0.10866066	0.2857298	-0.4386569	0.17106923	-0.16848888	0.11774265	-0.13999079	0.15783243	-0.13881876	0.084134094	-0.081208766	0.13693075	-0.13637881	0.108006425	-0.061792504	0.051904887	-0.06589495	0.07510202	-0.062853545	0.0658146	-0.07214185	0.06506225	-0.05787962	0.05734865	-0.021907398	0.02075318
0.16752043	-0.13086846	0.16446999	-0.1527477	0.18143965	-0.1867583	0.1946581	-0.36417326	0.21628198	-0.16252343	0.1347385	-0.18212004	0.99999875	-0.49957678	0.18780127	-0.20104548	0.18456985	-0.6206994	0.31259274	-0.21469548	0.10984458	-0.14257619	0.1542346	-0.112823606	0.10201323	-0.12493267	0.11710214	-0.12878157	0.074730486	-0.06412645	0.06052553	-0.07801208	0.06607711	-0.0807026	0.08378234	-0.062532485	0.057585675	-0.06137131	0.024527939	-0.023427445
-0.17916764	0.13202412	-0.18445766	0.17747685	-0.24994773	0.16900975	-0.17932093	0.23541555	-0.32541642	0.21767147	-0.11747663	0.14981988	-0.49957678	0.99999887	-0.3833987	0.15931511	-0.14666119	0.29478827	-0.5479246	0.27764863	-0.09530233	0.11614228	-0.12864663	0.12800258	-0.12338475	0.10716238	-0.101591215	0.10386277	-0.084546514	0.07499409	-0.05661367	0.07567315	-0.066491395	0.08838231	-0.099176265	0.0579859	-0.056239277	0.061344534	-0.027441759	0.026063755
0.12177602	-0.090972826	0.123040825	-0.12913737	0.26721752	-0.12626128	0.1182357	-0.15598139	0.19421238	-0.4000523	0.08366746	-0.10866066	0.18780127	-0.3833987	0.9999991	-0.115173765	0.098659985	-0.17179695	0.24432139	-0.7424623	0.06965607	-0.08361305	0.0888928	-0.11512215	0.12038854	-0.080804035	0.0728243	-0.075235285	0.07229847	-0.07355158	0.044112492	-0.06280111	0.05529377	-0.08182442	0.085825026	-0.04583687	0.04569278	-0.052120555	0.023584144	-0.022692824
-0.197494	0.12635425	-0.1502766	0.11992967	-0.16755784	0.21498287	-0.19086453	0.16629544	-0.16709325	0.12042515	-0.32363027	0.2857298	-0.20104548	0.15931511	-0.115173765	0.9999993	-0.69222176	0.20753902	-0.19958521	0.12536259	-0.31369147	0.23334159	-0.19784015	0.102507055	-0.09838867	0.2214324	-0.20353135	0.14923309	-0.07605702	0.061982326	-0.09558312	0.09871217	-0.08163906	0.079574965	-0.08693858	0.09099104	-0.07741817	0.073770374	-0.0266981	0.025250403
0.15166792	-0.10231309	0.11893688	-0.09800916	0.13180512	-0.19921227	0.15664737	-0.1466836	0.1343182	-0.099754915	0.24403049	-0.4386569	0.18456985	-0.14666119	0.098659985	-0.69222176	0.9999992	-0.26932895	0.1787202	-0.11114683	0.20232747	-0.31348193	0.18514615	-0.092190415	0.084567815	-0.20157957	0.18775384	-0.14936356	0.06636509	-0.05330897	0.08024659	-0.08944707	0.07174153	-0.07019455	0.073357135	-0.080575444	0.06760075	-0.065464385	0.022787744	-0.021654503
-0.15336247	0.11086165	-0.14274652	0.12524839	-0.17279264	0.15780073	-0.16383249	0.20828618	-0.1837803	0.14057651	-0.13214032	0.17106923	-0.6206994	0.29478827	-0.17179695	0.20753902	-0.26932895	0.9999991	-0.5561134	0.1910585	-0.12051507	0.16519287	-0.22916436	0.12510152	-0.11246687	0.12830761	-0.13992897	0.15061644	-0.0823438	0.067964554	-0.06281034	0.08140135	-0.070435695	0.08401159	-0.0908055	0.063571274	-0.060652815	0.06363383	-0.025933914	0.024622357
0.15159735	-0.11322755	0.14500865	-0.1424419	0.19862211	-0.17160152	0.15650894	-0.21200682	0.20278043	-0.1824972	0.12578097	-0.16848888	0.31259274	-0.5479246	0.24432139	-0.19958521	0.1787202	-0.5561134	0.9999987	-0.36358964	0.11298041	-0.14683756	0.1606554	-0.18565498	0.1453655	-0.1300739	0.12194048	-0.1352367	0.10390179	-0.08825663	0.06537879	-0.08946994	0.07803828	-0.10900928	0.11120819	-0.06778693	0.06534451	-0.07231265	0.031043382	-0.029672382
-0.1427544	0.102162324	-0.1397918	0.13488825	-0.33092308	0.13558571	-0.13312303	0.16427855	-0.20620297	0.26090947	-0.0921819	0.11774265	-0.21469548	0.27764863	-0.7424623	0.12536259	-0.11114683	0.1910585	-0.36358964	0.9999984	-0.07850133	0.09464	-0.10424737	0.14303347	-0.180612	0.08937462	-0.08408726	0.08590743	-0.09122411	0.09587938	-0.0504786	0.072887965	-0.06587005	0.09881577	-0.11635016	0.051843192	-0.053470574	0.061072472	-0.030107077	0.02873073
0.10182178	-0.067157894	0.08073828	-0.06683097	0.09633608	-0.116143666	0.0970613	-0.094317086	0.09214398	-0.07122653	0.118612096	-0.13999079	0.10984458	-0.09530233	0.06965607	-0.31369147	0.20232747	-0.12051507	0.11298041	-0.07850133	0.9999983	-0.33164048	0.18166295	-0.08316898	0.07686293	-0.80701166	0.20737177	-0.1533732	0.06440321	-0.04900385	0.15845165	-0.11446544	0.08393939	-0.068950534	0.06868684	-0.16092125	0.091223575	-0.08297392	0.023639986	-0.022575656
-0.10779458	0.072312556	-0.087930895	0.0738318	-0.10716735	0.120587416	-0.10505425	0.10651816	-0.1027254	0.08069627	-0.123635106	0.15783243	-0.14257619	0.11614228	-0.08361305	0.23334159	-0.31348193	0.16519287	-0.14683756	0.09464	-0.33164048	0.9999983	-0.4940526	0.12093018	-0.1087095	0.24026106	-0.614651	0.30393013	-0.08867255	0.065097846	-0.10117262	0.1328579	-0.10713538	0.088597186	-0.091300756	0.09697328	-0.09935264	0.08930659	-0.028547388	0.027003426
0.09961642	-0.06881012	0.08423213	-0.07287793	0.10521253	-0.115280114	0.09876418	-0.10920481	0.10109821	-0.08248232	0.10413301	-0.13881876	0.1542346	-0.12864663	0.0888928	-0.19784015	0.18514615	-0.22916436	0.1606554	-0.10424737	0.18166295	-0.4940526	0.99999833	-0.18895197	0.1321486	-0.20716482	0.3201551	-0.6826864	0.10791218	-0.07758753	0.08903366	-0.12974347	0.110548176	-0.106573425	0.10350574	-0.091126345	0.09171341	-0.09489066	0.031253368	-0.029766528
-0.08102048	0.056491457	-0.07198359	0.065443106	-0.11248711	0.08585163	-0.07684638	0.08939339	-0.09235696	0.08874571	-0.065493375	0.084134094	-0.112823606	0.12800258	-0.11512215	0.102507055	-0.092190415	0.12510152	-0.18565498	0.14303347	-0.08316898	0.12093018	-0.18895197	0.9999979	-0.6506024	0.09383482	-0.11073995	0.1312805	-0.48215005	0.24617308	-0.064514585	0.12292152	-0.13404942	0.27617747	-0.32496586	0.06544116	-0.08835213	0.11272596	-0.071192175	0.066480085
0.07603562	-0.05370685	0.068042964	-0.063053936	0.10839431	-0.08421563	0.07281636	-0.08600418	0.08794396	-0.090248846	0.062483788	-0.081208766	0.10201323	-0.12338475	0.12038854	-0.09838867	0.084567815	-0.11246687	0.1453655	-0.180612	0.07686293	-0.1087095	0.1321486	-0.6506024	0.9999979	-0.09066451	0.09657651	-0.11537832	0.24295083	-0.505389	0.0630707	-0.13031533	0.12712383	-0.2908329	0.29615864	-0.06599388	0.08831905	-0.12008677	0.06714337	-0.06714105
-0.12001946	0.07742817	-0.09483408	0.07752594	-0.11561974	0.12061782	-0.110096395	0.105775215	-0.10823173	0.08295846	-0.12265582	0.13693075	-0.12493267	0.10716238	-0.080804035	0.2214324	-0.20157957	0.12830761	-0.1300739	0.08937462	-0.80701166	0.24026106	-0.20716482	0.09383482	-0.09066451	0.99999785	-0.24801745	0.15839334	-0.074633345	0.05728274	-0.24518079	0.124880776	-0.09683772	0.07822186	-0.08196202	0.17579645	-0.106764086	0.092344806	-0.0275489	0.02610587
0.09172863	-0.062276408	0.07531064	-0.06406204	0.09248803	-0.10798968	0.089692324	-0.09331237	0.08821534	-0.07081675	0.10200766	-0.13637881	0.11710214	-0.101591215	0.0728243	-0.20353135	0.18775384	-0.13992897	0.12194048	-0.08408726	0.20737177	-0.614651	0.3201551	-0.11073995	0.09657651	-0.24801745	0.9999979	-0.592706	0.08511243	-0.060058355	0.1029838	-0.18855074	0.12531194	-0.09025961	0.08334457	-0.103803195	0.115593225	-0.104077384	0.028371625	-0.027043343
-0.08537169	0.058096416	-0.07188815	0.06148005	-0.09135376	0.09300564	-0.082844235	0.08936121	-0.08614363	0.06971573	-0.08443683	0.108006425	-0.12878157	0.10386277	-0.075235285	0.14923309	-0.14936356	0.15061644	-0.1352367	0.08590743	-0.1533732	0.30393013	-0.6826864	0.1312805	-0.11537832	0.15839334	-0.592706	0.99999744	-0.096332714	0.06710439	-0.080894105	0.13422485	-0.12778176	0.09414156	-0.093891144	0.07896194	-0.097305305	0.09526379	-0.02916396	0.027585361
0.058283396	-0.040440854	0.050988834	-0.046070293	0.077196814	-0.06306849	0.05498743	-0.063081816	0.06406161	-0.06111982	0.048002843	-0.061792504	0.074730486	-0.084546514	0.07229847	-0.07605702	0.06636509	-0.0823438	0.10390179	-0.09122411	0.06440321	-0.08867255	0.10791218	-0.48215005	0.24295083	-0.074633345	0.08511243	-0.096332714	0.99999726	-0.17014027	0.06505121	-0.1658518	0.1873995	-0.7570745	0.20031114	-0.06721325	0.10877529	-0.16246961	0.061756175	-0.060202483
-0.050232336	0.035157856	-0.04457046	0.040888388	-0.07105334	0.05469074	-0.047445577	0.055264797	-0.056966044	0.05730939	-0.040206067	0.051904887	-0.06412645	0.07499409	-0.07355158	0.061982326	-0.05330897	0.067964554	-0.08825663	0.09587938	-0.04900385	0.065097846	-0.07758753	0.24617308	-0.505389	0.05728274	-0.060058355	0.06710439	-0.17014027	0.9999974	-0.04265264	0.08563821	-0.08792763	0.18278877	-0.7776922	0.04405474	-0.060959388	0.081396736	-0.094283305	0.089841664
0.05886343	-0.038783025	0.047549408	-0.039971538	0.061237708	-0.06256254	0.05398324	-0.054726988	0.055072382	-0.044984367	0.054541796	-0.06589495	0.06052553	-0.05661367	0.044112492	-0.09558312	0.08024659	-0.06281034	0.06537879	-0.0504786	0.15845165	-0.10117262	0.08903366	-0.064514585	0.0630707	-0.24518079	0.1029838	-0.080894105	0.06505121	-0.04265264	0.99999714	-0.22811966	0.13350566	-0.07524772	0.06140529	-0.88221055	0.21134044	-0.17467594	0.030940274	-0.030213624
-0.0700187	0.046694756	-0.058186643	0.04991783	-0.08103665	0.072566174	-0.064137064	0.06774856	-0.06928999	0.05988152	-0.060348548	0.07510202	-0.07801208	0.07567315	-0.06280111	0.09871217	-0.08944707	0.08140135	-0.08946994	0.072887965	-0.11446544	0.1328579	-0.12974347	0.12292152	-0.13031533	0.124880776	-0.18855074	0.13422485	-0.1658518	0.08563821	-0.22811966	0.9999973	-0.559898	0.17902867	-0.13037081	0.19666253	-0.6291024	0.3260494	-0.060274832	0.056593772
0.05713587	-0.038671184	0.04811498	-0.041952666	0.067961626	-0.061412428	0.05309059	-0.057496622	0.057971936	-0.051580917	0.049554285	-0.062853545	0.06607711	-0.066491395	0.05529377	-0.08163906	0.07174153	-0.070435695	0.07803828	-0.06587005	0.08393939	-0.10713538	0.110548176	-0.13404942	0.12712383	-0.09683772	0.12531194	-0.12778176	0.1873995	-0.08792763	0.13350566	-0.559898	0.99999744	-0.31338483	0.12716366	-0.13856149	0.30714086	-0.64435863	0.072612874	-0.07138493
-0.06593969	0.0452075	-0.05745109	0.05140412	-0.090122	0.06840624	-0.06093943	0.06886428	-0.07192965	0.068757966	-0.051734846	0.0658146	-0.0807026	0.08838231	-0.08182442	0.079574965	-0.07019455	0.08401159	-0.10900928	0.09881577	-0.068950534	0.088597186	-0.106573425	0.27617747	-0.2908329	0.07822186	-0.09025961	0.09414156	-0.7570745	0.18278877	-0.07524772	0.17902867	-0.31338483	0.9999973	-0.29201734	0.074960716	-0.13115472	0.17943028	-0.08319546	0.07595562
0.06668335	-0.046949968	0.05877789	-0.054108616	0.0888431	-0.075742714	0.06369501	-0.07438874	0.07421914	-0.073934354	0.055487886	-0.07214185	0.08378234	-0.099176265	0.085825026	-0.08693858	0.073357135	-0.0908055	0.11120819	-0.11635016	0.06868684	-0.091300756	0.10350574	-0.32496586	0.29615864	-0.08196202	0.08334457	-0.093891144	0.20031114	-0.7776922	0.06140529	-0.13037081	0.12716366	-0.29201734	0.9999972	-0.06462665	0.089279845	-0.12405239	0.12084007	-0.14115606
-0.06201221	0.040389292	-0.049916714	0.04161897	-0.06494836	0.06240058	-0.055878956	0.05608666	-0.057747997	0.04680753	-0.05491371	0.06506225	-0.062532485	0.0579859	-0.04583687	0.09099104	-0.080575444	0.063571274	-0.06778693	0.051843192	-0.16092125	0.09697328	-0.091126345	0.06544116	-0.06599388	0.17579645	-0.103803195	0.07896194	-0.06721325	0.04405474	-0.88221055	0.19666253	-0.13856149	0.074960716	-0.06462665	0.99999744	-0.2951443	0.1634884	-0.030960143	0.029617472
0.052311394	-0.035015155	0.04334339	-0.037249263	0.059238527	-0.055818565	0.0482633	-0.050976202	0.051396348	-0.04428235	0.046252616	-0.05787962	0.057585675	-0.056239277	0.04569278	-0.07741817	0.06760075	-0.060652815	0.06534451	-0.053470574	0.091223575	-0.09935264	0.09171341	-0.08835213	0.08831905	-0.106764086	0.115593225	-0.097305305	0.10877529	-0.060959388	0.21134044	-0.6291024	0.30714086	-0.13115472	0.089279845	-0.2951443	0.999997	-0.60430425	0.06029217	-0.059263054
-0.05507221	0.036872525	-0.04612219	0.039880287	-0.06585044	0.056945078	-0.050327517	0.05383832	-0.055362813	0.048910946	-0.04600128	0.05734865	-0.06137131	0.061344534	-0.052120555	0.073770374	-0.065464385	0.06363383	-0.07231265	0.061072472	-0.08297392	0.08930659	-0.09489066	0.11272596	-0.12008677	0.092344806	-0.104077384	0.09526379	-0.16246961	0.081396736	-0.17467594	0.3260494	-0.64435863	0.17943028	-0.12405239	0.1634884	-0.60430425	0.99999714	-0.09473527	0.08301023
0.02080473	-0.014361863	0.017972775	-0.016166197	0.026701141	-0.022818524	0.019469135	-0.02202141	0.022226695	-0.02124759	0.017086418	-0.021907398	0.024527939	-0.027441759	0.023584144	-0.0266981	0.022787744	-0.025933914	0.031043382	-0.030107077	0.023639986	-0.028547388	0.031253368	-0.071192175	0.06714337	-0.0275489	0.028371625	-0.02916396	0.061756175	-0.094283305	0.030940274	-0.060274832	0.072612874	-0.08319546	0.12084007	-0.030960143	0.06029217	-0.09473527	0.99999714	-0.9744458
-0.019963846	0.013740211	-0.017232794	0.015460109	-0.025774263	0.021637332	-0.018599836	0.020972274	-0.02130775	0.020330483	-0.016233228	0.02075318	-0.023427445	0.026063755	-0.022692824	0.025250403	-0.021654503	0.024622357	-0.029672382	0.02873073	-0.022575656	0.027003426	-0.029766528	0.066480085	-0.06714105	0.02610587	-0.027043343	0.027585361	-0.060202483	0.089841664	-0.030213624	0.056593772	-0.07138493	0.07595562	-0.14115606	0.029617472	-0.059263054	0.08301023	-0.9744458	0.99999714
