1.0000001	-0.8040283	0.26728413	-0.28511697	0.1963645	-0.24190952	0.18446453	-0.1782388	0.13267985	-0.08682762	0.1337965	-0.14652179	0.07198197	-0.11280623	0.093715854	-0.0714667	0.07874333	-0.064584315	0.08518391	-0.20217311	0.05894314	-0.073418885	0.075329944	-0.09095533	0.08290869	-0.07294139	0.060601864	-0.07229705	0.08339517	-0.1007255	0.02745957	-0.036685318	0.036951113	-0.03258036	0.014838348	-0.025806682	0.0313416	-0.037322886	0.035775457	-0.015352803
-0.8040283	1.0000002	-0.4385228	0.2400693	-0.19215934	0.15415972	-0.1681621	0.1408818	-0.113089554	0.07397331	-0.10647872	0.10991631	-0.055228032	0.08573135	-0.081285425	0.053711772	-0.060331423	0.048883818	-0.06557262	0.14326788	-0.044400893	0.054453626	-0.056662854	0.06764871	-0.06005304	0.05423804	-0.04520176	0.05352057	-0.062224463	0.07233483	-0.020454971	0.027196862	-0.027431298	0.024197867	-0.010775633	0.019169634	-0.023315268	0.02757293	-0.026679046	0.011128732
0.26728413	-0.4385228	1.0000001	-0.73179805	0.2603908	-0.12171911	0.13480614	-0.24024042	0.17221881	-0.11010511	0.082469836	-0.10272662	0.06777994	-0.12697333	0.11306709	-0.061673768	0.068943925	-0.060841225	0.09385877	-0.21448855	0.054696944	-0.07303787	0.0779714	-0.096243255	0.08748115	-0.06859106	0.060541708	-0.074314214	0.08698709	-0.1060619	0.026816197	-0.03658038	0.03779748	-0.033795085	0.015547485	-0.02514478	0.03131097	-0.038150318	0.03712899	-0.016091084
-0.28511697	0.2400693	-0.73179805	1.0000002	-0.46913347	0.11163124	-0.1327141	0.20400947	-0.20299134	0.13111094	-0.07972116	0.095151305	-0.06521204	0.12441988	-0.13699965	0.05809852	-0.065726675	0.057962712	-0.093038954	0.19502653	-0.05177212	0.06872214	-0.07470146	0.091430336	-0.08111509	0.0643601	-0.05728482	0.070039794	-0.08275356	0.09746521	-0.025269527	0.034399763	-0.035685338	0.031978335	-0.014424462	0.023633322	-0.029540187	0.03585361	-0.03526752	0.014903721
0.1963645	-0.19215934	0.2603908	-0.46913347	1.0000002	-0.15061218	0.17572714	-0.31647134	0.24550776	-0.310009	0.10746663	-0.14590646	0.122944824	-0.24335185	0.23895386	-0.108927056	0.12103491	-0.111942165	0.17582053	-0.4792737	0.101596214	-0.14354607	0.15157661	-0.19218414	0.18688488	-0.1300573	0.11822052	-0.14907204	0.1735052	-0.22936878	0.05201591	-0.07228252	0.0755486	-0.06793852	0.03289284	-0.04890046	0.061597656	-0.07688156	0.074127056	-0.03415854
-0.24190952	0.15415972	-0.12171911	0.11163124	-0.15061218	1.0000002	-0.5717624	0.1469155	-0.11972626	0.068502694	-0.6628038	0.32412145	-0.10166429	0.09156461	-0.08004038	0.120008186	-0.13548498	0.08652206	-0.07514159	0.129002	-0.08351909	0.07758589	-0.07396537	0.07919208	-0.06143002	0.09147345	-0.06462207	0.0674534	-0.075677015	0.07216992	-0.030974703	0.03793398	-0.03512731	0.029425839	-0.011496211	0.02890762	-0.032703463	0.034817584	-0.032778807	0.011770831
0.18446453	-0.1681621	0.13480614	-0.1327141	0.17572714	-0.5717624	1.0000002	-0.2623085	0.16526468	-0.08989027	0.31453326	-0.6031419	0.12810037	-0.13095555	0.1025977	-0.14785047	0.16002442	-0.11687423	0.10328518	-0.18409264	0.10288509	-0.10662124	0.10016078	-0.11083067	0.08558848	-0.12569793	0.087100714	-0.09281039	0.10248566	-0.10166342	0.04190955	-0.05203004	0.04780481	-0.040042818	0.01595383	-0.039652407	0.04434681	-0.047855724	0.044293016	-0.016375106
-0.1782388	0.1408818	-0.24024042	0.20400947	-0.31647134	0.1469155	-0.2623085	0.99999994	-0.74257636	0.21707416	-0.107356325	0.14658178	-0.109414846	0.22996321	-0.25572264	0.08630385	-0.10239804	0.09311428	-0.19191429	0.2115005	-0.07871006	0.10233209	-0.12634203	0.14525056	-0.10571338	0.094090715	-0.08848154	0.10566218	-0.13280347	0.11922393	-0.03770756	0.05078527	-0.054107398	0.0493129	-0.019112626	0.03473535	-0.044523533	0.052697416	-0.055779107	0.019487383
0.13267985	-0.113089554	0.17221881	-0.20299134	0.24550776	-0.11972626	0.16526468	-0.74257636	0.99999994	-0.30760798	0.08555387	-0.12150866	0.098789066	-0.360125	0.23582268	-0.07883498	0.09110126	-0.08794224	0.19729725	-0.2270083	0.07318378	-0.10143683	0.122978725	-0.15975752	0.106950186	-0.089656256	0.08540841	-0.10558865	0.12718487	-0.12375582	0.03579798	-0.04912887	0.052218266	-0.04747798	0.019119702	-0.033183224	0.04264365	-0.051586237	0.05285738	-0.019595994
-0.08682762	0.07397331	-0.11010511	0.13111094	-0.310009	0.068502694	-0.08989027	0.21707416	-0.30760798	0.99999976	-0.050056025	0.06825765	-0.06105406	0.15687726	-0.8556637	0.049560245	-0.056912534	0.054178458	-0.11050587	0.18110687	-0.046694767	0.06520924	-0.07612962	0.095140934	-0.07846049	0.057934865	-0.05490465	0.068295985	-0.08264408	0.09068309	-0.023387522	0.032278575	-0.034362696	0.031291	-0.01360256	0.021750337	-0.027902877	0.03421142	-0.03471616	0.014001172
0.1337965	-0.10647872	0.082469836	-0.07972116	0.10746663	-0.6628038	0.31453326	-0.107356325	0.08555387	-0.050056025	1.0	-0.63272184	0.10108684	-0.07419705	0.05841489	-0.15676846	0.1492127	-0.09035702	0.061497133	-0.1041374	0.08894244	-0.07541009	0.06640252	-0.06872882	0.05097664	-0.097050674	0.061678767	-0.06104155	0.0655356	-0.06012722	0.0301336	-0.035816006	0.031446166	-0.025585562	0.009683276	-0.028331881	0.030662697	-0.03127882	0.028381929	-0.0099066375
-0.14652179	0.10991631	-0.10272662	0.095151305	-0.14590646	0.32412145	-0.6031419	0.14658178	-0.12150866	0.06825765	-0.63272184	0.99999976	-0.15345222	0.09761663	-0.080754355	0.16028467	-0.21959865	0.124423325	-0.082201794	0.12924303	-0.105293155	0.09378357	-0.08690798	0.08899613	-0.06487349	0.11616405	-0.07747007	0.07799734	-0.085146286	0.07574941	-0.03757666	0.045030482	-0.04034982	0.03308935	-0.012346088	0.03518004	-0.03874512	0.03992297	-0.036872935	0.01260665
0.07198197	-0.055228032	0.06777994	-0.06521204	0.122944824	-0.10166429	0.12810037	-0.109414846	0.098789066	-0.06105406	0.10108684	-0.15345222	0.9999999	-0.15646678	0.07315529	-0.22359106	0.24105273	-0.85227853	0.13691027	-0.15906382	0.14845309	-0.1730472	0.186728	-0.17522515	0.09238318	-0.19317086	0.13437243	-0.15093812	0.1404754	-0.10930454	0.06069863	-0.07621145	0.06833853	-0.05402053	0.018225657	-0.057991352	0.06428661	-0.06871914	0.05886553	-0.018573474
-0.11280623	0.08573135	-0.12697333	0.12441988	-0.24335185	0.09156461	-0.13095555	0.22996321	-0.360125	0.15687726	-0.07419705	0.09761663	-0.15646678	0.9999997	-0.19988053	0.09561616	-0.1185508	0.13168825	-0.7180687	0.21470395	-0.098304614	0.14218898	-0.2274433	0.26893425	-0.13717642	0.114281006	-0.12757367	0.15818706	-0.21164888	0.1433236	-0.048293475	0.067099914	-0.076133415	0.07208406	-0.024292441	0.04379097	-0.05994033	0.07207976	-0.082434826	0.024466889
0.093715854	-0.081285425	0.11306709	-0.13699965	0.23895386	-0.08004038	0.1025977	-0.25572264	0.23582268	-0.8556637	0.05841489	-0.080754355	0.07315529	-0.19988053	0.99999946	-0.060254216	0.06860336	-0.065739475	0.12849003	-0.24163337	0.056975313	-0.080776	0.09226712	-0.1186423	0.09950157	-0.07132119	0.067407966	-0.08467282	0.10100032	-0.11635026	0.028753148	-0.039879356	0.042349137	-0.03850569	0.017193222	-0.026809676	0.034338847	-0.042419292	0.042481925	-0.017738596
-0.0714667	0.053711772	-0.061673768	0.05809852	-0.108927056	0.120008186	-0.14785047	0.08630385	-0.07883498	0.049560245	-0.15676846	0.16028467	-0.22359106	0.09561616	-0.060254216	0.99999964	-0.72056586	0.19447595	-0.088590585	0.11548813	-0.50075114	0.17868756	-0.13022202	0.11217173	-0.07101227	0.27079725	-0.1520063	0.11752241	-0.11731165	0.08163488	-0.074361995	0.07818818	-0.06068542	0.045204822	-0.014427799	0.067128375	-0.06861388	0.05898485	-0.05054359	0.014592024
0.07874333	-0.060331423	0.068943925	-0.065726675	0.12103491	-0.13548498	0.16002442	-0.10239804	0.09110126	-0.056912534	0.1492127	-0.21959865	0.24105273	-0.1185508	0.06860336	-0.72056586	0.9999996	-0.3352953	0.1064014	-0.14349459	0.27634695	-0.21659797	0.15318061	-0.1398169	0.08452616	-0.33612117	0.16632755	-0.14159676	0.13349931	-0.09946908	0.084945776	-0.09367089	0.07038679	-0.05238069	0.017117184	-0.08185608	0.07859057	-0.07039595	0.05762018	-0.017394114
-0.064584315	0.048883818	-0.060841225	0.057962712	-0.111942165	0.08652206	-0.11687423	0.09311428	-0.08794224	0.054178458	-0.09035702	0.124423325	-0.85227853	0.13168825	-0.065739475	0.19447595	-0.3352953	0.9999994	-0.13604654	0.12991245	-0.1380008	0.14998507	-0.21802843	0.15681143	-0.08100446	0.15756814	-0.12248183	0.13677742	-0.13277915	0.092978284	-0.05199852	0.065281235	-0.06153067	0.04907676	-0.015916526	0.04850399	-0.05645489	0.060064062	-0.054240506	0.016129779
0.08518391	-0.06557262	0.09385877	-0.093038954	0.17582053	-0.07514159	0.10328518	-0.19191429	0.19729725	-0.11050587	0.061497133	-0.082201794	0.13691027	-0.7180687	0.12849003	-0.088590585	0.1064014	-0.13604654	0.9999994	-0.22910093	0.09122738	-0.14777233	0.2234111	-0.49811247	0.13286896	-0.10951892	0.12244519	-0.165143	0.19246921	-0.144452	0.0448576	-0.063981846	0.07125122	-0.06675926	0.022895154	-0.04109642	0.05603786	-0.06928193	0.0733204	-0.023227995
-0.20217311	0.14326788	-0.21448855	0.19502653	-0.4792737	0.129002	-0.18409264	0.2115005	-0.2270083	0.18110687	-0.1041374	0.12924303	-0.15906382	0.21470395	-0.24163337	0.11548813	-0.14349459	0.12991245	-0.22910093	0.99999994	-0.117048375	0.15720233	-0.19569728	0.21091114	-0.49212682	0.1370099	-0.14426988	0.17783925	-0.26711455	0.28689563	-0.060352948	0.08253501	-0.0961052	0.095735036	-0.043701522	0.05461241	-0.074050054	0.090999	-0.11146739	0.04340948
0.05894314	-0.044400893	0.054696944	-0.05177212	0.101596214	-0.08351909	0.10288509	-0.07871006	0.07318378	-0.046694767	0.08894244	-0.105293155	0.14845309	-0.098304614	0.056975313	-0.50075114	0.27634695	-0.1380008	0.09122738	-0.117048375	1.0000002	-0.32625028	0.15434724	-0.12880561	0.07658913	-0.68826973	0.23340349	-0.15460613	0.13721366	-0.08931948	0.11224974	-0.11139709	0.07500851	-0.05285634	0.015951999	-0.105228536	0.094698794	-0.073751226	0.058386896	-0.016120216
-0.073418885	0.054453626	-0.07303787	0.06872214	-0.14354607	0.07758589	-0.10662124	0.10233209	-0.10143683	0.06520924	-0.07541009	0.09378357	-0.1730472	0.14218898	-0.080776	0.17868756	-0.21659797	0.14998507	-0.14777233	0.15720233	-0.32625028	0.9999999	-0.397174	0.21615192	-0.12084128	0.2750661	-0.67783934	0.28216192	-0.25777593	0.13531178	-0.11001721	0.15977226	-0.12461988	0.0892332	-0.024960026	0.09434204	-0.15001929	0.11419743	-0.10022288	0.024997428
0.075329944	-0.056662854	0.0779714	-0.07470146	0.15157661	-0.07396537	0.10016078	-0.12634203	0.122978725	-0.07612962	0.06640252	-0.08690798	0.186728	-0.2274433	0.09226712	-0.13022202	0.15318061	-0.21802843	0.2234111	-0.19569728	0.15434724	-0.397174	0.9999999	-0.5744964	0.14478864	-0.18432918	0.2567219	-0.49529433	0.28443646	-0.17160225	0.07233491	-0.11060206	0.122409865	-0.09728428	0.02824927	-0.0660359	0.0953191	-0.119845375	0.10274762	-0.028597414
-0.09095533	0.06764871	-0.096243255	0.091430336	-0.19218414	0.07919208	-0.11083067	0.14525056	-0.15975752	0.095140934	-0.06872882	0.08899613	-0.17522515	0.26893425	-0.1186423	0.11217173	-0.1398169	0.15681143	-0.49811247	0.21091114	-0.12880561	0.21615192	-0.5744964	0.99999976	-0.19052006	0.1469372	-0.19554321	0.26391515	-0.37271473	0.18595275	-0.06276645	0.09086611	-0.10792513	0.10472786	-0.031102987	0.056504726	-0.08156945	0.10045195	-0.11719175	0.031137675
0.08290869	-0.06005304	0.08748115	-0.08111509	0.18688488	-0.06143002	0.08558848	-0.10571338	0.106950186	-0.07846049	0.05097664	-0.06487349	0.09238318	-0.13717642	0.09950157	-0.07101227	0.08452616	-0.08100446	0.13286896	-0.49212682	0.07658913	-0.12084128	0.14478864	-0.19052006	1.0	-0.09446359	0.10645152	-0.15867023	0.22506155	-0.7653014	0.04067821	-0.059491266	0.07158506	-0.07806321	0.057872053	-0.03740002	0.051952854	-0.07075711	0.083078206	-0.059653763
-0.07294139	0.05423804	-0.06859106	0.0643601	-0.1300573	0.09147345	-0.12569793	0.094090715	-0.089656256	0.057934865	-0.097050674	0.11616405	-0.19317086	0.114281006	-0.07132119	0.27079725	-0.33612117	0.15756814	-0.10951892	0.1370099	-0.68826973	0.2750661	-0.18432918	0.1469372	-0.09446359	0.9999998	-0.38345578	0.18670765	-0.1803337	0.10710484	-0.18419762	0.1423082	-0.09760087	0.06763978	-0.019827476	0.13842879	-0.13152646	0.092336364	-0.076237924	0.019922825
0.060601864	-0.04520176	0.060541708	-0.05728482	0.11822052	-0.06462207	0.087100714	-0.08848154	0.08540841	-0.05490465	0.061678767	-0.07747007	0.13437243	-0.12757367	0.067407966	-0.1520063	0.16632755	-0.12248183	0.12244519	-0.14426988	0.23340349	-0.67783934	0.2567219	-0.19554321	0.10645152	-0.38345578	0.99999976	-0.42520493	0.22906573	-0.12832084	0.11454203	-0.22699274	0.12529247	-0.08388687	0.022828275	-0.10324276	0.16150153	-0.12189063	0.08978071	-0.023018805
-0.07229705	0.05352057	-0.074314214	0.070039794	-0.14907204	0.0674534	-0.09281039	0.10566218	-0.10558865	0.068295985	-0.06104155	0.07799734	-0.15093812	0.15818706	-0.08467282	0.11752241	-0.14159676	0.13677742	-0.165143	0.17783925	-0.15460613	0.28216192	-0.49529433	0.26391515	-0.15867023	0.18670765	-0.42520493	0.9999999	-0.5724513	0.18435341	-0.081373714	0.13099518	-0.20280546	0.13704188	-0.03328323	0.07289909	-0.11739373	0.161463	-0.14745575	0.033180818
0.08339517	-0.062224463	0.08698709	-0.08275356	0.1735052	-0.075677015	0.10248566	-0.13280347	0.12718487	-0.08264408	0.0655356	-0.085146286	0.1404754	-0.21164888	0.10100032	-0.11731165	0.13349931	-0.13277915	0.19246921	-0.26711455	0.13721366	-0.25777593	0.28443646	-0.37271473	0.22506155	-0.1803337	0.22906573	-0.5724513	1.0000002	-0.38002896	0.07483318	-0.11952317	0.15678088	-0.24578978	0.05055948	-0.06979772	0.101261094	-0.15918724	0.19337653	-0.051420927
-0.1007255	0.07233483	-0.1060619	0.09746521	-0.22936878	0.07216992	-0.10166342	0.11922393	-0.12375582	0.09068309	-0.06012722	0.07574941	-0.10930454	0.1433236	-0.11635026	0.08163488	-0.09946908	0.092978284	-0.144452	0.28689563	-0.08931948	0.13531178	-0.17160225	0.18595275	-0.7653014	0.10710484	-0.12832084	0.18435341	-0.38002896	1.0000005	-0.047557984	0.069038965	-0.08744438	0.10271632	-0.08060211	0.043221667	-0.06152343	0.0831048	-0.11417537	0.073891014
0.02745957	-0.020454971	0.026816197	-0.025269527	0.05201591	-0.030974703	0.04190955	-0.03770756	0.03579798	-0.023387522	0.0301336	-0.03757666	0.06069863	-0.048293475	0.028753148	-0.074361995	0.084945776	-0.05199852	0.0448576	-0.060352948	0.11224974	-0.11001721	0.07233491	-0.06276645	0.04067821	-0.18419762	0.11454203	-0.081373714	0.07483318	-0.047557984	1.0000007	-0.27805787	0.08073002	-0.037106905	0.009675307	-0.89860064	0.22842903	-0.08839053	0.04132101	-0.009735069
-0.036685318	0.027196862	-0.03658038	0.034399763	-0.07228252	0.03793398	-0.05203004	0.05078527	-0.04912887	0.032278575	-0.035816006	0.045030482	-0.07621145	0.067099914	-0.039879356	0.07818818	-0.09367089	0.065281235	-0.063981846	0.08253501	-0.11139709	0.15977226	-0.11060206	0.09086611	-0.059491266	0.1423082	-0.22699274	0.13099518	-0.11952317	0.069038965	-0.27805787	1.0000005	-0.19377923	0.067003764	-0.015595385	0.2233047	-0.84854007	0.17725869	-0.07660476	0.015572707
0.036951113	-0.027431298	0.03779748	-0.035685338	0.0755486	-0.03512731	0.04780481	-0.054107398	0.052218266	-0.034362696	0.031446166	-0.04034982	0.06833853	-0.076133415	0.042349137	-0.06068542	0.07038679	-0.06153067	0.07125122	-0.0961052	0.07500851	-0.12461988	0.122409865	-0.10792513	0.07158506	-0.09760087	0.12529247	-0.20280546	0.15678088	-0.08744438	0.08073002	-0.19377923	1.0000006	-0.19493257	0.026793156	-0.08185494	0.17146286	-0.8947399	0.16994956	-0.026884185
-0.03258036	0.024197867	-0.033795085	0.031978335	-0.06793852	0.029425839	-0.040042818	0.0493129	-0.04747798	0.031291	-0.025585562	0.03308935	-0.05402053	0.07208406	-0.03850569	0.045204822	-0.05238069	0.04907676	-0.06675926	0.095735036	-0.05285634	0.0892332	-0.09728428	0.10472786	-0.07806321	0.06763978	-0.08388687	0.13704188	-0.24578978	0.10271632	-0.037106905	0.067003764	-0.19493257	1.0000005	-0.07316598	0.03523126	-0.060378276	0.16289282	-0.9151773	0.06984464
0.014838348	-0.010775633	0.015547485	-0.014424462	0.03289284	-0.011496211	0.01595383	-0.019112626	0.019119702	-0.01360256	0.009683276	-0.012346088	0.018225657	-0.024292441	0.017193222	-0.014427799	0.017117184	-0.015916526	0.022895154	-0.043701522	0.015951999	-0.024960026	0.02824927	-0.031102987	0.057872053	-0.019827476	0.022828275	-0.03328323	0.05055948	-0.08060211	0.009675307	-0.015595385	0.026793156	-0.07316598	1.0000005	-0.009017589	0.013775535	-0.027438665	0.074378386	-0.9884612
-0.025806682	0.019169634	-0.02514478	0.023633322	-0.04890046	0.02890762	-0.039652407	0.03473535	-0.033183224	0.021750337	-0.028331881	0.03518004	-0.057991352	0.04379097	-0.026809676	0.067128375	-0.08185608	0.04850399	-0.04109642	0.05461241	-0.105228536	0.09434204	-0.0660359	0.056504726	-0.03740002	0.13842879	-0.10324276	0.07289909	-0.06979772	0.043221667	-0.89860064	0.2233047	-0.08185494	0.03523126	-0.009017589	1.0000004	-0.31556147	0.08492976	-0.03980886	0.0090469085
0.0313416	-0.023315268	0.03131097	-0.029540187	0.061597656	-0.032703463	0.04434681	-0.044523533	0.04264365	-0.027902877	0.030662697	-0.03874512	0.06428661	-0.05994033	0.034338847	-0.06861388	0.07859057	-0.05645489	0.05603786	-0.074050054	0.094698794	-0.15001929	0.0953191	-0.08156945	0.051952854	-0.13152646	0.16150153	-0.11739373	0.101261094	-0.06152343	0.22842903	-0.84854007	0.17146286	-0.060378276	0.013775535	-0.31556147	1.0000005	-0.22468485	0.0672489	-0.013820835
-0.037322886	0.02757293	-0.038150318	0.03585361	-0.07688156	0.034817584	-0.047855724	0.052697416	-0.051586237	0.03421142	-0.03127882	0.03992297	-0.06871914	0.07207976	-0.042419292	0.05898485	-0.07039595	0.060064062	-0.06928193	0.090999	-0.073751226	0.11419743	-0.119845375	0.10045195	-0.07075711	0.092336364	-0.12189063	0.161463	-0.15918724	0.0831048	-0.08839053	0.17725869	-0.8947399	0.16289282	-0.027438665	0.08492976	-0.22468485	1.0000005	-0.19638138	0.027119895
0.035775457	-0.026679046	0.03712899	-0.03526752	0.074127056	-0.032778807	0.044293016	-0.055779107	0.05285738	-0.03471616	0.028381929	-0.036872935	0.05886553	-0.082434826	0.042481925	-0.05054359	0.05762018	-0.054240506	0.0733204	-0.11146739	0.058386896	-0.10022288	0.10274762	-0.11719175	0.083078206	-0.076237924	0.08978071	-0.14745575	0.19337653	-0.11417537	0.04132101	-0.07660476	0.16994956	-0.9151773	0.074378386	-0.03980886	0.0672489	-0.19638138	1.0000006	-0.08108435
-0.015352803	0.011128732	-0.016091084	0.014903721	-0.03415854	0.011770831	-0.016375106	0.019487383	-0.019595994	0.014001172	-0.0099066375	0.01260665	-0.018573474	0.024466889	-0.017738596	0.014592024	-0.017394114	0.016129779	-0.023227995	0.04340948	-0.016120216	0.024997428	-0.028597414	0.031137675	-0.059653763	0.019922825	-0.023018805	0.033180818	-0.051420927	0.073891014	-0.009735069	0.015572707	-0.026884185	0.06984464	-0.9884612	0.0090469085	-0.013820835	0.027119895	-0.08108435	1.0000006
