1.0	-0.7299318	0.16078037	-0.13789843	0.087782264	-0.5586342	0.26571578	-0.17008625	0.15680242	-0.08941218	0.19047505	-0.16843596	0.14064784	-0.14010273	0.083601326	-0.12838341	0.12975955	-0.08436474	0.07798824	-0.101399854	0.08153923	-0.09848769	0.087161064	-0.07890766	0.049337327	-0.07299795	0.06681343	-0.05377021	0.0739693	-0.044551704	0.042334963	-0.038035817	0.05591417	-0.044977967	0.043886133	-0.030038537	0.027620016	-0.04049703	0.037501138	-0.04871545
-0.7299318	1.0000002	-0.26090723	0.17392519	-0.11741921	0.3138841	-0.40785748	0.21088286	-0.21669586	0.11362848	-0.2242288	0.19680162	-0.1811842	0.16753852	-0.10416146	0.1405215	-0.16390458	0.103918046	-0.09816917	0.12117625	-0.10086526	0.11742683	-0.11090247	0.09698631	-0.061879776	0.08824892	-0.08504917	0.06742982	-0.095095776	0.055228207	-0.053185217	0.047433976	-0.0713382	0.056816682	-0.055401195	0.03726762	-0.034697875	0.05079749	-0.04752809	0.060490392
0.16078037	-0.26090723	1.0000001	-0.7853361	0.2275324	-0.17941058	0.19729282	-0.3120157	0.25709802	-0.24006546	0.14244696	-0.16709729	0.1731819	-0.20693463	0.14225812	-0.106460534	0.12273907	-0.10114622	0.095693104	-0.17232707	0.081727065	-0.101713106	0.10238459	-0.097004026	0.066700965	-0.078232795	0.073416494	-0.06168192	0.08703392	-0.060797386	0.04633647	-0.042305358	0.06433502	-0.053886943	0.054352764	-0.03351457	0.03069016	-0.048440784	0.044649694	-0.06137185
-0.13789843	0.17392519	-0.7853361	0.9999996	-0.3691038	0.14310946	-0.17401323	0.2225388	-0.3138126	0.23682317	-0.13155508	0.14227013	-0.15783963	0.18183449	-0.13823357	0.09467656	-0.11398625	0.090684175	-0.08813343	0.14993277	-0.07545817	0.091132395	-0.09540651	0.08714252	-0.061275292	0.07080522	-0.06886389	0.05696458	-0.0821207	0.054833565	-0.043007813	0.03900093	-0.06026982	0.049881093	-0.050212648	0.030750426	-0.02845363	0.044528034	-0.041464254	0.0556119
0.087782264	-0.11741921	0.2275324	-0.3691038	0.99999934	-0.11151451	0.12412233	-0.17133833	0.22945823	-0.81495434	0.10369389	-0.12007461	0.13013142	-0.20013341	0.20159647	-0.07937155	0.094272144	-0.082951635	0.08197874	-0.22622487	0.06508908	-0.08088166	0.08577368	-0.082914814	0.068146445	-0.064010166	0.061376568	-0.052817225	0.07655313	-0.06213182	0.038483772	-0.03541056	0.05549292	-0.047935337	0.04994051	-0.027989086	0.025654946	-0.042789727	0.039478887	-0.056590177
-0.5586342	0.3138841	-0.17941058	0.14310946	-0.11151451	0.9999994	-0.51244104	0.22764616	-0.22723456	0.10974247	-0.4005011	0.24053863	-0.20802063	0.1856473	-0.110872634	0.19786891	-0.20939058	0.12049243	-0.11218854	0.13049571	-0.12490205	0.14366472	-0.12695444	0.11077378	-0.06879117	0.105725765	-0.09909218	0.07782161	-0.10778674	0.06154767	-0.062308494	0.055352055	-0.08168691	0.06458173	-0.06246062	0.043471165	-0.040357232	0.057883162	-0.054012194	0.06831456
0.26571578	-0.40785748	0.19729282	-0.17401323	0.12412233	-0.51244104	0.99999917	-0.47135437	0.2584792	-0.13024169	0.24456781	-0.41450912	0.26498568	-0.23471767	0.12870406	-0.17557637	0.19016853	-0.1343551	0.12122068	-0.15499361	0.11428107	-0.1424239	0.13065186	-0.1195413	0.07209392	-0.102982566	0.09388137	-0.07639749	0.10499187	-0.06524896	0.05948504	-0.053637967	0.079051055	-0.06417572	0.062873036	-0.042373605	0.038862262	-0.057778917	0.053351395	-0.07015892
-0.17008625	0.21088286	-0.3120157	0.2225388	-0.17133833	0.22764616	-0.47135437	0.99999905	-0.5804185	0.17341393	-0.20466809	0.26995432	-0.4239788	0.26739094	-0.15229613	0.14418112	-0.1754488	0.14493254	-0.13528411	0.16936314	-0.107590094	0.13118011	-0.1407395	0.12485879	-0.07626809	0.09779387	-0.09327602	0.07642499	-0.10799343	0.06833059	-0.058395866	0.052698955	-0.080020554	0.06540075	-0.064697474	0.04149716	-0.03834843	0.058483403	-0.054341417	0.071589015
0.15680242	-0.21669586	0.25709802	-0.3138126	0.22945823	-0.22723456	0.2584792	-0.5804185	0.99999887	-0.31732175	0.18966536	-0.25046498	0.2705273	-0.44128612	0.21363805	-0.14726035	0.17026474	-0.15640287	0.14885701	-0.25250798	0.11311571	-0.14315972	0.14985041	-0.1467782	0.0950359	-0.10922561	0.101728976	-0.08637779	0.12157061	-0.08670445	0.06426071	-0.05887561	0.08955852	-0.07559703	0.07633583	-0.046658218	0.042596996	-0.06795243	0.062444773	-0.086553074
-0.08941218	0.11362848	-0.24006546	0.23682317	-0.81495434	0.10974247	-0.13024169	0.17341393	-0.31732175	0.999999	-0.108308606	0.120998465	-0.137909	0.19970345	-0.28501987	0.08078543	-0.09825827	0.084377244	-0.08493245	0.21133253	-0.06706555	0.08166684	-0.08902639	0.08332358	-0.06878289	0.06473616	-0.06355799	0.05388872	-0.07936897	0.060861845	-0.039542403	0.036165774	-0.05719066	0.048755966	-0.05060251	0.028480679	-0.026310347	0.04326919	-0.04027594	0.0561945
0.19047505	-0.2242288	0.14244696	-0.13155508	0.10369389	-0.4005011	0.24456781	-0.20466809	0.18966536	-0.108308606	0.99999905	-0.38129956	0.22586203	-0.23585343	0.12787282	-0.6177748	0.299027	-0.15941511	0.13726477	-0.16479492	0.1888349	-0.23499657	0.15470563	-0.14461161	0.08395437	-0.16443795	0.12795559	-0.10252888	0.1298515	-0.077050135	0.083882146	-0.07548927	0.10183009	-0.081138946	0.07739531	-0.059905943	0.053716455	-0.07417256	0.06737222	-0.08764146
-0.16843596	0.19680162	-0.16709729	0.14227013	-0.12007461	0.24053863	-0.41450912	0.26995432	-0.25046498	0.120998465	-0.38129956	0.9999992	-0.6088777	0.25965542	-0.14440687	0.23301455	-0.34414336	0.18387009	-0.16496737	0.16149439	-0.15385987	0.18730626	-0.17613573	0.14866017	-0.085054114	0.12846698	-0.12019451	0.09495415	-0.1311824	0.07576974	-0.07528012	0.06692097	-0.09897418	0.07858628	-0.07596474	0.052434262	-0.04865205	0.07029573	-0.06550484	0.08308838
0.14064784	-0.1811842	0.1731819	-0.15783963	0.13013142	-0.20802063	0.26498568	-0.4239788	0.2705273	-0.137909	0.22586203	-0.6088777	0.999999	-0.4450508	0.1759043	-0.17772487	0.21511205	-0.25742158	0.18884487	-0.20196623	0.12584881	-0.1638677	0.182547	-0.1665697	0.088582546	-0.11607836	0.106550336	-0.08900341	0.123009734	-0.08000195	0.06711461	-0.0609665	0.09129143	-0.07538297	0.07424729	-0.048081294	0.044020504	-0.067612804	0.062260572	-0.083131075
-0.14010273	0.16753852	-0.20693463	0.18183449	-0.20013341	0.1856473	-0.23471767	0.26739094	-0.44128612	0.19970345	-0.23585343	0.25965542	-0.4450508	0.999999	-0.4412994	0.16948213	-0.22413589	0.21370882	-0.26754862	0.2842152	-0.14476591	0.17022811	-0.2184384	0.19464853	-0.12703499	0.13302362	-0.13675518	0.11249469	-0.16937448	0.10799949	-0.083579004	0.0754129	-0.12085111	0.099528305	-0.10037648	0.058853403	-0.05523666	0.0874065	-0.08265646	0.10736082
0.083601326	-0.10416146	0.14225812	-0.13823357	0.20159647	-0.110872634	0.12870406	-0.15229613	0.21363805	-0.28501987	0.12787282	-0.14440687	0.1759043	-0.4412994	0.9999986	-0.097618885	0.12245694	-0.116930075	0.1254311	-0.7645633	0.08649133	-0.10533098	0.1226584	-0.119393885	0.1339169	-0.086271904	0.086592264	-0.07638298	0.116425484	-0.1199499	0.0533697	-0.04940696	0.08147941	-0.07336306	0.08013365	-0.038683277	0.03574287	-0.06413379	0.059667617	-0.08962052
-0.12838341	0.1405215	-0.106460534	0.09467656	-0.07937155	0.19786891	-0.17557637	0.14418112	-0.14726035	0.08078543	-0.6177748	0.23301455	-0.17772487	0.16948213	-0.097618885	0.9999989	-0.59582233	0.14953627	-0.13017327	0.121436246	-0.28587008	0.25717282	-0.15246712	0.12925465	-0.07460146	0.17052506	-0.13884991	0.1015611	-0.12870798	0.067371175	-0.08948653	0.076896325	-0.103041366	0.07793989	-0.072493695	0.05986866	-0.055145238	0.0704966	-0.065170236	0.07941205
0.12975955	-0.16390458	0.12273907	-0.11398625	0.094272144	-0.20939058	0.19016853	-0.1754488	0.17026474	-0.09825827	0.299027	-0.34414336	0.21511205	-0.22413589	0.12245694	-0.59582233	0.9999991	-0.2411597	0.17157899	-0.15728141	0.24876156	-0.46714568	0.19460183	-0.17380959	0.08958903	-0.19518091	0.15259555	-0.11817361	0.14635421	-0.08191433	0.09875434	-0.087567754	0.11639639	-0.09071208	0.08490644	-0.06882293	0.062166773	-0.08270296	0.075297646	-0.09524067
-0.08436474	0.103918046	-0.10114622	0.090684175	-0.082951635	0.12049243	-0.1343551	0.14493254	-0.15640287	0.084377244	-0.15941511	0.18387009	-0.25742158	0.21370882	-0.116930075	0.14953627	-0.2411597	0.99999887	-0.6823816	0.1354651	-0.12505755	0.16895911	-0.5248188	0.31667122	-0.08929607	0.11382619	-0.11035687	0.09847911	-0.134518	0.079402074	-0.06715346	0.061540395	-0.09673472	0.080397315	-0.07617989	0.04791665	-0.044123687	0.07103826	-0.06519048	0.084744185
0.07798824	-0.09816917	0.095693104	-0.08813343	0.08197874	-0.11218854	0.12122068	-0.13528411	0.14885701	-0.08493245	0.13726477	-0.16496737	0.18884487	-0.26754862	0.1254311	-0.13017327	0.17157899	-0.6823816	0.99999887	-0.15008816	0.11023889	-0.1512759	0.3206949	-0.5546443	0.09747881	-0.10753514	0.10237924	-0.09439977	0.13557798	-0.08772184	0.0630276	-0.05865212	0.093001075	-0.082029216	0.07775932	-0.04587212	0.041837372	-0.07171622	0.06510104	-0.088239156
-0.101399854	0.12117625	-0.17232707	0.14993277	-0.22622487	0.13049571	-0.15499361	0.16936314	-0.25250798	0.21133253	-0.16479492	0.16149439	-0.20196623	0.2842152	-0.7645633	0.121436246	-0.15728141	0.1354651	-0.15008816	0.99999887	-0.11284668	0.13144098	-0.15730634	0.14193967	-0.2209175	0.110507466	-0.117509276	0.101409696	-0.16405755	0.15476336	-0.07109803	0.06529586	-0.111255415	0.09868733	-0.11003828	0.050729185	-0.047623377	0.084670566	-0.080652915	0.11509856
0.08153923	-0.10086526	0.081727065	-0.07545817	0.06508908	-0.12490205	0.11428107	-0.107590094	0.11311571	-0.06706555	0.1888349	-0.15385987	0.12584881	-0.14476591	0.08649133	-0.28587008	0.24876156	-0.12505755	0.11023889	-0.11284668	0.9999988	-0.62413	0.151946	-0.13412222	0.08371115	-0.5746681	0.22702126	-0.15960442	0.16177061	-0.07712782	0.16121069	-0.13825397	0.14304939	-0.10318809	0.09032477	-0.10620498	0.09171675	-0.09597344	0.08561793	-0.10074083
-0.09848769	0.11742683	-0.101713106	0.091132395	-0.08088166	0.14366472	-0.1424239	0.13118011	-0.14315972	0.08166684	-0.23499657	0.18730626	-0.1638677	0.17022811	-0.10533098	0.25717282	-0.46714568	0.16895911	-0.1512759	0.13144098	-0.62413	0.9999991	-0.23953405	0.17325626	-0.106661454	0.28034434	-0.26462248	0.17015944	-0.21214771	0.09524535	-0.16025344	0.13139641	-0.17616951	0.12471419	-0.11212978	0.09980081	-0.09525435	0.111784585	-0.10525142	0.11855851
0.087161064	-0.11090247	0.10238459	-0.09540651	0.08577368	-0.12695444	0.13065186	-0.1407395	0.14985041	-0.08902639	0.15470563	-0.17613573	0.182547	-0.2184384	0.1226584	-0.15246712	0.19460183	-0.5248188	0.3206949	-0.15730634	0.151946	-0.23953405	0.99999905	-0.66667414	0.12074576	-0.1535678	0.14292522	-0.14720936	0.17732905	-0.111654244	0.086857684	-0.082189456	0.12888545	-0.111788474	0.10297376	-0.0640918	0.057714473	-0.099769495	0.08836764	-0.1200986
-0.07890766	0.09698631	-0.097004026	0.08714252	-0.082914814	0.11077378	-0.1195413	0.12485879	-0.1467782	0.08332358	-0.14461161	0.14866017	-0.1665697	0.19464853	-0.119393885	0.12925465	-0.17380959	0.31667122	-0.5546443	0.14193967	-0.13412222	0.17325626	-0.66667414	0.9999986	-0.15135656	0.132253	-0.13900855	0.13202175	-0.22024858	0.12288464	-0.0820697	0.07671958	-0.13194579	0.11771699	-0.11031038	0.059078425	-0.05482335	0.09918433	-0.0922647	0.11962617
0.049337327	-0.061879776	0.066700965	-0.061275292	0.068146445	-0.06879117	0.07209392	-0.07626809	0.0950359	-0.06878289	0.08395437	-0.085054114	0.088582546	-0.12703499	0.1339169	-0.07460146	0.08958903	-0.08929607	0.09747881	-0.2209175	0.08371115	-0.106661454	0.12074576	-0.15135656	0.99999833	-0.106119074	0.10745686	-0.12332193	0.2074431	-0.861066	0.06580392	-0.06640703	0.12990272	-0.16064295	0.21294706	-0.05096876	0.045772407	-0.12861586	0.116854005	-0.24641067
-0.07299795	0.08824892	-0.078232795	0.07080522	-0.064010166	0.105725765	-0.102982566	0.09779387	-0.10922561	0.06473616	-0.16443795	0.12846698	-0.11607836	0.13302362	-0.086271904	0.17052506	-0.19518091	0.11382619	-0.10753514	0.110507466	-0.5746681	0.28034434	-0.1535678	0.132253	-0.106119074	0.9999984	-0.4861916	0.23376115	-0.2390636	0.096229404	-0.33816022	0.22006506	-0.22518623	0.14537428	-0.12317437	0.16048867	-0.14930753	0.13227297	-0.12224948	0.13019486
0.06681343	-0.08504917	0.073416494	-0.06886389	0.061376568	-0.09909218	0.09388137	-0.09327602	0.101728976	-0.06355799	0.12795559	-0.12019451	0.106550336	-0.13675518	0.086592264	-0.13884991	0.15259555	-0.11035687	0.10237924	-0.117509276	0.22702126	-0.26462248	0.14292522	-0.13900855	0.10745686	-0.4861916	0.9999983	-0.60688037	0.24052508	-0.10480099	0.22279698	-0.28888172	0.2639937	-0.17966421	0.13605511	-0.1640301	0.14814188	-0.17451447	0.14044957	-0.1605542
-0.05377021	0.06742982	-0.06168192	0.05696458	-0.052817225	0.07782161	-0.07639749	0.07642499	-0.08637779	0.05388872	-0.10252888	0.09495415	-0.08900341	0.11249469	-0.07638298	0.1015611	-0.11817361	0.09847911	-0.09439977	0.101409696	-0.15960442	0.17015944	-0.14720936	0.13202175	-0.12332193	0.23376115	-0.60688037	0.99999833	-0.38812438	0.11860927	-0.16408768	0.17511378	-0.5385224	0.23376231	-0.16681093	0.11279703	-0.11189816	0.20844078	-0.18482089	0.17672156
0.0739693	-0.095095776	0.08703392	-0.0821207	0.07655313	-0.10778674	0.10499187	-0.10799343	0.12157061	-0.07936897	0.1298515	-0.1311824	0.123009734	-0.16937448	0.116425484	-0.12870798	0.14635421	-0.134518	0.13557798	-0.16405755	0.16177061	-0.21214771	0.17732905	-0.22024858	0.2074431	-0.2390636	0.24052508	-0.38812438	0.99999857	-0.2646536	0.14125633	-0.15180473	0.303053	-0.53567344	0.26670852	-0.11329315	0.09912572	-0.30599636	0.2530314	-0.33436716
-0.044551704	0.055228207	-0.060797386	0.054833565	-0.06213182	0.06154767	-0.06524896	0.06833059	-0.08670445	0.060861845	-0.077050135	0.07576974	-0.08000195	0.10799949	-0.1199499	0.067371175	-0.08191433	0.079402074	-0.08772184	0.15476336	-0.07712782	0.09524535	-0.111654244	0.12288464	-0.861066	0.096229404	-0.10480099	0.11860927	-0.2646536	0.99999845	-0.062045798	0.062295664	-0.13169138	0.16464612	-0.29025295	0.047076147	-0.043118745	0.12046102	-0.1170783	0.21600857
0.042334963	-0.053185217	0.04633647	-0.043007813	0.038483772	-0.062308494	0.05948504	-0.058395866	0.06426071	-0.039542403	0.083882146	-0.07528012	0.06711461	-0.083579004	0.0533697	-0.08948653	0.09875434	-0.06715346	0.0630276	-0.07109803	0.16121069	-0.16025344	0.086857684	-0.0820697	0.06580392	-0.33816022	0.22279698	-0.16408768	0.14125633	-0.062045798	0.99999845	-0.69691753	0.16113122	-0.10493611	0.08290239	-0.47428617	0.29951975	-0.102980345	0.085256465	-0.09500907
-0.038035817	0.047433976	-0.042305358	0.03900093	-0.03541056	0.055352055	-0.053637967	0.052698955	-0.05887561	0.036165774	-0.07548927	0.06692097	-0.0609665	0.0754129	-0.04940696	0.076896325	-0.087567754	0.061540395	-0.05865212	0.06529586	-0.13825397	0.13139641	-0.082189456	0.07671958	-0.06640703	0.22006506	-0.28888172	0.17511378	-0.15180473	0.062295664	-0.69691753	0.99999833	-0.20708407	0.11186237	-0.08642406	0.30815268	-0.49577567	0.10800933	-0.091662414	0.095417224
0.05591417	-0.0713382	0.06433502	-0.06026982	0.05549292	-0.08168691	0.079051055	-0.080020554	0.08955852	-0.05719066	0.10183009	-0.09897418	0.09129143	-0.12085111	0.08147941	-0.103041366	0.11639639	-0.09673472	0.093001075	-0.111255415	0.14304939	-0.17616951	0.12888545	-0.13194579	0.12990272	-0.22518623	0.2639937	-0.5385224	0.303053	-0.13169138	0.16113122	-0.20708407	0.9999981	-0.44440144	0.21558653	-0.12211045	0.11470325	-0.44444573	0.2722322	-0.2579656
-0.044977967	0.056816682	-0.053886943	0.049881093	-0.047935337	0.06458173	-0.06417572	0.06540075	-0.07559703	0.048755966	-0.081138946	0.07858628	-0.07538297	0.099528305	-0.07336306	0.07793989	-0.09071208	0.080397315	-0.082029216	0.09868733	-0.10318809	0.12471419	-0.111788474	0.11771699	-0.16064295	0.14537428	-0.17966421	0.23376231	-0.53567344	0.16464612	-0.10493611	0.11186237	-0.44440144	0.9999979	-0.42734373	0.07758765	-0.07416582	0.2951874	-0.4542825	0.29386145
0.043886133	-0.055401195	0.054352764	-0.050212648	0.04994051	-0.06246062	0.062873036	-0.064697474	0.07633583	-0.05060251	0.07739531	-0.07596474	0.07424729	-0.10037648	0.08013365	-0.072493695	0.08490644	-0.07617989	0.07775932	-0.11003828	0.09032477	-0.11212978	0.10297376	-0.11031038	0.21294706	-0.12317437	0.13605511	-0.16681093	0.26670852	-0.29025295	0.08290239	-0.08642406	0.21558653	-0.42734373	0.9999979	-0.06375997	0.05867118	-0.2308613	0.23566774	-0.7541704
-0.030038537	0.03726762	-0.03351457	0.030750426	-0.027989086	0.043471165	-0.042373605	0.04149716	-0.046658218	0.028480679	-0.059905943	0.052434262	-0.048081294	0.058853403	-0.038683277	0.05986866	-0.06882293	0.04791665	-0.04587212	0.050729185	-0.10620498	0.09980081	-0.0640918	0.059078425	-0.05096876	0.16048867	-0.1640301	0.11279703	-0.11329315	0.047076147	-0.47428617	0.30815268	-0.12211045	0.07758765	-0.06375997	0.99999774	-0.79490256	0.07497891	-0.065501876	0.06986207
0.027620016	-0.034697875	0.03069016	-0.02845363	0.025654946	-0.040357232	0.038862262	-0.03834843	0.042596996	-0.026310347	0.053716455	-0.04865205	0.044020504	-0.05523666	0.03574287	-0.055145238	0.062166773	-0.044123687	0.041837372	-0.047623377	0.09171675	-0.09525435	0.057714473	-0.05482335	0.045772407	-0.14930753	0.14814188	-0.11189816	0.09912572	-0.043118745	0.29951975	-0.49577567	0.11470325	-0.07416582	0.05867118	-0.79490256	0.9999979	-0.074319065	0.06124431	-0.06700221
-0.04049703	0.05079749	-0.048440784	0.044528034	-0.042789727	0.057883162	-0.057778917	0.058483403	-0.06795243	0.04326919	-0.07417256	0.07029573	-0.067612804	0.0874065	-0.06413379	0.0704966	-0.08270296	0.07103826	-0.07171622	0.084670566	-0.09597344	0.111784585	-0.099769495	0.09918433	-0.12861586	0.13227297	-0.17451447	0.20844078	-0.30599636	0.12046102	-0.102980345	0.10800933	-0.44444573	0.2951874	-0.2308613	0.07497891	-0.074319065	0.9999981	-0.7456386	0.23172556
0.037501138	-0.04752809	0.044649694	-0.041464254	0.039478887	-0.054012194	0.053351395	-0.054341417	0.062444773	-0.04027594	0.06737222	-0.06550484	0.062260572	-0.08265646	0.059667617	-0.065170236	0.075297646	-0.06519048	0.06510104	-0.080652915	0.08561793	-0.10525142	0.08836764	-0.0922647	0.116854005	-0.12224948	0.14044957	-0.18482089	0.2530314	-0.1170783	0.085256465	-0.091662414	0.2722322	-0.4542825	0.23566774	-0.065501876	0.06124431	-0.7456386	0.9999981	-0.33029738
-0.04871545	0.060490392	-0.06137185	0.0556119	-0.056590177	0.06831456	-0.07015892	0.071589015	-0.086553074	0.0561945	-0.08764146	0.08308838	-0.083131075	0.10736082	-0.08962052	0.07941205	-0.09524067	0.084744185	-0.088239156	0.11509856	-0.10074083	0.11855851	-0.1200986	0.11962617	-0.24641067	0.13019486	-0.1605542	0.17672156	-0.33436716	0.21600857	-0.09500907	0.095417224	-0.2579656	0.29386145	-0.7541704	0.06986207	-0.06700221	0.23172556	-0.33029738	0.9999981
