1.0	-0.6202723	0.24643843	-0.29367048	0.20758174	-0.2681373	0.32189825	-0.28786978	0.20859854	-0.16982302	0.18246146	-0.39052945	0.22696	-0.25270817	0.18331093	-0.16218516	0.1652452	-0.23601416	0.18367828	-0.12844871	0.17296703	-0.15724097	0.18167004	-0.14718194	0.1289497	-0.14393108	0.12217114	-0.19198811	0.15948583	-0.16298318	0.08205675	-0.09217334	0.119690485	-0.1308107	0.114879645	-0.05314492	0.055122267	-0.09525098	0.091120705	-0.16992266
-0.6202723	1.0000002	-0.3781086	0.25508478	-0.18588893	0.1619512	-0.5718743	0.25601128	-0.18327622	0.13939433	-0.12639111	0.2408915	-0.17465153	0.18448326	-0.14938189	0.105764546	-0.11305173	0.16061254	-0.14417148	0.09909661	-0.1183934	0.10381012	-0.12394614	0.0951316	-0.08521233	0.090642355	-0.07869881	0.12015111	-0.10349756	0.10115807	-0.052401073	0.058140818	-0.07582998	0.08133902	-0.071534164	0.033578325	-0.03511372	0.05899335	-0.05729492	0.10275522
0.24643843	-0.3781086	1.0000001	-0.7457747	0.20782964	-0.11273968	0.25765973	-0.40194073	0.21829931	-0.16306673	0.09160656	-0.20572297	0.1806583	-0.20055021	0.14497668	-0.08467564	0.09353231	-0.15179586	0.13495328	-0.09704921	0.09737711	-0.08779193	0.11014811	-0.08301073	0.074222766	-0.07626197	0.0665448	-0.102612495	0.08839533	-0.086299784	0.04419997	-0.04902865	0.0644582	-0.06895135	0.06073067	-0.02827824	0.029610937	-0.049867336	0.04852671	-0.086641885
-0.29367048	0.25508478	-0.7457747	0.99999994	-0.33072993	0.12143354	-0.27960312	0.27988485	-0.29094496	0.20228663	-0.1012234	0.2123163	-0.19128022	0.21502978	-0.18514024	0.09306232	-0.10399361	0.16060628	-0.16600488	0.1177326	-0.10940882	0.09703585	-0.12247027	0.09194511	-0.08346202	0.08418836	-0.07384662	0.112940244	-0.09925066	0.09559695	-0.049190328	0.054362368	-0.07172297	0.07642859	-0.06749522	0.03140409	-0.032969248	0.055293947	-0.05407882	0.09562794
0.20758174	-0.18588893	0.20782964	-0.33072993	1.0	-0.13797529	0.2101169	-0.2726913	0.28056487	-0.69684637	0.11309238	-0.2858438	0.20862503	-0.29871708	0.2684533	-0.11478441	0.12581287	-0.21287745	0.20560797	-0.19613355	0.13245331	-0.12442386	0.1545812	-0.12675552	0.11159103	-0.115099385	0.09832587	-0.15796135	0.13220653	-0.13667889	0.066136636	-0.074308425	0.098236896	-0.10744215	0.09506396	-0.042761892	0.044455282	-0.077891886	0.07469193	-0.13961571
-0.2681373	0.1619512	-0.11273968	0.12143354	-0.13797529	1.0000001	-0.2520512	0.15380374	-0.12535347	0.103704296	-0.79229146	0.2323596	-0.15157296	0.14050606	-0.13514543	0.2611706	-0.25849736	0.16615534	-0.13963567	0.089990176	-0.2527777	0.17168607	-0.15194955	0.10489429	-0.09525643	0.1195002	-0.108530335	0.13595349	-0.1179709	0.104877494	-0.0668894	0.071752496	-0.08611784	0.08777421	-0.07525634	0.041472442	-0.043826472	0.06317976	-0.06266841	0.10247799
0.32189825	-0.5718743	0.25765973	-0.27960312	0.2101169	-0.2520512	0.99999994	-0.45680407	0.23287918	-0.17444238	0.1737556	-0.3835572	0.24573779	-0.26383954	0.18152097	-0.1481366	0.15401575	-0.2297341	0.18014437	-0.12542915	0.15894805	-0.14271958	0.1687686	-0.13034855	0.11483326	-0.12455207	0.10741736	-0.16550368	0.13926227	-0.1381849	0.07123817	-0.07939033	0.10305495	-0.11096605	0.09725708	-0.04575648	0.047699526	-0.08039831	0.07765412	-0.14057007
-0.28786978	0.25601128	-0.40194073	0.27988485	-0.2726913	0.15380374	-0.45680407	0.9999998	-0.45897326	0.21539201	-0.13134187	0.28571945	-0.42445892	0.2999206	-0.21772578	0.12122454	-0.13976306	0.23240669	-0.2083461	0.14050655	-0.1435184	0.1278103	-0.17054245	0.11865151	-0.10803972	0.106570154	-0.09483973	0.14306788	-0.12624966	0.11905172	-0.062366746	0.06857314	-0.09062235	0.09539625	-0.08410946	0.03957251	-0.041685876	0.068762474	-0.06766096	0.11722453
0.20859854	-0.18327622	0.21829931	-0.29094496	0.28056487	-0.12535347	0.23287918	-0.45897326	1.0	-0.40374902	0.105777	-0.26330754	0.26621172	-0.62182826	0.22327405	-0.10345852	0.11713637	-0.20856039	0.1957376	-0.15018854	0.12089632	-0.11104203	0.144271	-0.1071037	0.095734954	-0.09538854	0.08367045	-0.12959999	0.11159526	-0.108879	0.055337053	-0.061338928	0.08105686	-0.08643713	0.07623321	-0.03533241	0.03704289	-0.062336385	0.060775362	-0.107993476
-0.16982302	0.13939433	-0.16306673	0.20228663	-0.69684637	0.103704296	-0.17444238	0.21539201	-0.40374902	0.99999994	-0.086763956	0.20668395	-0.17316288	0.25008804	-0.43576938	0.087222256	-0.09761342	0.16507703	-0.21836774	0.19730544	-0.102585495	0.09488813	-0.12107924	0.09656916	-0.08723492	0.085262746	-0.07382703	0.11664087	-0.10015317	0.100989245	-0.049409814	0.05512269	-0.07316919	0.07913773	-0.07024914	0.03174922	-0.033166282	0.057201847	-0.055376217	0.10113969
0.18246146	-0.12639111	0.09160656	-0.1012234	0.11309238	-0.79229146	0.1737556	-0.13134187	0.105777	-0.086763956	0.99999994	-0.26343653	0.13751678	-0.12440581	0.11141583	-0.41493392	0.22796874	-0.15494162	0.11631097	-0.075825855	0.21262799	-0.16408627	0.13451593	-0.09443686	0.083567716	-0.11076683	0.09748207	-0.12438189	0.10289771	-0.09391051	0.059604857	-0.064872466	0.076486826	-0.078579284	0.066843614	-0.037273787	0.03899876	-0.0564457	0.055374496	-0.09199586
-0.39052945	0.2408915	-0.20572297	0.2123163	-0.2858438	0.2323596	-0.3835572	0.28571945	-0.26330754	0.20668395	-0.26343653	1.0000001	-0.48704255	0.27925232	-0.28026614	0.1930545	-0.23098543	0.2874735	-0.28684792	0.178474	-0.23018456	0.18984346	-0.24098192	0.16178007	-0.15270278	0.15005635	-0.13678832	0.19462636	-0.1821954	0.16070819	-0.0895016	0.096701816	-0.12720577	0.1309228	-0.11545189	0.056099646	-0.05968703	0.094383426	-0.09478487	0.15567605
0.22696	-0.17465153	0.1806583	-0.19128022	0.20862503	-0.15157296	0.24573779	-0.42445892	0.26621172	-0.17316288	0.13751678	-0.48704255	0.9999999	-0.45790288	0.19779472	-0.13880014	0.16599797	-0.50102854	0.21345569	-0.13980404	0.159467	-0.15312245	0.21736121	-0.14038208	0.121427126	-0.11794646	0.106414795	-0.16263199	0.13715224	-0.12861033	0.06798854	-0.074743465	0.09874285	-0.10262172	0.089695886	-0.042849503	0.045192353	-0.0732726	0.072187535	-0.12270171
-0.25270817	0.18448326	-0.20055021	0.21502978	-0.29871708	0.14050606	-0.26383954	0.2999206	-0.62182826	0.25008804	-0.12440581	0.27925232	-0.45790288	0.99999964	-0.27398062	0.12144824	-0.14360829	0.24567832	-0.2811997	0.17607957	-0.14794476	0.13228711	-0.18198448	0.12531537	-0.11541533	0.10988325	-0.09842193	0.14837635	-0.13279739	0.12414985	-0.06474661	0.07100587	-0.09450149	0.09907878	-0.08764282	0.040987726	-0.043281566	0.07131377	-0.07048407	0.12107693
0.18331093	-0.14938189	0.14497668	-0.18514024	0.2684533	-0.13514543	0.18152097	-0.21772578	0.22327405	-0.43576938	0.11141583	-0.28026614	0.19779472	-0.27398062	0.9999996	-0.118498825	0.13038196	-0.2345862	0.3123882	-0.6077314	0.13729493	-0.13196173	0.16587032	-0.1450258	0.12940858	-0.12358662	0.105161205	-0.17184703	0.14314373	-0.15307078	0.07076163	-0.079814896	0.106208526	-0.11696862	0.10429785	-0.04582943	0.04757241	-0.08448622	0.08077852	-0.15319662
-0.16218516	0.105764546	-0.08467564	0.09306232	-0.11478441	0.2611706	-0.1481366	0.12122454	-0.10345852	0.087222256	-0.41493392	0.1930545	-0.13880014	0.12144824	-0.118498825	0.9999993	-0.63754535	0.18870427	-0.12809129	0.081719935	-0.4927221	0.28122118	-0.18597013	0.11691002	-0.10309585	0.15681592	-0.14442451	0.15627903	-0.1262662	0.10996743	-0.0807011	0.08603457	-0.095098965	0.094256036	-0.07865793	0.04905637	-0.05157153	0.0672013	-0.06646849	0.10497418
0.1652452	-0.11305173	0.09353231	-0.10399361	0.12581287	-0.25849736	0.15401575	-0.13976306	0.11713637	-0.09761342	0.22796874	-0.23098543	0.16599797	-0.14360829	0.13038196	-0.63754535	0.9999992	-0.2878149	0.14377639	-0.09331846	0.3204486	-0.50503653	0.23121372	-0.14631614	0.12226964	-0.19075969	0.17298889	-0.1951006	0.14642812	-0.13197823	0.09372542	-0.10364687	0.11240736	-0.112431906	0.093026094	-0.05799476	0.060156353	-0.07975621	0.077893086	-0.12521149
-0.23601416	0.16061254	-0.15179586	0.16060628	-0.21287745	0.16615534	-0.2297341	0.23240669	-0.20856039	0.16507703	-0.15494162	0.2874735	-0.50102854	0.24567832	-0.2345862	0.18870427	-0.2878149	0.9999991	-0.31638116	0.17458028	-0.23396988	0.23234916	-0.51029354	0.20497625	-0.18536538	0.15846272	-0.15189648	0.22164617	-0.19117855	0.16877957	-0.09241304	0.10016469	-0.13533553	0.13486281	-0.11827726	0.05716242	-0.060940966	0.09526412	-0.09554215	0.15398565
0.18367828	-0.14417148	0.13495328	-0.16600488	0.20560797	-0.13963567	0.18014437	-0.2083461	0.1957376	-0.21836774	0.11631097	-0.28684792	0.21345569	-0.2811997	0.3123882	-0.12809129	0.14377639	-0.31638116	0.9999991	-0.68589014	0.148171	-0.14540918	0.18969446	-0.16208263	0.14196378	-0.13145725	0.11278067	-0.1842068	0.15248992	-0.16191435	0.07503152	-0.08447331	0.11254497	-0.12309561	0.109624155	-0.04840197	0.050324507	-0.08849768	0.08486016	-0.15906201
-0.12844871	0.09909661	-0.09704921	0.1177326	-0.19613355	0.089990176	-0.12542915	0.14050655	-0.15018854	0.19730544	-0.075825855	0.178474	-0.13980404	0.17607957	-0.6077314	0.081719935	-0.09331846	0.17458028	-0.68589014	0.99999905	-0.097274825	0.09289884	-0.12489722	0.11055135	-0.11175491	0.08319594	-0.07227513	0.11612037	-0.10144246	0.10731664	-0.048173342	0.053872213	-0.07265748	0.07898966	-0.071756564	0.03091863	-0.032312922	0.056547362	-0.054834884	0.10130358
0.17296703	-0.1183934	0.09737711	-0.10940882	0.13245331	-0.2527777	0.15894805	-0.1435184	0.12089632	-0.102585495	0.21262799	-0.23018456	0.159467	-0.14794476	0.13729493	-0.4927221	0.3204486	-0.23396988	0.148171	-0.097274825	0.99999917	-0.5843656	0.24820061	-0.17054032	0.14078295	-0.31329954	0.23323295	-0.24737382	0.17690173	-0.16028981	0.12927414	-0.14158681	0.14076112	-0.14060731	0.11357254	-0.0796852	0.0810151	-0.09981269	0.09638239	-0.15443285
-0.15724097	0.10381012	-0.08779193	0.09703585	-0.12442386	0.17168607	-0.14271958	0.1278103	-0.11104203	0.09488813	-0.16408627	0.18984346	-0.15312245	0.13228711	-0.13196173	0.28122118	-0.50503653	0.23234916	-0.14540918	0.09289884	-0.5843656	0.9999991	-0.397109	0.17147048	-0.14804052	0.23814727	-0.30983835	0.23048538	-0.1735152	0.14489517	-0.11986674	0.1280423	-0.13394645	0.12661062	-0.103489794	0.07057323	-0.07514653	0.089165814	-0.088644184	0.1335774
0.18167004	-0.12394614	0.11014811	-0.12247027	0.1545812	-0.15194955	0.1687686	-0.17054245	0.144271	-0.12107924	0.13451593	-0.24098192	0.21736121	-0.18198448	0.16587032	-0.18597013	0.23121372	-0.51029354	0.18969446	-0.12489722	0.24820061	-0.397109	0.99999875	-0.42012087	0.2401491	-0.20580111	0.19880584	-0.38412276	0.23143171	-0.22135086	0.11218082	-0.12504734	0.17191823	-0.17113198	0.14416593	-0.0692638	0.073251985	-0.117415786	0.114544265	-0.18726335
-0.14718194	0.0951316	-0.08301073	0.09194511	-0.12675552	0.10489429	-0.13034855	0.11865151	-0.1071037	0.09656916	-0.09443686	0.16178007	-0.14038208	0.12531537	-0.1450258	0.11691002	-0.14631614	0.20497625	-0.16208263	0.11055135	-0.17054032	0.17147048	-0.42012087	0.99999857	-0.7348922	0.13466313	-0.12985723	0.21120615	-0.291954	0.2666536	-0.08394876	0.09138287	-0.14506413	0.15415865	-0.16359697	0.05167269	-0.055919364	0.10062642	-0.105785534	0.17576611
0.1289497	-0.08521233	0.074222766	-0.08346202	0.11159103	-0.09525643	0.11483326	-0.10803972	0.095734954	-0.08723492	0.083567716	-0.15270278	0.121427126	-0.11541533	0.12940858	-0.10309585	0.12226964	-0.18536538	0.14196378	-0.11175491	0.14078295	-0.14804052	0.2401491	-0.7348922	0.9999985	-0.12888391	0.11770591	-0.20653705	0.24954191	-0.47304365	0.07890433	-0.087879	0.14021303	-0.16175058	0.18776298	-0.04941893	0.052885536	-0.10418932	0.1065564	-0.21629448
-0.14393108	0.090642355	-0.07626197	0.08418836	-0.115099385	0.1195002	-0.12455207	0.106570154	-0.09538854	0.085262746	-0.11076683	0.15005635	-0.11794646	0.10988325	-0.12358662	0.15681592	-0.19075969	0.15846272	-0.13145725	0.08319594	-0.31329954	0.23814727	-0.20580111	0.13466313	-0.12888391	0.9999985	-0.72596055	0.26869577	-0.21277422	0.14321217	-0.3384496	0.24598183	-0.18324476	0.15142885	-0.11250933	0.1441517	-0.15551837	0.107847884	-0.110268734	0.13775481
0.12217114	-0.07869881	0.0665448	-0.07384662	0.09832587	-0.108530335	0.10741736	-0.09483973	0.08367045	-0.07382703	0.09748207	-0.13678832	0.106414795	-0.09842193	0.105161205	-0.14442451	0.17298889	-0.15189648	0.11278067	-0.07227513	0.23323295	-0.30983835	0.19880584	-0.12985723	0.11770591	-0.72596055	0.99999845	-0.41542497	0.18978909	-0.13572346	0.2234449	-0.28747678	0.17738469	-0.15025745	0.10503815	-0.12705784	0.13123891	-0.104710326	0.101724796	-0.13146508
-0.19198811	0.12015111	-0.102612495	0.112940244	-0.15796135	0.13595349	-0.16550368	0.14306788	-0.12959999	0.11664087	-0.12438189	0.19462636	-0.16263199	0.14837635	-0.17184703	0.15627903	-0.1951006	0.22164617	-0.1842068	0.11612037	-0.24737382	0.23048538	-0.38412276	0.21120615	-0.20653705	0.26869577	-0.41542497	0.99999845	-0.4350453	0.23235303	-0.18000181	0.19016372	-0.4184072	0.26479036	-0.18537705	0.10263706	-0.115835704	0.17978908	-0.18630941	0.21434817
0.15948583	-0.10349756	0.08839533	-0.09925066	0.13220653	-0.1179709	0.13926227	-0.12624966	0.11159526	-0.10015317	0.10289771	-0.1821954	0.13715224	-0.13279739	0.14314373	-0.1262662	0.14642812	-0.19117855	0.15248992	-0.10144246	0.17690173	-0.1735152	0.23143171	-0.291954	0.24954191	-0.21277422	0.18978909	-0.4350453	0.99999833	-0.52468073	0.13166071	-0.15254554	0.27012533	-0.4189952	0.27287483	-0.083269924	0.088700965	-0.19695237	0.19167936	-0.3450266
-0.16298318	0.10115807	-0.086299784	0.09559695	-0.13667889	0.104877494	-0.1381849	0.11905172	-0.108879	0.100989245	-0.09391051	0.16070819	-0.12861033	0.12414985	-0.15307078	0.10996743	-0.13197823	0.16877957	-0.16191435	0.10731664	-0.16028981	0.14489517	-0.22135086	0.2666536	-0.47304365	0.14321217	-0.13572346	0.23235303	-0.52468073	0.9999984	-0.09915035	0.10798442	-0.20664622	0.24003053	-0.47213486	0.060869474	-0.067179896	0.14318329	-0.16097713	0.2919116
0.08205675	-0.052401073	0.04419997	-0.049190328	0.066136636	-0.0668894	0.07123817	-0.062366746	0.055337053	-0.049409814	0.059604857	-0.0895016	0.06798854	-0.06474661	0.07076163	-0.0807011	0.09372542	-0.09241304	0.07503152	-0.048173342	0.12927414	-0.11986674	0.11218082	-0.08394876	0.07890433	-0.3384496	0.2234449	-0.18000181	0.13166071	-0.09915035	0.9999985	-0.7110358	0.16162308	-0.13783142	0.084046885	-0.46226698	0.29654333	-0.09783942	0.08914653	-0.10671978
-0.09217334	0.058140818	-0.04902865	0.054362368	-0.074308425	0.071752496	-0.07939033	0.06857314	-0.061338928	0.05512269	-0.064872466	0.096701816	-0.074743465	0.07100587	-0.079814896	0.08603457	-0.10364687	0.10016469	-0.08447331	0.053872213	-0.14158681	0.1280423	-0.12504734	0.09138287	-0.087879	0.24598183	-0.28747678	0.19016372	-0.15254554	0.10798442	-0.7110358	0.9999984	-0.23114787	0.15320054	-0.09420581	0.28964636	-0.4471133	0.10976613	-0.10445499	0.11438665
0.119690485	-0.07582998	0.0644582	-0.07172297	0.098236896	-0.08611784	0.10305495	-0.09062235	0.08105686	-0.07316919	0.076486826	-0.12720577	0.09874285	-0.09450149	0.106208526	-0.095098965	0.11240736	-0.13533553	0.11254497	-0.07265748	0.14076112	-0.13394645	0.17191823	-0.14506413	0.14021303	-0.18324476	0.17738469	-0.4184072	0.27012533	-0.20664622	0.16162308	-0.23114787	0.99999857	-0.64741147	0.21277057	-0.09681528	0.11039181	-0.38318667	0.26394972	-0.25389257
-0.1308107	0.08133902	-0.06895135	0.07642859	-0.10744215	0.08777421	-0.11096605	0.09539625	-0.08643713	0.07913773	-0.078579284	0.1309228	-0.10262172	0.09907878	-0.11696862	0.094256036	-0.112431906	0.13486281	-0.12309561	0.07898966	-0.14060731	0.12661062	-0.17113198	0.15415865	-0.16175058	0.15142885	-0.15025745	0.26479036	-0.4189952	0.24003053	-0.13783142	0.15320054	-0.64741147	0.9999987	-0.36401582	0.07980699	-0.09384597	0.25137708	-0.32516664	0.26973006
0.114879645	-0.071534164	0.06073067	-0.06749522	0.09506396	-0.07525634	0.09725708	-0.08410946	0.07623321	-0.07024914	0.066843614	-0.11545189	0.089695886	-0.08764282	0.10429785	-0.07865793	0.093026094	-0.11827726	0.109624155	-0.071756564	0.11357254	-0.103489794	0.14416593	-0.16359697	0.18776298	-0.11250933	0.10503815	-0.18537705	0.27287483	-0.47213486	0.084046885	-0.09420581	0.21277057	-0.36401582	0.9999991	-0.051711835	0.057619866	-0.16294686	0.17988254	-0.71496636
-0.05314492	0.033578325	-0.02827824	0.03140409	-0.042761892	0.041472442	-0.04575648	0.03957251	-0.03533241	0.03174922	-0.037273787	0.056099646	-0.042849503	0.040987726	-0.04582943	0.04905637	-0.05799476	0.05716242	-0.04840197	0.03091863	-0.0796852	0.07057323	-0.0692638	0.05167269	-0.04941893	0.1441517	-0.12705784	0.10263706	-0.083269924	0.060869474	-0.46226698	0.28964636	-0.09681528	0.07980699	-0.051711835	0.9999993	-0.82216924	0.06132234	-0.058140196	0.06474204
0.055122267	-0.03511372	0.029610937	-0.032969248	0.044455282	-0.043826472	0.047699526	-0.041685876	0.03704289	-0.033166282	0.03899876	-0.05968703	0.045192353	-0.043281566	0.04757241	-0.05157153	0.060156353	-0.060940966	0.050324507	-0.032312922	0.0810151	-0.07514653	0.073251985	-0.055919364	0.052885536	-0.15551837	0.13123891	-0.115835704	0.088700965	-0.067179896	0.29654333	-0.4471133	0.11039181	-0.09384597	0.057619866	-0.82216924	0.99999934	-0.07223958	0.065007105	-0.0733056
-0.09525098	0.05899335	-0.049867336	0.055293947	-0.077891886	0.06317976	-0.08039831	0.068762474	-0.062336385	0.057201847	-0.0564457	0.094383426	-0.0732726	0.07131377	-0.08448622	0.0672013	-0.07975621	0.09526412	-0.08849768	0.056547362	-0.09981269	0.089165814	-0.117415786	0.10062642	-0.10418932	0.107847884	-0.104710326	0.17978908	-0.19695237	0.14318329	-0.09783942	0.10976613	-0.38318667	0.25137708	-0.16294686	0.06132234	-0.07223958	0.999999	-0.8396684	0.19594638
0.091120705	-0.05729492	0.04852671	-0.05407882	0.07469193	-0.06266841	0.07765412	-0.06766096	0.060775362	-0.055376217	0.055374496	-0.09478487	0.072187535	-0.07048407	0.08077852	-0.06646849	0.077893086	-0.09554215	0.08486016	-0.054834884	0.09638239	-0.088644184	0.114544265	-0.105785534	0.1065564	-0.110268734	0.101724796	-0.18630941	0.19167936	-0.16097713	0.08914653	-0.10445499	0.26394972	-0.32516664	0.17988254	-0.058140196	0.065007105	-0.8396684	0.999999	-0.2741257
-0.16992266	0.10275522	-0.086641885	0.09562794	-0.13961571	0.10247799	-0.14057007	0.11722453	-0.107993476	0.10113969	-0.09199586	0.15567605	-0.12270171	0.12107693	-0.15319662	0.10497418	-0.12521149	0.15398565	-0.15906201	0.10130358	-0.15443285	0.1335774	-0.18726335	0.17576611	-0.21629448	0.13775481	-0.13146508	0.21434817	-0.3450266	0.2919116	-0.10671978	0.11438665	-0.25389257	0.26973006	-0.71496636	0.06474204	-0.0733056	0.19594638	-0.2741257	0.999999
