0.7357775699347258
1.9736708346754313
0.9204137064516544
1.8578722514212132
1.5264997817575932
1.6269646622240543
1.5614457093179226
1.8821181189268827
1.4028181061148643
0.49137082882225513
0.9461513049900532
0.6652943752706051
0.17053554393351078
1.781187066808343
1.2042753919959068
0.17160791531205177
1.663864029571414
0.05251739360392094
1.3121972419321537
1.3100911397486925
0.1353402491658926
1.3534957878291607
1.7278813570737839
1.6025577690452337
0.626546423882246
1.5365322083234787
0.6483305040746927
0.4799422901123762
1.5690380223095417
1.5586715694516897
1.793518103659153
1.680242333561182
0.6504954863339663
0.42591897025704384
0.6287846956402063
0.4865992534905672
0.8518954832106829
1.9357133395969868
0.11558746919035912
0.25862153619527817
1.4756862372159958
0.5546513572335243
0.9126600548624992
0.046882474794983864
1.2016079425811768
1.8663553837686777
1.1663902830332518
0.3690683003515005
1.6809347793459892
0.50134520791471
1.2029204554855824
0.4371993336826563
0.28974677063524723
0.3850195109844208
0.8355228789150715
1.5304138660430908
1.1162094809114933
1.4512377809733152
1.9125031996518373
0.4651326686143875
0.2910401504486799
1.1101850345730782
1.0928224977105856
1.96515485458076
1.9688088223338127
0.7303289361298084
1.1100235749036074
