1.0	-0.9529145	0.08228304	-0.06403275	0.053268544	-0.19292757	0.17127782	-0.08303782	0.06223767	-0.048356988	0.10349107	-0.11929847	0.069401264	-0.051904052	0.043001734	-0.09581205	0.07844352	-0.055620026	0.051755376	-0.047227945	0.019234594	-0.048602972	0.046843003	-0.037570667	0.032715216	-0.02070776	0.028222928	-0.036517452	0.033061177	-0.035999067	0.010298841	-0.025548106	0.034912504	-0.030417083	0.012848015	-0.013272122	0.015779043	-0.016906414	0.039484832	-0.0118860565
-0.9529145	0.9999997	-0.08987145	0.06337399	-0.052924886	0.16154349	-0.20572086	0.08050403	-0.062548935	0.046987597	-0.10155341	0.11202221	-0.06883775	0.050745476	-0.042175706	0.08817912	-0.077340566	0.05388097	-0.05079659	0.045728736	-0.018285457	0.046258397	-0.0457071	0.036445096	-0.031849705	0.019651234	-0.027219746	0.03525701	-0.032163348	0.034738887	-0.009803302	0.024586825	-0.03387913	0.029461049	-0.012481435	0.0126156155	-0.015247382	0.016299175	-0.03848212	0.011524671
0.08228304	-0.08987145	0.9999991	-0.75611067	0.2050617	-0.11175327	0.10773743	-0.45097685	0.30577305	-0.20790398	0.09659077	-0.11209186	0.21170317	-0.2013194	0.1496896	-0.15536366	0.1281504	-0.14089052	0.15358856	-0.1659428	0.049352627	-0.135225	0.11607634	-0.11064746	0.09453907	-0.054983824	0.07360956	-0.09660938	0.09101044	-0.105840184	0.027415363	-0.06828847	0.08957258	-0.08336912	0.033939388	-0.035714533	0.041649282	-0.04534173	0.10229205	-0.031788807
-0.06403275	0.06337399	-0.75611067	0.9999987	-0.251545	0.084504485	-0.08346066	0.2838737	-0.49636757	0.19305933	-0.076737165	0.088002175	-0.19137527	0.18711214	-0.14229244	0.121717684	-0.10653047	0.11803312	-0.14183298	0.1433996	-0.039445344	0.107752115	-0.09844579	0.09449193	-0.08187621	0.04377415	-0.060440835	0.07972879	-0.07773851	0.08806166	-0.021923615	0.055821553	-0.07476785	0.06971265	-0.028534738	0.028478494	-0.03442416	0.037259463	-0.08685823	0.026584676
0.053268544	-0.052924886	0.2050617	-0.251545	0.9999989	-0.10962211	0.09923203	-0.2427612	0.23293388	-0.7867466	0.105461404	-0.11874052	0.21087857	-0.21659414	0.2527126	-0.19264723	0.15396075	-0.1692682	0.19507699	-0.28435236	0.06984915	-0.19394007	0.1488451	-0.148093	0.1316343	-0.07860951	0.101827525	-0.1272541	0.12348619	-0.14922118	0.039135914	-0.094246954	0.12069585	-0.11390447	0.04706692	-0.051223814	0.057566456	-0.0628959	0.14014219	-0.04424365
-0.19292757	0.16154349	-0.11175327	0.084504485	-0.10962211	0.9999989	-0.7065236	0.15131822	-0.12253171	0.09124387	-0.51589835	0.3160783	-0.16299252	0.10819619	-0.09205416	0.23489717	-0.2246815	0.13199358	-0.11947624	0.09745837	-0.042059988	0.10203898	-0.1128476	0.08339086	-0.0734957	0.044152744	-0.06353897	0.08285623	-0.07534607	0.0780028	-0.02210406	0.056679495	-0.080854595	0.06833052	-0.029321903	0.028201178	-0.0355422	0.03758966	-0.091755435	0.026852472
0.17127782	-0.20572086	0.10773743	-0.08346066	0.09923203	-0.7065236	0.9999989	-0.18302137	0.119027264	-0.08692733	0.30360243	-0.5265269	0.15583928	-0.105444066	0.085882954	-0.23654558	0.20195583	-0.12812585	0.10969777	-0.09335422	0.039996013	-0.0982669	0.102282986	-0.077902555	0.067481816	-0.04242664	0.058544062	-0.07768114	0.06869836	-0.073111266	0.021041479	-0.052822202	0.07347199	-0.06282201	0.02645942	-0.026988117	0.03259987	-0.03477524	0.082013264	-0.02439444
-0.08303782	0.08050403	-0.45097685	0.2838737	-0.2427612	0.15131822	-0.18302137	0.9999989	-0.5552188	0.20948611	-0.13742724	0.15939835	-0.49263525	0.27461785	-0.20322151	0.19020842	-0.18402518	0.19927183	-0.22292557	0.19880311	-0.05838439	0.15721002	-0.16367358	0.14386395	-0.12534441	0.06405351	-0.092965566	0.12524228	-0.12074057	0.1311039	-0.032274596	0.085181765	-0.11821634	0.10706845	-0.04421241	0.041667014	-0.05296798	0.056813717	-0.13653925	0.040884826
0.06223767	-0.062548935	0.30577305	-0.49636757	0.23293388	-0.12253171	0.119027264	-0.5552188	0.999999	-0.27073374	0.11026843	-0.12942101	0.2827792	-0.42314374	0.2142436	-0.17972033	0.15428719	-0.1819598	0.2164013	-0.2230602	0.057200097	-0.15678827	0.14371094	-0.14503008	0.12082822	-0.06352549	0.08733719	-0.11810056	0.11403357	-0.13103575	0.03176126	-0.081253774	0.10826164	-0.10237494	0.041050892	-0.041275807	0.04975943	-0.05404386	0.12460387	-0.038363274
-0.048356988	0.046987597	-0.20790398	0.19305933	-0.7867466	0.09124387	-0.08692733	0.20948611	-0.27073374	0.99999887	-0.09065622	0.10156758	-0.21993512	0.21714288	-0.3793911	0.1528243	-0.13916738	0.15196383	-0.1978752	0.24770798	-0.054459702	0.14856549	-0.13685739	0.13362025	-0.12380478	0.06035108	-0.086106315	0.10963319	-0.11350993	0.1271997	-0.03044266	0.07854548	-0.10705694	0.10049821	-0.042536095	0.03944736	-0.049604926	0.05323186	-0.13031441	0.039312087
0.10349107	-0.10155341	0.09659077	-0.076737165	0.105461404	-0.51589835	0.30360243	-0.13742724	0.11026843	-0.09065622	0.9999987	-0.6043284	0.16226123	-0.11022493	0.092360295	-0.47972596	0.2615627	-0.15031351	0.1234272	-0.101277456	0.049626075	-0.11296095	0.12031807	-0.087947614	0.07634445	-0.0514697	0.068224594	-0.08997784	0.07864703	-0.08244993	0.025094403	-0.06109864	0.08566626	-0.07200921	0.030520223	-0.03206509	0.037758697	-0.040118452	0.09507635	-0.028060416
-0.11929847	0.11202221	-0.11209186	0.088002175	-0.11874052	0.3160783	-0.5265269	0.15939835	-0.12942101	0.10156758	-0.6043284	0.9999988	-0.21585086	0.12977321	-0.10669058	0.29126164	-0.39255592	0.1787342	-0.1455516	0.11485683	-0.049725793	0.12142097	-0.14035788	0.09942961	-0.0862204	0.052130073	-0.07474844	0.10099346	-0.08823111	0.0915271	-0.025984107	0.067037724	-0.09559205	0.07984167	-0.033588298	0.03316325	-0.041431352	0.0439516	-0.105101295	0.030848043
0.069401264	-0.06883775	0.21170317	-0.19137527	0.21087857	-0.16299252	0.15583928	-0.49263525	0.2827792	-0.21993512	0.16226123	-0.21585086	0.99999857	-0.5030822	0.24122776	-0.26945087	0.2371515	-0.37842512	0.2842991	-0.27558586	0.07940658	-0.21854903	0.21805638	-0.19552174	0.15796342	-0.087939925	0.12133848	-0.17839377	0.15276869	-0.17493011	0.043821678	-0.11433909	0.1522195	-0.13898425	0.054437935	-0.056896817	0.06828728	-0.07449592	0.16540651	-0.051024627
-0.051904052	0.050745476	-0.2013194	0.18711214	-0.21659414	0.10819619	-0.105444066	0.27461785	-0.42314374	0.21714288	-0.11022493	0.12977321	-0.5030822	0.9999987	-0.44495597	0.180932	-0.17837529	0.2328449	-0.4586763	0.29249498	-0.05867375	0.16053978	-0.17559391	0.18893881	-0.15855865	0.06465439	-0.094725095	0.1343127	-0.14182371	0.15156466	-0.03257342	0.088107795	-0.12264224	0.1179209	-0.046468362	0.0420862	-0.054732997	0.058925252	-0.14444654	0.04305018
0.043001734	-0.042175706	0.1496896	-0.14229244	0.2527126	-0.09205416	0.085882954	-0.20322151	0.2142436	-0.3793911	0.092360295	-0.10669058	0.24122776	-0.44495597	0.99999845	-0.16249548	0.1464626	-0.1846198	0.2680504	-0.6910112	0.055342376	-0.15253073	0.14697202	-0.1717546	0.15537778	-0.0614105	0.087383755	-0.120088965	0.12809739	-0.15378533	0.030858908	-0.08150017	0.11058712	-0.109767966	0.04347502	-0.040011644	0.050682824	-0.054839503	0.13267606	-0.0404861
-0.09581205	0.08817912	-0.15536366	0.121717684	-0.19264723	0.23489717	-0.23654558	0.19020842	-0.17972033	0.1528243	-0.47972596	0.29126164	-0.26945087	0.180932	-0.16249548	0.9999988	-0.6026635	0.26118362	-0.22965565	0.17076066	-0.093685515	0.18995366	-0.23221102	0.15697396	-0.13996178	0.09054183	-0.12541455	0.16073877	-0.1463892	0.14519896	-0.044519562	0.10961493	-0.16155317	0.13185771	-0.05759192	0.055987198	-0.06958448	0.07267663	-0.18281555	0.052300017
0.07844352	-0.077340566	0.1281504	-0.10653047	0.15396075	-0.2246815	0.20195583	-0.18402518	0.15428719	-0.13916738	0.2615627	-0.39255592	0.2371515	-0.17837529	0.1464626	-0.6026635	0.9999986	-0.48264146	0.22049494	-0.17319882	0.08256974	-0.20926306	0.2301427	-0.15785097	0.12915862	-0.08691856	0.1186872	-0.17665471	0.13340662	-0.14240274	0.042540155	-0.10872663	0.14914867	-0.12336935	0.049734246	-0.054517403	0.06442337	-0.0692582	0.15400499	-0.046142615
-0.055620026	0.05388097	-0.14089052	0.11803312	-0.1692682	0.13199358	-0.12812585	0.19927183	-0.1819598	0.15196383	-0.15031351	0.1787342	-0.37842512	0.2328449	-0.1846198	0.26118362	-0.48264146	0.99999857	-0.43081087	0.20863476	-0.07590856	0.20607205	-0.49424827	0.20381072	-0.1637957	0.08161133	-0.13241738	0.22658832	-0.16566859	0.16456959	-0.041365046	0.12249301	-0.18834092	0.14320025	-0.05494076	0.052830346	-0.07163763	0.07640009	-0.17394014	0.050822932
0.051755376	-0.05079659	0.15358856	-0.14183298	0.19507699	-0.11947624	0.10969777	-0.22292557	0.2164013	-0.1978752	0.1234272	-0.1455516	0.2842991	-0.4586763	0.2680504	-0.22965565	0.22049494	-0.43081087	0.9999984	-0.42305544	0.07484723	-0.20780271	0.23385864	-0.411907	0.2276037	-0.08272776	0.12123986	-0.18701763	0.2030404	-0.22176471	0.04159618	-0.11521406	0.15925439	-0.16693644	0.06015631	-0.053787682	0.07053093	-0.07659035	0.18570183	-0.05621466
-0.047227945	0.045728736	-0.1659428	0.1433996	-0.28435236	0.09745837	-0.09335422	0.19880311	-0.2230602	0.24770798	-0.101277456	0.11485683	-0.27558586	0.29249498	-0.6910112	0.17076066	-0.17319882	0.20863476	-0.42305544	0.9999984	-0.060023963	0.16360693	-0.17947017	0.21070375	-0.23251547	0.06596626	-0.100650825	0.13740352	-0.16375002	0.18227617	-0.033513203	0.09268318	-0.13179356	0.13138665	-0.053283088	0.043153435	-0.059521314	0.06347569	-0.1668242	0.048913177
0.019234594	-0.018285457	0.049352627	-0.039445344	0.06984915	-0.042059988	0.039996013	-0.05838439	0.057200097	-0.054459702	0.049626075	-0.049725793	0.07940658	-0.05867375	0.055342376	-0.093685515	0.08256974	-0.07590856	0.07484723	-0.060023963	0.99999815	-0.336779	0.10371163	-0.06498036	0.05857928	-0.8454127	0.14760269	-0.08766606	0.07057755	-0.066148944	0.2110222	-0.10425555	0.112900056	-0.072503895	0.033240147	-0.267059	0.05847895	-0.058787417	0.11059389	-0.029883519
-0.048602972	0.046258397	-0.135225	0.107752115	-0.19394007	0.10203898	-0.0982669	0.15721002	-0.15678827	0.14856549	-0.11296095	0.12142097	-0.21854903	0.16053978	-0.15253073	0.18995366	-0.20926306	0.20607205	-0.20780271	0.16360693	-0.336779	0.99999815	-0.31692106	0.18001872	-0.16393514	0.22546057	-0.49417087	0.2442496	-0.20018803	0.18154797	-0.11212161	0.2669872	-0.33619726	0.20384347	-0.09532378	0.1282691	-0.15653509	0.15050197	-0.32301655	0.08482314
0.046843003	-0.0457071	0.11607634	-0.09844579	0.1488451	-0.1128476	0.102282986	-0.16367358	0.14371094	-0.13685739	0.12031807	-0.14035788	0.21805638	-0.17559391	0.14697202	-0.23221102	0.2301427	-0.49424827	0.23385864	-0.17947017	0.10371163	-0.31692106	0.99999803	-0.23417164	0.16666803	-0.11385678	0.18540113	-0.5889339	0.19074038	-0.1943517	0.057359807	-0.1882354	0.2688023	-0.18359399	0.06389274	-0.07363395	0.096977785	-0.10669904	0.19935605	-0.060203765
-0.037570667	0.036445096	-0.11064746	0.09449193	-0.148093	0.08339086	-0.077902555	0.14386395	-0.14503008	0.13362025	-0.087947614	0.09942961	-0.19552174	0.18893881	-0.1717546	0.15697396	-0.15785097	0.20381072	-0.411907	0.21070375	-0.06498036	0.18001872	-0.23417164	0.9999979	-0.59123677	0.071449816	-0.119285464	0.17706758	-0.46046305	0.31652704	-0.036834173	0.11326179	-0.17148677	0.22813575	-0.07788294	0.047156136	-0.07742089	0.082048275	-0.26020047	0.07085619
0.032715216	-0.031849705	0.09453907	-0.08187621	0.1316343	-0.0734957	0.067481816	-0.12534441	0.12082822	-0.12380478	0.07634445	-0.0862204	0.15796342	-0.15855865	0.15537778	-0.13996178	0.12915862	-0.1637957	0.2276037	-0.23251547	0.05857928	-0.16393514	0.16666803	-0.59123677	0.99999803	-0.06500666	0.10202327	-0.14742702	0.2778043	-0.65544444	0.03322732	-0.09780912	0.13951771	-0.19528344	0.070014566	-0.042806268	0.06527186	-0.07024492	0.20511596	-0.065250315
-0.02070776	0.019651234	-0.054983824	0.04377415	-0.07860951	0.044152744	-0.04242664	0.06405351	-0.06352549	0.06035108	-0.0514697	0.052130073	-0.087939925	0.06465439	-0.0614105	0.09054183	-0.08691856	0.08161133	-0.08272776	0.06596626	-0.8454127	0.22546057	-0.11385678	0.071449816	-0.06500666	0.999998	-0.16501795	0.094316535	-0.0787042	0.07260421	-0.31551588	0.10903411	-0.12648012	0.08042019	-0.037665486	0.23199926	-0.06345689	0.062256876	-0.12622964	0.0336398
0.028222928	-0.027219746	0.07360956	-0.060440835	0.101827525	-0.06353897	0.058544062	-0.092965566	0.08733719	-0.086106315	0.068224594	-0.07474844	0.12133848	-0.094725095	0.087383755	-0.12541455	0.1186872	-0.13241738	0.12123986	-0.100650825	0.14760269	-0.49417087	0.18540113	-0.119285464	0.10202327	-0.16501795	0.99999785	-0.24634501	0.13061097	-0.12668608	0.08550495	-0.69845927	0.27597407	-0.15021221	0.055884246	-0.10302633	0.18313798	-0.20369051	0.18519542	-0.052626316
-0.036517452	0.03525701	-0.09660938	0.07972879	-0.1272541	0.08285623	-0.07768114	0.12524228	-0.11810056	0.10963319	-0.08997784	0.10099346	-0.17839377	0.1343127	-0.120088965	0.16073877	-0.17665471	0.22658832	-0.18701763	0.13740352	-0.08766606	0.2442496	-0.5889339	0.17706758	-0.14742702	0.094316535	-0.24634501	0.99999785	-0.22340956	0.1692079	-0.05077798	0.22452678	-0.5929268	0.1974401	-0.06429891	0.06303269	-0.10975596	0.11248086	-0.21487732	0.05963987
0.033061177	-0.032163348	0.09101044	-0.07773851	0.12348619	-0.07534607	0.06869836	-0.12074057	0.11403357	-0.11350993	0.07864703	-0.08823111	0.15276869	-0.14182371	0.12809739	-0.1463892	0.13340662	-0.16566859	0.2030404	-0.16375002	0.07057755	-0.20018803	0.19074038	-0.46046305	0.2778043	-0.0787042	0.13061097	-0.22340956	0.99999774	-0.48051748	0.040646486	-0.13216951	0.19977154	-0.5719238	0.093390115	-0.052243173	0.08698034	-0.09584063	0.29373363	-0.08968232
-0.035999067	0.034738887	-0.105840184	0.08806166	-0.14922118	0.0780028	-0.073111266	0.1311039	-0.13103575	0.1271997	-0.08244993	0.0915271	-0.17493011	0.15156466	-0.15378533	0.14519896	-0.14240274	0.16456959	-0.22176471	0.18227617	-0.066148944	0.18154797	-0.1943517	0.31652704	-0.65544444	0.07260421	-0.12668608	0.1692079	-0.48051748	0.99999774	-0.037892293	0.11888125	-0.18083957	0.2501054	-0.10791327	0.0483084	-0.08850334	0.09228096	-0.32896757	0.094100796
0.010298841	-0.009803302	0.027415363	-0.021923615	0.039135914	-0.02210406	0.021041479	-0.032274596	0.03176126	-0.03044266	0.025094403	-0.025984107	0.043821678	-0.03257342	0.030858908	-0.044519562	0.042540155	-0.041365046	0.04159618	-0.033513203	0.2110222	-0.11212161	0.057359807	-0.036834173	0.03322732	-0.31551588	0.08550495	-0.05077798	0.040646486	-0.037892293	0.9999976	-0.07557088	0.06926596	-0.042573713	0.01929272	-0.9124746	0.041445673	-0.040411785	0.064739116	-0.017389204
-0.025548106	0.024586825	-0.06828847	0.055821553	-0.094246954	0.056679495	-0.052822202	0.085181765	-0.081253774	0.07854548	-0.06109864	0.067037724	-0.11433909	0.088107795	-0.08150017	0.10961493	-0.10872663	0.12249301	-0.11521406	0.09268318	-0.10425555	0.2669872	-0.1882354	0.11326179	-0.09780912	0.10903411	-0.69845927	0.22452678	-0.13216951	0.11888125	-0.07557088	0.99999744	-0.47266728	0.15415858	-0.05539811	0.08259697	-0.28854436	0.21174288	-0.19735697	0.051565796
0.034912504	-0.03387913	0.08957258	-0.07476785	0.12069585	-0.080854595	0.07347199	-0.11821634	0.10826164	-0.10705694	0.08566626	-0.09559205	0.1522195	-0.12264224	0.11058712	-0.16155317	0.14914867	-0.18834092	0.15925439	-0.13179356	0.112900056	-0.33619726	0.2688023	-0.17148677	0.13951771	-0.12648012	0.27597407	-0.5929268	0.19977154	-0.18083957	0.06926596	-0.47266728	0.9999974	-0.28962857	0.07179276	-0.086838566	0.15238841	-0.16807225	0.23412985	-0.06849644
-0.030417083	0.029461049	-0.08336912	0.06971265	-0.11390447	0.06833052	-0.06282201	0.10706845	-0.10237494	0.10049821	-0.07200921	0.07984167	-0.13898425	0.1179209	-0.109767966	0.13185771	-0.12336935	0.14320025	-0.16693644	0.13138665	-0.072503895	0.20384347	-0.18359399	0.22813575	-0.19528344	0.08042019	-0.15021221	0.1974401	-0.5719238	0.2501054	-0.042573713	0.15415858	-0.28962857	0.9999971	-0.14018321	0.054136515	-0.11723618	0.12495763	-0.6300147	0.12463594
0.012848015	-0.012481435	0.033939388	-0.028534738	0.04706692	-0.029321903	0.02645942	-0.04421241	0.041050892	-0.042536095	0.030520223	-0.033588298	0.054437935	-0.046468362	0.04347502	-0.05759192	0.049734246	-0.05494076	0.06015631	-0.053283088	0.033240147	-0.09532378	0.06389274	-0.07788294	0.070014566	-0.037665486	0.055884246	-0.06429891	0.093390115	-0.10791327	0.01929272	-0.05539811	0.07179276	-0.14018321	0.999997	-0.025070867	0.04204503	-0.047545493	0.16613896	-0.96113545
-0.013272122	0.0126156155	-0.035714533	0.028478494	-0.051223814	0.028201178	-0.026988117	0.041667014	-0.041275807	0.03944736	-0.03206509	0.03316325	-0.056896817	0.0420862	-0.040011644	0.055987198	-0.054517403	0.052830346	-0.053787682	0.043153435	-0.267059	0.1282691	-0.07363395	0.047156136	-0.042806268	0.23199926	-0.10302633	0.06303269	-0.052243173	0.0483084	-0.9124746	0.08259697	-0.086838566	0.054136515	-0.025070867	0.99999696	-0.05028205	0.047926545	-0.084339306	0.022474492
0.015779043	-0.015247382	0.041649282	-0.03442416	0.057566456	-0.0355422	0.03259987	-0.05296798	0.04975943	-0.049604926	0.037758697	-0.041431352	0.06828728	-0.054732997	0.050682824	-0.06958448	0.06442337	-0.07163763	0.07053093	-0.059521314	0.05847895	-0.15653509	0.096977785	-0.07742089	0.06527186	-0.06345689	0.18313798	-0.10975596	0.08698034	-0.08850334	0.041445673	-0.28854436	0.15238841	-0.11723618	0.04204503	-0.05028205	0.9999972	-0.90287954	0.1658986	-0.042350274
-0.016906414	0.016299175	-0.04534173	0.037259463	-0.0628959	0.03758966	-0.03477524	0.056813717	-0.05404386	0.05323186	-0.040118452	0.0439516	-0.07449592	0.058925252	-0.054839503	0.07267663	-0.0692582	0.07640009	-0.07659035	0.06347569	-0.058787417	0.15050197	-0.10669904	0.082048275	-0.07024492	0.062256876	-0.20369051	0.11248086	-0.09584063	0.09228096	-0.040411785	0.21174288	-0.16807225	0.12495763	-0.047545493	0.047926545	-0.90287954	0.99999714	-0.22419798	0.046818867
0.039484832	-0.03848212	0.10229205	-0.08685823	0.14014219	-0.091755435	0.082013264	-0.13653925	0.12460387	-0.13031441	0.09507635	-0.105101295	0.16540651	-0.14444654	0.13267606	-0.18281555	0.15400499	-0.17394014	0.18570183	-0.1668242	0.11059389	-0.32301655	0.19935605	-0.26020047	0.20511596	-0.12622964	0.18519542	-0.21487732	0.29373363	-0.32896757	0.064739116	-0.19735697	0.23412985	-0.6300147	0.16613896	-0.084339306	0.1658986	-0.22419798	0.9999972	-0.20002288
-0.0118860565	0.011524671	-0.031788807	0.026584676	-0.04424365	0.026852472	-0.02439444	0.040884826	-0.038363274	0.039312087	-0.028060416	0.030848043	-0.051024627	0.04305018	-0.0404861	0.052300017	-0.046142615	0.050822932	-0.05621466	0.048913177	-0.029883519	0.08482314	-0.060203765	0.07085619	-0.065250315	0.0336398	-0.052626316	0.05963987	-0.08968232	0.094100796	-0.017389204	0.051565796	-0.06849644	0.12463594	-0.96113545	0.022474492	-0.042350274	0.046818867	-0.20002288	0.9999972
