0.9477998968213797
1.183846052736044
0.12154200300574303
1.795513805001974
1.486788896843791
0.37688764929771423
1.1360737588256598
1.8157088086009026
1.2378068305552006
0.7165041230618954
0.4895701203495264
0.4331199787557125
0.34919317811727524
0.6069794669747353
1.8197224773466587
0.7956017702817917
0.5541711896657944
0.14679329097270966
1.859674433246255
0.7315006125718355
0.35743917152285576
0.24600910767912865
0.3695894218981266
1.9734933823347092
0.7873222678899765
0.8959797900170088
0.6661161854863167
1.9918989464640617
0.4527803733944893
0.7046041432768106
1.1866419054567814
1.3219585176557302
0.09393714368343353
1.0807718690484762
1.0892335269600153
0.28373564034700394
1.285164825618267
0.981979126110673
1.0634739603847265
1.4116301517933607
0.7585490420460701
1.3687279839068651
1.5511541496962309
1.6308118626475334
1.5494578797370195
0.02606683038175106
0.38332926109433174
1.8257750906050205
0.7964862938970327
0.348982535302639
1.7368540484458208
1.3434792682528496
1.37972647882998
0.8783615157008171
1.6044416166841984
1.6802723854780197
0.6670439764857292
1.6034530885517597
1.0048168562352657
1.2723796218633652
1.35472447052598
1.8801966290920973
1.0076085906475782
1.1905495207756758
0.5807749126106501
1.2866599019616842
0.41745075955986977
